8841.738914549349	750	4.0	2.7720774829579558	450283	2772.077482957956	-11.169933176719208
8842.822938273976	300	6.915976275372986	0.0	155580	1084.0237246270135	-0.15000000000000002
8843.810624261916	300	9.928290287432564	0.0	139857	987.6859879404237	0.3
8846.791659623257	1200	10.947254926090903	0.0	617681	2981.0353613416605	0.29999999999999993
8848.823556701038	1200	12.915357848310517	0.0	652874	2031.8970777803838	1.2
8852.181586428318	1850	13.557328121030267	0.0	801058	3358.02972728025	1.2000000000000002
8858.003796715137	2850	11.735117834211366	0.0	1388403	5822.210286818901	1.85
8863.999804504223	1850	9.73911004512554	0.0	1060487	5996.007789085826	0.8500000000000001
8868.887920981273	1200	8.850993568074996	0.0	584846	4888.116477050546	0.5499999999999999
8872.72702166608	750	9.011892883268466	0.0	362795	3839.100684806529	0.3
8876.821436542523	1200	8.91747800682663	0.0	607410	4094.414876441836	0.75
8880.765079587389	750	8.973834961959772	0.0	405134	3943.6430448668575	0.3
8888.605156134032	750	5.133758415317029	0.0	386351	7840.076546642743	0.75
8890.399378751486	300	7.339535797862693	0.0	179801	1794.2226174543362	-0.15000000000000002
8892.459427568088	750	9.279486981260794	0.0	337059	2060.0488166018986	0.3
8895.040742643227	1200	10.698171906124385	0.0	587876	2581.3150751364096	0.75
8897.477583714486	1200	12.261330834862445	0.0	617242	2436.8410712619393	1.2
8901.34588552712	1850	12.393029022227699	0.0	885714	3868.3018126347442	1.2000000000000002
8908.704686336841	1850	9.034228212506546	0.0	987708	7358.800809721154	1.85
8910.41179857661	1200	11.327115972738374	0.0	586839	1707.1122397681713	0.5499999999999999
8912.918207073275	1850	12.820707476072876	0.0	891604	2506.4084966654987	1.2000000000000002
8915.29746226794	1850	14.44145228140885	0.0	955231	2379.2551946640247	1.85
8919.83457443351	2850	13.904340115839263	0.0	1505760	4537.112165569588	1.85
8931.01724050464	2850	6.721674044709982	0.0	1323990	11182.66607112928	2.85
8932.905692225298	300	8.833222324052102	0.0	146754	1888.45172065788	-2.25
8935.990504017782	750	9.748410531567773	0.0	379700	3084.8117924843273	0.3
8947.29724657761	1200	4.0	1.5583320282600908	696376	11306.742559827864	-5.95082772151839
8951.317166504774	300	4.0	0.01991992716449431	111155	4019.9199271644943	-0.6856556868073256
8953.332788439826	300	5.984378064949807	0.0	153605	2015.621935050193	0.3
8954.722975842731	300	8.594190662044205	0.0	149029	1390.1874029056005	0.3
8957.13883531792	750	10.17833118685482	0.0	358218	2415.859475189386	0.3
8960.229975285049	1200	11.0871912197274	0.0	620283	3091.1399671274203	0.75
8963.417551123692	1850	11.899615381082661	0.0	885062	3187.5758386447374	1.2000000000000002
8967.2616489007	1850	12.055517604075646	0.0	1035329	3844.0977770070153	1.85
8972.709111051832	1850	10.608055452943386	0.0	1026056	5447.462151132261	1.85
8975.17427778545	1200	12.142888719325022	0.0	598727	2465.166733618365	0.5499999999999999
8978.12150129317	1850	13.19566521160569	0.0	728962	2947.2235077193313	1.2000000000000002
8984.21742178818	2850	11.099744716595385	0.0	1499009	6095.920495010306	1.85
8988.45973960978	1850	10.857426894996351	0.0	908665	4242.317821599034	0.8500000000000001
8991.317093822574	1200	12.000072682202239	0.0	587506	2857.3542127941128	0.5499999999999999
8994.764525624063	1850	12.552640880713263	0.0	858450	3447.4318014889755	1.2000000000000002
8998.19595885121	1850	13.121207653566024	0.0	1025005	3431.433227147237	1.85
9002.538313767998	2850	12.778852736779779	0.0	1343002	4342.354916786246	1.85
9006.877121060574	1850	12.440045444202777	0.0	973972	4338.807292577003	0.8500000000000001
9011.319459854432	1850	11.997706650345043	0.0	958994	4442.338793857734	1.85
9016.172359847105	1850	11.144806657670895	0.0	982064	4852.899992674146	1.85
9019.29559489665	1850	12.021571608126829	0.0	830730	3123.235049544065	1.85
9022.202279360772	1850	13.114887144004904	0.0	846370	2906.6844641219245	1.85

