4797.888603417954	750	4.0	3.5013497766476167	450283	3501.3497766476166	-14.305804039584752
4798.8568617082565	300	7.031741709697546	0.0	155580	968.258290302454	-0.15000000000000002
4799.5436030003475	300	10.345000417606482	0.0	139857	686.7412920910647	0.3
4801.221930139777	750	12.666673278177015	0.0	382355	1678.327139429466	0.3
4803.1037133412965	750	14.78489007665742	0.0	411561	1881.7832015195943	0.75
4804.434380155702	750	17.454223262253	0.0	318564	1330.6668144044238	0.75
4808.010436612419	1850	17.87816680553552	0.0	905515	3576.056456717476	0.75
4812.964167036932	1850	16.9244363810225	0.0	1060487	4953.730424513023	1.85
4819.184586013484	1850	14.7040174044704	0.0	852833	6220.4189765521	1.85
4825.207582219428	1850	12.68102119852577	0.0	913888	6022.996205944629	1.85
4831.029950722826	1850	10.858652695128086	0.0	939819	5822.3685033976835	1.85
4833.2990742975135	750	12.589529120439673	0.0	405134	2269.1235746884145	-0.3500000000000001
4835.483339446342	750	14.40526397161124	0.0	386351	2184.265148828434	0.75
4839.130578119609	750	14.758025298344792	0.0	434409	3647.2386732664468	0.75
4843.2219818429385	750	14.66662157501492	0.0	337059	4091.4037233298714	0.75
4846.859069586246	750	15.029533831707099	0.0	366214	3637.0877433078217	0.75
4850.734357798977	750	15.154245618976406	0.0	360831	3875.2882127306925	0.75
4855.005689792846	750	14.882913625106546	0.0	372963	4271.331993869859	0.75
4860.385751023482	750	13.502852394471509	0.0	405596	5380.061230635038	0.75
4863.262742308583	750	14.62586110937035	0.0	350713	2876.991285101159	0.75
4865.5704069192325	750	16.318196498721143	0.0	386472	2307.664610649207	0.75
4867.679163021882	750	18.209440396071436	0.0	399894	2108.756102649706	0.75
4869.571996806	750	20.316606611953	0.0	401853	1892.8337841184398	0.75
4871.767476302213	750	22.121127115740702	0.0	343800	2195.479496212293	0.75
4873.368789011608	750	24.519814406345503	0.0	359903	1601.3127093951978	0.75
4877.957242334324	1850	23.931361083629696	0.0	905935	4588.453322715805	0.75
4888.524519400566	1850	17.364084017387555	0.0	1076599	10567.277066242143	1.85
4892.980019340273	1850	16.908584077680267	0.0	758197	4455.499939707289	1.85
4898.335503630212	1850	15.55309978774167	0.0	972798	5355.484289938596	1.85
4903.461085811191	1850	14.427517606762462	0.0	975811	5125.582180979209	1.85
4906.416333912651	1850	15.47226950530252	0.0	873429	2955.2481014599407	1.85
4909.886644572091	1850	16.00195884586244	0.0	954453	3470.3106594400797	1.85
4914.004258021096	1850	15.884345396857842	0.0	885062	4117.613449004599	1.85
4918.355989931362	1850	15.532613486591364	0.0	1035329	4351.731910266477	1.85
4922.462433033958	1850	15.426170383996032	0.0	1026056	4106.443102595332	1.85
4926.02291032514	1850	15.865693092813379	0.0	943942	3560.4772911826535	1.85
4928.597275449635	1850	17.291327968318654	0.0	728962	2574.3651244947246	1.85
4931.992177729425	1850	17.896425688528886	0.0	938587	3394.90227978977	1.85
4935.357370778353	1850	18.531232639601377	0.0	908665	3365.193048927507	1.85
4938.626323231109	1850	19.26228018684504	0.0	930577	3268.952452756335	1.85
4941.1993161217	1850	20.689287296255365	0.0	858450	2572.9928905896754	1.85
4944.935212112237	1850	20.953391305717073	0.0	1025005	3735.8959905382962	1.85
4948.335679221892	1850	21.552924196062964	0.0	886255	3400.467109654109	1.85
4951.820354730772	1850	22.068248687182585	0.0	973972	3484.675508880375	1.85
4955.200882117179	1850	22.687721300775426	0.0	958994	3380.5273864071596	1.85
4958.27639448816	1850	23.61220892979471	0.0	982064	3075.512370980716	1.85
4960.733654866409	1850	25.15494855154536	0.0	830730	2457.2603782493507	1.85
4963.071047493955	1850	26.81755592399921	0.0	846370	2337.392627546152	1.85

