1073.9958707614014	750	4.0	6.308048004947866	450283	6308.0480049478665	-26.374606421275825
1077.025528471359	300	4.9703422900424306	0.0	155580	3029.6577099575693	-0.15000000000000002
1078.6331069903874	300	7.362763771014124	0.0	139857	1607.5785190283066	0.3
1080.594046861863	300	9.401823899538504	0.0	155432	1960.9398714756198	0.3
1082.9874530522088	300	11.008417709192697	0.0	163442	2393.406190345805	0.3
1084.4221017623297	300	13.573768999071778	0.0	126289	1434.6487101209204	0.3
1085.9010222717454	300	16.094848489656087	0.0	153295	1478.92050941569	0.3
1092.3777588212756	750	13.618111940125937	0.0	437162	6476.736549530151	0.3
1099.7471019523218	750	10.248768809079676	0.0	374758	7369.343131046261	0.75
1102.3053997700865	300	11.690470991314834	0.0	139105	2558.297817764842	-0.15000000000000002
1104.5337192949537	300	13.462151466447922	0.0	141840	2228.3195248669135	0.3
1106.378571865719	300	15.617298895682396	0.0	156148	1844.8525707655267	0.3
1110.5942629316514	750	15.401607829750064	0.0	386351	4215.691065932331	0.3
1116.651204694495	750	13.344666066906582	0.0	434409	6056.941762843483	0.75
1119.295186756962	750	14.700684004439335	0.0	337059	2643.982062467246	0.75
1121.69321594079	750	16.302654820611213	0.0	366214	2398.0291838281214	0.75
1124.0041289234393	750	17.991741837961758	0.0	360831	2310.9129826494554	0.75
1127.9715581517246	750	18.024312609676628	0.0	372963	3967.4292282851306	0.75
1131.8190262101327	750	18.176844551268427	0.0	405596	3847.468058408204	0.75
1134.5476457735142	750	19.448224987887073	0.0	350713	2728.619563381354	0.75
1137.816533812773	750	20.17933694862835	0.0	386472	3268.8880392587203	0.75
1140.6457698828985	750	21.350100878502705	0.0	399894	2829.236070125649	0.75
1143.4275907282208	750	22.568280033180486	0.0	401853	2781.8208453222164	0.75
1146.3441982134573	750	23.65167254794391	0.0	343800	2916.607485236575	0.75
1148.986669336964	750	25.009201424437038	0.0	359903	2642.4711235068735	0.75
1156.766245032215	1850	21.229625729186136	0.0	905935	7779.575695250899	0.75
1165.7373193296319	1850	16.258551431769188	0.0	1076599	8971.07429741695	1.85
1171.8835326219744	1850	14.112338139426795	0.0	758197	6146.213292342392	1.85
1178.62673983577	1850	11.369130925631358	0.0	972798	6743.2072137954365	1.85
1185.7360826831762	1850	8.259788078224894	0.0	975811	7109.342847406463	1.85
1188.8109025721596	750	9.184968189241498	0.0	358218	3074.8198889833957	-0.3500000000000001
1190.2007199171799	300	11.795150844221396	0.0	157488	1389.8173450201032	-0.15000000000000002
1191.1323785259933	300	14.863492235407747	0.0	143881	931.6586088136484	0.3
1194.403780025768	750	15.59209073563313	0.0	412837	3271.4014997746185	0.3
1197.8793053446484	750	16.11656541675254	0.0	401088	3475.525318880592	0.75
1201.0142567309679	750	16.981614030433175	0.0	365161	3134.951386319364	0.75
1204.2784023363633	750	17.717468425037687	0.0	321064	3264.145605395485	0.75
1207.458466211177	750	18.537404550224206	0.0	361565	3180.0638748134797	0.75
1211.0546671486932	750	18.94120361270794	0.0	378327	3596.200937516269	0.75
1215.6826337521275	750	18.313237009273678	0.0	390680	4627.966603434262	0.75
1222.9114439875548	750	15.084426773846186	0.0	345516	7228.810235427493	0.75
1228.4296281971656	750	13.566242564235413	0.0	384505	5518.184209610773	0.75
1234.4693252856616	750	11.526545475739393	0.0	372093	6039.697088496022	0.75
1241.3433942407632	750	8.652476520637817	0.0	438281	6874.068955101574	0.75
1242.9196381963602	300	11.076232565040849	0.0	167025	1576.2439555969695	-0.15000000000000002
1244.3275505969327	300	13.668320164468467	0.0	160064	1407.9124005723827	0.3
1246.7141746660584	750	15.281696095342667	0.0	331053	2386.6240691257985	0.3
1249.035376320237	750	16.960494441164002	0.0	314107	2321.201654178663	0.75

