22736.93698535176	750	4.0	2.600378850967279	450283	2600.378850967279	-10.431629059159299
22737.72519128592	300	7.21179406583987	0.0	155580	788.2059341601297	-0.15000000000000002
22738.47243829112	300	10.464547060640387	0.0	139857	747.2470051994825	0.3
22740.431992289443	750	12.504993062313787	0.0	382355	1959.553998326601	0.3
22743.264893929463	750	13.672091422294905	0.0	411561	2832.9016400188807	0.75
22745.439262515338	750	15.497722836420104	0.0	318564	2174.3685858748013	0.75
22749.100485190713	750	15.836500161046157	0.0	352642	3661.2226753739465	0.75
22752.340375319935	750	16.59661003182414	0.0	437162	3239.890129222017	0.75
22755.44881941472	750	17.48816593704093	0.0	374758	3108.4440947832113	0.75
22759.838162947395	750	17.098822404365134	0.0	362795	4389.3435326757935	0.75
22762.27935473658	750	18.65763061517887	0.0	353220	2441.191789186265	0.75
22765.552450643212	750	19.384534708549143	0.0	405134	3273.0959066297246	0.75
22768.734821424063	750	20.202163927697075	0.0	386351	3182.370780852069	0.75
22771.82258367706	750	21.11440167469775	0.0	434409	3087.7622529993246	0.75
22775.278565082244	750	21.658420269512423	0.0	337059	3455.981405185329	0.75
22783.5576237183	750	17.379361633453495	0.0	366214	8279.058636058924	0.75
22788.376904392997	750	16.560080958756693	0.0	360831	4819.280674696801	0.75
22792.047210396693	750	16.88977495506419	0.0	372963	3670.3060036925067	0.75
22797.67401420732	750	15.262971144435443	0.0	405596	5626.803810628745	0.75
22800.87559658957	750	16.061388762187192	0.0	350713	3201.582382248253	0.75
22803.414836663622	750	17.522148688133633	0.0	386472	2539.240074053555	0.75
22805.73243480184	750	19.20455054991765	0.0	399894	2317.5981382159875	0.75
22807.989260112205	750	20.94772523955482	0.0	401853	2256.825310362825	0.75
22815.014674890044	1850	17.92231046171227	0.0	874175	7025.414777842551	0.75
22821.184328120136	1850	15.752657231621383	0.0	897976	6169.653230090887	1.85
22825.99354783877	1850	14.943437512984557	0.0	905935	4809.219718636826	1.85
22833.092480752654	1850	11.84450459910154	0.0	1076599	7098.932913883016	1.85
22834.893126865987	750	14.043858485768354	0.0	277716	1800.6461133331873	-0.3500000000000001
22837.256573804974	750	15.680411546779057	0.0	400396	2363.4469389892984	0.75
22840.413273862523	750	16.523711489231232	0.0	400508	3156.700057547824	0.75
22843.495956502044	750	17.441028849709703	0.0	358218	3082.6826395215285	0.75
22845.180584531845	750	19.756400819909665	0.0	400322	1684.6280298000402	0.75
22851.38095659775	1850	17.556028754003947	0.0	885062	6200.372065905717	0.75
22860.197796673678	1850	12.739188678077037	0.0	1035329	8816.84007592691	1.85
22866.130246454235	1850	10.806738897519544	0.0	1026056	5932.449780557492	1.85
22870.605961579524	1850	10.331023772229775	0.0	943942	4475.715125289769	1.85
22874.007074685054	1850	10.929910666697586	0.0	728962	3401.1131055321885	1.85
22877.868315177457	1850	11.068670174296107	0.0	938587	3861.2404924014795	1.85
22881.207230417953	1850	11.729754933798699	0.0	908665	3338.915240497409	1.85
22884.716408007058	1850	12.220577344692341	0.0	930577	3509.1775891063567	1.85
22887.47226067158	1850	13.464724680169695	0.0	858450	2755.852664522646	1.85
22890.82080778172	1850	14.116177570027899	0.0	1025005	3348.5471101417943	1.85
22894.09472384963	1850	14.842261502117609	0.0	886255	3273.9160679102915	1.85
22897.17238379673	1850	15.7646015550207	0.0	973972	3077.659947096907	1.85
22899.95186362547	1850	16.98512172627781	0.0	958994	2779.479828742889	1.85
22904.42575218473	1850	16.511233167016993	0.0	982064	4473.88855926082	1.85
22906.825481856573	1850	18.111503495174148	0.0	830730	2399.7296718428443	1.85
22908.937997433517	1850	19.998987918230096	0.0	846370	2112.5155769440507	1.85

