15980.986344219506	750	4.0	3.383176362969059	450283	3383.176362969059	-13.797658360766953
15983.111676156706	300	5.874668062799087	0.0	155580	2125.331937200913	-0.15000000000000002
15985.45191920495	300	7.534425014556251	0.0	139857	2340.2430482428354	0.3
15988.858118792508	750	8.128225426999542	0.0	382355	3406.1995875567086	0.3
15991.745948280863	750	9.240395938644319	0.0	411561	2887.829488355224	0.75
15995.842446577837	1200	9.143897641669406	0.0	520315	4096.498296974912	0.75
16000.557693990975	1200	8.42865022853153	0.0	561791	4715.247413137875	1.2
16004.882493826835	750	8.10385039267281	0.0	437162	4324.799835858721	0.3
16010.705395639958	750	6.2809485795502615	0.0	374758	5822.901813122548	0.75
16011.98756198027	300	8.99878223923807	0.0	139105	1282.1663403121918	-0.15000000000000002
16014.526696726458	750	10.459647493049731	0.0	353220	2539.134746188339	0.3
16018.54606415597	1200	10.440280063538207	0.0	594078	4019.3674295115247	0.75
16022.905022354662	1200	10.081321864845153	0.0	624282	4358.958198693053	1.2
16028.572789334226	1200	8.413554885280941	0.0	687371	5667.766979564212	1.2
16030.606001904647	750	10.380342314859242	0.0	337059	2033.2125704216994	0.3
16034.24959795253	1200	10.736746266977905	0.0	587876	3643.596047881335	0.75
16038.528462219929	1200	10.457881999577664	0.0	617242	4278.864267400242	1.2
16042.40980198772	1200	10.576542231786874	0.0	581493	3881.3397677907888	1.2
16046.84846795623	1200	10.137876263277986	0.0	639204	4438.665968508888	1.2
16051.055605621308	1200	9.930738598199687	0.0	586839	4207.1376650783	1.2
16055.531266016995	1200	9.455078202511853	0.0	601738	4475.660395687834	1.2
16062.30787420454	1200	6.678470014966073	0.0	616206	6776.60818754578	1.2
16064.334513105125	300	8.651831114381752	0.0	163927	2026.6389005843214	-0.6000000000000001
16066.924168992884	750	10.062175226621644	0.0	343800	2589.655887760107	0.3
16074.069443370105	1200	6.916900849401439	0.0	587236	7145.274377220206	0.75
16075.241521914633	300	9.744822304871708	0.0	153938	1172.0785445297308	-0.6000000000000001
16080.314774633987	1200	8.671569585518126	0.0	696376	5073.252719353583	0.29999999999999993
16082.580705045577	750	10.405639173927236	0.0	277716	2265.93041159089	0.3
16087.768233029836	1200	9.218111189669077	0.0	622896	5187.527984258159	0.75
16096.373360513482	1200	4.612983706020979	0.0	641447	8605.127483648099	1.2
16097.934105572458	300	7.052238647044688	0.0	157421	1560.745058976291	-0.6000000000000001
16100.827948643095	750	8.15839557640906	0.0	400322	2893.8430706356294	0.3
16103.361064140323	750	9.625280079178678	0.0	369834	2533.1154972303807	0.75
16107.830326566913	1200	9.1560176525908	0.0	670129	4469.262426587879	0.75
16113.562800623264	1200	7.423543596239032	0.0	690253	5732.474056351767	1.2
16116.021747515117	750	8.964596704386844	0.0	365161	2458.946891852187	0.3
16117.904432216486	750	11.081912003017282	0.0	321064	1882.6847013695635	0.75
16124.169813216837	1850	8.816531002666684	0.0	938587	6265.381000350596	0.75
16126.886413790875	750	10.099930428629246	0.0	378327	2716.6005740374376	-0.3500000000000001
16130.817575738229	1200	10.168768481275162	0.0	587506	3931.161947354084	0.75
16134.783223128796	1200	10.203121090707507	0.0	566904	3965.647390567655	1.2
16139.494525413062	1200	9.491818806440765	0.0	641452	4711.3022842667415	1.2
16143.7148280424	1200	9.271516177102491	0.0	599477	4220.3026293382745	1.2
16151.49287133068	1200	5.493472888823576	0.0	634861	7778.043288278915	1.2
16152.817594316492	300	8.16874990301248	0.0	167025	1324.7229858110948	-0.6000000000000001
16158.193549642507	750	6.792794576996576	0.0	393804	5375.9553260159055	0.3
16159.697158391044	300	9.289185828460504	0.0	137507	1503.6087485360706	-0.15000000000000002
16163.593693489956	1200	9.392650729549048	0.0	550906	3896.535098911455	0.29999999999999993

