24267.92640997367	750	4.0	1.256359210868177	450283	1256.359210868177	-4.652344606733161
24269.918259834758	1200	6.008150138911241	0.0	611087	1991.8498610887593	0.75
24271.762308083078	1200	8.164101890590421	0.0	571051	1844.0482483208189	1.2
24274.5385475817	1850	9.387862391970675	0.0	933276	2776.2394986197473	1.2000000000000002
24279.01127774396	1850	8.915132229706472	0.0	996749	4472.730162264203	1.85
24282.104119079977	1850	9.822290893690848	0.0	801058	3092.841336015625	1.85
24286.06397325885	1850	9.862436714818086	0.0	905515	3959.8541788727616	1.85
24290.117980472136	1850	9.808429501531696	0.0	1060487	4054.007213286389	1.85
24293.135112884804	1850	10.791297088862482	0.0	852833	3017.1324126692143	1.85
24296.9342564066	1850	10.992153567068106	0.0	913888	3799.143521794376	1.85
24299.81231143606	1850	12.114098537604338	0.0	939819	2878.055029463767	1.85
24301.91566891039	1850	14.010741063271842	0.0	917428	2103.357474332498	1.85
24304.175441141306	1850	15.75096883235442	0.0	946851	2259.772230917422	1.85
24308.126340136972	2850	15.800069836691558	0.0	1578343	3950.898995662863	1.85
24311.621900833354	2850	16.304509140308724	0.0	1231445	3495.560696382832	2.85
24316.513548901094	2850	15.412861072568004	0.0	1471065	4891.648067740721	2.85
24320.88624803779	2850	15.040161935872167	0.0	1491626	4372.699136695837	2.85
24324.49879190364	2850	15.427618070021861	0.0	1358801	3612.543865850306	2.85
24328.817736282144	2850	15.108673691519241	0.0	1537156	4318.94437850262	2.85
24332.47476985703	2850	15.45164011663277	0.0	1336050	3657.0335748864713	2.85
24340.21230087493	2850	11.714109098734312	0.0	1415116	7737.531017898458	2.85
24344.47386489476	1850	11.452545078903738	0.0	955231	4261.5640198305755	0.8500000000000001
24357.75923391116	1850	4.0	1.8328239374971471	968026	13285.369016400884	-6.031142931237731
24361.14556489567	300	4.613669015493464	0.0	137654	3386.3309845065364	-1.25
24365.06571633513	300	4.693517576026287	0.0	146754	3920.1514394671767	0.3
24368.876559374603	300	4.882674536554354	0.0	153938	3810.843039471934	0.3
24372.257519381146	300	5.501714530012694	0.0	181901	3380.9600065416603	0.3
24374.2813103922	300	7.477923518957359	0.0	111155	2023.7910110553346	0.3
24377.04743353784	300	8.711800373321493	0.0	153605	2766.123145635866	0.3
24378.48053152985	300	11.278702381308637	0.0	149029	1433.0979920128566	0.3
24379.626915226694	300	14.132318684464138	0.0	157421	1146.3836968444991	0.3
24380.739415381857	300	17.019818529303375	0.0	157488	1112.5001551607659	0.3
24381.782622731396	300	19.97661117976435	0.0	143881	1043.2073495390246	0.3
24383.98798816922	750	21.771245741934887	0.0	412837	2205.3654378294646	0.3
24386.94928958369	1200	22.809944327470657	0.0	690253	2961.3014144642284	0.75
24390.13552418763	1200	23.623709723529892	0.0	598727	3186.234603940764	1.2
24393.139354736195	1200	24.619879174964183	0.0	487812	3003.83054856571	1.2
24398.24199620154	1850	23.51723770961589	0.0	938587	5102.641465348289	1.2000000000000002
24406.18526516867	1850	19.573968742487356	0.0	908665	7943.268967128535	1.85
24413.221862226506	1850	16.537371684651752	0.0	930577	7036.597057835603	1.85
24417.080967954513	1200	16.678265956642445	0.0	566904	3859.1057280093078	0.5499999999999999
24421.483106414304	1200	16.276127496852148	0.0	641452	4402.138459790298	1.2
24428.876604742127	1200	12.882629169028533	0.0	599477	7393.498327823614	1.2
24437.51322098244	1200	8.246012928717779	0.0	634861	8636.616240310754	1.2
24443.531373058395	750	6.227860852762741	0.0	398987	6018.152075955038	0.3
24445.536998424373	300	8.222235486781107	0.0	160064	2005.6253659816336	-0.15000000000000002
24448.889811080327	750	8.869422830825826	0.0	331053	3352.8126559552816	0.3
24453.399924980575	1200	8.35930893058165	0.0	550906	4510.113900244176	0.75

