2290.8551713086663	750	4.0	3.5949223786930258	450283	3594.9223786930256	-14.70816622838001
2292.239492992595	300	6.615678316071856	0.0	155580	1384.3216839281442	-0.15000000000000002
2293.354290825008	300	9.50088048365893	0.0	139857	1114.7978324129251	0.3
2294.7668012954796	300	12.088370013187337	0.0	155432	1412.510470471593	0.3
2298.7380878618565	750	12.117083446810755	0.0	411561	3971.286566376583	0.3
2301.3383644064957	750	13.516806902171583	0.0	318564	2600.2765446391736	0.75
2304.465163687433	750	14.39000762123496	0.0	352642	3126.799280936622	0.75
2309.9479057107965	1200	12.907265597871206	0.0	709534	5482.742023363752	0.75
2314.489892031069	1200	12.365279277598422	0.0	584846	4541.986320272785	1.2
2319.12121673312	1200	11.733954575547383	0.0	560821	4631.324702051039	1.2
2324.1210223217527	1200	10.73414898691461	0.0	607410	4999.805588632772	1.2
2328.9132838822393	1200	9.941887426428206	0.0	594078	4792.261560486404	1.2
2334.0876913596917	1200	8.767479948975746	0.0	624282	5174.40747745246	1.2
2340.553791822564	1200	6.301379486103391	0.0	687371	6466.100462872355	1.2
2345.3297124929804	1200	5.5254588156870375	0.0	526950	4775.9206704163535	1.2
2349.329658631539	750	5.525512677128509	0.0	366214	3999.946138558529	0.3
2353.501248693284	750	5.353922615383416	0.0	360831	4171.5900617450925	0.75
2355.1956733073307	300	7.659498001336848	0.0	150616	1694.4246140465689	-0.15000000000000002
2356.9121272982907	300	9.943044010376664	0.0	165384	1716.4539909601833	0.3
2359.97785313033	750	10.877318178337566	0.0	350713	3065.7258320390965	0.3
2363.3779072552843	750	11.47726405338315	0.0	386472	3400.0541249544144	0.75
2367.144364842574	750	11.710806466093992	0.0	399894	3766.4575872891596	0.75
2371.264148312065	750	11.591022996602307	0.0	401853	4119.783469491685	0.75
2374.587266053783	750	12.267905254884623	0.0	343800	3323.117741717685	0.75
2377.838292898199	750	13.016878410468344	0.0	359903	3251.0268444162784	0.75
2381.6984385012656	750	13.156732807401715	0.0	379700	3860.145603066628	0.75
2387.7991581783003	750	11.056013130367417	0.0	425781	6100.719677034297	0.75
2390.959262385758	750	11.89590892290934	0.0	277716	3160.1042074580764	0.75
2394.758797836488	750	12.09637347217956	0.0	400396	3799.535450729782	0.75
2398.799064379168	750	12.056106929499496	0.0	400508	4040.2665426800636	0.75
2402.172712126873	750	12.682459181794554	0.0	358218	3373.6477477049407	0.75
2406.696849060494	750	12.15832224817367	0.0	400322	4524.136933620884	0.75
2409.826073482145	750	13.029097826522587	0.0	369834	3129.224421651082	0.75
2412.9721341955606	750	13.883037113106962	0.0	412837	3146.060713415625	0.75
2416.882430003387	750	13.972741305280618	0.0	401088	3910.295807826346	0.75
2423.1013785729324	1200	11.75379273573501	0.0	598727	6218.948569545607	0.75
2430.8915922236015	1200	7.963579085065948	0.0	487812	7790.21365066906	1.2
2436.1384736929326	750	6.716697615734569	0.0	361565	5246.88146933138	0.3
2439.1750169667844	300	7.680154341882744	0.0	144254	3036.543273851825	-0.15000000000000002
2442.0618251046853	300	8.793346203981578	0.0	149991	2886.808137901165	0.3
2444.5905358175432	300	10.264635491123942	0.0	147968	2528.710712857637	0.3
2447.637989767712	300	11.217181540954845	0.0	161857	3047.4539501690956	0.3
2450.2928869143634	300	12.562284394303248	0.0	145210	2654.8971466515977	0.3
2452.5318321705663	300	14.323339138100618	0.0	172312	2238.9452562026286	0.3
2454.123905810984	300	16.731265497682944	0.0	167025	1592.0736404176732	0.3
2458.1141901922038	750	16.74098111646289	0.0	393804	3990.2843812200513	0.3
2463.251221654189	1200	15.60394965447762	0.0	538612	5137.031461985271	0.75
2485.2968446973514	2850	4.0	6.441673388684727	1364537	22045.623043162348	-26.49919557134432

