2676.7335990944807	750	4.0	1.5985734190571195	450283	1598.5734190571195	-6.123865701945613
2678.5454015653218	750	6.188197529158977	0.0	398865	1811.8024708410228	0.75
2680.280415605605	750	8.453183488875696	0.0	350812	1735.0140402832803	0.75
2682.076851039306	750	10.6567480551748	0.0	382355	1796.4354337008972	0.75
2684.2009653122304	750	12.53263378225028	0.0	411561	2124.1142729245203	0.75
2685.6312772779797	750	15.102321816501053	0.0	318564	1430.3119657492268	0.75
2686.8415059929994	750	17.89209310148141	0.0	352642	1210.2287150196412	0.75
2690.384337828825	1850	18.349261265655556	0.0	1060487	3542.831835825857	0.75
2692.8800446926334	1850	19.853554401847703	0.0	852833	2495.7068638078563	1.85
2696.1447385593774	1850	20.588860535103528	0.0	913888	3264.6938667441723	1.85
2699.8831378342006	1850	20.850461260280493	0.0	939819	3738.3992748230357	1.85
2703.3264882663675	1850	21.407110828113485	0.0	917428	3443.3504321670075	1.85
2706.4182538638493	1850	22.315345230631603	0.0	946851	3091.7655974818795	1.85
2710.6621883510115	1850	22.0714107434693	0.0	1036454	4243.934487162304	1.85
2713.858646948325	1850	22.87495214615583	0.0	821631	3196.4585973134667	1.85
2717.761667523582	1850	22.971931570898963	0.0	923170	3903.020575256868	1.85
2721.609880984925	1850	23.12371810955574	0.0	966699	3848.213461343224	1.85
2723.966692270554	1850	24.766906823926877	0.0	885714	2356.811285628862	1.85
2728.275053945798	1850	24.458545148683125	0.0	987708	4308.361675243753	1.85
2732.5403266218113	1850	24.193272472669662	0.0	923755	4265.272676013464	1.85
2736.437702367777	1850	24.29589672670381	0.0	891604	3897.3757459658505	1.85
2740.342043207426	1850	24.391555887055244	0.0	955231	3904.340839648566	1.85
2744.252394864005	1850	24.481204230475758	0.0	968026	3910.351656579487	1.85
2748.0637794655945	1850	24.66981962888668	0.0	874175	3811.3846015890786	1.85
2750.987568492565	1850	25.74603060191634	0.0	897976	2923.78902697034	1.85
2754.283986125928	1850	26.44961296855349	0.0	905935	3296.4176333628484	1.85
2758.5681359319105	1850	26.165463162570983	0.0	1076599	4284.149805982505	1.85
2762.765244404711	1850	25.96835468977016	0.0	758197	4197.108472800824	1.85
2765.8059093242805	1850	26.927689770200935	0.0	972798	3040.664919569225	1.85
2770.486477729754	1850	26.24712136472734	0.0	975811	4680.568405473594	1.85
2775.453202238859	1850	25.280396855622413	0.0	873429	4966.724509104928	1.85
2780.396156590657	1850	24.33744250382488	0.0	954453	4942.9543517975335	1.85
2784.7830374288064	1850	23.950561665675096	0.0	885062	4386.880838149784	1.85
2790.0005370804697	1850	22.733062014012077	0.0	1035329	5217.499651663019	1.85
2794.555579055527	1850	22.178020038954998	0.0	1026056	4555.041975057081	1.85
2798.588572736367	1850	22.145026358114414	0.0	943942	4032.9936808405823	1.85
2801.245854814416	1850	23.487744280065947	0.0	728962	2657.2820780484635	1.85
2804.554321343006	1850	24.17927775147547	0.0	938587	3308.4665285904794	1.85
2807.85535836615	1850	24.878240728331765	0.0	908665	3301.0370231437037	1.85
2811.5285011910055	1850	25.205097903476336	0.0	930577	3673.1428248554294	1.85
2814.8867724589236	1850	25.846826635558624	0.0	858450	3358.271267917711	1.85
2819.178493157187	1850	25.555105937294897	0.0	1025005	4291.720698263725	1.85
2822.561260454438	1850	26.172338640043872	0.0	886255	3382.7672972510263	1.85
2826.861885071291	1850	25.871714023190687	0.0	973972	4300.624616853183	1.85
2830.6194043106843	1850	26.114194783797565	0.0	958994	3757.519239393125	1.85
2835.002765919945	1850	25.73083317453659	0.0	982064	4383.361609260978	1.85
2838.5777072565647	1850	26.15589183791692	0.0	830730	3574.941336619667	1.85
2842.497837465994	1850	26.2357616284876	0.0	846370	3920.1302094293155	1.85

