12320.139379438255	750	4.0	2.1451274043719923	450283	2145.1274043719923	-8.474047838799567
12322.158856511182	750	5.9805229270739275	0.0	398865	2019.477072926073	0.75
12327.479384345586	750	4.65999509266922	0.0	350812	5320.527834404707	0.75
12329.710517701677	300	6.42886173657925	0.0	155432	2231.133356089969	-0.15000000000000002
12331.436250123183	300	8.703129315073515	0.0	163442	1725.7324215057363	0.3
12332.531945504756	300	11.607433933501447	0.0	126289	1095.6953815720676	0.3
12333.817817202176	300	14.321562236079124	0.0	153295	1285.8716974223232	0.3
12335.346154199047	300	16.79322523920906	0.0	173849	1528.3369968700665	0.3
12336.562531473523	300	19.576847964733933	0.0	150710	1216.377274475127	0.3
12341.638985943902	1200	18.500393494355315	0.0	560821	5076.45447037862	0.29999999999999993
12346.690437082587	1200	17.448942355670653	0.0	607410	5051.451138684662	1.2
12351.713497826457	1200	16.42588161179972	0.0	594078	5023.060743870935	1.2
12357.659845036856	1200	14.479534401400702	0.0	624282	5946.347210399018	1.2
12365.939207920881	1200	10.20017151737675	0.0	687371	8279.362884023953	1.2
12369.001983614111	750	11.137395824146477	0.0	337059	3062.7756932302723	0.3
12372.088687125919	750	12.050692312338692	0.0	366214	3086.7035118077847	0.75
12374.743601310367	750	13.395778127891944	0.0	360831	2654.914184446747	0.75
12377.733835946874	750	14.40554349138417	0.0	372963	2990.2346365077747	0.75
12380.932780166426	750	15.20659927183303	0.0	405596	3198.9442195511415	0.75
12385.585270502006	1200	14.554108936252845	0.0	586839	4652.4903355801835	0.75
12390.478054997964	1200	13.661324440295022	0.0	601738	4892.784495957824	1.2
12395.40875109216	1200	12.730628346098309	0.0	616206	4930.696094196714	1.2
12400.694988047031	1200	11.444391391226464	0.0	656471	5286.236954871845	1.2
12406.390181590144	1200	9.749197848114054	0.0	536667	5695.193543112408	1.2
12411.909609338338	1200	8.229770099920975	0.0	587236	5519.4277481930785	1.2
12414.260874755084	750	9.878504683173194	0.0	379700	2351.2654167477817	0.3
12417.265200403099	750	10.87417903515958	0.0	425781	3004.3256480136147	0.75
12419.407299911383	750	12.732079526874568	0.0	277716	2142.0995082850122	0.75
12422.346548037835	750	13.792831400423154	0.0	400396	2939.2481264514145	0.75
12425.328374881878	750	14.811004556379174	0.0	400508	2981.82684404398	0.75
12429.91723983685	1200	14.222139601408553	0.0	570392	4588.864954970621	0.75
12434.867939319844	1200	13.271440118413606	0.0	620283	4950.699482994947	1.2
12439.76776864629	1200	12.371610791965729	0.0	584349	4899.829326447876	1.2
12446.973867406168	1200	9.165512032087085	0.0	670129	7206.098759878646	1.2
12455.35444077256	1200	4.784938665697056	0.0	690253	8380.573366390028	1.2
12459.122731220323	750	5.0166482179328975	0.0	365161	3768.290447764159	0.3
12460.330206354161	300	7.809173084094909	0.0	131610	1207.4751338379883	-0.15000000000000002
12461.72225591979	300	10.41712351846664	0.0	124011	1392.0495656282685	0.3
12463.180628537157	300	12.958750901099066	0.0	144254	1458.372617367576	0.3
12464.832026861915	300	15.307352576342087	0.0	149991	1651.3983247569781	0.3
12468.94420820081	750	15.195171237446827	0.0	345516	4112.181338895261	0.3
12474.163037398763	750	13.976342039493737	0.0	384505	5218.8291979530895	0.75
12479.164006642839	750	12.97537279541798	0.0	372093	5000.969244075754	0.75
12489.83842053857	750	6.30095889968592	0.0	438281	10674.413895732061	0.75
12496.225071633422	300	4.0	0.08569219516569046	167025	6386.651094851611	-0.518476439212469
12502.22714442189	300	4.0	2.002072788466974	160064	6002.072788466974	-8.308912990407988
12507.005316740857	300	4.0	0.7781723189672294	137507	4778.172318967229	-3.0461409715590864
12510.240135378435	300	4.7651813624218615	0.0	118421	3234.8186375781393	0.3

