10714.457999978047	750	4.0	4.838144007766586	450283	4838.144007766587	-20.05401923339632
10716.048839304254	300	6.409160673793575	0.0	155580	1590.8393262064255	-0.15000000000000002
10717.25219356275	300	9.205806415296815	0.0	139857	1203.3542584967608	0.3
10718.508651914859	300	11.949348063187209	0.0	155432	1256.4583521096054	0.3
10721.842097144696	750	12.615902833350594	0.0	411561	3333.445229836614	0.3
10724.264651428495	750	14.193348549550965	0.0	318564	2422.554283799629	0.75
10726.992456876782	750	15.46554310126316	0.0	352642	2727.805448287805	0.75
10730.580808326924	750	15.877191651122393	0.0	437162	3588.3514501407653	0.75
10733.106441668859	750	17.35155830918765	0.0	374758	2525.633341934747	0.75
10735.712332848829	750	18.745667129218486	0.0	362795	2605.89117996916	0.75
10738.702157655622	750	19.755842322426542	0.0	353220	2989.824806791943	0.75
10741.55598151339	750	20.902018464659218	0.0	405134	2853.823857767326	0.75
10743.533467784997	750	22.92453219304978	0.0	386351	1977.4862716094347	0.75
10748.360764678184	1850	22.09723529986321	0.0	1036454	4827.296893186569	0.75
10751.829976502508	1850	22.62802347553917	0.0	821631	3469.2118243240425	1.85
10755.828216963964	1850	22.629783014082722	0.0	923170	3998.240461456449	1.85
10760.40272182462	1850	22.055278153426944	0.0	966699	4574.504860655776	1.85
10763.987987805385	1850	22.470012172661505	0.0	885714	3585.265980765442	1.85
10767.615228664461	1850	22.842771313585704	0.0	987708	3627.2408590757996	1.85
10771.131187850227	1850	23.32681212781988	0.0	923755	3515.959185765824	1.85
10775.985823950601	1850	22.47217602744653	0.0	891604	4854.636100373352	1.85
10784.219079373624	1850	18.23892060442421	0.0	955231	8233.255423022321	1.85
10791.04739042413	1850	15.410609553918606	0.0	968026	6828.311050505603	1.85
10797.356810190311	1850	13.101189787737555	0.0	874175	6309.419766181052	1.85
10801.982040077217	1850	12.475959900830755	0.0	897976	4625.229886906798	1.85
10807.295995985063	1850	11.162003992985563	0.0	905935	5313.955907845192	1.85
10813.278754153911	750	9.17924582413659	0.0	425781	5982.7581688489745	-0.3500000000000001
10814.193377975726	750	12.264622002322538	0.0	277716	914.6238218140523	0.75
10815.134361340824	750	15.323638637223166	0.0	400396	940.9833650993716	0.75
10817.174826426097	1850	17.283173551952242	0.0	975811	2040.4650852709274	0.75
10819.063410050077	1850	19.394589927971122	0.0	873429	1888.5836239811167	1.85
10820.940598022247	1850	21.517401955801862	0.0	954453	1877.1879721692608	1.85
10823.541242308542	2850	22.91675766950647	0.0	1358081	2600.6442862953922	1.85
10828.25783166091	4300	22.200168317137976	0.0	2286761	4716.589352368494	2.8499999999999996
10834.011156022649	4300	20.446843955399252	0.0	2307787	5753.324361738724	4.3
10838.165316591212	4300	20.29268338683603	0.0	2143948	4154.160568563225	4.3
10843.043061919463	4300	19.414938058584212	0.0	1919781	4877.745328251818	4.3
10846.35919767457	1850	20.098802303477328	0.0	938587	3316.135755106885	-0.6000000000000001
10850.379984412364	1850	20.078015565683636	0.0	908665	4020.786737793693	1.85
10854.466641296829	1850	19.991358681219875	0.0	930577	4086.6568844637613	1.85
10858.240955290958	1850	20.217044687090446	0.0	858450	3774.313994129429	1.85
10862.673806206652	1850	19.784193771395596	0.0	1025005	4432.850915694849	1.85
10867.566588244834	1850	18.891411733214866	0.0	886255	4892.78203818073	1.85
10872.663961229018	1850	17.794038749028392	0.0	973972	5097.372984186478	1.85
10876.88254997977	1850	17.575449998277726	0.0	958994	4218.588750750662	1.85
10881.465005757784	1850	16.992994220261924	0.0	982064	4582.455778015802	1.85
10886.54367799793	1850	15.914321980116423	0.0	830730	5078.6722401455	1.85
10890.750928321557	1850	15.707071656490204	0.0	846370	4207.250323626221	1.85

