3202.2363628850076	750	4.0	3.995068697861578	450283	3995.068697861578	-16.428795400804784
3203.728634972338	300	6.507727912669612	0.0	155580	1492.2720873303876	-0.15000000000000002
3205.0007310264004	300	9.235631858607427	0.0	139857	1272.0960540621852	0.3
3206.4155139779377	300	11.820848907070088	0.0	155432	1414.7829515373378	0.3
3207.960935388229	300	14.27542749677892	0.0	163442	1545.4214102911674	0.3
3210.4800363929076	750	15.756326492100275	0.0	318564	2519.1010046786455	0.3
3213.404593038026	750	16.831769846981796	0.0	352642	2924.55664511848	0.75
3217.385937639412	750	16.8504252455962	0.0	437162	3981.3446013855996	0.75
3222.5345812671812	750	15.7017816178268	0.0	374758	5148.643627769397	0.75
3229.570854345085	750	12.665508539923213	0.0	362795	7036.273077903587	0.75
3234.69544275941	750	11.540920125598529	0.0	353220	5124.588414324684	0.75
3239.8009216593755	750	10.43544122563312	0.0	405134	5105.478899965409	0.75
3241.560003599547	300	12.676359285461427	0.0	160746	1759.081940171692	-0.15000000000000002
3243.785265223495	300	14.45109766151361	0.0	179801	2225.261623947816	0.3
3245.1855695099784	300	17.05079337503025	0.0	140051	1400.3042864833599	0.3
3248.7782259207543	750	17.458136964254255	0.0	366214	3592.656410775996	0.3
3252.18758732596	750	18.04877555904863	0.0	360831	3409.3614052056246	0.75
3256.423160039156	750	17.81320284585284	0.0	372963	4235.572713195791	0.75
3261.8151579654336	750	16.42120491957473	0.0	405596	5391.997926278111	0.75
3268.996006964813	750	13.240355920195368	0.0	350713	7180.848999379363	0.75
3275.000053549555	750	11.236309335453402	0.0	386472	6004.046584741966	0.75
3277.227659309391	300	13.008703575617682	0.0	157812	2227.60575983572	-0.15000000000000002
3279.6662475050243	300	14.570115379984225	0.0	163927	2438.588195633459	0.3
3288.5677207360145	750	9.66864214899429	0.0	343800	8901.473230989934	0.3
3292.8762044016908	300	9.36015848331778	0.0	146754	4308.48366567651	-0.15000000000000002
3296.701424956869	300	9.534937928139977	0.0	153938	3825.220555177804	0.3
3301.585317846568	300	8.651045038440678	0.0	181901	4883.892889699298	0.3
3303.9724085469707	300	10.2639543380385	0.0	111155	2387.090700402177	0.3
3306.8993698717654	300	11.336993013243623	0.0	153605	2926.9613247948787	0.3
3310.422103698976	300	11.814259186032427	0.0	149029	3522.7338272111956	0.3
3314.1030970406096	300	12.133265844399322	0.0	157421	3680.9933416331046	0.3
3317.909515026982	300	12.326847858026738	0.0	157488	3806.4179863725844	0.3
3321.8454483283067	300	12.390914556701757	0.0	143881	3935.933301324981	0.3
3325.5451527448354	300	12.691210140173503	0.0	163444	3699.704416528253	0.3
3328.8273226079914	300	13.409040277017278	0.0	179328	3282.169863156226	0.3
3331.844461947814	300	14.39190093719465	0.0	159914	3017.1393398226264	0.3
3336.532495327772	750	13.703867557237283	0.0	321064	4688.033379957367	0.3
3344.817084256502	750	9.419278628507012	0.0	361565	8284.58892873027	0.75
3348.0817175701814	300	10.154645314827459	0.0	144254	3264.633313679554	-0.15000000000000002
3350.482031886878	300	11.754330998131016	0.0	149991	2400.3143166964446	0.3
3352.620411235515	300	13.615951649493788	0.0	147968	2138.379348637229	0.3
3354.95196369467	300	15.284399190338583	0.0	161857	2331.552459155205	0.3
3356.2682181676564	300	17.968144717352168	0.0	145210	1316.2544729864192	0.3
3360.39952547757	750	17.836837407438892	0.0	438281	4131.307309913274	0.3
3363.916179636659	750	18.320183248350396	0.0	398987	3516.6541590884954	0.75
3367.141768712157	750	19.09459417285223	0.0	393804	3225.589075498165	0.75
3369.8956018603217	750	20.340761024687467	0.0	331053	2753.83314816476	0.75
3372.502500263256	750	21.733862621752916	0.0	314107	2606.8984029345534	0.75

