17924.289670692175	750	4.0	2.54228302815134	450283	2542.28302815134	-10.181817021050762
17925.12909151875	300	7.160579173426026	0.0	155580	839.4208265739742	-0.15000000000000002
17925.76423370732	300	10.525436984853442	0.0	139857	635.1421885725827	0.3
17927.188971525702	750	13.10069916646988	0.0	382355	1424.7378183835626	0.3
17929.01198532244	750	15.277685369733023	0.0	411561	1823.0137967368564	0.75
17930.72569912688	750	17.563971565292334	0.0	318564	1713.7138044406884	0.75
17932.20630070742	750	20.083369984749073	0.0	352642	1480.6015805432598	0.75
17936.389598713522	1850	19.900071978652033	0.0	1060487	4183.298006097041	0.75
17942.14588639692	1850	18.14378429525462	0.0	852833	5756.287683397413	1.85
17959.606698270924	1850	4.682972421247512	0.0	913888	17460.811874007108	1.85
17960.838755259134	300	7.450915433039219	0.0	141840	1232.056988208294	-1.25
17962.187919565185	300	10.10175112698533	0.0	156148	1349.164306053887	0.3
17963.62284967986	300	12.66682101230986	0.0	160746	1434.9301146754722	0.3
17968.32717621016	750	11.962494482009827	0.0	434409	4704.3265303000335	0.3
17971.376952158276	750	12.912718533896207	0.0	337059	3049.77594811362	0.75
17973.914548066816	750	14.375122625356077	0.0	366214	2537.595908540128	0.75
17976.749356046043	750	15.540314646130096	0.0	360831	2834.8079792259837	0.75
17979.74305482324	750	16.546615868932523	0.0	372963	2993.698777197572	0.75
17982.520875216225	750	17.768795475946508	0.0	405596	2777.820392986018	0.75
17985.47651712833	750	18.81315356384404	0.0	350713	2955.6419121024646	0.75
17988.99356400717	750	19.296106685004467	0.0	386472	3517.046878839572	0.75
17992.318628356545	750	19.971042335630052	0.0	399894	3325.064349374412	0.75
17995.79308917339	750	20.496581518787934	0.0	401853	3474.4608168421196	0.75
17998.303373919473	750	21.986296772702136	0.0	343800	2510.2847460857997	0.75
18000.623438830622	750	23.666231861553477	0.0	359903	2320.0649111486578	0.75
18003.46622432361	750	24.823446368566255	0.0	379700	2842.785492987221	0.75
18006.87780096547	750	25.411869726703543	0.0	425781	3411.5766418627145	0.75
18009.4773734682	750	26.812297223976536	0.0	277716	2599.5725027270046	0.75
18018.00774028094	1850	22.28193041123388	0.0	972798	8530.366812742657	0.75
18024.76185343414	1850	19.527817258033842	0.0	975811	6754.113153200037	1.85
18029.36233949491	1850	18.927331197266483	0.0	873429	4600.486060767364	1.85
18036.721273719806	1850	15.568396972371058	0.0	954453	7358.934224895424	1.85
18040.059320582543	1850	16.230350109635246	0.0	885062	3338.046862735814	1.85
18043.634728701283	1850	16.654941990895	0.0	1035329	3575.4081187402453	1.85
18046.640074652154	1850	17.649596040023507	0.0	1026056	3005.3459508714946	1.85
18050.1795862311	1850	18.110084461076696	0.0	943942	3539.5115789468114	1.85
18053.595242772582	1850	18.694427919593867	0.0	728962	3415.6565414828274	1.85
18059.456148576035	1850	16.833522116142472	0.0	938587	5860.9058034513955	1.85
18064.85795828591	1850	15.431712406267929	0.0	908665	5401.809709874541	1.85
18073.06949545505	1850	11.22017523712897	0.0	930577	8211.53716913896	1.85
18076.359694286297	750	11.929976405879934	0.0	345516	3290.1988312490366	-0.3500000000000001
18079.31697352361	750	12.97269716856491	0.0	384505	2957.2792373150237	0.75
18081.929156494898	750	14.36051419727977	0.0	372093	2612.1829712851395	0.75
18085.939829730414	750	14.349840961762402	0.0	438281	4010.6732355173685	0.75
18087.87636082649	750	16.413309865687555	0.0	398987	1936.5310960748457	0.75
18089.7190922634	750	18.57057842877373	0.0	393804	1842.731436913825	0.75
18091.377998478772	750	20.91167221340002	0.0	331053	1658.9062153737111	0.75
18095.25680372611	1850	21.032866966063718	0.0	846370	3878.8052473363005	0.75

