5510.850688001647	750	4.0	6.08032816050688	450283	6080.3281605068805	-25.395411090179586
5513.2056395020445	300	5.645048499601703	0.0	155580	2354.951500398297	-0.15000000000000002
5515.478718315692	300	7.371969685954002	0.0	139857	2273.078813647701	0.3
5518.038157110537	300	8.81253089110955	0.0	155432	2559.4387948444523	0.3
5520.9998598839065	300	9.85082811774056	0.0	163442	2961.702773368989	0.3
5523.035810853554	300	11.814877148093101	0.0	126289	2035.95096964746	0.3
5526.173057296492	300	12.677630705156039	0.0	153295	3137.2464429370616	0.3
5528.856525134987	300	13.994162866660107	0.0	173849	2683.4678384959343	0.3
5530.662397157909	300	16.188290843738397	0.0	150710	1805.8720229217085	0.3
5534.340431103499	750	16.510256898148143	0.0	362795	3678.0339455902567	0.3
5537.55083895306	750	17.299849048588484	0.0	353220	3210.4078495596573	0.75
5540.975909677697	750	17.87477832394998	0.0	405134	3425.0707246385023	0.75
5544.270580250631	750	18.580107751016396	0.0	386351	3294.6705729335827	0.75
5548.62760314478	750	18.22308485686806	0.0	434409	4357.0228941483365	0.75
5551.910748753539	750	18.939939248108143	0.0	337059	3283.1456087599176	0.75
5556.312003623694	750	18.538684377953302	0.0	366214	4401.25487015484	0.75
5562.724294240617	750	16.12639376103056	0.0	360831	6412.2906169227435	0.75
5567.96725706422	750	14.883430937428002	0.0	372963	5242.962823602557	0.75
5574.788395752783	750	12.062292248864175	0.0	405596	6821.138688563828	0.75
5579.611453720929	750	11.239234280717715	0.0	350713	4823.05796814646	0.75
5586.229251145316	750	8.621436856330766	0.0	386472	6617.797424386949	0.75
5588.606215201369	300	10.244472800277657	0.0	157812	2376.964056053107	-0.15000000000000002
5591.129825348725	300	11.72086265292263	0.0	163927	2523.6101473550275	0.3
5593.3412489663015	300	13.509439035345196	0.0	137654	2211.423617577433	0.3
5595.586448116255	300	15.264239885392046	0.0	146754	2245.1991499531514	0.3
5599.978816160237	750	14.871871841409382	0.0	379700	4392.368043982665	0.3
5603.932396193452	750	14.918291808194445	0.0	425781	3953.580033214938	0.75
5606.993583373669	750	15.857104627978249	0.0	277716	3061.187180216196	0.75
5614.143119872409	750	12.707568129237268	0.0	400396	7149.536498740981	0.75
5622.905618544999	750	7.945069456648163	0.0	400508	8762.498672589105	0.75
5625.944017834312	300	8.906670167334154	0.0	157421	3038.39928931401	-0.15000000000000002
5629.355891732178	300	9.494796269468774	0.0	157488	3411.873897865381	0.3
5632.752831567134	300	10.097856434511488	0.0	143881	3396.9398349572853	0.3
5636.75488750987	300	10.095800491775918	0.0	163444	4002.0559427355697	0.3
5640.118947136529	300	10.731740865117175	0.0	179328	3364.0596266587427	0.3
5643.032796800779	300	11.817891200867384	0.0	159914	2913.8496642497903	0.3
5645.292340515189	300	13.558347486456967	0.0	131610	2259.543714410418	0.3
5647.780561364891	300	15.070126636754427	0.0	124011	2488.2208497025395	0.3
5655.049720972511	750	11.800967029134108	0.0	378327	7269.159607620319	0.3
5660.371142001789	750	10.47954599985604	0.0	390680	5321.421029278069	0.75
5662.665467152992	300	12.185220848652376	0.0	147968	2294.3251512036645	-0.15000000000000002
5665.270989141835	300	13.579698859810062	0.0	161857	2605.5219888423144	0.3
5667.735816257334	300	15.114871744311342	0.0	145210	2464.8271154987187	0.3
5675.728363204179	750	11.1223247974656	0.0	438281	7992.546946845742	0.3
5678.099602509911	300	12.75108549173404	0.0	167025	2371.2393057315594	-0.15000000000000002
5679.987219091073	300	14.863468910572943	0.0	160064	1887.6165811610974	0.3
5683.330475580303	750	15.520212421343073	0.0	331053	3343.25648922987	0.3
5686.247186210529	750	16.603501791116443	0.0	314107	2916.7106302266284	0.75

