3232.0625790655886	750	4.0	1.384287999087403	450283	1384.287999087403	-5.202438396075833
3234.1483697978983	1200	5.9142092676901505	0.0	611087	2085.7907323098493	0.75
3236.3543809331936	1200	7.7081981323951245	0.0	571051	2206.0111352950253	1.2
3238.463424880029	1200	9.599154185560037	0.0	617681	2109.043946835087	1.2
3240.6331060258167	1200	11.429473039771706	0.0	652874	2169.6811457883323	1.2
3242.347847933371	1200	13.714731132217286	0.0	520315	1714.7419075544187	1.2
3245.5102632867843	1850	14.55231577880403	0.0	905515	3162.4153534132556	1.2000000000000002
3250.35016113072	2850	13.712417934867965	0.0	1638769	4839.897843936065	1.85
3254.966860104385	2850	13.095718961203275	0.0	1348011	4616.698973664689	2.85
3260.985878893025	2850	11.07670017256268	0.0	1429765	6019.018788640594	2.85
3267.6723794696745	2850	8.390199595913579	0.0	1354548	6686.500576649101	2.85
3276.5869738756087	1850	4.0	0.5243948100208108	917428	8914.59440593439	-1.4048976830894864
3277.6159218549146	300	6.9710520206939455	0.0	160746	1028.947979306054	-1.25
3279.562680969929	300	9.024292905679644	0.0	179801	1946.759115014302	0.3
3281.9840379284815	300	10.602935947126923	0.0	140051	2421.3569585527193	0.3
3283.988113973914	300	12.598859901694269	0.0	138313	2004.076045432655	0.3
3285.359869211515	300	15.22710466409343	0.0	143509	1371.7552376008384	0.3
3286.9136849467523	300	17.673288928856184	0.0	150616	1553.815735237244	0.3
3288.5035956689994	300	20.08337820660865	0.0	165384	1589.910722247534	0.3
3289.8698006976656	300	22.717173177942307	0.0	140881	1366.2050286663452	0.3
3294.2362482537505	750	22.3507256218575	0.0	386472	4366.447556084808	0.3
3300.856990839313	1200	19.72998303629549	0.0	616206	6620.7425855620095	0.75
3306.286061335405	1200	18.30091254020344	0.0	656471	5429.070496092048	1.2
3310.202492202737	1200	18.384481672870717	0.0	536667	3916.4308673327246	1.2
3313.9428786105486	1200	18.644095265059683	0.0	587236	3740.386407811036	1.2
3317.29446109394	1200	19.292512781668435	0.0	590335	3351.5824833912448	1.2
3321.626190306747	1200	18.960783568861487	0.0	696376	4331.729212806948	1.2
3324.8031710471982	1200	19.78380282841024	0.0	487160	3176.980740451245	1.2
3329.8477437925944	1200	18.739230083014	0.0	622896	5044.572745396241	1.2
3334.390884763329	1200	18.196089112279704	0.0	641447	4543.140970734298	1.2
3339.7013966305394	1200	16.885577245068866	0.0	570392	5310.511867210838	1.2
3344.9003373710216	1200	15.686636504587119	0.0	620283	5198.940740481748	1.2
3349.139281325758	1200	15.447692549850617	0.0	584349	4238.943954736503	1.2
3353.0971641410165	1200	15.489809734591912	0.0	670129	3957.8828152587057	1.2
3357.0433417523336	1200	15.543632123274904	0.0	690253	3946.17761131701	1.2
3360.021021014148	1200	16.565952861460453	0.0	598727	2977.67926181445	1.2
3362.7714948487655	1200	17.815479026842866	0.0	487812	2750.4738346175877	1.2
3365.989127042703	1200	18.597846832905542	0.0	575591	3217.632193937323	1.2
3370.6705074434653	1850	17.916466432142947	0.0	908665	4681.380400762596	1.2000000000000002
3376.80049793874	1850	15.786475936868268	0.0	930577	6129.990495274681	1.85
3380.9598420297175	1850	15.627131845890865	0.0	858450	4159.3440909774035	1.85
3388.2432763507086	1850	12.34369752489951	0.0	1025005	7283.434320991355	1.85
3395.0506869651463	1850	9.536286910461971	0.0	886255	6807.410614437537	1.85
3398.5698449767237	1200	10.017128898884206	0.0	634861	3519.158011577766	0.5499999999999999
3401.5537068942667	1200	11.033266981340903	0.0	630203	2983.861917543303	1.2
3405.996002048349	1850	10.590971827258809	0.0	982064	4442.295154082094	1.2000000000000002
3409.365933885911	1850	11.221039989696958	0.0	830730	3369.9318375618504	1.85
3414.844011610692	2850	9.742962264915676	0.0	1364537	5478.077724781282	1.85

