15539.163251704076	750	4.0	1.9120480482224669	450283	1912.0480482224668	-7.471806607356607
15539.89384088427	300	7.2694108198065255	0.0	155580	730.5891801934749	-0.15000000000000002
15541.545046206767	750	9.618205497310392	0.0	350812	1651.2053224961335	0.3
15543.563835583673	750	11.599416120405854	0.0	382355	2018.7893769045374	0.75
15549.226688133276	750	9.936563570801663	0.0	411561	5662.85254960419	0.75
15554.063292493729	750	9.099959210350114	0.0	318564	4836.604360451549	0.75
15555.314548376975	300	11.848703327103289	0.0	153295	1251.2558832468267	-0.15000000000000002
15558.696336173858	750	12.466915530219755	0.0	437162	3381.787796883535	0.3
15562.810888969703	750	12.352362734375648	0.0	374758	4114.552795844107	0.75
15564.845790862195	750	14.317460841882328	0.0	362795	2034.9018924933184	0.75
15566.91983553536	750	16.24341616871775	0.0	353220	2074.044673164577	0.75
15569.22046459945	750	17.942787104628202	0.0	405134	2300.629064089549	0.75
15573.757160166377	1850	17.406091537700924	0.0	946851	4536.695566927278	0.75
15580.005945971508	1850	15.157305732570446	0.0	1036454	6248.785805130477	1.85
15588.311263424803	1850	10.851988279276322	0.0	821631	8305.317453294125	1.85
15594.276722163024	750	8.88652954105558	0.0	366214	5965.458738220742	-0.3500000000000001
15598.155788048796	300	9.00746365528315	0.0	143509	3879.0658857724293	-0.15000000000000002
15601.806975203443	300	9.35627650063622	0.0	150616	3651.1871546469306	0.3
15604.841914544724	300	10.321337159356132	0.0	165384	3034.93934128009	0.3
15606.85680537737	300	12.306446326711141	0.0	140881	2014.8908326449912	0.3
15608.659346904788	300	14.503904799292133	0.0	157671	1802.5415274190082	0.3
15611.663288696804	750	15.499963007276252	0.0	399894	3003.9417920158808	0.3
15614.369614410638	750	16.793637293440707	0.0	401853	2706.325713835545	0.75
15617.786046601366	750	17.377205102712463	0.0	343800	3416.4321907282483	0.75
15622.885346665335	750	16.277905038745217	0.0	359903	5099.300063967244	0.75
15627.825680532003	750	15.337571172076874	0.0	379700	4940.333866668345	0.75
15632.198097555014	750	14.965154149066118	0.0	425781	4372.417023010755	0.75
15634.207459289071	750	16.95579241500703	0.0	277716	2009.3617340590908	0.75
15636.460982295204	750	18.702269408875267	0.0	400396	2253.523006131761	0.75
15640.8788000187	1850	18.28445168537977	0.0	975811	4417.817723495497	0.75
15644.960461489742	1850	18.202790214339146	0.0	873429	4081.6614710406257	1.85
15648.844929687297	1850	18.318322016783693	0.0	954453	3884.468197555456	1.85
15652.475524223993	1850	18.687727480088025	0.0	885062	3630.594536695668	1.85
15656.990585708998	1850	18.172665995082824	0.0	1035329	4515.0614850052	1.85
15661.344326657936	1850	17.81892504614577	0.0	1026056	4353.740948937053	1.85
15665.697884204046	1850	17.46536750003427	0.0	943942	4353.5575461115	1.85
15676.999458513274	1850	10.163793190808132	0.0	728962	11301.574309226138	1.85
15681.466045499255	750	9.697206204825843	0.0	361565	4466.586985982289	-0.3500000000000001
15685.082572199779	750	10.080679504303891	0.0	378327	3616.5267005219516	0.75
15687.260382463484	750	11.902869240597346	0.0	390680	2177.810263706545	0.75
15689.091354333748	750	14.07189737033416	0.0	345516	1830.9718702631847	0.75
15691.292691706438	750	15.870559997646378	0.0	384505	2201.337372687782	0.75
15693.326642861264	750	17.836608842819974	0.0	372093	2033.9511548264068	0.75
15695.62868137783	750	19.534570326254737	0.0	438281	2302.038516565238	0.75
15700.329111078432	1850	18.834140625653358	0.0	958994	4700.4297006013785	0.75
15705.400569887455	1850	17.76268181663014	0.0	982064	5071.458809023219	1.85
15709.901606011828	1850	17.26164569225728	0.0	830730	4501.036124372859	1.85
15714.622501022219	1850	16.540750681866943	0.0	846370	4720.895010390338	1.85

