18655.648411012397	750	4.0	6.212365695121308	450283	6212.365695121308	-25.963172489021623
18657.15550026641	300	6.492910745984942	0.0	155580	1507.089254015058	-0.15000000000000002
18658.72504776701	300	8.923363245387266	0.0	139857	1569.547500597674	0.3
18662.108028989613	300	9.54038202278418	0.0	155432	3382.981222603087	0.3
18664.514002031658	300	11.134408980739513	0.0	163442	2405.973042044665	0.3
18665.91583112827	300	13.732579884127976	0.0	126289	1401.8290966115378	0.3
18667.625577177074	300	16.02283383532257	0.0	153295	1709.746048805408	0.3
18673.609140305463	750	14.039270706933781	0.0	437162	5983.563128388787	0.3
18678.1078728383	750	13.540538174096831	0.0	374758	4498.73253283695	0.75
18680.726148628793	750	14.92226238360384	0.0	362795	2618.275790492992	0.75
18683.126621696516	750	16.521789315880714	0.0	353220	2400.473067723125	0.75
18686.30073450036	750	17.34767651203702	0.0	405134	3174.1128038436923	0.75
18691.68090377416	750	15.967507238237854	0.0	386351	5380.169273799165	0.75
18698.364525302444	750	13.283885709952509	0.0	434409	6683.621528285345	0.75
18705.89208815302	750	9.756322859377912	0.0	337059	7527.562850574597	0.75
18709.375988143463	300	10.272422868935951	0.0	138313	3483.8999904419593	-0.15000000000000002
18713.1473862493	300	10.501024763097647	0.0	143509	3771.3981058383047	0.3
18717.1083302412	300	10.540080771199172	0.0	150616	3960.9439918984754	0.3
18719.985567534393	300	11.662843478005646	0.0	165384	2877.2372931935247	0.3
18721.235575838866	300	14.412835173534186	0.0	140881	1250.0083044714609	0.3
18724.630956909405	750	15.01745410299978	0.0	386472	3395.3810705344054	0.3
18727.956157679742	750	15.692253332659696	0.0	399894	3325.2007703400827	0.75
18731.578412686405	750	16.06999832600023	0.0	401853	3622.255006659465	0.75
18734.40699419202	750	17.241416820383993	0.0	343800	2828.581505616239	0.75
18737.452986357523	750	18.195424654880277	0.0	359903	3045.9921655037165	0.75
18740.857298205097	750	18.79111280730682	0.0	379700	3404.3118475734555	0.75
18746.366739902456	750	17.281671109946284	0.0	425781	5509.441697360535	0.75
18752.332137790145	750	15.316273222259719	0.0	277716	5965.397887686566	0.75
18764.55592727299	750	7.0924837394132245	0.0	400396	12223.789482846494	0.75
18769.0425165993	300	6.605894413103672	0.0	149029	4486.589326309552	-0.15000000000000002
18773.271624102486	300	6.376786909916857	0.0	157421	4229.107503186816	0.3
18776.450481824253	300	7.19792918815151	0.0	157488	3178.8577217653465	0.3
18778.73310840857	300	8.915302603832144	0.0	143881	2282.6265843193664	0.3
18781.2134261234	300	10.434984889004907	0.0	163444	2480.3177148272375	0.3
18783.871829546224	300	11.77658146618017	0.0	179328	2658.4034228247374	0.3
18786.41892295331	300	13.229488059093505	0.0	159914	2547.093407086666	0.3
18789.456578806283	300	14.19183220612425	0.0	131610	3037.655852969254	0.3
18791.611456194212	300	16.036954818196378	0.0	124011	2154.877387927873	0.3
18797.073618782262	750	14.574792230142174	0.0	378327	5462.162588054203	0.3
18804.252132295023	750	11.396278717381643	0.0	390680	7178.513512760533	0.75
18809.73527551208	750	9.913135500322893	0.0	345516	5483.143217058751	0.75
18811.49644674693	300	12.151964265471994	0.0	161857	1761.171234850898	-0.15000000000000002
18812.807872722617	300	14.840538289784336	0.0	145210	1311.4259756876584	0.3
18816.726635348863	750	14.921775663537943	0.0	438281	3918.7626262463928	0.3
18820.811993918644	750	14.836417093760312	0.0	398987	4085.3585697776307	0.75
18824.139825214064	750	15.508585798336698	0.0	393804	3327.831295423614	0.75
18829.888713329667	750	13.759697682736196	0.0	331053	5748.888115600503	0.75
18833.445892568696	750	14.202518443706909	0.0	314107	3557.1792390292867	0.75

