1730.1981664019659	750	4.0	3.5333118074124745	450283	3533.3118074124745	-14.44324077187364
1731.693075239681	300	6.5050911622846534	0.0	155580	1494.9088377153469	-0.15000000000000002
1733.2689029414923	300	8.929263460473335	0.0	139857	1575.827701811319	0.3
1735.2937077685265	300	10.904458633439283	0.0	155432	2024.804827034051	0.3
1736.7973108386336	300	13.400855563331891	0.0	163442	1503.6030701073907	0.3
1739.721129312653	750	14.477037089312617	0.0	318564	2923.8184740192764	0.3
1742.6647719265663	750	15.53339447539914	0.0	352642	2943.642613913476	0.75
1749.398730338088	750	12.799436063877424	0.0	437162	6733.958411521715	0.75
1753.4481561774928	750	12.750010224472604	0.0	374758	4049.425839404822	0.75
1756.793300144765	750	13.404866257200457	0.0	362795	3345.1439672721476	0.75
1761.4291977191506	750	12.76896868281493	0.0	353220	4635.897574385526	0.75
1768.6295131769944	750	9.568653224971273	0.0	405134	7200.315457843657	0.75
1770.0152541525947	300	12.182912249370988	0.0	160746	1385.7409756002855	-0.15000000000000002
1772.0812036358511	300	14.11696276611436	0.0	179801	2065.949483256627	0.3
1773.3688421941185	300	16.82932420784703	0.0	140051	1287.63855826733	0.3
1776.2086032121051	750	17.98956318986045	0.0	366214	2839.761017986577	0.3
1779.0610474965647	750	19.1371189054008	0.0	360831	2852.4442844596524	0.75
1782.121889402456	750	20.076276999509712	0.0	372963	3060.8419058910877	0.75
1785.614055322236	750	20.584111079729606	0.0	405596	3492.165919780107	0.75
1788.3021876923176	750	21.89597870964796	0.0	350713	2688.132370081647	0.75
1791.5963328347023	750	22.601833567263377	0.0	386472	3294.1451423845833	0.75
1795.204806405816	750	22.9933599961496	0.0	399894	3608.473571113778	0.75
1799.1623247879047	750	23.035841614060804	0.0	401853	3957.5183820887964	0.75
1801.7954828362217	750	24.402683565743803	0.0	343800	2633.1580483169996	0.75
1804.745068427815	750	25.453097974150467	0.0	359903	2949.5855915933353	0.75
1813.0634916283518	1850	21.134674773613746	0.0	905935	8318.423200536721	0.75
1822.5058695013095	1850	15.692296900656219	0.0	1076599	9442.37787295753	1.85
1828.77331044397	1850	13.424855957995579	0.0	758197	6267.44094266064	1.85
1838.1386570989607	1850	8.059509303004974	0.0	972798	9365.346654990604	1.85
1841.357678354378	750	8.840488047587744	0.0	400508	3219.021255417231	-0.3500000000000001
1843.0695373841697	300	11.12862901779622	0.0	157421	1711.8590297915237	-0.15000000000000002
1845.4022879446086	300	12.795878457357206	0.0	157488	2332.7505604390135	0.3
1847.9284121529588	300	14.26975424900703	0.0	143881	2526.124208350177	0.3
1853.0106484229107	750	13.187517979055182	0.0	412837	5082.236269951848	0.3
1856.6524119650505	750	13.545754436915374	0.0	401088	3641.7635421398086	0.75
1861.4301963145697	750	12.767970087396076	0.0	365161	4777.784349519298	0.75
1867.6003435030211	750	10.597822898944694	0.0	321064	6170.147188451382	0.75
1871.2925566786432	750	10.905609723322636	0.0	361565	3692.213175622058	0.75
1874.5582744377757	750	11.63989196419015	0.0	378327	3265.7177591324858	0.75
1877.5597079121467	750	12.638458489819234	0.0	390680	3001.4334743709164	0.75
1880.4927087409314	750	13.70545766103427	0.0	345516	2933.0008287849623	0.75
1883.6781400003147	750	14.520026401651048	0.0	384505	3185.431259383223	0.75
1886.7084364629593	750	15.48972993900652	0.0	372093	3030.2964626445287	0.75
1890.305105479208	750	15.893060922757906	0.0	438281	3596.6690162486143	0.75
1893.5299191097608	750	16.668247292204907	0.0	398987	3224.813630553	0.75
1897.7766293511766	750	16.42153705078904	0.0	393804	4246.7102414158635	0.75
1900.5498480529227	750	17.64831834904305	0.0	331053	2773.218701745991	0.75
1902.8549274301631	750	19.343238971802617	0.0	314107	2305.079377240433	0.75

