23157.084467651126	750	4.0	1.3915974527875299	450283	1391.5974527875298	-5.233869046986379
23158.395794195025	750	6.688673456098364	0.0	398865	1311.3265439016354	0.75
23159.82135753635	750	9.26311011477146	0.0	350812	1425.5633413269038	0.75
23161.29266238814	750	11.791805262985298	0.0	382355	1471.3048517861628	0.75
23162.746393244954	750	14.33807440617169	0.0	411561	1453.7308568136064	0.75
23165.464381659185	1850	15.620085991940204	0.0	801058	2717.9884142314854	0.75
23168.721248006368	1850	16.36321964475403	0.0	905515	3256.8663471861746	1.85
23171.744732039602	1850	17.339735611523597	0.0	1060487	3023.4840332304343	1.85
23174.35209548698	1850	18.732372164144156	0.0	852833	2607.3634473794414	1.85
23177.14723221852	1850	19.93723543260399	0.0	913888	2795.1367315401653	1.85
23180.708957490213	1850	20.375510160910075	0.0	939819	3561.725271693916	1.85
23184.129002009886	1850	20.95546564123509	0.0	917428	3420.0445196749865	1.85
23187.70584854478	1850	21.37861910634238	0.0	946851	3576.84653489271	1.85
23192.96314746259	1850	20.121320188533353	0.0	1036454	5257.2989178090265	1.85
23195.784741332074	1850	21.299726319049757	0.0	821631	2821.593869483598	1.85
23199.4105315077	1850	21.673936143422914	0.0	923170	3625.7901756268434	1.85
23203.760573800126	1850	21.323893851000527	0.0	966699	4350.042292422385	1.85
23206.93933514262	1850	22.145132508504826	0.0	885714	3178.7613424957012	1.85
23210.727823426314	1850	22.35664422481079	0.0	987708	3788.488283694037	1.85
23214.380627751238	1850	22.703839899886745	0.0	923755	3652.8043249240445	1.85
23218.183272245285	1850	22.901195405840962	0.0	891604	3802.6444940457823	1.85
23222.28002821701	1850	22.804439434113103	0.0	955231	4096.7559717278555	1.85
23226.090265125873	1850	22.99420252524749	0.0	968026	3810.236908865613	1.85
23229.708074574482	1850	23.376393076640692	0.0	874175	3617.8094486068	1.85
23233.19225731246	1850	23.892210338661982	0.0	897976	3484.182737978711	1.85
23236.569369722467	1850	24.515097928656537	0.0	905935	3377.1124100054453	1.85
23240.103768257643	1850	24.98069939347939	0.0	1076599	3534.3985351771476	1.85
23242.953860976984	1850	26.130606674142324	0.0	758197	2850.0927193370676	1.85
23246.228556647184	1850	26.8559110039382	0.0	972798	3274.6956702041243	1.85
23249.52053665049	1850	27.563931000633108	0.0	975811	3291.980003305094	1.85
23252.751465310874	1850	28.333002340246765	0.0	873429	3230.9286603863457	1.85
23256.698562548325	1850	28.385905102798578	0.0	954453	3947.097237448186	1.85
23260.016860743606	1850	29.06760690751979	0.0	885062	3318.298195278787	1.85
23263.815728895464	1850	29.268738755660575	0.0	1035329	3798.8681518592125	1.85
23267.192632686372	1850	29.891834964748927	0.0	1026056	3376.9037909116487	1.85
23270.033735560104	1850	31.050732091016187	0.0	943942	2841.1028737327388	1.85
23272.619211405807	1850	32.46525624531364	0.0	728962	2585.475845702546	1.85
23276.783442541175	1850	32.301025109947076	0.0	938587	4164.231135366563	1.85
23280.83603729431	1850	32.24843035681127	0.0	908665	4052.594753135809	1.85
23284.652880672013	1850	32.431586979107685	0.0	930577	3816.8433777035807	1.85
23287.581508320276	1850	33.502959330844305	0.0	858450	2928.627648263376	1.85
23290.822750186115	1850	34.26171746500314	0.0	1025005	3241.2418658411693	1.85
23294.270628469178	1850	34.81383918194311	0.0	886255	3447.878283060028	1.85
23299.12582105116	1850	33.95864659996215	0.0	973972	4855.192581980962	1.85
23306.327745205846	1850	30.7567224452754	0.0	958994	7201.924154686751	1.85
23310.395134630115	1850	30.689333021005474	0.0	982064	4067.3894242699293	1.85
23314.09103415981	1850	30.993433491309464	0.0	830730	3695.899529696009	1.85
23317.49290109084	1850	31.591566560278075	0.0	846370	3401.866931031389	1.85

