24029.75721821138	750	4.0	2.2982937896467757	450283	2298.2937896467756	-9.132663295481136
24030.64625346498	300	7.11096474639953	0.0	155580	889.0352536004698	-0.15000000000000002
24031.4215039234	300	10.3357142879764	0.0	139857	775.2504584231306	0.3
24032.16601832018	300	13.59119989120118	0.0	155432	744.5143967752188	0.3
24033.704109862014	750	16.053108349364805	0.0	411561	1538.0915418363763	0.3
24036.709915971784	1850	17.047302239596682	0.0	801058	3005.8061097681225	0.75
24039.541120579124	1850	18.21609763225707	0.0	905515	2831.2046073396104	1.85
24042.8171671456	1850	18.94005106578147	0.0	1060487	3276.0465664756007	1.85
24045.676320430175	1850	20.080897781207053	0.0	852833	2859.153284574419	1.85
24049.26239758987	1850	20.494820621510605	0.0	913888	3586.0771596964496	1.85
24053.813074891692	1850	19.94414331968991	0.0	939819	4550.677301820695	1.85
24057.34842868566	1850	20.408789525722305	0.0	917428	3535.3537939676025	1.85
24060.239950642368	1850	21.517267569009356	0.0	946851	2891.5219567129507	1.85
24063.3158756309	1850	22.44134258047948	0.0	1036454	3075.9249885298786	1.85
24066.002880132804	1850	23.754338078574424	0.0	821631	2687.004501905054	1.85
24069.20976376452	1850	24.547454446862382	0.0	923170	3206.8836317120395	1.85
24072.423279169285	1850	25.333939042099605	0.0	966699	3213.515404762777	1.85
24075.20725111648	1850	26.549967094903604	0.0	885714	2783.9719471960016	1.85
24079.283922498606	1850	26.473295712776498	0.0	987708	4076.6713821271087	1.85
24083.07828788061	1850	26.67893033077061	0.0	923755	3794.365382005889	1.85
24086.009856892942	1850	27.747361318437825	0.0	891604	2931.5690123327813	1.85
24089.27841350966	1850	28.478804701720335	0.0	955231	3268.5566167174916	1.85
24092.622521215304	1850	29.13469699607389	0.0	968026	3344.107705646442	1.85
24095.436171212677	1850	30.321046998701323	0.0	874175	2813.649997372569	1.85
24098.666056148017	1850	31.091162063363846	0.0	897976	3229.884935337481	1.85
24101.586182585477	1850	32.17103562589915	0.0	905935	2920.1264374646935	1.85
24105.919609072753	1850	31.83760913862425	0.0	1076599	4333.426487274904	1.85
24108.841414112132	1850	32.91580409924408	0.0	758197	2921.8050393801714	1.85
24112.027427480032	1850	33.72979073134498	0.0	972798	3186.0133678991047	1.85
24115.155979914995	1850	34.601238296382064	0.0	975811	3128.552434962914	1.85
24119.19373457507	1850	34.563483636305406	0.0	873429	4037.754660076656	1.85
24123.427588539405	1850	34.329629671968405	0.0	954453	4233.8539643369995	1.85
24127.329390786916	1850	34.42782742446026	0.0	885062	3901.8022475081452	1.85
24132.969793348133	1850	32.78742486324237	0.0	1035329	5640.402561217888	1.85
24138.87535461146	1850	30.881863599917104	0.0	1026056	5905.5612633252695	1.85
24148.66049026016	1850	25.096727951216387	0.0	943942	9785.135648700716	1.85
24156.79395992087	1850	20.963258290509035	0.0	728962	8133.469660707354	1.85
24168.535168015478	1850	13.222050195899328	0.0	938587	11741.208094609707	1.85
24183.211563740504	1850	4.0	1.4543455291290648	908665	14676.395725028393	-4.403685775254978
24184.66534156638	300	6.54622217412172	0.0	149991	1453.7778258782798	-1.25
24188.125075216783	750	7.086488523717311	0.0	345516	3459.733650404409	0.3
24189.597681601128	300	9.613882139373445	0.0	161857	1472.6063843438665	-0.15000000000000002
24190.74601765198	300	12.465546088518703	0.0	145210	1148.3360508547412	0.3
24191.864667797912	300	15.34689594259086	0.0	172312	1118.650145927845	0.3
24194.27914517659	750	16.932418563910513	0.0	398987	2414.477378680348	0.3
24196.974748498706	750	18.23681524179912	0.0	393804	2695.603322111392	0.75
24199.036287671563	750	20.17527606894035	0.0	331053	2061.5391728587747	0.75
24203.879648199007	1850	19.33191554149631	0.0	846370	4843.360527444036	0.75

