16964.71239593901	750	4.0	3.9127276647253035	450283	3912.7276647253034	-16.074728958318804
16966.143988959117	300	6.568406979893699	0.0	155580	1431.593020106301	-0.15000000000000002
16967.310489712414	300	9.401906226594866	0.0	139857	1166.500753298834	0.3
16968.458935040173	300	12.253460898835879	0.0	155432	1148.4453277589848	0.3
16970.98353320444	750	13.728862734566606	0.0	411561	2524.5981642692727	0.3
16972.98820605308	750	15.72418988592967	0.0	318564	2004.6728486369348	0.75
16975.71183892817	750	17.000557010837984	0.0	352642	2723.632875091688	0.75
16979.944597331047	750	16.76779860796066	0.0	437162	4232.7584028773235	0.75
16983.883184436967	750	16.82921150204072	0.0	374758	3938.587105919937	0.75
16988.36767108914	750	16.344724849865262	0.0	362795	4484.486652175459	0.75
16990.615165156447	750	18.097230782560445	0.0	353220	2247.4940673048186	0.75
16992.93952969513	750	19.772866243874372	0.0	405134	2324.364538686072	0.75
16998.5143223765	1850	18.1980735625049	0.0	946851	5574.792681369473	0.75
17004.394343223263	1850	16.318052715743573	0.0	1036454	5880.020846761326	1.85
17010.040958508776	1850	14.67143743023081	0.0	821631	5646.615285512762	1.85
17021.070689189124	1850	7.641706749880104	0.0	923170	11029.730680350705	1.85
17023.859390509275	750	8.853005429732416	0.0	360831	2788.7013201476884	-0.3500000000000001
17025.390122997207	300	11.322272941799467	0.0	150616	1530.7324879329499	-0.15000000000000002
17029.02234084351	300	11.690055095494376	0.0	165384	3632.2178463050923	0.3
17030.974938444135	300	13.737457494870325	0.0	140881	1952.5976006240508	0.3
17032.241040398592	300	16.47135554041061	0.0	157671	1266.1019544597148	0.3
17035.602653231414	750	17.109742707593703	0.0	399894	3361.6128328169025	0.3
17039.259014348434	750	17.45338159057447	0.0	401853	3656.3611170192357	0.75
17042.196685755578	750	18.515710183430347	0.0	343800	2937.6714071441247	0.75
17045.41061818658	750	19.301777752428332	0.0	359903	3213.9324310020124	0.75
17048.881842101935	750	19.830553837071246	0.0	379700	3471.2239153570877	0.75
17054.95552269454	750	17.756873244464142	0.0	425781	6073.680592607105	0.75
17060.74194395983	750	15.970451979175687	0.0	277716	5786.421265288456	0.75
17068.803918235615	750	11.908477703393435	0.0	400396	8061.974275782251	0.75
17077.336303451004	750	7.376092488004027	0.0	400508	8532.385215389408	0.75
17081.19586718144	300	7.516528757572028	0.0	157421	3859.5637304319985	-0.15000000000000002
17086.546383467616	300	6.166012471394844	0.0	157488	5350.516286177184	0.3
17091.577819919636	300	5.134576019374464	0.0	143881	5031.436452020381	0.3
17095.56536848239	300	5.147027456622245	0.0	163444	3987.5485627522185	0.3
17098.35434927995	300	6.358046659059466	0.0	179328	2788.980797562779	0.3
17100.751942340474	300	7.960453598535664	0.0	159914	2397.593060523802	0.3
17102.490480454642	300	10.221915484366505	0.0	131610	1738.5381141691578	0.3
17103.734062505155	300	12.978333433853297	0.0	124011	1243.5820505132085	0.3
17105.07027926922	300	15.642116669786148	0.0	144254	1336.2167640671491	0.3
17107.955603827737	750	16.75679211127277	0.0	390680	2885.3245585133764	0.3
17111.6724475304	750	17.039948408611092	0.0	345516	3716.843702661678	0.75
17117.003554928557	750	15.70884101045318	0.0	384505	5331.107398157913	0.75
17126.944779367688	750	9.767616571319216	0.0	372093	9941.224439133963	0.75
17131.008395708814	300	9.704000230195819	0.0	172312	4063.616341123398	-0.15000000000000002
17137.053404051803	300	7.658991887207262	0.0	167025	6045.008342988557	0.3
17141.984918068538	300	6.727477870469995	0.0	160064	4931.514016737267	0.3
17145.786775269597	300	6.925620669410253	0.0	137507	3801.8572010597413	0.3
17149.13111831626	300	7.581277622743719	0.0	118421	3344.3430466665345	0.3

