9083.642502060038	750	4.0	5.057839080863765	450283	5057.839080863765	-20.99870804771419
9085.073239575093	300	6.569262484946178	0.0	155580	1430.7375150538228	-0.15000000000000002
9086.471827810932	300	9.170674249107659	0.0	139857	1398.5882358385181	0.3
9087.916805823592	300	11.72569623644636	0.0	155432	1444.9780126612982	0.3
9091.729235511271	750	11.913266548767632	0.0	411561	3812.429687678727	0.3
9094.684938166907	750	12.95756389313118	0.0	318564	2955.702655636452	0.75
9097.693557812085	750	13.948944247952115	0.0	352642	3008.619645179065	0.75
9101.649270260352	750	13.993231799684596	0.0	437162	3955.71244826752	0.75
9104.690693551292	750	14.951808508744692	0.0	374758	3041.4232909399034	0.75
9108.14457312684	750	15.497928933198654	0.0	362795	3453.8795755460387	0.75
9112.534942487595	750	15.107559572443133	0.0	353220	4390.369360755521	0.75
9116.927112716301	750	14.71538934373766	0.0	405134	4392.170228705471	0.75
9120.198408433376	750	15.44409362666236	0.0	386351	3271.295717075302	0.75
9124.399823093629	750	15.242678966410214	0.0	434409	4201.414660252144	0.75
9127.568896842404	750	16.073605217634913	0.0	337059	3169.0737487753013	0.75
9131.326610295433	750	16.31589176460406	0.0	366214	3757.7134530308526	0.75
9136.225654615022	750	15.416847445015462	0.0	360831	4899.044319588601	0.75
9141.29113560569	750	14.351366454345827	0.0	372963	5065.480990669634	0.75
9146.795921623798	750	12.846580436238831	0.0	405596	5504.7860181069955	0.75
9150.917476257031	750	12.725025803005789	0.0	350713	4121.554633233044	0.75
9153.868205367571	750	13.774296692466084	0.0	386472	2950.729110539703	0.75
9157.1951716587	750	14.447330401339222	0.0	399894	3326.966291126862	0.75
9161.755051933495	750	13.887450126542564	0.0	401853	4559.880274796658	0.75
9164.979753064585	750	14.6627489954532	0.0	343800	3224.701131089365	0.75
9168.005677907182	750	15.636824152855175	0.0	359903	3025.9248425980236	0.75
9172.772003348919	750	14.870498711119362	0.0	379700	4766.325441735814	0.75
9176.00944405894	750	15.633058001097663	0.0	425781	3237.440710021699	0.75
9178.491187795982	750	17.151314264056087	0.0	277716	2481.7437370415746	0.75
9181.446867424622	750	18.195634635415356	0.0	400396	2955.679628640731	0.75
9184.227735720533	750	19.414766339502894	0.0	400508	2780.8682959124644	0.75
9187.767997487224	750	19.874504572811542	0.0	358218	3540.2617666913493	0.75
9194.627935071214	750	17.014566988823148	0.0	400322	6859.937583988394	0.75
9200.849874028314	750	14.79262803172251	0.0	369834	6221.938957100639	0.75
9205.243372249632	750	14.399129810405544	0.0	412837	4393.498221316966	0.75
9210.585607098179	750	13.056894961857317	0.0	401088	5342.234848548227	0.75
9215.185935940583	750	12.456566119454779	0.0	365161	4600.328842402537	0.75
9219.799940101459	750	11.842561958579727	0.0	321064	4614.004160875053	0.75
9224.015093340886	750	11.627408719150074	0.0	361565	4215.153239429654	0.75
9227.725745840638	750	11.91675621939703	0.0	378327	3710.6524997530423	0.75
9233.643641458695	750	9.998860601339485	0.0	390680	5917.895618057544	0.75
9239.05971858925	750	8.582783470785325	0.0	345516	5416.077130554159	0.75
9241.65284010572	300	9.989661954315816	0.0	161857	2593.1215164695095	-0.15000000000000002
9243.862949535149	300	11.779552524887833	0.0	145210	2210.109429427982	0.3
9246.903263321858	300	12.739238738177585	0.0	172312	3040.3137867102478	0.3
9249.467429885974	300	14.175072174062002	0.0	167025	2564.1665641155805	0.3
9251.858533001601	300	15.78396905843514	0.0	160064	2391.103115626861	0.3
9257.374951450123	750	14.267550609914771	0.0	331053	5516.4184485203705	0.3
9262.40560229292	750	13.236899767118564	0.0	314107	5030.650842796207	0.75

