10522.535325593597	750	4.0	6.865112348267744	450283	6865.112348267744	-28.7699830975513
10524.59590151116	300	5.939424082436076	0.0	155580	2060.575917563924	-0.15000000000000002
10526.379455715445	300	8.155869878150016	0.0	139857	1783.5542042860604	0.3
10528.237393410116	300	10.297932183479393	0.0	155432	1857.9376946706218	0.3
10530.094616706476	300	12.440708887119614	0.0	163442	1857.2232963597808	0.3
10531.404716411595	300	15.130609182001447	0.0	126289	1310.099705118168	0.3
10534.831007570729	750	15.704318022866609	0.0	352642	3426.2911591348357	0.3
10539.60607117268	750	14.929254420914987	0.0	437162	4775.063601951622	0.75
10544.244918334723	750	14.29040725887106	0.0	374758	4638.847162043927	0.75
10549.275483720377	750	13.259841873218098	0.0	362795	5030.565385652963	0.75
10554.689378224622	750	11.8459473689727	0.0	353220	5413.894504245398	0.75
10567.45578168072	750	4.0	0.9204560871253415	405134	12766.403456098042	-3.2079611746389687
10573.333298575026	300	4.0	1.8775168943053369	160746	5877.516894305337	-8.22332264551295
10579.532185403323	300	4.0	2.1988868282977028	179801	6198.886828297703	-9.15521336168012
10583.593105289501	300	4.0	0.06091988618005052	140051	4060.9198861800505	0.03804448942578276
10587.563975006795	300	4.029130282708226	0.0	138313	3970.8697172917737	0.3
10592.767237410517	300	4.0	1.1741321210151172	143509	5203.262403723344	-4.748768120365004
10596.22825533089	300	4.538982079626962	0.0	150616	3461.017920373038	0.3
10599.151253036767	300	5.61598437374933	0.0	165384	2922.9977058776312	0.3
10601.722861232376	300	7.044376178141027	0.0	140881	2571.608195608304	0.3
10604.63812765366	300	8.129109756856787	0.0	157671	2915.26642128424	0.3
10608.590297858513	300	8.176939552004725	0.0	157812	3952.1702048520615	0.3
10613.097239215564	300	7.669998194952845	0.0	163927	4506.941357051881	0.3
10616.572057679376	300	8.195179731140346	0.0	137654	3474.8184638124985	0.3
10620.367821709042	300	8.399415701474247	0.0	146754	3795.764029666099	0.3
10624.288166479515	300	8.479070931002356	0.0	153938	3920.344770471892	0.3
10626.073406984433	300	10.693830426083755	0.0	181901	1785.2405049185998	0.3
10626.616652786432	300	14.150584624086068	0.0	111155	543.2458019976875	0.3
10627.92341332106	750	16.843824089458636	0.0	400396	1306.7605346274365	0.3
10630.17240052036	1850	18.5948368901581	0.0	975811	2248.987199300535	0.75
10632.092337861346	1850	20.674899549172135	0.0	873429	1919.9373409859625	1.85
10634.082361321889	1850	22.6848760886285	0.0	954453	1990.023460543639	1.85
10636.039372634179	1850	24.727864776336915	0.0	885062	1957.011312291583	1.85
10638.543660384958	1850	26.223577025559727	0.0	1035329	2504.287750777187	1.85
10640.721062415687	1850	28.046174994828846	0.0	1026056	2177.402030730881	1.85
10645.54523165767	4300	27.22200575284507	0.0	2143948	4824.169241983775	1.8499999999999996
10649.596839871252	4300	27.170397539263583	0.0	1919781	4051.608213581487	4.3
10654.005508596952	4300	26.76172881356218	0.0	2147467	4408.668725701405	4.3
10658.663466633707	4300	26.10377077680793	0.0	2133870	4657.958036754248	4.3
10663.823049723576	4300	24.94418768693872	0.0	2146120	5159.583089869212	4.3
10668.646879478345	4300	24.12035793217142	0.0	2108491	4823.829754767299	4.3
10673.655747228326	4300	23.11149018219039	0.0	2184571	5008.867749981027	4.3
10678.149768667396	4300	22.61746874311969	0.0	2121928	4494.0214390707	4.3
10683.56886541068	4300	21.19837199983626	0.0	2219102	5419.0967432834295	4.3
10689.08578141053	4300	19.681455999985392	0.0	2124950	5516.9159998508685	4.3
10693.865085619755	4300	18.90215179076139	0.0	2246506	4779.304209224001	4.3
10699.676169463693	4300	17.091067946822943	0.0	1961140	5811.083843938448	4.3
10709.61985597028	4300	11.147381440236417	0.0	2155012	9943.686506586526	4.3

