9814.122138455594	750	4.0	2.566216384271528	450283	2566.216384271528	-10.28473045236757
9815.031979759233	300	7.0901586963599605	0.0	155580	909.8413036400393	-0.15000000000000002
9815.721037122239	300	10.401101333355498	0.0	139857	689.0573630044631	0.3
9817.0990910571	750	13.02304739849401	0.0	382355	1378.0539348614893	0.3
9818.53440569962	750	15.587732755974047	0.0	411561	1435.314642519963	0.75
9821.085451308261	1850	17.03668714733174	0.0	801058	2551.0456086423064	0.75
9824.01905920908	1850	18.103079246513662	0.0	905515	2933.6079008180764	1.85
9827.639135508016	1850	18.48300294757888	0.0	1060487	3620.076298934782	1.85
9830.440283076998	1850	19.681855378596076	0.0	852833	2801.1475689828017	1.85
9834.677202909928	1850	19.44493554566665	0.0	913888	4236.919832929427	1.85
9838.641752897196	1850	19.480385558398325	0.0	939819	3964.549987268323	1.85
9842.303908646072	1850	19.818229809522926	0.0	917428	3662.155748875395	1.85
9846.280714744753	1850	19.841423710841475	0.0	946851	3976.8060986814526	1.85
9850.13541676475	1850	19.98672169084399	0.0	1036454	3854.7020199974854	1.85
9853.977288522443	1850	20.1448499331507	0.0	821631	3841.8717576932895	1.85
9859.124487772673	1850	18.99765068292099	0.0	923170	5147.199250229708	1.85
9864.379793442009	1850	17.742345013586025	0.0	966699	5255.3056693349645	1.85
9873.426598550093	1850	12.695539905502152	0.0	885714	9046.805108083874	1.85
9882.040886303961	1850	8.081252151633702	0.0	987708	8614.28775386845	1.85
9886.331857722193	750	7.790280733402046	0.0	350713	4290.971418231656	-0.3500000000000001
9888.21161586591	300	9.91052258968397	0.0	157671	1879.758143718078	-0.15000000000000002
9890.083991726013	300	12.03814672958208	0.0	157812	1872.3758601018894	0.3
9891.217706740877	300	14.904431714718699	0.0	163927	1133.7150148633816	0.3
9893.695865959755	750	16.426272495841193	0.0	343800	2478.1592188775076	0.3
9894.544849822398	300	19.577288633197096	0.0	146754	848.9838626440999	-0.15000000000000002
9897.012565147654	750	21.109573307941215	0.0	379700	2467.715325255877	0.3
9899.228337933564	750	22.893800522029533	0.0	425781	2215.772785911683	0.75
9902.98232954873	1850	23.139808906865152	0.0	758197	3753.99161516438	0.75
9907.66536789617	1850	22.45677055942584	0.0	972798	4683.038347439313	1.85
9912.527365237296	1850	21.59477321829969	0.0	975811	4861.997341126152	1.85
9917.700629722296	1850	20.421508733300062	0.0	873429	5173.264484999627	1.85
9923.649484314838	1850	18.472654140756493	0.0	954453	5948.854592543567	1.85
9933.465632202642	1850	12.656506252953772	0.0	885062	9816.147887802723	1.85
9941.210182248486	1850	8.911956207109972	0.0	1035329	7744.550045843801	1.85
9943.648323175845	750	10.473815279751284	0.0	401088	2438.1409273586883	-0.3500000000000001
9947.05139411224	750	11.07074434335691	0.0	365161	3403.0709363943733	0.75
9947.983881327005	300	14.13825712859198	0.0	131610	932.4872147649306	-0.15000000000000002
9950.51656401937	750	15.605574436225988	0.0	361565	2532.6826923659896	0.3
9953.69746635891	750	16.424672096687885	0.0	378327	3180.9023395381023	0.75
9956.766050570966	750	17.356087884630114	0.0	390680	3068.584212057771	0.75
9959.599803629979	750	18.52233482561735	0.0	345516	2833.7530590127667	0.75
9963.407021841951	750	18.71511661364594	0.0	384505	3807.218211971409	0.75
9967.134485201184	750	18.987653254413047	0.0	372093	3727.4633592328933	0.75
9972.335586784217	750	17.786551671380586	0.0	438281	5201.101583032461	0.75
9975.030727368277	750	19.09141108731896	0.0	398987	2695.1405840616235	0.75
9977.870420971994	750	20.25171748360018	0.0	393804	2839.6936037187775	0.75
9986.849136061961	1850	15.27300239363475	0.0	830730	8978.715089965433	0.75
9995.64338694618	1850	10.478751509416089	0.0	846370	8794.250884218662	1.85

