9024.302486187562	750	4.0	2.100206826790785	450283	2100.2068267907853	-8.280889355200376
9025.36517193575	300	6.937314251812226	0.0	155580	1062.6857481877737	-0.15000000000000002
9026.285672925516	300	10.016813262044606	0.0	139857	920.5009897676201	0.3
9029.70080430203	1200	10.601681885530096	0.0	617681	3415.1313765145082	0.29999999999999993
9032.498290180438	1200	11.804196007124245	0.0	652874	2797.485878405852	1.2
9035.855223282837	1850	12.447262904724857	0.0	801058	3356.9331023993877	1.2000000000000002
9040.265405420094	1850	12.037080767467183	0.0	905515	4410.182137257674	1.85
9045.255209702877	1850	11.047276484684652	0.0	1060487	4989.804282782532	1.85
9048.473837999041	1850	11.828648188519303	0.0	852833	3218.6282961653496	1.85
9051.67731721572	1850	12.625168971840434	0.0	913888	3203.4792166788684	1.85
9054.800900328199	1850	13.50158585936142	0.0	939819	3123.5831124790147	1.85
9061.357229321564	2850	10.945256865996438	0.0	1519951	6556.328993364982	1.85
9064.064060635646	1200	12.238425551913629	0.0	624282	2706.831314082808	-0.44999999999999996
9068.57970644561	1850	11.722779741952937	0.0	1036454	4515.645809960691	1.2000000000000002
9072.35321961693	1850	11.949266570630774	0.0	821631	3773.513171322163	1.85
9075.471108223286	1850	12.831377964276491	0.0	923170	3117.888606354283	1.85
9080.079143617784	1850	12.223342569777909	0.0	966699	4608.035394498582	1.85
9085.01502698705	1850	11.287459200512684	0.0	885714	4935.883369265227	1.85
9088.668953529866	1850	11.633532657696396	0.0	987708	3653.926542816287	1.85
9091.800044163385	1850	12.502442024176942	0.0	923755	3131.0906335194536	1.85
9095.480142967224	1850	12.822343220337935	0.0	891604	3680.098803839008	1.85
9099.69038539765	1850	12.612100789914201	0.0	955231	4210.242430423731	1.85
9103.94915627954	1850	12.35332990802222	0.0	968026	4258.770881891982	1.85
9112.220195813377	1850	8.082290374185614	0.0	874175	8271.039533836605	1.85
9117.671256741118	750	6.63122944644409	0.0	359903	5451.060927741525	-0.3500000000000001
9120.158592496546	300	8.143893691016494	0.0	153938	2487.3357554275967	-0.15000000000000002
9124.726173419074	750	7.576312768488036	0.0	425781	4567.580922528458	0.3
9126.749421497412	750	9.553064690151142	0.0	277716	2023.2480783368935	0.75
9130.183260591526	1200	10.119225596036907	0.0	622896	3433.839094114236	0.75
9134.404371485718	1200	9.898114701844014	0.0	641447	4221.110894192894	1.2
9137.634841587273	1200	10.667644600288588	0.0	570392	3230.4701015554256	1.2
9140.15047892715	1200	12.152007260413804	0.0	620283	2515.637339874783	1.2
9144.3607253504	1850	11.941760837161558	0.0	885062	4210.246423252245	1.2000000000000002
9147.760243856856	1850	12.542242330706383	0.0	1035329	3399.5185064551742	1.85
9150.851651479608	1850	13.450834707954217	0.0	1026056	3091.4076227521673	1.85
9155.619059556471	2850	12.683426631091159	0.0	1439896	4767.408076863057	1.85
9158.333820016533	1850	13.968666171029906	0.0	728962	2714.760460061254	0.8500000000000001
9163.72439695127	2850	12.578089236294534	0.0	1499009	5390.57693473537	1.85
9167.724386491276	1850	12.578099696288291	0.0	908665	3999.9895400062437	0.8500000000000001
9172.04709460304	1850	12.25539158452533	0.0	930577	4322.7081117629605	1.85
9175.628677195595	1850	12.673808991968746	0.0	858450	3581.5825925565846	1.85
9179.717273749786	1850	12.585212437778598	0.0	1025005	4088.596554190148	1.85
9183.932480705076	1850	12.370005482487986	0.0	886255	4215.206955290612	1.85
9187.155063850016	1850	13.1474223375502	0.0	973972	3222.5831449377847	1.85
9193.080997771904	2850	11.221488415661016	0.0	1464921	5925.9339218891855	1.85
9197.233208561123	1850	11.069277626442938	0.0	982064	4152.2107892180775	0.8500000000000001
9200.40599278279	1850	11.896493404774432	0.0	830730	3172.7842216685053	1.85
9203.646294276927	1850	12.656191910637357	0.0	846370	3240.301494137075	1.85

