8021.011580258952	750	4.0	2.184991174137217	450283	2184.991174137217	-8.645462048790034
8021.691751626873	300	7.319828632077841	0.0	155580	680.1713679221592	-0.15000000000000002
8022.316785877898	300	10.694794381052903	0.0	139857	625.034251024937	0.3
8023.980208863852	750	13.031371395099162	0.0	382355	1663.4229859537418	0.3
8026.05363551278	750	14.957944746170986	0.0	411561	2073.4266489281763	0.75
8040.533305311584	1850	4.478274947366992	0.0	801058	14479.669798803994	0.75
8044.03871547542	300	4.972864783531653	0.0	153295	3505.410163835338	-1.25
8046.667257872918	300	6.344322386033327	0.0	173849	2628.5423974983255	0.3
8048.332797611975	300	8.67878264697588	0.0	150710	1665.5397390574474	0.3
8049.662065774466	300	11.349514484484713	0.0	139105	1329.2681624911663	0.3
8050.973504286485	300	14.038075972466183	0.0	141840	1311.4385120185284	0.3
8056.628696212851	750	12.382884046100383	0.0	405134	5655.191926365803	0.3
8060.753591196157	750	12.257989062793973	0.0	386351	4124.894983306409	0.75
8063.089710751183	750	13.92186950776894	0.0	434409	2336.1195550250322	0.75
8064.8291880024435	750	16.182392256507146	0.0	337059	1739.4772512617953	0.75
8066.587336291777	750	18.424243967174252	0.0	366214	1758.1482893328898	0.75
8068.519210856492	750	20.492369402459726	0.0	360831	1931.87456471453	0.75
8073.648645605014	1850	19.362934653936566	0.0	885714	5129.434748523159	0.75
8083.168864910411	1850	13.842715348540123	0.0	987708	9520.219305396442	1.85
8086.9499557447325	750	14.061624514218744	0.0	350713	3781.0908343213796	-0.3500000000000001
8090.067020820963	750	14.94455943798767	0.0	386472	3117.0650762310743	0.75
8092.058305646426	750	16.95327461252476	0.0	399894	1991.2848254629141	0.75
8093.696912162986	750	19.314668095964336	0.0	401853	1638.606516560423	0.75
8095.189122474577	750	21.82245778437324	0.0	343800	1492.2103115910988	0.75
8099.710438030855	1850	21.3011422280955	0.0	897976	4521.315556277737	0.75
8104.618872177724	1850	20.39270808122582	0.0	905935	4908.43414686968	1.85
8110.212264391023	1850	18.799315867927216	0.0	1076599	5593.392213298605	1.85
8113.014919832826	1850	19.99666042612397	0.0	758197	2802.6554418032465	1.85
8117.255091744158	1850	19.75648851479352	0.0	972798	4240.171911330448	1.85
8122.179326430227	1850	18.83225382872444	0.0	975811	4924.23468606908	1.85
8126.028447903096	1850	18.98313235585558	0.0	873429	3849.1214728688597	1.85
8129.434813971225	1850	19.576766287727157	0.0	954453	3406.3660681284227	1.85
8132.1702180230695	1850	20.841362235882283	0.0	885062	2735.404051844876	1.85
8135.941230646204	1850	21.070349612748664	0.0	1035329	3771.012623133618	1.85
8140.934807378886	1850	20.076772880065587	0.0	1026056	4993.576732683078	1.85
8143.997128058241	1850	21.014452200709865	0.0	943942	3062.3206793557206	1.85
8146.347664499225	1850	22.663915759726052	0.0	728962	2350.5364409838107	1.85
8149.324758324012	1850	23.68682193493923	0.0	938587	2977.093824786825	1.85
8152.515055572262	1850	24.496524686689224	0.0	908665	3190.297248250004	1.85
8156.184956701948	1850	24.826623557002932	0.0	930577	3669.90112968629	1.85
8160.618066055692	1850	24.393514203259816	0.0	858450	4433.109353743115	1.85
8164.489363123499	1850	24.522217135452607	0.0	1025005	3871.29706780721	1.85
8167.920088562649	1850	25.09149169630306	0.0	886255	3430.7254391495485	1.85
8171.067940590318	1850	25.94363966863364	0.0	973972	3147.8520276694185	1.85
8174.32999613203	1850	26.681584126921372	0.0	958994	3262.0555417122696	1.85
8178.092217168859	1850	26.919363090092766	0.0	982064	3762.2210368286032	1.85
8184.908484248795	1850	24.103096010157593	0.0	830730	6816.2670799351745	1.85
8188.797070620713	1850	24.21450963823882	0.0	846370	3888.586371918773	1.85

