5100.398098686291	750	4.0	3.5013497766476167	450283	3501.3497766476166	-14.305804039584752
5101.366356976593	300	7.031741709697546	0.0	155580	968.258290302454	-0.15000000000000002
5102.928710061426	750	9.469388624865182	0.0	350812	1562.3530848323649	0.3
5104.627468048284	750	11.770630638007107	0.0	382355	1698.757986858073	0.75
5107.3253361897205	1200	13.072762496570446	0.0	652874	2697.868141436663	0.75
5109.449360305165	1200	14.948738381126393	0.0	520315	2124.024115444051	1.2
5113.195409613866	1850	15.202689072425295	0.0	905515	3746.0493087010987	1.2000000000000002
5120.035471212615	1850	12.362627473676243	0.0	1060487	6840.061598749054	1.85
5125.693349379923	1850	10.704749306368015	0.0	852833	5657.878167308228	1.85
5131.789856766067	1850	8.608241920224897	0.0	913888	6096.507386143119	1.85
5135.2744658835245	1200	9.123632802766942	0.0	607410	3484.609117457954	0.5499999999999999
5138.6837834622265	1200	9.714315224064716	0.0	594078	3409.317578702226	1.2
5145.190259210589	1200	7.20783947570142	0.0	624282	6506.475748363296	1.2
5149.595631207879	750	6.802467478412077	0.0	434409	4405.371997289343	0.3
5153.362118693569	750	7.035979992721759	0.0	337059	3766.4874856903184	0.75
5157.525070318455	750	6.873028367835301	0.0	366214	4162.951624886458	0.75
5162.445595454285	750	5.9525032320056885	0.0	360831	4920.525135829612	0.75
5163.976218934568	300	8.421879751722145	0.0	150616	1530.6234802835445	-0.15000000000000002
5165.275904213313	300	11.122194472977396	0.0	165384	1299.6852787447476	0.3
5166.2549407055585	300	14.143157980731841	0.0	140881	979.0364922455547	0.3
5168.480691966451	750	15.917406719839544	0.0	386472	2225.751260892297	0.3
5170.50887004979	750	17.889228636500878	0.0	399894	2028.1780833386654	0.75
5174.141648495331	1200	18.256450190959757	0.0	656471	3632.778445541121	0.75
5176.417741401405	1200	19.98035728488486	0.0	536667	2276.0929060748967	1.2
5179.3334272215225	1200	21.06467146476696	0.0	587236	2915.685820117897	1.2
5189.144581652601	1850	15.253517033688215	0.0	905935	9811.154431078747	1.2000000000000002
5195.368261540442	1850	13.029837145847122	0.0	1076599	6223.679887841094	1.85
5197.846608569709	1200	14.551490116579977	0.0	487160	2478.3470292671445	0.5499999999999999
5201.6097015261585	1200	14.788397160131375	0.0	622896	3763.0929564486023	1.2
5205.166790951847	1200	15.231307734442693	0.0	641447	3557.0894256886827	1.2
5207.186829493918	1200	17.211269192372246	0.0	570392	2020.0385420704458	1.2
5209.438220215544	1200	18.959878470745434	0.0	620283	2251.390721626814	1.2
5212.659149298875	1850	19.73894938741524	0.0	885062	3220.9290833301925	1.2000000000000002
5217.39261373951	1850	19.00548494678018	0.0	1035329	4733.464440635061	1.85
5221.585966679216	1850	18.81213200707492	0.0	1026056	4193.352939705263	1.85
5225.484080631791	1850	18.914018054499433	0.0	943942	3898.113952575484	1.85
5228.230674361446	1850	20.167424324844475	0.0	728962	2746.5937296549546	1.85
5233.465992125658	2850	18.932106560631837	0.0	1499009	5235.317764212638	1.85
5238.718535962019	2850	17.679562724270603	0.0	1427478	5252.543836361234	2.85
5243.175647970159	2850	17.222450716130727	0.0	1402287	4457.112008139876	2.85
5247.900528352741	2850	16.497570333547756	0.0	1339500	4724.880382582972	2.85
5253.593711459867	2850	14.804387226421259	0.0	1527299	5693.183107126496	2.85
5258.220233886032	2850	14.177864800257709	0.0	1343002	4626.52242616355	2.85
5262.96595251396	2850	13.43214617233009	0.0	1587250	4745.718627927618	2.85
5267.627358884943	2850	12.770739801346908	0.0	1464921	4661.406370983181	2.85
5272.553633376136	2850	11.844465310154009	0.0	1483527	4926.2744911929	2.85
5279.214173567448	4300	9.183925118841227	0.0	1961140	6660.540191312781	2.8499999999999996
5288.087370707404	4300	4.310727978884884	0.0	2155012	8873.197139956343	4.3

