11078.947745537413	750	4.0	6.865112348267744	450283	6865.112348267744	-28.7699830975513
11081.008321454978	300	5.939424082436076	0.0	155580	2060.575917563924	-0.15000000000000002
11082.791875659263	300	8.155869878150016	0.0	139857	1783.5542042860604	0.3
11087.052030965531	750	7.89571457188161	0.0	382355	4260.155306268405	0.3
11091.045742975213	750	7.9020025622008045	0.0	411561	3993.7120096808057	0.75
11094.398873119404	750	8.548872418008212	0.0	318564	3353.1301441925925	0.75
11098.520787494825	750	8.426958042587506	0.0	352642	4121.914375420704	0.75
11104.585087353598	750	6.362658183813514	0.0	437162	6064.299858773992	0.75
11106.688573998077	300	8.259171539335165	0.0	150710	2103.4866444783493	-0.15000000000000002
11113.049804221182	750	5.897941316230012	0.0	362795	6361.2302231051535	0.3
11117.103067011647	300	5.8446785257638085	0.0	141840	4053.262790466204	-0.15000000000000002
11123.250510175565	300	4.0	0.3027646381543218	156148	6147.44316391813	-1.0018879440635837
11129.138045395563	300	4.0	1.887535219997506	160746	5887.535219997506	-7.816401445989276
11135.394527596429	300	4.0	2.2564822008656367	179801	6256.4822008656365	-9.402873463722237
11139.57295543165	300	4.0	0.17842783522049468	140051	4178.427835220495	-0.4672396914481271
11143.366033110473	300	4.206922321176396	0.0	138313	3793.077678823603	0.3
11148.569295514197	300	4.0	0.9963400825469471	143509	5203.262403723344	-3.9842623549518725
11152.277725840873	300	4.29156967332168	0.0	150616	3708.43032667832	0.3
11155.293641466826	300	5.275654047369577	0.0	165384	3015.9156259521033	0.3
11157.814428526253	300	6.754866987944183	0.0	140881	2520.7870594253936	0.3
11160.745007517151	300	7.824287997044595	0.0	157671	2930.5789908995876	0.3
11170.934544573183	750	4.0	2.3652490589884763	399894	10189.537056033072	-9.870570953650446
11175.0611847554	300	4.0	0.12664018221632978	163927	4126.64018221633	-0.694552783530218
11178.806313992338	300	4.254870763061181	0.0	137654	3745.129236938819	0.3
11181.35155380469	300	5.709630950708723	0.0	146754	2545.239812352457	0.3
11182.585382343059	300	8.475802412339338	0.0	153938	1233.8285383693867	0.3
11184.07537872586	750	10.985806029538676	0.0	425781	1489.996382800663	0.3
11185.238030294058	1200	13.823154461340398	0.0	487160	1162.651568198277	0.75
11188.515234348546	2850	14.545950406852608	0.0	1498470	3277.2040544877914	1.2000000000000002
11191.81865886266	2850	15.242525892738852	0.0	1561263	3303.4245141137535	2.85
11196.52214561662	4300	14.539039138777596	0.0	2113193	4703.486753961258	2.8499999999999996
11200.03266118405	2850	15.028523571347712	0.0	1497683	3510.5155674298844	1.4000000000000001
11204.571227060218	4300	14.489957695181205	0.0	2191074	4538.565876166508	2.8499999999999996
11207.97303826185	2850	15.088146493547189	0.0	1587293	3401.811201634016	1.4000000000000001
11212.708132961265	4300	14.353051794134336	0.0	2307787	4735.094699412854	2.8499999999999996
11216.135580527718	2850	14.925604227680209	0.0	1439896	3427.4475664541255	1.4000000000000001
11218.905508061607	2850	16.155676693790937	0.0	1139291	2769.9275338892703	2.85
11223.951749105521	4300	15.109435649877419	0.0	2147467	5046.241043913518	2.8499999999999996
11228.809447286298	4300	14.251737469098892	0.0	2133870	4857.698180778529	4.3
11231.772689210535	2850	15.28849554486411	0.0	1402287	2963.2419242347805	1.4000000000000001
11236.674263538724	4300	14.386921216674834	0.0	2108491	4901.574328189277	2.8499999999999996
11240.356502616525	2850	14.704682138873649	0.0	1527299	3682.2390778011854	1.4000000000000001
11244.007826383404	2850	15.053358371993196	0.0	1343002	3651.3237668804513	2.85
11248.889011635632	4300	14.17217311976356	0.0	2219102	4881.185252229635	2.8499999999999996
11252.125927413928	2850	14.935257341466569	0.0	1464921	3236.915778296991	1.4000000000000001
11257.656293666074	2850	13.404891089321657	0.0	1483527	5530.366252144912	2.85
11262.896733484775	2850	12.164451270621786	0.0	1231456	5240.439818699869	2.85
11267.718549429594	1850	11.342635325802515	0.0	846370	4821.81594481927	0.8500000000000001

