8464.67299742715	750	4.0	2.184991174137217	450283	2184.991174137217	-8.645462048790034
8465.35316879507	300	7.319828632077841	0.0	155580	680.1713679221592	-0.15000000000000002
8466.839163419729	750	9.83383400742072	0.0	350812	1485.9946246571205	0.3
8469.841028460201	1200	10.831968966948331	0.0	617681	3001.865040472389	0.75
8481.1166415337	1200	4.0	0.4436441065497529	652874	11275.613073498083	-0.7076696581639375
8484.517933931518	300	4.59870760218012	0.0	126289	3401.292397819879	-0.6000000000000001
8487.922970158936	300	5.193671374761598	0.0	153295	3405.0362274185222	0.3
8490.470757342095	300	6.6458841916027165	0.0	173849	2547.787183158881	0.3
8492.109759787183	300	9.006881746514646	0.0	150710	1639.0024450880721	0.3
8498.387211407502	1200	6.72943012619715	0.0	560821	6277.451620317495	0.29999999999999993
8500.691813497237	300	8.424828036462536	0.0	141840	2304.6020897346143	-0.6000000000000001
8504.606734180363	750	8.509907353334839	0.0	405134	3914.920683127697	0.3
8506.671820239779	750	10.444821293918395	0.0	386351	2065.0860594164433	0.75
8510.015637594885	1200	11.101003938813074	0.0	687371	3343.8173551053205	0.75
8514.587761374823	1850	10.528880158873818	0.0	821631	4572.123779939255	1.2000000000000002
8517.957250966832	1200	11.159390566864676	0.0	587876	3369.489592009143	0.5499999999999999
8528.141491279182	1850	4.975150254513319	0.0	966699	10184.240312351358	1.2000000000000002
8529.687342744535	300	7.429298789161049	0.0	150616	1545.851465352271	-1.25
8533.293269439939	750	7.8233720937570945	0.0	405596	3605.9266954039545	0.3
8535.10301240583	750	10.013629127865297	0.0	350713	1809.742965891796	0.75
8537.54236417133	1200	11.574277362365912	0.0	601738	2439.3517654993857	0.75
8542.205865618924	1850	10.910775914772476	0.0	955231	4663.501447593438	1.2000000000000002
8545.818686014596	1200	11.297955519100698	0.0	656471	3612.8203956717766	0.5499999999999999
8550.139600177248	1850	10.977041356448318	0.0	874175	4320.9141626523815	1.2000000000000002
8553.451510319814	1200	11.665131213884056	0.0	587236	3311.9101425642602	0.5499999999999999
8556.876263376393	1850	12.240378157306486	0.0	905935	3424.753056577571	1.2000000000000002
8561.636810799442	1850	11.479830734256172	0.0	1076599	4760.547423050313	1.85
8565.58849028469	1850	11.528151249008271	0.0	758197	3951.679485247901	1.85
8569.798356433175	1850	11.318285100522957	0.0	972798	4209.8661484853155	1.85
8573.218303582144	1850	11.89833795155574	0.0	975811	3419.947148967216	1.85
8575.952023408177	1850	13.164618125520686	0.0	873429	2733.7198260350538	1.85
8582.85018771548	2850	10.26645381821835	0.0	1497683	6898.164307302336	1.85
8584.784209569327	1200	12.332431964371125	0.0	584349	1934.021853847225	-0.44999999999999996
8588.086368017433	1850	13.030273516266364	0.0	1035329	3302.15844810476	1.2000000000000002
8592.826330581216	2850	12.290310952484232	0.0	1492672	4739.962563782134	1.85
8596.142895788129	1850	12.973745745571147	0.0	943942	3316.5652069130847	0.8500000000000001
8598.893023168917	1850	14.223618364782935	0.0	728962	2750.1273807882117	1.85
8606.039469113632	2850	11.077172420069177	0.0	1499009	7146.445944713758	1.85
8609.355706683773	1850	11.760934849927102	0.0	908665	3316.2375701420756	0.8500000000000001
8612.706833599403	1850	12.409807934296943	0.0	930577	3351.126915630158	1.85
8615.45904349381	1850	13.657598039889638	0.0	858450	2752.2098944073045	1.85
8621.03639472823	2850	12.080246805470594	0.0	1527299	5577.351234419047	1.85
8628.00734018309	1850	9.109301350611123	0.0	886255	6970.945454859471	0.8500000000000001
8630.834837309823	1200	10.281804223878547	0.0	634861	2827.497126732575	0.5499999999999999
8633.722730338099	1200	11.393911195602639	0.0	630203	2887.893028275908	1.2
8638.414539032754	1850	10.702102500946687	0.0	982064	4691.8086946559515	1.2000000000000002
8640.865706714756	1200	12.25093481894302	0.0	538612	2451.1676820036682	0.5499999999999999
8651.999593943348	1850	5.117047590351385	0.0	846370	11133.887228591633	1.2000000000000002

