20283.55749777775	750	4.0	2.4304790559882594	450283	2430.4790559882595	-9.701059940749515
20284.62738562018	300	6.930112157568032	0.0	155580	1069.8878424319682	-0.15000000000000002
20285.757524730932	300	9.79997304681631	0.0	139857	1130.1391107517218	0.3
20288.291066624006	750	11.266431153744161	0.0	382355	2533.5418930721507	0.3
20290.83085108489	750	12.726646692858539	0.0	411561	2539.7844608856212	0.75
20292.670442862043	750	14.887054915705793	0.0	318564	1839.5917771527481	0.75
20295.459779340683	750	16.097718437064994	0.0	352642	2789.336478640797	0.75
20299.652251295138	750	15.905246482610695	0.0	437162	4192.471954454301	0.75
20302.35422203313	750	17.20327574462014	0.0	374758	2701.970737990556	0.75
20306.364728814482	750	17.19276896326639	0.0	362795	4010.5067813537485	0.75
20311.89947235312	750	15.65802542462491	0.0	353220	5534.743538641479	0.75
20322.022399713565	750	9.535098064183714	0.0	405134	10122.927360441196	0.75
20325.758695384786	300	9.798802392962983	0.0	160746	3736.295671220731	-0.15000000000000002
20330.16100436963	300	9.396493408117177	0.0	179801	4402.308984845806	0.3
20332.926776565942	300	10.630721211804357	0.0	140051	2765.77219631282	0.3
20334.53714800953	300	13.020349768216246	0.0	138313	1610.3714435881122	0.3
20335.91464221743	300	15.642855560316342	0.0	143509	1377.4942078999024	0.3
20340.624791453563	750	14.93270632418594	0.0	372963	4710.149236130402	0.3
20343.564195762498	750	15.993302015253068	0.0	405596	2939.404308932871	0.75
20348.291767148265	750	15.265730629487216	0.0	350713	4727.571385765852	0.75
20351.778144866275	750	15.779352911475046	0.0	386472	3486.3777180121706	0.75
20353.70180661437	750	17.85569116338089	0.0	399894	1923.6617480941568	0.75
20355.687041911897	750	19.87045586585375	0.0	401853	1985.2352975271365	0.75
20360.259481980545	1850	19.29801579720497	0.0	874175	4572.44006864878	0.75
20364.50992348738	1850	19.047574290370026	0.0	897976	4250.4415068349435	1.85
20368.153673557394	1850	19.4038242203569	0.0	905935	3643.7500700131277	1.85
20372.528838052403	1850	19.028659725347374	0.0	1076599	4375.164495009523	1.85
20375.758102711807	1850	19.799395065944037	0.0	758197	3229.2646594033336	1.85
20380.765425798785	1850	18.792071978965957	0.0	972798	5007.323086978082	1.85
20384.933931258176	1850	18.623566519576265	0.0	975811	4168.505459389688	1.85
20392.940168920315	1850	14.617328857434229	0.0	873429	8006.237662142036	1.85
20401.46760251266	1850	10.089895265087279	0.0	954453	8527.433592346952	1.85
20406.5675832577	750	8.989914520047618	0.0	369834	5099.98074503966	-0.3500000000000001
20411.517274983893	750	8.04022279385447	0.0	412837	4949.6917261931485	0.75
20412.43206956402	300	11.125428213730943	0.0	179328	914.7945801235253	-0.15000000000000002
20414.347552782194	750	13.20994499555721	0.0	365161	1915.4832181737333	0.3
20416.141887279748	750	15.415610498002776	0.0	321064	1794.334497554435	0.75
20418.311810593983	750	17.24568718377006	0.0	361565	2169.9233142327153	0.75
20420.815522282675	750	18.74197549507596	0.0	378327	2503.711688694102	0.75
20423.85712553728	750	19.700372240470365	0.0	390680	3041.6032546055935	0.75
20427.210506345626	750	20.346991432124966	0.0	345516	3353.380808345398	0.75
20428.493902309794	750	23.06359546795698	0.0	384505	1283.395964167985	0.75
20434.90654916284	1850	20.650948614911243	0.0	886255	6412.646853045739	0.75
20442.813622859296	1850	16.743874918456115	0.0	973972	7907.07369645513	1.85
20450.15614563517	1850	13.401352142583542	0.0	958994	7342.52277587257	1.85
20457.373665412113	1850	10.183832365638409	0.0	982064	7217.519776945134	1.85
20459.717676636323	750	11.839821141428823	0.0	331053	2344.011224209585	-0.3500000000000001
20462.262174482796	750	13.295323294956344	0.0	314107	2544.4978464724786	0.75

