23679.399140470912	750	4.0	2.322935537655054	450283	2322.935537655054	-9.238622811916732
23680.47703064029	300	6.922109830622425	0.0	155580	1077.8901693775754	-0.15000000000000002
23681.997979092113	300	9.401161378798434	0.0	139857	1520.9484518239897	0.3
23685.14236453579	750	10.25677593512077	0.0	382355	3144.385443677666	0.3
23688.114303168364	750	11.284837302548672	0.0	411561	2971.938632572096	0.75
23690.16449236388	750	13.234648107032005	0.0	318564	2050.1891955166684	0.75
23692.479359457706	750	14.919781013206956	0.0	352642	2314.8670938250493	0.75
23695.374800322566	750	16.024340148346294	0.0	437162	2895.440864860661	0.75
23698.333030858834	750	17.06610961208035	0.0	374758	2958.2305362659454	0.75
23701.11607016207	750	18.283070308843502	0.0	362795	2783.0393032368447	0.75
23704.128327123173	750	19.270813347741168	0.0	353220	3012.2569611023373	0.75
23707.393738385545	750	20.00540208536881	0.0	405134	3265.4112623723568	0.75
23709.784111589983	750	21.615028880927657	0.0	386351	2390.373204441154	0.75
23712.724149727066	750	22.67499074384735	0.0	434409	2940.0381370803093	0.75
23715.060684026703	750	24.33845644420747	0.0	337059	2336.5342996398776	0.75
23717.460435067376	750	25.938705403532136	0.0	366214	2399.7510406753318	0.75
23726.60130747474	1850	20.797832996171167	0.0	966699	9140.87240736097	0.75
23734.64167424378	1850	16.75746622713193	0.0	885714	8040.366769039239	1.85
23738.54105135829	1850	16.858089112621645	0.0	987708	3899.377114510282	1.85
23746.905957749124	1850	12.493182721787386	0.0	923755	8364.906390834258	1.85
23749.896076897894	750	13.503063573020555	0.0	386472	2990.1191487668325	-0.3500000000000001
23751.850511616372	750	15.548628854541624	0.0	399894	1954.4347184789287	0.75
23756.00925861613	1850	15.389881854781553	0.0	968026	4158.74699976007	0.75
23759.554009822157	1850	15.845130648757667	0.0	874175	3544.7512060238864	1.85
23763.506211662945	1850	15.892928807968644	0.0	897976	3952.2018407890228	1.85
23767.377168210445	1850	16.021972260465915	0.0	905935	3870.956547502728	1.85
23771.738229357772	1850	15.660911113142229	0.0	1076599	4361.061147323688	1.85
23774.97668612977	1850	16.422454341147706	0.0	758197	3238.4567719945235	1.85
23778.837389358345	1850	16.56175111257001	0.0	972798	3860.7032285776945	1.85
23782.84131245705	1850	16.557828013863126	0.0	975811	4003.9230987068836	1.85
23786.372098400003	1850	17.02704207091089	0.0	873429	3530.785942952237	1.85
23790.194178824255	1850	17.204961646662728	0.0	954453	3822.080424248162	1.85
23793.95824280387	1850	17.440897667044883	0.0	885062	3764.063979617842	1.85
23798.616629150903	1850	16.78251132001065	0.0	1035329	4658.386347034235	1.85
23804.129172081142	1850	15.269968389772284	0.0	1026056	5512.542930238365	1.85
23812.20014359847	1850	11.198996872442898	0.0	943942	8070.971517329386	1.85
23813.980625084234	750	13.41851538668076	0.0	321064	1780.4814857621377	-0.3500000000000001
23815.921450072143	750	15.477690398769715	0.0	361565	1940.8249879110442	0.75
23817.777859344456	750	17.621281126457987	0.0	378327	1856.409272311729	0.75
23819.757230370702	750	19.64191010021434	0.0	390680	1979.3710262436477	0.75
23824.388941497316	1850	19.010198973601483	0.0	858450	4631.711126612857	0.75
23829.566122558743	1850	17.83301791217357	0.0	1025005	5177.181061427913	1.85
23834.71767388031	1850	16.68146659060803	0.0	886255	5151.551321565541	1.85
23840.190249259882	1850	15.208891211036065	0.0	973972	5472.575379571965	1.85
23846.543568710113	1850	12.855571760805365	0.0	958994	6353.3194502307	1.85
23851.14446052409	1850	12.254679946828174	0.0	982064	4600.8918139771895	1.85
23854.662226652545	1850	12.736913818373475	0.0	830730	3517.7661284547	1.85
23858.27898161989	1850	13.120158851028338	0.0	846370	3616.754967345138	1.85

