20089.117778494547	750	4.0	4.8551176236478435	450283	4855.117623647843	-20.127005781685725
20090.61499059556	300	6.502787898988277	0.0	155580	1497.2121010117223	-0.15000000000000002
20091.902295580403	300	9.215482914147731	0.0	139857	1287.3049848405465	0.3
20093.12162123922	300	11.996157255325587	0.0	155432	1219.3256588221457	0.3
20095.848961555123	750	13.268816939424614	0.0	411561	2727.3403159009717	0.3
20097.734015325015	750	15.383763169534628	0.0	318564	1885.053769889986	0.75
20099.966172646782	750	17.151605847763307	0.0	352642	2232.1573217713235	0.75
20102.716820072295	750	18.400958422250405	0.0	437162	2750.6474255128987	0.75
20105.59496492339	750	19.522813571153886	0.0	374758	2878.1448510965206	0.75
20108.451964213826	1200	20.665814280720568	0.0	560821	2856.9992904333144	0.75
20111.604496929387	1200	21.513281565157314	0.0	607410	3152.532715563256	1.2
20118.742888195993	1850	18.374890298554202	0.0	917428	7138.391266603114	1.2000000000000002
20125.373163769003	1850	15.74461472554247	0.0	946851	6630.27557301173	1.85
20134.3498764919	1850	10.767902002648643	0.0	1036454	8976.712722893828	1.85
20138.1579320552	1200	10.959846439342902	0.0	526950	3808.055563305741	0.5499999999999999
20141.684095261928	1200	11.433683232616227	0.0	587876	3526.1632067266746	1.2
20146.45476446361	1200	10.663014030932128	0.0	617242	4770.669201684099	1.2
20150.342907490514	1200	10.774871004027897	0.0	581493	3888.143026904231	1.2
20154.540945189983	1200	10.576833304559553	0.0	639204	4198.037699468344	1.2
20159.97779069232	1200	9.139987802222258	0.0	586839	5436.845502337294	1.2
20167.519310477386	1200	5.598468017153541	0.0	601738	7541.519785068717	1.2
20168.42895165766	300	8.688826836878539	0.0	157812	909.641180275002	-0.6000000000000001
20169.425014746026	300	11.692763748515343	0.0	163927	996.0630883631957	0.3
20171.440625841533	750	13.677152653009244	0.0	343800	2015.6110955060974	0.3
20173.60249683744	750	15.51528165710111	0.0	359903	2161.8709959081357	0.75
20175.789750616954	750	17.328027877587655	0.0	379700	2187.2537795134563	0.75
20179.813585396994	1200	17.304193097547422	0.0	696376	4023.834780040234	0.75
20182.62235596118	1200	18.495422533364092	0.0	487160	2808.7705641833286	1.2
20186.52876983386	1200	18.589008660678022	0.0	622896	3906.413872686072	1.2
20191.491132679694	1200	17.626645814845933	0.0	641447	4962.362845832088	1.2
20198.20710624074	1200	14.91067225379832	0.0	570392	6715.973561047614	1.2
20204.9705003825	1200	12.147278112039512	0.0	620283	6763.394141758808	1.2
20210.90785182801	750	10.209926666527878	0.0	369834	5937.351445511634	0.3
20214.027144840362	750	11.090633654178905	0.0	412837	3119.293012348971	0.75
20217.65794616845	750	11.45983232609374	0.0	401088	3630.801328085166	0.75
20220.956390177376	750	12.161388317166383	0.0	365161	3298.4440089273576	0.75
20223.72690230772	750	13.3908761868234	0.0	321064	2770.512130342983	0.75
20226.83232504136	750	14.285453453180393	0.0	361565	3105.4227336430067	0.75
20230.724519478244	750	14.393259016298613	0.0	378327	3892.194436881781	0.75
20238.437035393305	750	10.680743101237342	0.0	390680	7712.515915061272	0.75
20244.62473865435	750	8.493039840191559	0.0	345516	6187.703261045783	0.75
20248.755571967427	300	8.362206527119064	0.0	161857	4130.833313072495	-0.15000000000000002
20251.377881447428	300	9.739897047118523	0.0	145210	2622.30948000054	0.3
20254.70586672924	300	10.4119117653045	0.0	172312	3327.9852818140225	0.3
20259.164543714	300	9.95323478054615	0.0	167025	4458.676984758352	0.3
20263.903950401997	300	9.213828092547475	0.0	160064	4739.406687998674	0.3
20268.756445923955	300	8.361332570587594	0.0	137507	4852.495521959881	0.3
20272.291936507434	300	8.825841987108323	0.0	118421	3535.4905834792717	0.3

