194.93874007962577	750	4.0	5.84241140162946	450283	5842.41140162946	-24.372369027006677
196.67202082535698	300	6.266719254268797	0.0	155580	1733.2807457312028	-0.15000000000000002
197.87330889443712	300	9.065431185188647	0.0	139857	1201.2880690801505	0.3
199.17452286922398	300	11.76421721040178	0.0	155432	1301.2139747868682	0.3
200.51459104611126	300	14.424149033514515	0.0	163442	1340.0681768872635	0.3
202.8800419313097	750	16.058698148316054	0.0	318564	2365.450885198462	0.3
205.2644154505489	750	17.674324629076867	0.0	352642	2384.3735192391878	0.75
209.9436343043169	1200	16.99510577530887	0.0	709534	4679.218853767996	0.75
213.39302098173272	1200	17.54571909789303	0.0	584846	3449.386677415839	1.2
216.97156082538686	1200	17.967179254238893	0.0	560821	3578.5398436541386	1.2
220.67840730633984	1200	18.260332773285942	0.0	607410	3706.8464809529505	1.2
223.86826838811706	1200	19.070471691508722	0.0	594078	3189.8610817772205	1.2
233.73523452244947	1850	13.20350555717632	0.0	946851	9866.966134332404	1.2000000000000002
250.19150176889698	1850	4.0	3.2527616892712286	1036454	16456.267246447547	-12.136875263866283
251.8444644728914	300	6.347037296005609	0.0	140051	1652.962703994392	-1.25
253.32105484910838	300	8.870446919788595	0.0	138313	1476.590376217014	0.3
254.67744670007153	300	11.514055068825458	0.0	143509	1356.3918509631358	0.3
255.99302755546617	300	14.198474213430822	0.0	150616	1315.5808553946365	0.3
257.7228805615872	300	16.468621207309766	0.0	165384	1729.8530061210558	0.3
261.63379197811133	750	16.55770979078566	0.0	350713	3910.9114165241062	0.3
265.37469584071204	750	16.81680592818496	0.0	386472	3740.9038626006995	0.75
268.64499608563733	750	17.546505683259728	0.0	399894	3270.3002449252317	0.75
271.2598929833774	750	18.93160878551958	0.0	401853	2614.8968977401473	0.75
273.4039816507715	750	20.787520118125485	0.0	343800	2144.088667394095	0.75
276.91859806995774	1200	21.272903698939242	0.0	587236	3514.6164191862463	0.75
281.0791296886162	1200	21.112372080280796	0.0	590335	4160.531618658446	1.2
284.57109542131843	1200	21.620406347578587	0.0	696376	3491.9657327022087	1.2
287.31982874176845	1200	22.871673027128598	0.0	487160	2748.733320449993	1.2
295.00063479343356	1850	19.190866975463504	0.0	972798	7680.806051665091	1.2000000000000002
302.2056830908232	1850	15.985818678073876	0.0	975811	7205.04829738963	1.85
309.55778344723205	1850	12.633718321664999	0.0	873429	7352.100356408877	1.85
313.9443131558817	1200	12.247188613015393	0.0	620283	4386.529708649607	0.5499999999999999
317.55487113259	1200	12.636630636307066	0.0	584349	3610.557976708328	1.2
322.62062729207685	1200	11.570874476820224	0.0	670129	5065.756159486842	1.2
326.82719321425657	1200	11.364308554640493	0.0	690253	4206.5659221797305	1.2
331.4649861805974	1200	10.726515588299623	0.0	598727	4637.792966340869	1.2
336.17368006037896	1200	10.017821708518053	0.0	487812	4708.693879781571	1.2
343.1283050846831	1200	7.06319668421389	0.0	575591	6954.625024304163	1.2
345.4125065631865	750	8.77899520571045	0.0	378327	2284.2014785034403	0.3
347.68278050170306	750	10.508721267193879	0.0	390680	2270.2739385165687	0.75
349.8326925176428	750	12.358809251254144	0.0	345516	2149.912015939735	0.75
352.0920713397062	750	14.099430429190761	0.0	384505	2259.3788220633837	0.75
354.21871215718903	750	15.972789611707912	0.0	372093	2126.6408174828503	0.75
357.79076659995127	1200	16.400735168945676	0.0	634861	3572.054442762232	0.75
361.7391242870049	1200	16.452377481891986	0.0	630203	3948.3576870536904	1.2
371.29879876319166	1850	10.892703005705238	0.0	982064	9559.674476186747	1.2000000000000002
385.56042086307536	1850	4.0	3.3689190941784344	830730	14261.622099883672	-12.636352104967267
386.4660456899453	300	7.094375173130074	0.0	118421	905.6248268699254	-1.25

