1253.163125049163	750	4.0	4.127748728925795	450283	4127.748728925795	-16.999319534380916
1255.7870647832754	300	5.376060265887466	0.0	155580	2623.939734112534	-0.15000000000000002
1256.9036582695355	300	8.259466779627365	0.0	139857	1116.593486260102	0.3
1257.9720190005607	300	11.19110604860217	0.0	155432	1068.3607310251944	0.3
1260.3078584217583	750	12.855266627404708	0.0	411561	2335.839421197463	0.3
1262.0673917074441	750	15.09573334171885	0.0	318564	1759.5332856858577	0.75
1264.3005703198603	750	16.86255472930264	0.0	352642	2233.178612416212	0.75
1267.2184535158224	750	17.94467153334061	0.0	437162	2917.8831959620297	0.75
1269.947092717586	750	19.216032331576752	0.0	374758	2728.6392017638595	0.75
1272.955002890544	750	20.20812215861886	0.0	362795	3007.9101729578947	0.75
1276.7240378577649	750	20.43908719139808	0.0	353220	3769.0349672207785	0.75
1283.4183969287208	750	17.744728120442176	0.0	405134	6694.359070955905	0.75
1287.5493255226183	750	17.613799526544746	0.0	386351	4130.928593897427	0.75
1290.774959343012	750	18.388165706151106	0.0	434409	3225.6338203936407	0.75
1293.0603653043781	750	20.102759744785022	0.0	337059	2285.4059613660884	0.75
1295.604766377852	750	21.558358671310945	0.0	366214	2544.4010734740764	0.75
1300.2854671495447	1850	20.877657899618313	0.0	966699	4680.70077169263	0.75
1303.6894466685462	1850	21.473678380616818	0.0	885714	3403.9795190014956	1.85
1307.2314907816362	1850	21.9316342675267	0.0	987708	3542.044113090118	1.85
1310.9900379626124	1850	22.17308708655034	0.0	923755	3758.5471809763626	1.85
1313.8348442650647	1850	23.328280784098197	0.0	891604	2844.806302452139	1.85
1316.6683291659742	1850	24.494795883188658	0.0	955231	2833.4849009095415	1.85
1319.252331749296	1850	25.910793299866803	0.0	968026	2584.0025833218533	1.85
1321.9259495076435	1850	27.237175541519385	0.0	874175	2673.617758347419	1.85
1324.8566508761685	1850	28.306474172994516	0.0	897976	2930.7013685248667	1.85
1328.5287842697344	1850	28.634340779428676	0.0	905935	3672.1333935658404	1.85
1333.8247813981243	1850	27.338343651038763	0.0	1076599	5295.997128389916	1.85
1335.9371316313268	1850	29.225993417836104	0.0	758197	2112.350233202659	1.85
1338.8243181588575	1850	30.338806890305335	0.0	972798	2887.1865275307664	1.85
1341.9800408210046	1850	31.183084228158137	0.0	975811	3155.7226621471996	1.85
1346.1289836512806	1850	31.03414139788206	0.0	873429	4148.942830276074	1.85
1353.1145064984494	1850	28.048618550713154	0.0	954453	6985.522847168905	1.85
1359.123589267451	1850	26.03953578171148	0.0	885062	6009.082769001677	1.85
1364.6287229848	1850	24.534402064362524	0.0	1035329	5505.1337173489555	1.85
1370.323224431113	1850	22.83990061804979	0.0	1026056	5694.501446312734	1.85
1375.3118524535796	1850	21.851272595582955	0.0	943942	4988.628022466834	1.85
1377.774914247115	1850	23.388210802047684	0.0	728962	2463.06179353527	1.85
1381.0032003539177	1850	24.159924695244996	0.0	938587	3228.2861068026878	1.85
1384.6973416365306	1850	24.46578341263198	0.0	908665	3694.141282613018	1.85
1388.3446846050758	1850	24.818440444086924	0.0	930577	3647.3429685450524	1.85
1391.6531569646431	1850	25.509968084519606	0.0	858450	3308.4723595673217	1.85
1397.5606084578308	1850	23.602516591332023	0.0	1025005	5907.451493187584	1.85
1402.359133787688	1850	22.803991261474646	0.0	886255	4798.525329857376	1.85
1406.196444583759	1850	22.966680465403655	0.0	973972	3837.310796070988	1.85
1409.7524921907557	1850	23.41063285840711	0.0	958994	3556.0476069965493	1.85
1415.749048989276	1850	21.41407605988685	0.0	982064	5996.556798520261	1.85
1419.0502311841867	1850	22.112893864976062	0.0	830730	3301.1821949107875	1.85
1422.2524070264187	1850	22.91071802274409	0.0	846370	3202.175842231972	1.85

