4315.016159461161	750	4.0	3.791441730238546	450283	3791.441730238546	-15.553199440025747
4316.403205715734	300	6.6129537454278156	0.0	155580	1387.046254572185	-0.15000000000000002
4317.4204317802105	300	9.595727680951125	0.0	139857	1017.2260644766923	0.3
4321.250506853054	1200	9.765652608108937	0.0	617681	3830.075072842187	0.29999999999999993
4325.607500416492	1200	9.408659044670308	0.0	652874	4356.9935634386275	1.2
4328.06546488813	1200	10.95069457303216	0.0	520315	2457.964471638147	1.2
4329.913555650216	1200	13.102603810946748	0.0	561791	1848.0907620854114	1.2
4337.87601323106	2850	9.140146230103259	0.0	1638769	7962.457580843488	1.2000000000000002
4341.025515300209	1200	9.990644160953819	0.0	584846	3149.50206914944	-0.44999999999999996
4344.10579774079	1200	10.91036172037265	0.0	560821	3080.2824405811693	1.2
4346.8786026840735	1200	12.13755677708975	0.0	607410	2772.8049432828993	1.2
4352.793158100969	1850	10.223001360193898	0.0	917428	5914.555416895853	1.2000000000000002
4357.1671792408515	1200	9.848980220311494	0.0	624282	4374.021139882403	0.5499999999999999
4363.67634281892	1200	7.339816642243192	0.0	687371	6509.163578068302	1.2
4367.678155347404	750	7.338004113758607	0.0	337059	4001.812528484585	0.3
4371.903602280472	750	7.1125571806899694	0.0	366214	4225.446933068637	0.75
4375.175207838554	750	7.840951622608321	0.0	360831	3271.605558081649	0.75
4378.029453378786	750	8.9867060823768	0.0	372963	2854.245540231519	0.75
4381.094790230665	750	9.921369230496689	0.0	405596	3065.336851880113	0.75
4384.450472785895	1200	10.565686675267632	0.0	586839	3355.6825552290547	0.75
4389.219257170215	1200	9.796902290946822	0.0	601738	4768.784384320809	1.2
4393.341578936225	1200	9.67458052493702	0.0	616206	4122.321766009803	1.2
4396.507279814844	1200	10.508879646317467	0.0	656471	3165.700878619553	1.2
4399.958719538563	1200	11.057439922598995	0.0	536667	3451.439723718473	1.2
4406.102249385906	1850	8.913910075255448	0.0	897976	6143.529847343546	1.2000000000000002
4409.3326208242215	750	9.68353863694044	0.0	379700	3230.371438315007	-0.3500000000000001
4416.54070135122	1200	6.475458109941145	0.0	696376	7208.080526999296	0.75
4417.854137329232	300	9.16202213192991	0.0	111155	1313.4359780112338	-0.6000000000000001
4424.256291446353	1200	6.7598680148088715	0.0	622896	6402.154117121039	0.29999999999999993
4425.784986415453	300	9.231173045709028	0.0	149029	1528.6949690998454	-0.6000000000000001
4430.50351800381	1200	8.512641457351624	0.0	570392	4718.531588357405	0.29999999999999993
4434.9189115427735	750	8.097247918388746	0.0	400322	4415.393538962878	0.3
4439.544382561222	750	7.471776899939847	0.0	369834	4625.471018448898	0.75
4444.644767780475	750	6.371391680686192	0.0	412837	5100.385219253656	0.75
4446.7159405781085	300	8.300218883052787	0.0	179328	2071.172797633405	-0.15000000000000002
4452.030207753675	750	6.9859517074865805	0.0	365161	5314.267175566206	0.3
4454.106966619329	300	8.909192841832699	0.0	131610	2076.758865653882	-0.15000000000000002
4460.296734021876	750	6.719425439284993	0.0	361565	6189.767402547706	0.3
4462.98570423927	300	8.030455221891538	0.0	144254	2688.9702173934547	-0.15000000000000002
4473.031961656175	750	4.0	2.015802195013512	390680	10046.25741690505	-8.3679494385581
4475.983972210445	300	5.047989445728992	0.0	147968	2952.010554271008	-0.15000000000000002
4477.927723496092	300	7.104238160083128	0.0	161857	1943.7512856458645	0.3
4481.449498459248	750	7.58246319692617	0.0	372093	3521.7749631569573	0.3
4485.726760015134	750	7.305201641041662	0.0	438281	4277.261555884508	0.75
4489.7838674265395	750	7.248094229635572	0.0	398987	4057.1074114060903	0.75
4492.663917628774	750	8.36804402740232	0.0	393804	2880.0502022332516	0.75
4495.747007914601	750	9.284953741573641	0.0	331053	3083.090285828679	0.75
4500.022788534017	1200	9.009173122158002	0.0	550906	4275.780619415641	0.75

