19139.688723111765	750	4.0	7.528019682657206	450283	7528.0196826572055	-31.62048463542598
19141.985077364832	300	5.7036457469296495	0.0	155580	2296.3542530703508	-0.15000000000000002
19143.990283036284	300	7.698440075476701	0.0	139857	2005.2056714529485	0.3
19146.38812779003	300	9.300595321732349	0.0	155432	2397.844753744352	0.3
19149.751742746183	300	9.936980365581523	0.0	163442	3363.614956150826	0.3
19152.002534767253	300	11.686188344512361	0.0	126289	2250.792021069161	0.3
19154.688154817995	300	13.000568293767628	0.0	153295	2685.6200507447343	0.3
19157.53569501057	300	14.153028101193177	0.0	173849	2847.5401925744527	0.3
19159.8076831223	300	15.881039989461582	0.0	150710	2271.988111731594	0.3
19161.59999713315	300	18.088725978610956	0.0	139105	1792.3140108506266	0.3
19163.166679653095	300	20.522043458665642	0.0	141840	1566.6825199453172	0.3
19167.183495669986	750	20.505227441774014	0.0	405134	4016.8160168916247	0.3
19171.30719873664	750	20.381524375121923	0.0	386351	4123.70306665209	0.75
19175.837184964894	750	19.851538146864886	0.0	434409	4529.986228257041	0.75
19179.60710592635	750	20.081617185411154	0.0	337059	3769.9209614537285	0.75
19183.919685703364	750	19.769037408397917	0.0	366214	4312.5797770132385	0.75
19188.527022442286	750	19.16170066947765	0.0	360831	4607.3367389202685	0.75
19193.858250586843	750	17.830472524918164	0.0	372963	5331.228144559485	0.75
19199.54841687339	750	16.14030623837368	0.0	405596	5690.166286544484	0.75
19204.780827974148	750	14.907895137613043	0.0	350713	5232.411100760637	0.75
19208.892197296303	750	14.79652581545788	0.0	386472	4111.369322155161	0.75
19213.736802262658	750	13.951920849105038	0.0	399894	4844.604966352844	0.75
19218.23055102223	750	13.458172089532749	0.0	401853	4493.748759572288	0.75
19222.45327254187	750	13.235450569892723	0.0	343800	4222.721519640024	0.75
19226.818858673832	750	12.869864437927205	0.0	359903	4365.58613196552	0.75
19231.060995644475	750	12.627727467285087	0.0	379700	4242.1369706421165	0.75
19236.348338020445	750	11.34038509131872	0.0	425781	5287.342375966367	0.75
19239.431914794135	750	12.256808317625643	0.0	277716	3083.5767736930775	0.75
19243.761157379373	750	11.92756573238809	0.0	400396	4329.242585237553	0.75
19248.991208279294	750	10.697514832469635	0.0	400508	5230.050899918454	0.75
19253.34029112571	750	10.34843198605106	0.0	358218	4349.082846418577	0.75
19257.59278349354	750	10.095939618224762	0.0	400322	4252.492367826296	0.75
19261.12977388254	750	10.558949229220554	0.0	369834	3536.9903890042087	0.75
19265.45229415203	750	10.236428959732141	0.0	412837	4322.520269488413	0.75
19269.442925199157	750	10.245797912602344	0.0	401088	3990.6310471297966	0.75
19273.932603774083	750	9.75611933767943	0.0	365161	4489.678574922916	0.75
19277.01573992783	750	10.672983183931612	0.0	321064	3083.136153747817	0.75
19280.193428636227	750	11.495294475533028	0.0	361565	3177.6887083985835	0.75
19283.62902762668	750	12.059695485077464	0.0	378327	3435.5989904555636	0.75
19287.18481834999	750	12.503904761769332	0.0	390680	3555.7907233081323	0.75
19291.382072650365	750	12.306650461394543	0.0	345516	4197.25430037479	0.75
19295.793157025415	750	11.89556608634541	0.0	384505	4411.084375049132	0.75
19298.74737379756	750	12.941349314201027	0.0	372093	2954.2167721443843	0.75
19301.81657308269	750	13.872150029067909	0.0	438281	3069.1992851331183	0.75
19304.54561852777	750	15.143104583990167	0.0	398987	2729.045445077742	0.75
19307.524034680606	750	16.164688431154136	0.0	393804	2978.4161528360305	0.75
19315.163869963955	1850	12.524853147805338	0.0	830730	7639.835283348798	0.75
19337.133109636958	2850	4.0	9.444386525197883	1364537	21969.23967300322	-38.760862058350895

