5878.125580910849	750	4.0	4.277909780182569	450283	4277.909780182569	-17.64501205478505
5879.3745672109635	300	6.75101369988408	0.0	155580	1248.98630011592	-0.15000000000000002
5880.919038883819	300	9.206542027029297	0.0	139857	1544.4716728547828	0.3
5882.689398011827	300	11.436182899020517	0.0	155432	1770.3591280087778	0.3
5886.498464303113	750	11.627116607734504	0.0	411561	3809.0662912860125	0.3
5888.836910945325	750	13.288669965521533	0.0	318564	2338.446642212971	0.75
5891.266184118661	750	14.859396792185635	0.0	352642	2429.2731733359005	0.75
5893.252870784479	750	16.872710126368606	0.0	437162	1986.6866658170277	0.75
5896.911359514913	1850	17.214221395934477	0.0	852833	3658.4887304341287	0.75
5900.752820454031	1850	17.372760456815676	0.0	913888	3841.460939118803	1.85
5905.4765936935	1850	16.648987217346424	0.0	939819	4723.773239469248	1.85
5909.433681892307	1850	16.691899018539814	0.0	917428	3957.08819880661	1.85
5913.601165084463	1850	16.524415826383606	0.0	946851	4167.483192156207	1.85
5917.850496020904	1850	16.275084889942086	0.0	1036454	4249.33093644152	1.85
5920.8984159662	1850	17.227164944645562	0.0	821631	3047.919945296524	1.85
5924.04683376146	1850	18.07874714938623	0.0	923170	3148.417795259329	1.85
5928.503329423794	1850	17.62225148705281	0.0	966699	4456.49566233342	1.85
5931.9129095467615	1850	18.212671364084382	0.0	885714	3409.5801229684294	1.85
5935.650318517944	1850	18.475262392902557	0.0	987708	3737.4089711818247	1.85
5938.386870077526	1850	19.738710833320727	0.0	923755	2736.551559581831	1.85
5940.850576589625	1850	21.275004321220642	0.0	891604	2463.706512100087	1.85
5943.956593196913	1850	22.168987713933056	0.0	955231	3106.016607287586	1.85
5947.365008464319	1850	22.760572446527412	0.0	968026	3408.415267405646	1.85
5950.133901814051	1850	23.991679096794797	0.0	874175	2768.893349732615	1.85
5953.122273635951	1850	25.003307274893814	0.0	897976	2988.3718219009825	1.85
5956.444213269923	1850	25.681367640922748	0.0	905935	3321.9396339710656	1.85
5959.4521675816595	1850	26.67341332918625	0.0	1076599	3007.9543117364988	1.85
5962.086503893317	1850	28.039077017529138	0.0	758197	2634.3363116571113	1.85
5965.381514540395	1850	28.744066370450682	0.0	972798	3295.0106470784553	1.85
5969.982538644414	1850	28.14304226643235	0.0	975811	4601.024104018331	1.85
5973.356552491846	1850	28.76902841900027	0.0	873429	3374.013847432079	1.85
5976.153405171574	1850	29.972175739271677	0.0	954453	2796.852679728595	1.85
5978.664725363183	1850	31.460855547663062	0.0	885062	2511.3201916086155	1.85
5982.571870591192	1850	31.553710319653113	0.0	1035329	3907.145228009949	1.85
5986.262641178775	1850	31.862939732071418	0.0	1026056	3690.770587581698	1.85
5989.248098467441	1850	32.87748244340502	0.0	943942	2985.457288666394	1.85
5994.865792991636	4300	31.259787919209582	0.0	1919781	5617.694524195442	1.8499999999999996
6003.449610763657	4300	26.675970147188668	0.0	2147467	8583.817772020913	4.3
6011.126704321178	4300	22.998876589666992	0.0	2133870	7677.093557521679	4.3
6019.95903897835	4300	18.166541932496315	0.0	2146120	8832.334657170673	4.3
6027.27555842969	4300	14.850022481156003	0.0	2108491	7316.51945134031	4.3
6034.529296500739	4300	11.596284410106403	0.0	2184571	7253.738071049602	4.3
6037.483576870501	1850	12.64200404034539	0.0	886255	2954.2803697610125	-0.6000000000000001
6040.128390248057	1850	13.99719066278941	0.0	973972	2644.8133775559777	1.85
6043.2287441741955	1850	14.896836736651052	0.0	958994	3100.3539261383594	1.85
6046.771568226584	1850	15.35401268426197	0.0	982064	3542.8240523890813	1.85
6049.410292503243	1850	16.715288407603033	0.0	830730	2638.724276658936	1.85
6052.184295630667	1850	17.94128528017871	0.0	846370	2774.003127424324	1.85

