5868.774214396846	750	4.0	4.277909780182569	450283	4277.909780182569	-17.64501205478505
5870.023200696962	300	6.75101369988408	0.0	155580	1248.98630011592	-0.15000000000000002
5871.567672369816	300	9.206542027029297	0.0	139857	1544.4716728547828	0.3
5873.338031497825	300	11.436182899020517	0.0	155432	1770.3591280087778	0.3
5875.075678423833	300	13.69853597301224	0.0	163442	1737.6469260082768	0.3
5876.151633290908	300	16.622581105937652	0.0	126289	1075.9548670745899	0.3
5878.924460628321	750	17.849753768523385	0.0	352642	2772.827337414265	0.3
5881.977695183766	750	18.796519213078376	0.0	437162	3053.2345554450085	0.75
5883.640686218471	750	21.133528178373293	0.0	374758	1662.9910347050836	0.75
5887.62499799006	1850	21.1492164067839	0.0	913888	3984.311771589394	0.75
5891.581733268184	1850	21.192481128661058	0.0	939819	3956.7352781228446	1.85
5896.2011127990345	1850	20.57310159781019	0.0	917428	4619.379530850867	1.85
5900.290079830638	1850	20.484134566206475	0.0	946851	4088.9670316037145	1.85
5904.850129112431	1850	19.924085284414126	0.0	1036454	4560.049281792347	1.85
5908.166664613229	1850	20.607549783615976	0.0	821631	3316.535500798148	1.85
5911.643424810657	1850	21.130789586188286	0.0	923170	3476.7601974276927	1.85
5914.950839022011	1850	21.823375374834928	0.0	966699	3307.414211353358	1.85
5919.11827279131	1850	21.655941605534835	0.0	885714	4167.433769300094	1.85
5922.943926514882	1850	21.830287881962587	0.0	987708	3825.653723572247	1.85
5926.395537158283	1850	22.37867723856148	0.0	923755	3451.6106434011094	1.85
5929.046242326417	1850	23.72797207042783	0.0	891604	2650.7051681336497	1.85
5931.700093810184	1850	25.07412058666079	0.0	955231	2653.8514837670405	1.85
5934.869517073026	1850	25.9046973238186	0.0	968026	3169.42326284219	1.85
5937.945304301055	1850	26.82891009578962	0.0	874175	3075.7872280289807	1.85
5940.802022882224	1850	27.97219151462074	0.0	897976	2856.718581168879	1.85
5943.80862636467	1850	28.965588032175503	0.0	905935	3006.603482445237	1.85
5947.553747455579	1850	29.220466941266857	0.0	1076599	3745.1210909086467	1.85
5949.672798790959	1850	31.10141560588638	0.0	758197	2119.0513353804727	1.85
5952.9900103532045	1850	31.78420404364017	0.0	972798	3317.2115622462106	1.85
5956.310536313323	1850	32.46367808352251	0.0	975811	3320.5259601176635	1.85
5960.497358248296	1850	32.276856148548816	0.0	873429	4186.821934973693	1.85
5964.223088269488	1850	32.55112612735697	0.0	954453	3725.7300211918364	1.85
5966.804643815183	1850	33.969570581662005	0.0	885062	2581.5555456949705	1.85
5969.780803000875	1850	34.993411395970355	0.0	1035329	2976.1591856916525	1.85
5973.731689332882	1850	35.042525063963225	0.0	1026056	3950.8863320071246	1.85
5977.077506297973	1850	35.69670809887252	0.0	943942	3345.8169650907043	1.85
5979.419960531866	1850	37.35425386497943	0.0	728962	2342.4542338930914	1.85
5985.696918272376	4300	35.07729612446943	0.0	2147467	6276.957740510002	1.8499999999999996
5994.266908928365	4300	30.507305468480205	0.0	2133870	8569.990655989228	4.3
6001.961264512261	4300	26.812949884585095	0.0	2146120	7694.355583895111	4.3
6010.684752999259	4300	22.089461397586792	0.0	2108491	8723.488486998302	4.3
6018.227138633028	4300	18.547075763818132	0.0	2184571	7542.385633768658	4.3
6025.306081168616	4300	15.468133228229652	0.0	2121928	7078.94253558848	4.3
6031.880159172543	4300	12.89405522430208	0.0	2219102	6574.0780039275705	4.3
6035.2480295091245	1850	13.526184887720596	0.0	958994	3367.8703365814845	-0.6000000000000001
6038.560012916037	1850	14.21420148080833	0.0	982064	3311.983406912266	1.85
6041.323522171392	1850	15.450692225452741	0.0	830730	2763.5092553555874	1.85
6043.836589482069	1850	16.93762491477601	0.0	846370	2513.067310676732	1.85

