24101.908144423007	750	4.0	5.558065529459364	450283	5558.065529459364	-23.149681776675266
24104.71586355486	300	5.192280868151962	0.0	155580	2807.719131848038	-0.15000000000000002
24106.101395889476	300	7.8067485335352504	0.0	139857	1385.5323346167118	0.3
24107.665940577	300	10.24220384601217	0.0	155432	1564.5446875230796	0.3
24109.892693385613	300	12.015451037399814	0.0	163442	2226.7528086123575	0.3
24111.566754243664	300	14.34139017934634	0.0	126289	1674.0608580534742	0.3
24113.635100161406	300	16.273044261605317	0.0	153295	2068.3459177410227	0.3
24120.789432369005	750	13.118712054008757	0.0	437162	7154.33220759656	0.3
24123.7539184234	750	14.154225999614532	0.0	374758	2964.4860543942254	0.75
24126.36062828725	750	15.547516135764342	0.0	362795	2606.7098638501907	0.75
24128.96735260422	750	16.940791818790466	0.0	353220	2606.724316973878	0.75
24131.897436473922	750	18.01070794908931	0.0	405134	2930.0838697011563	0.75
24134.692519763736	750	19.215624659276457	0.0	386351	2795.083289812849	0.75
24137.60700951304	750	20.30113490996897	0.0	434409	2914.489749307492	0.75
24140.541609108175	750	21.366535314835232	0.0	337059	2934.599595133737	0.75
24143.081851936986	750	22.82629248602507	0.0	366214	2540.242828810163	0.75
24145.684207334263	750	24.223937088747146	0.0	360831	2602.3553972779255	0.75
24152.59708221095	1850	21.31106221206157	0.0	885714	6912.874876685576	0.75
24161.66457628897	1850	16.243568134035897	0.0	987708	9067.494078025675	1.85
24171.6900495071	1850	10.218094915907146	0.0	923755	10025.473218128749	1.85
24174.195307160204	750	11.712837262803422	0.0	386472	2505.2576531037244	-0.3500000000000001
24176.94191587275	750	12.966228550258256	0.0	399894	2746.608712545166	0.75
24180.555017298455	750	13.353127124551989	0.0	401853	3613.1014257062666	0.75
24183.949965610274	750	13.958178812734891	0.0	343800	3394.9483118170983	0.75
24187.432792228254	750	14.475352194752102	0.0	359903	3482.8266179827892	0.75
24191.5812881321	750	14.3268562909061	0.0	379700	4148.495903846001	0.75
24195.610284962753	750	14.297859460253722	0.0	425781	4028.9968306523783	0.75
24197.977803960697	750	15.930340462312502	0.0	277716	2367.518997941218	0.75
24201.966661791514	750	15.941482631495425	0.0	400396	3988.857830817076	0.75
24205.73379482304	750	16.174349599965602	0.0	400508	3767.133031529825	0.75
24208.94532810595	750	16.96281631705851	0.0	358218	3211.5332829070885	0.75
24213.481430343756	750	16.42671407925211	0.0	400322	4536.102237806402	0.75
24218.712185937893	750	15.19595848511417	0.0	369834	5230.75559413794	0.75
24226.03827643662	750	11.869867986385499	0.0	412837	7326.090498728671	0.75
24230.689313010123	750	11.218831412882109	0.0	401088	4651.03657350339	0.75
24234.561319352557	750	11.346825070446972	0.0	365161	3872.006342435138	0.75
24238.07099882253	750	11.837145600469768	0.0	321064	3509.679469977204	0.75
24242.069672061836	750	11.838472361167113	0.0	361565	3998.673239302653	0.75
24245.776475542785	750	12.131668880218717	0.0	378327	3706.8034809483984	0.75
24250.80041330795	750	11.107731115052758	0.0	390680	5023.937765165958	0.75
24255.04310274687	750	10.86504167613279	0.0	345516	4242.689438919969	0.75
24259.503926432084	750	10.404217990917447	0.0	384505	4460.823685215344	0.75
24260.68637559778	300	13.22176882522386	0.0	145210	1182.4491656935866	-0.15000000000000002
24263.76533383215	750	14.14281059085117	0.0	438281	3078.958234372691	0.3
24268.016448189024	750	13.891696233980195	0.0	398987	4251.114356870976	0.75
24272.88015762703	750	13.027986795974384	0.0	393804	4863.70943800581	0.75
24275.616749296594	750	14.291395126413038	0.0	331053	2736.5916695613464	0.75
24278.458558529197	750	15.449585893808461	0.0	314107	2841.809232604576	0.75

