10813.017707373705	750	4.0	4.799754461958953	450283	4799.754461958953	-19.888944186423497
10814.439697601485	300	6.578009772220171	0.0	155580	1421.9902277798294	-0.15000000000000002
10815.641706290395	300	9.376001083309369	0.0	139857	1202.0086889108015	0.3
10817.171897643217	300	11.845809730486824	0.0	155432	1530.1913528225455	0.3
10818.893639087137	300	14.124068286566814	0.0	163442	1721.7414439200097	0.3
10820.18662305208	300	16.831084321623113	0.0	126289	1292.9839649437026	0.3
10823.971971665076	750	17.045735708627515	0.0	352642	3785.3486129955963	0.3
10834.140580337187	750	10.877127036516823	0.0	437162	10168.608672110691	0.75
10837.08566328703	300	11.932044086675797	0.0	150710	2945.0829498410276	-0.15000000000000002
10839.463384626446	300	13.554322747257473	0.0	139105	2377.7213394183236	0.3
10841.43144971311	300	15.586257660593228	0.0	141840	1968.0650866642445	0.3
10842.947437073128	300	18.070270300575167	0.0	156148	1515.9873600180595	0.3
10844.676673653239	300	20.341033720463578	0.0	160746	1729.2365801115898	0.3
10847.204943136607	300	21.812764237096395	0.0	179801	2528.269483367186	0.3
10851.851886541668	750	21.165820832034125	0.0	337059	4646.943405062269	0.3
10859.001295756596	750	18.01641161710782	0.0	366214	7149.409214926303	0.75
10865.87272783407	750	15.144979539632358	0.0	360831	6871.432077475463	0.75
10872.114936599488	750	12.902770774215877	0.0	372963	6242.208765416479	0.75
10878.983758528197	750	10.033948845505861	0.0	405596	6868.821928710016	0.75
10880.971357987304	300	12.046349386399267	0.0	140881	1987.5994591065937	-0.15000000000000002
10882.79157103882	300	14.22613633488272	0.0	157671	1820.213051516548	0.3
10884.646749013064	300	16.370958360638568	0.0	157812	1855.17797424415	0.3
10886.52285343908	300	18.494853934621357	0.0	163927	1876.104426017209	0.3
10890.3124593105	750	18.7052480632022	0.0	343800	3789.6058714191595	0.3
10894.708916777248	750	18.30879059645432	0.0	359903	4396.457466747877	0.75
10898.977800180843	750	18.0399071928583	0.0	379700	4268.883403596023	0.75
10903.530262906228	750	17.487444467473875	0.0	425781	4552.462725384427	0.75
10906.546571116547	750	18.471136257154395	0.0	277716	3016.308210319481	0.75
10910.504170891982	750	18.51353648171947	0.0	400396	3957.599775434921	0.75
10913.981907372701	750	19.035800000998858	0.0	400508	3477.7364807206136	0.75
10920.817941907872	750	16.19976546582974	0.0	358218	6836.0345351691185	0.75
10926.817820845483	750	14.199886528218792	0.0	400322	5999.878937610947	0.75
10932.56207439102	750	12.455632982681655	0.0	369834	5744.253545537138	0.75
10937.27257958297	750	11.745127790732168	0.0	412837	4710.505191949488	0.75
10940.641375946507	750	12.376331427196607	0.0	401088	3368.796363535558	0.75
10944.971324015796	750	12.046383357906423	0.0	365161	4329.948069290184	0.75
10950.092790420706	750	10.924916952997897	0.0	321064	5121.466404908526	0.75
10955.028050002547	750	9.989657371155946	0.0	361565	4935.2595818419495	0.75
10961.879089198885	750	7.138618174817637	0.0	378327	6851.03919633831	0.75
10967.740965868164	750	5.276741505538539	0.0	390680	5861.876669279098	0.75
10969.851480170228	300	7.166227203474922	0.0	147968	2110.514302063617	-0.15000000000000002
10972.694434229397	300	8.323273144303704	0.0	161857	2842.954059171219	0.3
10974.564380725295	300	10.45332664840676	0.0	145210	1869.9464958969427	0.3
10975.841155952174	300	13.176551421526241	0.0	172312	1276.775226880519	0.3
10977.045019119503	300	15.972688254197394	0.0	167025	1203.8631673288473	0.3
10979.613984407606	750	17.403722966095224	0.0	393804	2568.9652881021684	0.3
10983.780590367915	1200	17.23711700578512	0.0	538612	4166.605960310107	0.75
10994.962327425383	2850	10.055379948317144	0.0	1364537	11181.737057467975	1.2000000000000002

