17697.321686777777	750	4.0	6.579692689023528	450283	6579.692689023527	-27.542678562801168
17698.308474693928	300	7.013212083850239	0.0	155580	986.7879161497615	-0.15000000000000002
17700.256660746036	300	9.065026031742615	0.0	139857	1948.1860521076244	0.3
17704.262784511786	300	9.058902265989714	0.0	155432	4006.1237657529027	0.3
17708.356331064453	300	8.965355713323753	0.0	163442	4093.546552665962	0.3
17710.46490225339	300	10.856784524387702	0.0	126289	2108.57118893605	0.3
17712.641182129002	300	12.680504648772505	0.0	153295	2176.2798756151965	0.3
17716.05497506943	300	13.26671170834403	0.0	173849	3413.7929404284755	0.3
17718.908940894908	300	14.412745882862826	0.0	150710	2853.965825481205	0.3
17721.444526916737	300	15.877159861034803	0.0	139105	2535.5860218280227	0.3
17724.502571450703	750	16.819115327071238	0.0	353220	3058.0445339635653	0.3
17726.997711166736	750	18.323975611039344	0.0	405134	2495.1397160318934	0.75
17729.46561349245	750	19.856073285323426	0.0	386351	2467.9023257159174	0.75
17732.481208739533	750	20.840478038240427	0.0	434409	3015.595247082996	0.75
17734.548707523423	750	22.772979254350613	0.0	337059	2067.498783889818	0.75
17736.687748694083	750	24.633938083689124	0.0	366214	2139.0411706614864	0.75
17743.673855468194	1850	21.647831309577676	0.0	966699	6986.1067741114475	0.75
17749.886717007284	1850	19.434969770488824	0.0	885714	6212.8615390888535	1.85
17755.154454403644	1850	18.167232374127675	0.0	987708	5267.737396361149	1.85
17759.15147565514	1850	18.1702111226279	0.0	923755	3997.0212514997716	1.85
17762.96607598441	1850	18.35561079336163	0.0	891604	3814.600329266271	1.85
17766.724644530932	1850	18.597042246837155	0.0	955231	3758.5685465244774	1.85
17771.29506466426	1850	18.02662211351099	0.0	968026	4570.420133326168	1.85
17777.781883137373	1850	15.539803640396272	0.0	874175	6486.818473114715	1.85
17782.724625660707	1850	14.597061117066792	0.0	897976	4942.74252332948	1.85
17791.018092726958	1850	10.303594050817868	0.0	905935	8293.467066248924	1.85
17799.2856115889	750	6.036075188877667	0.0	425781	8267.518861940202	-0.3500000000000001
17802.313589833786	300	7.008096943993468	0.0	111155	3027.9782448841975	-0.15000000000000002
17806.263648083954	300	7.058038693822474	0.0	153605	3950.058250170995	0.3
17810.925462110146	300	6.396224667631043	0.0	149029	4661.8140261914305	0.3
17813.722058687938	300	7.599628089841761	0.0	157421	2796.5965777892825	0.3
17818.376259022774	300	6.945427755001034	0.0	157488	4654.200334840727	0.3
17821.369917917254	300	7.951768860521892	0.0	143881	2993.658894479141	0.3
17825.526308631277	300	7.795378146499187	0.0	163444	4156.390714022706	0.3
17828.99281808647	300	8.328868691306026	0.0	179328	3466.5094551931606	0.3
17830.529430699386	300	10.7922560783921	0.0	159914	1536.6126129139257	0.3
17831.341685849326	300	13.980000928455029	0.0	131610	812.255149937071	0.3
17833.18648048213	750	16.135206295647524	0.0	361565	1844.7946328075027	0.3
17835.179764722758	750	18.141922055022196	0.0	378327	1993.2842406253314	0.75
17837.14500026028	750	20.17668651750228	0.0	390680	1965.2355375199159	0.75
17840.55934049913	750	20.762346278652686	0.0	345516	3414.3402388495924	0.75
17847.81370880959	750	17.50797796819127	0.0	384505	7254.3683104614165	0.75
17850.98492647576	750	18.33676030202346	0.0	372093	3171.217666167812	0.75
17853.984549795936	750	19.337136981846427	0.0	438281	2999.6233201770333	0.75
17857.127075721823	750	20.194611055959562	0.0	398987	3142.525925886866	0.75
17860.309319411037	750	21.012367366745988	0.0	393804	3182.2436892135756	0.75
17862.372396218245	750	22.94929055953711	0.0	331053	2063.0768072088745	0.75
17863.992006965196	750	25.3296798125847	0.0	314107	1619.6107469524113	0.75

