13266.583786545181	750	4.0	4.264022486880352	450283	4264.022486880352	-17.585296693585512
13267.837367540777	300	6.746419004404097	0.0	155580	1253.5809955959026	-0.15000000000000002
13268.99746009125	300	9.586326453931424	0.0	139857	1160.0925504726724	0.3
13276.292772417843	750	6.291014127338666	0.0	382355	7295.312326592758	0.3
13280.695648392575	300	5.888138152607429	0.0	163442	4402.875974731238	-0.15000000000000002
13283.993848428145	300	6.589938117036889	0.0	126289	3298.2000355705395	0.3
13288.837043203304	300	5.74674334187872	0.0	153295	4843.194775158168	0.3
13292.172567606256	300	6.411218938927277	0.0	173849	3335.5244029514433	0.3
13294.001269512859	300	8.582517032324978	0.0	150710	1828.7019066022992	0.3
13295.34891672221	300	11.234869822972998	0.0	139105	1347.6472093519785	0.3
13296.642200457985	300	13.941586087198557	0.0	141840	1293.2837357744409	0.3
13297.84105244468	300	16.74273410050247	0.0	156148	1198.8519866960864	0.3
13299.342090539969	300	19.241696005214415	0.0	160746	1501.0380952880578	0.3
13306.516620844055	750	16.067165701129763	0.0	434409	7174.5303040846475	0.3
13310.355716228303	750	16.228070316882874	0.0	337059	3839.0953842468925	0.75
13313.216211674076	750	17.367574871109166	0.0	366214	2860.4954457737094	0.75
13316.239325323271	750	18.344461221914546	0.0	360831	3023.1136491946195	0.75
13321.61981587053	750	16.96397067465491	0.0	372963	5380.490547259637	0.75
13324.655914564295	750	17.927871980891737	0.0	405596	3036.0986937631696	0.75
13329.347189834902	750	17.23659671028484	0.0	350713	4691.275270606896	0.75
13335.580393586828	750	15.003392958358923	0.0	386472	6233.203751925918	0.75
13339.600222958652	750	14.983563586533993	0.0	399894	4019.8293718249306	0.75
13345.492175091133	750	13.0916114540538	0.0	401853	5891.9521324801935	0.75
13349.233614001138	750	13.350172544047743	0.0	343800	3741.438910006057	0.75
13350.833188215855	300	15.750598329331869	0.0	146754	1599.5742147158737	-0.15000000000000002
13352.556194935272	300	18.02759160991488	0.0	153938	1723.0067194169894	0.3
13357.921569541028	750	16.66221700415875	0.0	425781	5365.374605756127	0.3
13360.992731879172	750	17.591054666014287	0.0	277716	3071.1623381444674	0.75
13364.525243252972	750	18.058543292215116	0.0	400396	3532.5113737991687	0.75
13368.295767803229	750	18.288018741958037	0.0	400508	3770.5245502570806	0.75
13371.394496485394	750	19.189290059791887	0.0	358218	3098.7286821661496	0.75
13376.453232729868	750	18.130553815320397	0.0	400322	5058.736244471491	0.75
13380.510559089238	750	18.073227455949883	0.0	369834	4057.326359370513	0.75
13384.618441127417	750	17.965345417769182	0.0	412837	4107.8820381807	0.75
13388.65931383709	750	17.924472708097113	0.0	401088	4040.872709672068	0.75
13391.923014096523	750	18.660772448664073	0.0	365161	3263.700259433041	0.75
13395.273209526462	750	19.310577018724164	0.0	321064	3350.1954299399094	0.75
13410.840032289025	1200	7.743754256161921	0.0	575591	15566.822762562244	0.75
13414.691306233317	300	7.8924803118688835	0.0	144254	3851.2739442930374	-0.6000000000000001
13416.947812934894	300	9.635973610292174	0.0	149991	2256.506701576709	0.3
13418.417287596843	300	12.166498948342948	0.0	147968	1469.4746619492275	0.3
13419.929578692572	300	14.654207852614636	0.0	161857	1512.2910957283107	0.3
13421.094775351197	300	17.489011193989988	0.0	145210	1165.19665862465	0.3
13422.595974552747	300	19.987811992440413	0.0	172312	1501.1992015495734	0.3
13428.855725107891	750	17.72806143729502	0.0	398987	6259.750555145394	0.3
13435.82509974961	1200	14.75868679557672	0.0	638661	6969.3746417183	0.75
13440.22823073765	1200	14.355555807535428	0.0	538612	4403.130988041292	1.2
13457.707606071574	2850	4.0	3.12381952638584	1364537	17479.375333921267	-12.232423963459112

