7132.070226965353	750	4.0	2.7931852023610926	450283	2793.1852023610927	-11.260696370152697
7132.7095896184355	300	7.360637346917347	0.0	155580	639.3626530826534	-0.15000000000000002
7134.011123615885	750	10.05910334946829	0.0	350812	1301.5339974490587	0.3
7135.279396293996	750	12.790830671356966	0.0	382355	1268.2726781113224	0.75
7136.67487632141	750	15.395350643943255	0.0	411561	1395.4800274137108	0.75
7139.883990919575	1850	16.186236045777626	0.0	801058	3209.11459816563	0.75
7143.873869038994	1850	16.196357926358903	0.0	905515	3989.878119418721	1.85
7148.271231956182	1850	15.798995009170604	0.0	1060487	4397.3629171883	1.85
7154.696250812346	1850	13.3739761530064	0.0	852833	6425.0188561642035	1.85
7167.815026192893	1850	4.255200772459639	0.0	913888	13118.77538054676	1.85
7169.231826852115	300	6.838400113238157	0.0	141840	1416.8006592214822	-1.25
7170.439652263218	300	9.630574702135712	0.0	156148	1207.8254111024441	0.3
7171.660597737771	300	12.409629227581759	0.0	160746	1220.9454745539551	0.3
7174.366342628835	750	13.703884336518572	0.0	434409	2705.7448910631865	0.3
7176.07932019032	750	15.990906775033565	0.0	337059	1712.9775614850053	0.75
7182.025309864522	1850	14.044917100831343	0.0	923170	5945.989674202224	0.75
7186.166568775858	1850	13.903658189495278	0.0	966699	4141.258911336065	1.85
7189.84501002155	1850	14.225216943803424	0.0	885714	3678.441245691852	1.85
7193.14222597735	1850	14.928000988002886	0.0	987708	3297.2159558005383	1.85
7195.69556221408	1850	16.374664751272636	0.0	923755	2553.336236730251	1.85
7198.837668580767	1850	17.23255838458579	0.0	891604	3142.106366686844	1.85
7201.942016632843	1850	18.128210332509568	0.0	955231	3104.3480520762237	1.85
7205.109029362423	1850	18.961197602928962	0.0	968026	3167.012729580606	1.85
7208.659559142801	1850	19.410667822551616	0.0	874175	3550.529780377344	1.85
7212.283781297303	1850	19.786445668049772	0.0	897976	3624.2221545018433	1.85
7216.58667962624	1850	19.48354733911356	0.0	905935	4302.898328936212	1.85
7221.202517987373	1850	18.86770897798036	0.0	1076599	4615.838361133198	1.85
7224.159946928483	1850	19.91028003687016	0.0	758197	2957.428941110202	1.85
7228.52570239423	1850	19.54452457112274	0.0	972798	4365.7554657474175	1.85
7231.4724000851975	1850	20.597826880155687	0.0	975811	2946.6976909670507	1.85
7235.668396000395	1850	20.401830964958616	0.0	873429	4195.995915197071	1.85
7239.454421953953	1850	20.615805011400287	0.0	954453	3786.0259535583295	1.85
7243.127505210762	1850	20.942721754591542	0.0	885062	3673.0832568087453	1.85
7247.110897372151	1850	20.95932959320292	0.0	1035329	3983.392161388619	1.85
7251.096336438778	1850	20.973890526576028	0.0	1026056	3985.4390666268914	1.85
7256.988098022674	1850	19.082128942679248	0.0	943942	5891.761583896784	1.85
7259.821521900346	1850	20.248705065007957	0.0	728962	2833.4238776712873	1.85
7262.865338450624	1850	21.204888514729365	0.0	938587	3043.8165502785932	1.85
7265.809512218615	1850	22.26071474673915	0.0	908665	2944.173767990214	1.85
7269.073117026714	1850	22.997109938640918	0.0	930577	3263.6048080982346	1.85
7271.759017158593	1850	24.311209806761806	0.0	858450	2685.900131879113	1.85
7274.61081198786	1850	25.45941497749467	0.0	1025005	2851.7948292671354	1.85
7277.405817151914	1850	26.664409813441026	0.0	886255	2795.005164053643	1.85
7283.538850666633	1850	24.53137629872127	0.0	973972	6133.033514719757	1.85
7288.258495712889	1850	23.811731252464565	0.0	958994	4719.6450462567045	1.85
7294.3282716877775	1850	21.74195527757633	0.0	982064	6069.775974888233	1.85
7297.465032330688	1850	22.60519463466561	0.0	830730	3136.760642910719	1.85
7299.787733445656	1850	24.282493519697187	0.0	846370	2322.701114968425	1.85

