10311.351206018197	750	4.0	4.2446647119615655	450283	4244.664711961565	-17.50205826143473
10312.76599415173	300	6.5852118664659365	0.0	155580	1414.7881335340633	-0.15000000000000002
10314.029685484073	300	9.321520534123353	0.0	139857	1263.6913323425845	0.3
10315.407598031921	300	11.94360798627423	0.0	155432	1377.9125478491217	0.3
10316.89409606811	300	14.457109950084448	0.0	163442	1486.4980361897813	0.3
10319.153964800533	750	16.197241217662675	0.0	318564	2259.8687324217744	0.3
10321.473045913486	750	17.87816010471031	0.0	352642	2319.0811129523627	0.75
10325.106249548387	750	18.24495646981026	0.0	437162	3633.203634900051	0.75
10327.83671481552	750	19.5144912026778	0.0	374758	2730.465267132458	0.75
10330.516314712931	750	20.834891305264353	0.0	362795	2679.5998974134473	0.75
10333.51786155386	750	21.83334446433627	0.0	353220	3001.5468409280847	0.75
10337.584979072913	750	21.766226945283567	0.0	405134	4067.117519052702	0.75
10340.527568747433	750	22.82363727076355	0.0	386351	2942.589674520015	0.75
10344.584024542655	750	22.767181475539957	0.0	434409	4056.455795223596	0.75
10347.277596148067	750	24.073609870127008	0.0	337059	2693.5716054129484	0.75
10350.350290101285	750	25.000915916909843	0.0	366214	3072.6939532171655	0.75
10353.303451917334	750	26.047754100863095	0.0	360831	2953.1618160467465	0.75
10355.859435525565	750	27.491770492632952	0.0	372963	2555.983608230142	0.75
10362.143837216414	1850	25.207368801783748	0.0	987708	6284.401690849203	0.75
10369.585206445807	1850	21.7659995723916	0.0	923755	7441.36922939215	1.85
10376.562948222856	1850	18.78825779534352	0.0	891604	6977.741777048082	1.85
10385.147785299127	1850	14.203420719071907	0.0	955231	8584.83707627161	1.85
10388.694277948567	750	14.656928069630402	0.0	401853	3546.4926494415063	-0.3500000000000001
10392.629153204218	750	14.722052813981371	0.0	343800	3934.875255649031	0.75
10397.662001303874	750	13.689204714324106	0.0	359903	5032.848099657265	0.75
10405.642026290718	750	9.709179727479444	0.0	379700	7980.02498684466	0.75
10408.979672436837	300	10.371533581361236	0.0	181901	3337.646146118207	-0.15000000000000002
10410.961224080998	300	12.38998193720002	0.0	111155	1981.5516441612172	0.3
10413.251926049808	300	14.099279968390222	0.0	153605	2290.7019688097976	0.3
10415.42766229766	300	15.923543720540119	0.0	149029	2175.7362478501036	0.3
10420.988528563066	750	14.362677455133046	0.0	358218	5560.866265407073	0.3
10424.44828033619	750	14.902925682008041	0.0	400322	3459.7517731250036	0.75
10426.852213699596	750	16.498992318601566	0.0	369834	2403.9333634064765	0.75
10430.362920919766	750	16.988285098430353	0.0	412837	3510.7072201712126	0.75
10433.07914699962	750	18.27205901857751	0.0	401088	2716.2260798528414	0.75
10435.432635206123	750	19.918570812074172	0.0	365161	2353.488206503339	0.75
10437.36734478951	750	21.983861228686703	0.0	321064	1934.7095833874712	0.75
10439.915829533507	750	23.435376484689527	0.0	361565	2548.484743997173	0.75
10442.899569611758	750	24.45163640643902	0.0	378327	2983.7400782505056	0.75
10445.566926496635	750	25.784279521563228	0.0	390680	2667.356884875792	0.75
10451.013397321216	1850	24.337808696979867	0.0	858450	5446.470824583359	0.75
10460.957827447384	1850	18.39337857081134	0.0	1025005	9944.430126168529	1.85
10468.786904711955	1850	14.564301306241747	0.0	886255	7829.077264569592	1.85
10477.810153796183	1850	9.541052222013207	0.0	973972	9023.24908422854	1.85
10482.920820504702	750	8.430385513495407	0.0	398987	5110.6667085178	-0.3500000000000001
10486.602636434385	750	8.748569583810678	0.0	393804	3681.8159296847275	0.75
10487.68944172946	300	11.6617642887356	0.0	137507	1086.8052950750775	-0.15000000000000002
10489.819304589866	750	13.531901428330107	0.0	314107	2129.8628604054934	0.3

