573.726803593106	750	4.0	3.7572090788844412	450283	3757.209078884441	-15.405999039203095
574.9575382070309	300	6.76926538607515	0.0	155580	1230.7346139248493	-0.15000000000000002
576.0228532350263	300	9.703950358079696	0.0	139857	1065.3150279954539	0.3
577.304583196347	300	12.422220396759094	0.0	155432	1281.729961320603	0.3
578.8896239346885	300	14.837179658417623	0.0	163442	1585.0407383414722	0.3
580.7244783964371	300	17.002325196669013	0.0	126289	1834.854461748612	0.3
586.2860468288603	750	15.440756764245878	0.0	352642	5561.568432423132	0.3
589.8570977130028	750	15.869705880103433	0.0	437162	3571.050884142445	0.75
592.9840324358561	750	16.742771157250093	0.0	374758	3126.93472285334	0.75
598.0959092947215	750	15.630894298384657	0.0	362795	5111.876858865436	0.75
601.5444955730977	750	16.18230802000854	0.0	353220	3448.586278376117	0.75
605.2353698366454	750	16.49143375646086	0.0	405134	3690.874263547679	0.75
612.4718189179403	750	13.254984675166067	0.0	386351	7236.449081294793	0.75
623.6929817480079	750	6.0338218450983385	0.0	434409	11221.16283006773	0.75
627.6016100706393	300	6.125193522467021	0.0	140051	3908.628322631317	-0.15000000000000002
630.5147808689046	300	7.212022724201638	0.0	138313	2913.1707982653834	0.3
633.5675922198886	300	8.159211373217763	0.0	143509	3052.811350983875	0.3
638.3805394540818	300	7.346264139024543	0.0	150616	4812.9472341932205	0.3
644.2064871743044	300	5.520316418801995	0.0	165384	5825.947720222547	0.3
649.2266984807283	300	4.500105112378012	0.0	140881	5020.211306423983	0.3
654.2487365373091	300	4.0	0.5219329442028511	157671	5022.038056580864	-1.9443116600722596
658.1097748621354	300	4.138961675173669	0.0	157812	3861.0383248263306	0.3
661.4535091210386	300	4.795227416270532	0.0	163927	3343.7342589031373	0.3
664.3266865763474	300	5.922049960961782	0.0	137654	2873.1774553087507	0.3
666.1311698317693	300	8.11756670553982	0.0	146754	1804.4832554219606	0.3
668.1933755172544	300	10.055361020054772	0.0	153938	2062.205685485049	0.3
671.9746695993845	300	10.274066937924744	0.0	181901	3781.2940821300285	0.3
674.4415568336179	300	11.807179703691164	0.0	111155	2466.887234233581	0.3
677.3513659651628	300	12.897370572146253	0.0	153605	2909.8091315449115	0.3
681.4180396553126	300	12.830696881996632	0.0	149029	4066.6736901496215	0.3
686.5026229565508	300	11.746113580758436	0.0	157421	5084.583301238195	0.3
691.3253184504165	300	10.923418086892761	0.0	157488	4822.695493865674	0.3
696.8040840411412	300	9.444652496168018	0.0	143881	5478.765590724742	0.3
701.5519022170249	300	8.696834320284324	0.0	163444	4747.818175883694	0.3
706.7033417764831	300	7.545394760826193	0.0	179328	5151.439559458131	0.3
712.4167119775658	300	5.832024559743545	0.0	159914	5713.370201082648	0.3
717.0438991945483	300	5.204837342760957	0.0	131610	4627.187216982588	0.3
720.9517974361534	300	5.296939101155918	0.0	124011	3907.898241605039	0.3
724.2121059237852	300	6.0366306135240135	0.0	144254	3260.308487631904	0.3
726.3023360851853	300	7.946400452123941	0.0	149991	2090.2301614000735	0.3
727.7825279656289	300	10.466208571680326	0.0	147968	1480.191880443614	0.3
729.2930027182608	300	12.955733819048408	0.0	161857	1510.4747526319188	0.3
730.5144857256809	300	15.734250811628419	0.0	145210	1221.4830074199895	0.3
731.7953137510921	300	18.453422786217168	0.0	172312	1280.8280254112522	0.3
734.5919990187142	750	19.65673751859505	0.0	398987	2796.6852676221174	0.3
738.6182638084022	1200	19.630472728907073	0.0	638661	4026.264789687977	0.75
744.2852434700209	1850	17.963493067288418	0.0	830730	5666.979661618654	1.2000000000000002
752.6369792211312	2850	13.611757316178021	0.0	1364537	8351.735751110396	1.85

