8889.821072660956	750	4.0	6.835416697573638	450283	6835.416697573638	-28.642291799566642
8893.12761088302	300	4.693461777936518	0.0	155580	3306.5382220634815	-0.15000000000000002
8895.313928240963	300	6.507144419993679	0.0	139857	2186.3173579428385	0.3
8897.349744014808	300	8.471328646148999	0.0	155432	2035.8157738446798	0.3
8899.123054415368	300	10.698018245588635	0.0	163442	1773.310400560364	0.3
8901.120984985235	300	12.700087675722632	0.0	126289	1997.9305698660023	0.3
8902.484689924822	300	15.336382736134434	0.0	153295	1363.7049395881982	0.3
8906.145379928406	750	15.6756927325513	0.0	437162	3660.690003583134	0.3
8908.668803425546	750	17.152269235412575	0.0	374758	2523.4234971387227	0.75
8911.095234854578	750	18.725837806379435	0.0	362795	2426.4314290331426	0.75
8913.567046141972	750	20.25402651898347	0.0	353220	2471.8112873959653	0.75
8916.406015311064	750	21.415057349892653	0.0	405134	2838.9691690908157	0.75
8918.933975154927	750	22.88709750603041	0.0	386351	2527.959843862241	0.75
8921.695399288177	750	24.125673372779385	0.0	434409	2761.4241332510264	0.75
8923.69960500217	750	26.121467658786308	0.0	337059	2004.2057139930753	0.75
8930.258171008067	1850	23.562901652890314	0.0	923170	6558.566005895993	0.75
8938.220934022485	1850	19.60013863847076	0.0	966699	7962.763014419557	1.85
8944.131272461504	1850	17.689800199453437	0.0	885714	5910.338439017323	1.85
8949.962274366973	1850	15.85879829398352	0.0	987708	5831.001905469915	1.85
8954.853471426322	1850	14.967601234633701	0.0	923755	4891.197059349819	1.85
8959.39062913578	1850	14.430443525176196	0.0	891604	4537.157709457505	1.85
8965.654923048123	1850	12.166149612832385	0.0	955231	6264.293912343811	1.85
8973.146160938706	1850	8.674911722249933	0.0	968026	7491.2378905824535	1.85
8977.25697559064	750	8.56409707031458	0.0	343800	4110.814651935352	-0.3500000000000001
8981.272121368047	750	8.548951292907644	0.0	359903	4015.145777406935	0.75
8982.46587208143	300	11.355200579525684	0.0	153938	1193.750713381961	-0.15000000000000002
8985.105031964273	750	12.716040696681782	0.0	425781	2639.159882843901	0.3
8986.94737417415	750	14.873698486804216	0.0	277716	1842.3422098775668	0.75
8989.876037324595	750	15.945035336359249	0.0	400396	2928.663150444967	0.75
8993.058870789835	750	16.762201871118698	0.0	400508	3182.8334652405542	0.75
8996.248204899659	750	17.57286776129457	0.0	358218	3189.334109824126	0.75
9000.150373138618	750	17.670699522336797	0.0	400322	3902.1682389577754	0.75
9004.623785593867	750	17.19728706708729	0.0	369834	4473.412455249506	0.75
9008.118560629357	750	17.702512031597717	0.0	412837	3494.7750354895716	0.75
9011.752626640551	750	18.068446020403847	0.0	401088	3634.0660111938714	0.75
9014.94814958668	750	18.872923074275693	0.0	365161	3195.5229461281565	0.75
9018.276311570484	750	19.544761090471354	0.0	321064	3328.161983804336	0.75
9021.457238285007	750	20.363834375949164	0.0	361565	3180.9267145221897	0.75
9024.524288072824	750	21.296784588132358	0.0	378327	3067.0497878168057	0.75
9027.165583713917	750	22.655488947040137	0.0	390680	2641.295641092223	0.75
9029.457410792953	750	24.363661868005675	0.0	345516	2291.827079034461	0.75
9039.586575179257	1850	18.234497481701887	0.0	1025005	10129.164386303784	0.75
9046.452270691281	1850	15.368801969677087	0.0	886255	6865.695512024802	1.85
9055.03919924757	1850	10.781873413387165	0.0	973972	8586.92855628992	1.85
9058.364572353832	750	11.456500307125648	0.0	398987	3325.3731062615193	-0.3500000000000001
9063.180978881988	750	10.640093778970277	0.0	393804	4816.406528155369	0.75
9067.290947960744	750	10.530124700215445	0.0	331053	4109.969078754832	0.75
9069.166191346556	300	12.654881314404	0.0	118421	1875.243385811445	-0.15000000000000002

