13576.144968585219	750	4.0	5.4395307625425735	450283	5439.530762542574	-22.639982278933065
13578.538595453145	300	5.606373132073677	0.0	155580	2393.6268679263235	-0.15000000000000002
13580.710221485455	300	7.4347470997634195	0.0	139857	2171.626032310258	0.3
13583.66472146562	300	8.480247119597157	0.0	155432	2954.4999801662616	0.3
13586.034534806751	300	10.110433778467936	0.0	163442	2369.8133411292224	0.3
13587.050656380896	300	13.094312204322456	0.0	126289	1016.1215741454799	0.3
13589.377343445454	750	14.767625139763943	0.0	352642	2326.6870645585136	0.3
13592.448536149448	750	15.696432435770326	0.0	437162	3071.1927039936154	0.75
13595.009797382498	750	17.135171202720098	0.0	374758	2561.2612330502266	0.75
13597.999243170627	750	18.145725414591638	0.0	362795	2989.44578812846	0.75
13600.438566856727	750	19.70640172849036	0.0	353220	2439.3236861012783	0.75
13605.312151569731	750	18.83281701548577	0.0	405134	4873.58471300459	0.75
13608.345882713436	750	19.799085871780104	0.0	386351	3033.7311437056637	0.75
13612.92906982988	750	19.21589875533694	0.0	434409	4583.187116443164	0.75
13617.067751070766	750	19.077217514450254	0.0	337059	4138.681240886686	0.75
13622.620797386468	750	17.524171198748103	0.0	366214	5553.046315702153	0.75
13625.809590837527	750	18.335377747689407	0.0	360831	3188.793451058696	0.75
13629.452011137793	750	18.69295744742336	0.0	372963	3642.4203002660456	0.75
13633.085290404251	750	19.059678180965534	0.0	405596	3633.2792664578265	0.75
13635.498537494415	750	20.646431090800565	0.0	350713	2413.2470901649694	0.75
13638.24797662799	750	21.896991957224948	0.0	386472	2749.439133575614	0.75
13641.055435823926	750	23.089532761288783	0.0	399894	2807.4591959361637	0.75
13644.152657126668	750	23.992311458547636	0.0	401853	3097.221302741151	0.75
13646.814473106848	750	25.330495478367208	0.0	343800	2661.8159801804304	0.75
13649.285465095465	750	26.859503489750725	0.0	359903	2470.9919886164816	0.75
13652.185512181972	750	27.95945640324272	0.0	379700	2900.0470865080056	0.75
13661.750226939055	1850	22.394741646157293	0.0	1076599	9564.714757085423	0.75
13666.91610960521	1850	21.228858980004144	0.0	758197	5165.88266615315	1.85
13680.115627007175	1850	12.029341578039366	0.0	972798	13199.517401964778	1.85
13684.083713480995	750	12.061255104217837	0.0	400508	3968.08647382153	-0.3500000000000001
13686.488748328864	750	13.656220256348867	0.0	358218	2405.0348478689702	0.75
13689.295057893347	750	14.849910691866075	0.0	400322	2806.3095644827913	0.75
13691.835426861737	750	16.309541723475395	0.0	369834	2540.368968390682	0.75
13694.918322729112	750	17.22664585610001	0.0	412837	3082.895867375384	0.75
13698.66870120456	750	17.476267380651066	0.0	401088	3750.3784754489448	0.75
13702.605971859019	750	17.538996726192803	0.0	365161	3937.2706544582597	0.75
13705.21521528385	750	18.929753301362076	0.0	321064	2609.243424830725	0.75
13709.218913834095	750	18.926054751118052	0.0	361565	4003.6985502440252	0.75
13713.973294145573	750	18.171674439640753	0.0	378327	4754.380311477298	0.75
13719.409568587096	750	16.73539999811786	0.0	390680	5436.274441522893	0.75
13722.57873398094	750	17.566234604276396	0.0	345516	3169.165393841462	0.75
13726.323247240562	750	17.8217213446535	0.0	384505	3744.513259622898	0.75
13729.556186138714	750	18.588782446501558	0.0	372093	3232.938898151939	0.75
13732.575056761307	750	19.569911823908484	0.0	438281	3018.8706225930705	0.75
13735.378603104991	750	20.766365480224355	0.0	398987	2803.546343684129	0.75
13738.344745536055	750	21.80022304916033	0.0	393804	2966.142431064024	0.75
13744.428195792842	1850	19.716772792375693	0.0	830730	6083.450256784636	0.75
13751.688827194968	1850	16.456141390248064	0.0	846370	7260.6314021276285	1.85

