2127.8408450437646	750	4.0	3.5949223786930258	450283	3594.9223786930256	-14.70816622838001
2129.225166727693	300	6.615678316071856	0.0	155580	1384.3216839281442	-0.15000000000000002
2130.3399645601057	300	9.50088048365893	0.0	139857	1114.7978324129251	0.3
2131.752475030578	300	12.088370013187337	0.0	155432	1412.510470471593	0.3
2133.353329217356	300	14.487515826408966	0.0	163442	1600.854186778372	0.3
2136.443084326459	750	15.397760717306015	0.0	318564	3089.755109102951	0.3
2139.251310127306	750	16.58953491645874	0.0	352642	2808.2258008472763	0.75
2143.178388626809	750	16.6624564169559	0.0	437162	3927.0784995028366	0.75
2145.956357158097	750	17.88448788566821	0.0	374758	2777.9685312876923	0.75
2148.6616085820556	750	19.179236461709515	0.0	362795	2705.2514239586944	0.75
2151.523732087611	750	20.3171129561542	0.0	353220	2862.123505555316	0.75
2154.994707491832	750	20.8461375519332	0.0	405134	3470.975404221	0.75
2158.2921357045784	750	21.548709339186583	0.0	386351	3297.4282127466167	0.75
2161.6772397204177	750	22.163605323347237	0.0	434409	3385.1040158393444	0.75
2168.2949415321323	1850	19.545903511632698	0.0	821631	6617.701811714539	0.75
2176.4150916168082	1850	15.425753426956636	0.0	923170	8120.1500846760655	1.85
2185.8570374430724	1850	9.983807600692304	0.0	966699	9441.945826264331	1.85
2190.2173241337628	750	9.623520910002284	0.0	372963	4360.286690690021	-0.3500000000000001
2194.4156909511908	750	9.425154092574077	0.0	405596	4198.3668174282075	0.75
2195.682374765055	300	12.158470278709782	0.0	140881	1266.6838138642963	-0.15000000000000002
2197.090069656522	300	14.750775387243246	0.0	157671	1407.6948914665359	0.3
2200.613430904641	750	15.227414139124027	0.0	399894	3523.3612481192176	0.3
2204.3976794330865	750	15.443165610679072	0.0	401853	3784.248528444956	0.75
2207.9663697939527	750	15.874475249812544	0.0	343800	3568.6903608665284	0.75
2211.4453950067445	750	16.39545003702079	0.0	359903	3479.025212791756	0.75
2214.8913022467323	750	16.9495427970333	0.0	379700	3445.9072399874885	0.75
2219.287528886096	750	16.553316157669446	0.0	425781	4396.226639363853	0.75
2222.8964628066888	750	16.944382237076884	0.0	277716	3608.933920592566	0.75
2228.2327532143768	750	15.608091829388643	0.0	400396	5336.2904076882405	0.75
2231.990270910087	750	15.85057413367848	0.0	400508	3757.517695710163	0.75
2235.663648935869	750	16.17719610789688	0.0	358218	3673.3780257815997	0.75
2239.4412109075606	750	16.399634136204956	0.0	400322	3777.5619716919236	0.75
2243.62588070973	750	16.214964334035862	0.0	369834	4184.669802169094	0.75
2247.13981581588	750	16.70102922788609	0.0	412837	3513.935106149775	0.75
2250.1963161765184	750	17.644528867247853	0.0	401088	3056.5003606382347	0.75
2253.7916628255466	750	18.049182218219638	0.0	365161	3595.3466490282144	0.75
2257.127473597127	750	18.71337144663923	0.0	321064	3335.8107715804063	0.75
2261.0440242309337	750	18.796820812832543	0.0	361565	3916.550633806689	0.75
2267.220545592925	750	16.620299450841188	0.0	378327	6176.521361991355	0.75
2273.0886546472384	750	14.752190396527713	0.0	390680	5868.109054313473	0.75
2279.7567837929355	750	12.084061250830743	0.0	345516	6668.129145696969	0.75
2286.768584075982	750	9.07226096778431	0.0	384505	7011.800283046432	0.75
2288.8140481813484	300	11.026796862417521	0.0	145210	2045.4641053667897	-0.15000000000000002
2290.536072036652	300	13.30477300711429	0.0	172312	1722.0238553032298	0.3
2292.334589295327	300	15.506255748439035	0.0	167025	1798.5172586752567	0.3
2296.1219594673107	750	15.7188855764554	0.0	393804	3787.3701719836354	0.3
2299.2792821695434	750	16.561562874223057	0.0	331053	3157.3227022323404	0.75
2302.40039953353	750	17.440445510235907	0.0	314107	3121.117363987152	0.75

