3379.8126041529267	750	4.0	3.995068697861578	450283	3995.068697861578	-16.428795400804784
3381.3048762402573	300	6.507727912669612	0.0	155580	1492.2720873303876	-0.15000000000000002
3382.5769722943196	300	9.235631858607427	0.0	139857	1272.0960540621852	0.3
3387.741715789531	1200	8.07088836339585	0.0	617681	5164.7434952115755	0.29999999999999993
3391.1286521259467	750	8.683952026979842	0.0	411561	3386.93633641601	0.3
3393.973825256159	750	9.838778896767494	0.0	318564	2845.173130212347	0.75
3402.365081738629	1200	5.447522414297367	0.0	561791	8391.256482470126	0.75
3405.7031290649816	300	6.109475087945613	0.0	173849	3338.047326351754	-0.6000000000000001
3408.161850357836	300	7.6507537950906785	0.0	150710	2458.721292854934	0.3
3413.1979311414575	750	6.614673011469148	0.0	362795	5036.080783621531	0.3
3414.962646240075	300	8.849957912851337	0.0	141840	1764.7150986178099	-0.15000000000000002
3419.765460228369	750	8.047143924557204	0.0	405134	4802.813988294133	0.3
3423.8608713447065	750	7.951732808219642	0.0	386351	4095.411116337563	0.75
3427.800040538717	750	8.012563614208911	0.0	434409	3939.169194010731	0.75
3431.662942706602	750	8.149661446324377	0.0	337059	3862.9021678845347	0.75
3435.5874189821343	750	8.225185170791912	0.0	366214	3924.4762755324637	0.75
3440.8812832016156	750	6.931320951310269	0.0	360831	5293.864219481643	0.75
3444.7068301618865	300	7.105773991039552	0.0	150616	3825.546960270717	-0.15000000000000002
3451.4416392979097	750	4.370964855016149	0.0	405596	6734.809136023403	0.3
3453.6443285988476	300	6.1682755540782495	0.0	140881	2202.6893009379005	-0.15000000000000002
3455.732886616535	300	8.079717536390895	0.0	157671	2088.558017687354	0.3
3465.086345582184	750	4.0	1.2737414292578706	399894	9353.458965648766	-5.177088145808844
3470.0215232494525	300	4.0	0.9351776672686283	163927	4935.177667268628	-4.171263969255102
3473.35869362294	300	4.66282962651255	0.0	137654	3337.17037348745	0.3
3477.4540606228793	300	4.567462626573182	0.0	146754	4095.3669999393687	0.3
3480.971399629559	300	5.050123619893467	0.0	153938	3517.339006679714	0.3
3484.461478741012	300	5.560044508440095	0.0	181901	3490.079111453372	0.3
3487.0857896027733	300	6.935733646679007	0.0	111155	2624.310861761088	0.3
3490.822665822211	300	7.198857427240857	0.0	153605	3736.8762194381507	0.3
3500.73814189505	750	4.0	2.716618645597626	400508	9915.476072838483	-11.38146017606979
3503.906115440566	300	4.832026454484022	0.0	157421	3167.973545515978	-0.15000000000000002
3506.9083087315603	300	5.829833163489519	0.0	157488	3002.1932909945035	0.3
3509.5110475624815	300	7.227094332568458	0.0	143881	2602.7388309210605	0.3
3515.943938428889	750	4.7942034661605755	0.0	412837	6432.890866407883	0.3
3520.149878087909	300	4.588263807140253	0.0	179328	4205.939659020323	-0.15000000000000002
3524.5573451416954	300	4.18079675335433	0.0	159914	4407.467053785923	0.3
3526.7720914303527	300	5.96605046469733	0.0	131610	2214.7462886569997	0.3
3528.634405243917	300	8.10373665113248	0.0	124011	1862.3138135648485	0.3
3533.3481951156687	750	7.389946779380939	0.0	378327	4713.789871751542	0.3
3536.997118328052	750	7.741023566998082	0.0	390680	3648.9232123828583	0.75
3540.071309924796	750	8.666831970254048	0.0	345516	3074.1915967440323	0.75
3543.366365085594	750	9.371776809455623	0.0	384505	3295.055160798426	0.75
3548.2074325410813	1200	8.530709353968753	0.0	599477	4841.067455486871	0.75
3552.5659465374583	750	8.172195357591686	0.0	438281	4358.513996377066	0.3
3559.133968400537	750	5.604173494513045	0.0	398987	6568.021863078641	0.75
3562.2399425481253	300	6.498199346924654	0.0	160064	3105.9741475883916	-0.15000000000000002
3564.4902751658456	300	8.247866729204507	0.0	137507	2250.3326177201466	0.3
3569.008167959138	750	7.729973935911737	0.0	314107	4517.89279329277	0.3

