542.0698162023943	750	4.0	3.7572090788844412	450283	3757.209078884441	-15.405999039203095
543.3005508163192	300	6.76926538607515	0.0	155580	1230.7346139248493	-0.15000000000000002
544.3658658443147	300	9.703950358079696	0.0	139857	1065.3150279954539	0.3
545.6475958056353	300	12.422220396759094	0.0	155432	1281.729961320603	0.3
550.9806397228559	750	11.089176479538525	0.0	411561	5333.04391722057	0.3
553.0510282574686	300	13.018787944925805	0.0	126289	2070.388534612719	-0.15000000000000002
555.1855619240778	300	14.88425427831657	0.0	153295	2134.5336666092358	0.3
558.5997341800021	750	15.470082022392202	0.0	437162	3414.1722559243685	0.3
561.6967798123088	750	16.373036390085495	0.0	374758	3097.0456323067083	0.75
567.1697808141704	750	14.900035388224019	0.0	362795	5473.001001861473	0.75
570.2910746099406	750	15.778741592453894	0.0	353220	3121.2937957701256	0.75
574.0515226975568	750	16.01829350483749	0.0	405134	3760.4480876164043	0.75
582.1661293087093	750	11.903686893685082	0.0	386351	8114.606611152407	0.75
593.3692933737357	750	4.700522828658795	0.0	434409	11203.164065026287	0.75
597.0410714627667	300	5.028744739627684	0.0	140051	3671.778089031111	-0.15000000000000002
599.8037668997132	300	6.266049302681226	0.0	138313	2762.6954369464584	0.3
603.2761926399596	300	6.793623562434838	0.0	143509	3472.4257402463886	0.3
608.3361443986923	300	5.733671803702222	0.0	150616	5059.951758732615	0.3
614.3003461706993	300	4.0	0.23052996830485425	165384	5964.201772007076	-0.6912788637108733
619.1910179578904	300	4.0	0.8906717871910595	140881	4890.67178719106	-3.529888684921556
623.8557916472167	300	4.0	0.6647736893263545	157671	4664.7736893263545	-2.5585268641033245
627.4161609722082	300	4.439630675008499	0.0	157812	3560.369324991501	0.3
630.7959443070469	300	5.059847340169894	0.0	163927	3379.7833348386043	0.3
633.2428113143233	300	6.6129803328934615	0.0	137654	2446.867007276433	0.3
635.0472945697452	300	8.8084970774715	0.0	146754	1804.4832554219606	0.3
637.198941893757	300	10.65684975345968	0.0	153938	2151.647324011822	0.3
641.5522855512739	300	10.303506095942746	0.0	181901	4353.343657516933	0.3
643.6005218995011	300	12.255269747715655	0.0	111155	2048.236348227092	0.3
646.9905728104491	300	12.865218836767733	0.0	153605	3390.0509109479212	0.3
651.3115667243487	300	12.544224922868056	0.0	149029	4320.993913899677	0.3
656.334921206225	300	11.520870440991763	0.0	157421	5023.354481876294	0.3
661.4255462214995	300	10.430245425717185	0.0	157488	5090.625015274577	0.3
667.0144877229857	300	8.841303924231095	0.0	143881	5588.941501486091	0.3
670.949308855395	300	8.906482791821777	0.0	163444	3934.821132409319	0.3
676.7036451049984	300	7.152146542218383	0.0	179328	5754.336249603393	0.3
682.5326748050741	300	5.323116842142586	0.0	159914	5829.029700075797	0.3
686.8923770693334	300	4.9634145778832774	0.0	131610	4359.702264259308	0.3
690.3734460325867	300	5.482345614630042	0.0	124011	3481.068963253235	0.3
693.602504608103	300	6.253287039113856	0.0	144254	3229.058575516186	0.3
695.1092915488829	300	8.746500098334014	0.0	149991	1506.7869407798432	0.3
696.5848763012451	300	11.270915345971757	0.0	147968	1475.5847523622585	0.3
698.0325978428768	300	13.823193804339969	0.0	161857	1447.721541631786	0.3
700.7807548630221	750	15.075036784194584	0.0	372093	2748.157020145385	0.3
703.7831397590606	750	16.072651888156056	0.0	438281	3002.384896038527	0.75
706.3320208413429	750	17.523770805873866	0.0	398987	2548.8810822821933	0.75
708.8596518754963	750	18.99613977172041	0.0	393804	2527.6310341534518	0.75
711.133398526305	750	20.72239312091171	0.0	331053	2273.7466508087014	0.75
717.1166127911926	1850	18.73917885602409	0.0	846370	5983.214264887623	0.75

