20109.534944768096	750	4.0	0.848125509873515	450283	848.1255098735149	-2.8969396924561144
20110.335162316544	750	7.199782451554113	0.0	398865	800.2175484458868	0.75
20111.094942839838	750	10.440001928258985	0.0	350812	759.780523295128	0.75
20111.85656174948	750	13.678383018621247	0.0	382355	761.6189096377389	0.75
20112.767640019647	750	16.767304748451743	0.0	411561	911.0782701695063	0.75
20114.427933517618	1850	19.107011250482174	0.0	801058	1660.2934979695676	0.75
20116.220775748483	1850	21.314169019612933	0.0	905515	1792.8422308692375	1.85
20118.279183483228	1850	23.255761284870218	0.0	1060487	2058.4077347427174	1.85
20122.147475098136	4300	23.38746966995973	0.0	2055469	3868.291614910488	1.8499999999999996
20126.113702793158	4300	23.421241974937768	0.0	2169201	3966.22769502196	4.3
20130.112222919895	4300	23.422721848198794	0.0	2173522	3998.520126738973	4.3
20134.100855907014	4300	23.434088861080113	0.0	2102452	3988.6329871186826	4.3
20138.678062434912	4300	22.856882333183993	0.0	2209463	4577.206527896121	4.3
20142.843435111234	4300	22.691509656865193	0.0	2275376	4165.372676318797	4.3
20146.348821028772	4300	23.186123739323865	0.0	2005399	3505.385917541326	4.3
20150.759996245928	4300	22.774948522168177	0.0	2152483	4411.175217155687	4.3
20154.968975160788	4300	22.565969607307515	0.0	2289689	4208.978914860664	4.3
20159.240008502067	4300	22.294936266030973	0.0	2059512	4271.03334127654	4.3
20163.535681625715	4300	21.99926314238037	0.0	2220726	4295.673123650601	4.3
20167.658272109133	4300	21.876672658963813	0.0	2156729	4122.590483416561	4.3
20171.360173897152	4300	22.174770870944556	0.0	2039773	3701.901788019256	4.3
20175.416225489684	4300	22.118719278410865	0.0	2176469	4056.051592533696	4.3
20179.34592342355	4300	22.189021344547413	0.0	2221506	3929.697933863448	4.3
20183.03891402699	4300	22.49603074110595	0.0	2044075	3692.990603441462	4.3
20187.343253264306	4300	22.19169150379132	0.0	2186790	4304.339237314635	4.3
20191.4782554922	4300	22.056689275895806	0.0	2105231	4135.002227895512	4.3
20196.19054045485	4300	21.344404313245242	0.0	2395588	4712.284962650564	4.3
20199.8167558715	4300	21.718188896593453	0.0	1972048	3626.2154166517917	4.3
20203.696136306287	4300	21.83880846180751	0.0	2134614	3879.380434785944	4.3
20207.518907612117	4300	22.016037155979877	0.0	2164140	3822.7713058276313	4.3
20211.69806316501	4300	21.836881603081004	0.0	2113193	4179.155552898872	4.3
20215.636602257582	4300	21.898342510511263	0.0	2147852	3938.5390925697443	4.3
20219.710003976175	4300	21.824940791920113	0.0	2191074	4073.4017185911484	4.3
20224.143938073772	4300	21.39100669432168	0.0	2286761	4433.934097598438	4.3
20228.59960229536	4300	20.93534247273773	0.0	2307787	4455.664221583945	4.3
20232.61812049828	4300	20.91682426981978	0.0	2143948	4018.5182029179523	4.3
20236.09176438246	4300	21.443180385633635	0.0	1919781	3473.6438841861464	4.3
20240.063224496764	4300	21.471720271333798	0.0	2147467	3971.460114299837	4.3
20244.180689182842	4300	21.354255585257157	0.0	2133870	4117.464686076642	4.3
20248.615507675317	4300	20.919437092781372	0.0	2146120	4434.818492475783	4.3
20252.392361601775	4300	21.142583166325572	0.0	2108491	3776.8539264558012	4.3
20256.46382610537	4300	21.071118662728118	0.0	2184571	4071.464503597454	4.3
20260.616187347307	4300	20.918757420791202	0.0	2121928	4152.361241936915	4.3
20264.781807907217	4300	20.753136860884382	0.0	2219102	4165.620559906824	4.3
20269.28625108587	4300	20.24869368222959	0.0	2124950	4504.44317865479	4.3
20273.416938999893	4300	20.118005768204657	0.0	2246506	4130.687914024933	4.3
20277.167297509095	4300	20.367647259002812	0.0	1961140	3750.3585092018434	4.3
20281.12701872176	4300	20.40792604633888	0.0	2155012	3959.7212126639347	4.3

