3903.752358500006	750	4.0	2.342534869962582	450283	2342.534869962582	-9.322899940839102
3904.823046575135	300	6.929311924870432	0.0	155580	1070.6880751295678	-0.15000000000000002
3906.1265811663825	300	9.625777333623237	0.0	139857	1303.5345912471955	0.3
3908.269358283377	750	11.48300021662847	0.0	382355	2142.7771169947664	0.3
3909.830303036163	750	13.922055463842666	0.0	411561	1560.9447527858044	0.75
3912.593092775549	1850	15.159265724457121	0.0	801058	2762.789739385544	0.75
3915.4040947841877	1850	16.348263715818284	0.0	905515	2811.0020086388367	1.85
3918.7662282128085	1850	16.986130287197053	0.0	1060487	3362.133428621228	1.85
3921.7593681949465	1850	17.99299030505927	0.0	852833	2993.1399821377845	1.85
3925.6658177602494	1850	18.086540739756433	0.0	913888	3906.449565302835	1.85
3930.3040566591862	1850	17.448301840819887	0.0	939819	4638.238898936546	1.85
3933.8564111710875	1850	17.895947328918535	0.0	917428	3552.354511901354	1.85
3936.9715097725752	1850	18.780848727430538	0.0	946851	3115.098601487994	1.85
3940.2053014735043	1850	19.54705702650138	0.0	1036454	3233.791700929154	1.85
3942.776713920465	1850	20.9756445795405	0.0	821631	2571.4124469608805	1.85
3945.6739371190533	1850	22.07842138095246	0.0	923170	2897.2231985880426	1.85
3948.807372618662	1850	22.944985881343644	0.0	966699	3133.4354996088146	1.85
3952.6165373432495	1850	23.135821156755995	0.0	885714	3809.1647245876484	1.85
3957.263848879361	1850	22.48850962064446	0.0	987708	4647.311536111535	1.85
3960.9373550582864	1850	22.815003441719167	0.0	923755	3673.5061789252954	1.85
3964.506788281241	1850	23.245570218764446	0.0	891604	3569.4332229547213	1.85
3967.870300364315	1850	23.88205813569045	0.0	955231	3363.5120830739925	1.85
3971.8311496515157	1850	23.921208848489933	0.0	968026	3960.84928720052	1.85
3976.8605263898626	1850	22.89183211014348	0.0	874175	5029.376738346453	1.85
3981.8316885287754	1850	21.920669971230655	0.0	897976	4971.162138912822	1.85
3986.4747410782193	1850	21.27761742178657	0.0	905935	4643.052549444084	1.85
3992.7294928966635	1850	19.02286560334258	0.0	1076599	6254.751818443989	1.85
3997.3886886553864	1850	18.363669844619846	0.0	758197	4659.195758722733	1.85
4004.1363110365423	1850	15.616047463463506	0.0	972798	6747.6223811563395	1.85
4010.8532368815086	1850	12.89912161849745	0.0	975811	6716.925844966057	1.85
4017.587303453988	1850	10.165055046017542	0.0	873429	6734.066572479907	1.85
4020.9562086968926	750	10.79614980311331	0.0	400322	3368.905242904231	-0.3500000000000001
4023.7471206029954	750	12.005237897009977	0.0	369834	2790.911906103334	0.75
4027.7460920986987	750	12.00626640130712	0.0	412837	3998.9714957028564	0.75
4032.1396027592264	750	11.612755740779237	0.0	401088	4393.510660527881	0.75
4038.4393569801427	750	9.31300151986301	0.0	365161	6299.7542209162275	0.75
4041.7564201243918	300	9.995938375613932	0.0	131610	3317.0631442490767	-0.15000000000000002
4044.204410624927	300	11.547947875078576	0.0	124011	2447.9905005353576	0.3
4046.013491167756	300	13.73886733224951	0.0	144254	1809.0805428290635	0.3
4048.9599276986464	300	14.792430801359327	0.0	149991	2946.436530890183	0.3
4055.331779836219	750	12.420578663786175	0.0	345516	6371.852137573152	0.3
4058.6613842084735	750	13.090974291532097	0.0	384505	3329.6043722540785	0.75
4060.961609395675	750	14.790749104329947	0.0	372093	2300.2251872021498	0.75
4063.809837202929	750	15.942521297076418	0.0	438281	2848.2278072535278	0.75
4066.5377450353108	750	17.214613464694686	0.0	398987	2727.9078323817344	0.75
4068.96127128912	750	18.791087210885685	0.0	393804	2423.526253809	0.75
4070.871821502321	750	20.880536997684665	0.0	331053	1910.550213201023	0.75
4077.107482227721	1850	18.644876272284773	0.0	846370	6235.660725399893	0.75

