20635.945781389404	750	4.0	6.619212714537035	450283	6619.212714537035	-27.71261467250925
20638.056743733654	300	5.8890376557490836	0.0	155580	2110.9623442509164	-0.15000000000000002
20639.862805737444	300	8.082975651959863	0.0	139857	1806.0620037892206	0.3
20642.580393648557	300	9.365387740844167	0.0	155432	2717.587911115697	0.3
20645.196561852288	300	10.749219537113932	0.0	163442	2616.1682037302335	0.3
20646.795615286846	300	13.150166102556996	0.0	126289	1599.0534345569358	0.3
20648.81933833739	300	15.126443052010968	0.0	153295	2023.723050546029	0.3
20652.015928395656	300	15.929852993747614	0.0	173849	3196.590058263353	0.3
20655.037507948768	300	16.9082734406336	0.0	150710	3021.579553114015	0.3
20656.914186036116	300	19.03159535328397	0.0	139105	1876.6780873496273	0.3
20659.25044357404	300	20.695337815359544	0.0	141840	2336.2575379244277	0.3
20661.268762213836	300	22.67701917556383	0.0	156148	2018.3186397957147	0.3
20663.33075755596	300	24.615023833442507	0.0	160746	2061.9953421213213	0.3
20668.401142407954	750	23.54463898144593	0.0	434409	5070.384851996578	0.3
20672.21423829692	750	23.731543092477082	0.0	337059	3813.095888968852	0.75
20675.17006790082	750	24.775713488576912	0.0	366214	2955.829603900168	0.75
20678.991998872014	750	24.95378251738194	0.0	360831	3821.9309711949704	0.75
20682.290703059625	750	25.65507832977309	0.0	372963	3298.704187608853	0.75
20685.515647356544	750	26.430134032855758	0.0	405596	3224.9442969173338	0.75
20689.757548650523	1200	26.188232738877957	0.0	586839	4241.9012939777995	0.75
20694.361561873724	1200	25.584219515676512	0.0	601738	4604.013223201443	1.2
20699.31009269196	1200	24.63568869743909	0.0	616206	4948.530818237422	1.2
20705.726168083955	1200	22.219613305447997	0.0	656471	6416.075391991093	1.2
20711.625422618457	1200	20.32035877094809	0.0	536667	5899.254534499909	1.2
20721.079780347634	1200	14.866001041769351	0.0	587236	9454.357729178737	1.2
20727.210208972232	750	12.735572417174666	0.0	379700	6130.428624594686	0.3
20731.663724393766	750	12.282056995637813	0.0	425781	4453.515421536853	0.75
20733.842806268483	750	14.102975120922235	0.0	277716	2179.081874715578	0.75
20737.028420716215	750	14.917360673192034	0.0	400396	3185.6144477302014	0.75
20741.77742429511	750	14.168357094298182	0.0	400508	4749.00357889385	0.75
20747.226799710385	750	12.718981679019933	0.0	358218	5449.37541527825	0.75
20752.54159320092	750	11.404188188485422	0.0	400322	5314.79349053451	0.75
20757.04330132628	750	10.902480063119542	0.0	369834	4501.70812536588	0.75
20761.810356889047	750	10.13542450035398	0.0	412837	4767.055562765564	0.75
20766.206732366947	750	9.739049022455827	0.0	401088	4396.375477898153	0.75
20770.309887785595	750	9.635893603804945	0.0	365161	4103.155418650882	0.75
20775.09194094935	750	8.85384044004848	0.0	321064	4782.053163756465	0.75
20780.671742940514	750	7.274038448882701	0.0	361565	5579.801991165778	0.75
20786.432844982453	750	5.512936406943945	0.0	378327	5761.102041938756	0.75
20788.386521935638	300	7.559259453760445	0.0	149991	1953.6769531834993	-0.15000000000000002
20790.47184686154	300	9.473934527859202	0.0	147968	2085.3249259012437	0.3
20792.72849764863	300	11.217283740765277	0.0	161857	2256.650787093924	0.3
20794.750022034543	300	13.195759354852434	0.0	145210	2021.5243859128416	0.3
20800.725268900518	750	11.220512488880201	0.0	438281	5975.246865972233	0.3
20807.063930587276	750	8.88185080212226	0.0	398987	6338.661686757941	0.75
20813.992540395888	750	5.9532409935103345	0.0	393804	6928.609808611926	0.75
20823.442808299245	750	4.0	3.4970269098487052	331053	9450.26790335904	-14.287215712349433
20825.670871605118	300	5.771936694130929	0.0	118421	2228.063305869071	-0.15000000000000002

