22737.906147685775	750	4.0	6.3928079957343495	450283	6392.80799573435	-26.7390743816577
22738.97523529551	300	6.93091239026107	0.0	155580	1069.0876097389298	-0.15000000000000002
22740.461010011997	300	9.445137673777062	0.0	139857	1485.7747164840077	0.3
22742.504569367782	300	11.40157831799436	0.0	155432	2043.559355782702	0.3
22744.540080221297	300	13.366067464480084	0.0	163442	2035.5108535142779	0.3
22745.511388247207	300	16.39475943856815	0.0	126289	971.3080259119344	0.3
22746.558397332166	300	19.347750353610195	0.0	153295	1047.009084957957	0.3
22749.872979221822	750	20.033168463954485	0.0	437162	3314.581889655708	0.3
22754.617586380144	1200	19.288561305633046	0.0	584846	4744.607158321439	0.75
22759.45259061729	1200	18.45355706848725	0.0	560821	4835.004237145793	1.2
22763.83521148797	1200	18.07093619780313	0.0	607410	4382.620870684119	1.2
22768.801930963567	1200	17.104216722207195	0.0	594078	4966.7194755959345	1.2
22773.72119804294	1200	16.184949642839143	0.0	624282	4919.26707936805	1.2
22777.363150103643	1200	16.542997582133466	0.0	687371	3641.9520607056793	1.2
22781.667159274395	1200	16.238988411382987	0.0	526950	4304.009170750478	1.2
22788.873959570043	1200	13.03218811573741	0.0	587876	7206.800295645578	1.2
22791.367069522614	750	14.539078163163051	0.0	360831	2493.1099525743593	0.3
22793.923948621847	750	15.982199063931189	0.0	372963	2556.8790992318627	0.75
22796.50244537814	750	17.403702307636983	0.0	405596	2578.496756294204	0.75
22798.86194160215	750	19.044206083625394	0.0	350713	2359.4962240115888	0.75
22801.86218274883	750	20.04396493694557	0.0	386472	3000.2411466798253	0.75
22805.17569043773	750	20.7304572480465	0.0	399894	3313.5076888990707	0.75
22809.509439876914	1200	20.396707808862125	0.0	656471	4333.749439184375	0.75
22813.673405277073	1200	20.2327424087037	0.0	536667	4163.965400158424	1.2
22816.688141327642	1200	21.21800635813367	0.0	587236	3014.7360505700285	1.2
22820.61849089344	1200	21.28765679233389	0.0	590335	3930.3495657997814	1.2
22823.61636840971	1200	22.289779276067915	0.0	696376	2997.8775162659754	1.2
22827.234411041005	1200	22.67173664477052	0.0	487160	3618.0426312973973	1.2
22834.533920092905	1200	19.372227592875607	0.0	622896	7299.509051894909	1.2
22840.542822641546	1200	17.363325044229313	0.0	641447	6008.902548646292	1.2
22843.823524895975	1200	18.082622789800443	0.0	570392	3280.702254428872	1.2
22848.211741149058	1200	17.69440653672065	0.0	620283	4388.216253079793	1.2
22852.677854924397	1200	17.228292761381624	0.0	584349	4466.113775339024	1.2
22859.660981673533	1200	14.245166012247784	0.0	670129	6983.126749133841	1.2
22875.824986022777	1200	4.0	1.9188383369987678	690253	16164.004349246552	-7.051004849094702
22877.69477773967	300	6.130208283109518	0.0	159914	1869.7917168904828	-0.6000000000000001
22878.958168188954	300	8.866817833822308	0.0	131610	1263.3904492872102	0.3
22880.16103847032	300	11.663947552458463	0.0	124011	1202.870281363844	0.3
22881.573800676237	300	14.251185346539812	0.0	144254	1412.762205918653	0.3
22883.209775093255	300	16.615210929525443	0.0	149991	1635.9744170143679	0.3
22885.937215659906	750	17.887770362873518	0.0	345516	2727.4405666519224	0.3
22888.96948975766	750	18.85549626511786	0.0	384505	3032.274097755657	0.75
22893.316034941985	1200	18.508951080793523	0.0	599477	4346.545184324337	0.75
22897.014666837345	1200	18.81031918543377	0.0	634861	3698.6318953597497	1.2
22900.068570609685	1200	19.756415413095112	0.0	630203	3053.903772338655	1.2
22903.160551204266	1200	20.664434818511385	0.0	638661	3091.9805945837293	1.2
22910.984409367262	2850	16.84057665551518	0.0	1231456	7823.858162996206	1.2000000000000002
22920.702260043698	2850	11.122725979080363	0.0	1364537	9717.850676434817	2.85

