16418.933036660383	750	4.0	6.602941104200595	450283	6602.941104200595	-27.642646748062557
16420.55428482896	300	6.378751831422763	0.0	155580	1621.2481685772375	-0.15000000000000002
16422.1892756229	300	8.743761037482852	0.0	139857	1634.990793939913	0.3
16424.151214866466	300	10.78182179391646	0.0	155432	1961.9392435663906	0.3
16426.18916602103	300	12.743870639348641	0.0	163442	2037.9511545678201	0.3
16427.9125196724	300	15.020516987977592	0.0	126289	1723.353651371049	0.3
16432.857065388303	750	14.075971272077375	0.0	352642	4944.545715900215	0.3
16437.696097789532	750	13.236938870847167	0.0	437162	4839.032401230209	0.75
16440.517808920544	750	14.41522773983666	0.0	374758	2821.711131010508	0.75
16442.97771916867	750	15.955317491708957	0.0	362795	2459.9102481277014	0.75
16445.98554623419	750	16.94749042618784	0.0	353220	3007.8270655211154	0.75
16449.392828061493	750	17.540208598887133	0.0	405134	3407.2818273007074	0.75
16452.56461907909	750	18.368417581290316	0.0	386351	3171.7910175968173	0.75
16455.970624248475	750	18.962412411904353	0.0	434409	3406.005169385963	0.75
16459.33152691138	750	19.60150974899876	0.0	337059	3360.902662905591	0.75
16462.670723705305	750	20.262312955075675	0.0	366214	3339.196793923086	0.75
16466.19650494553	750	20.73653171485179	0.0	360831	3525.781240223886	0.75
16469.35666873051	750	21.576367929869694	0.0	372963	3160.163784982095	0.75
16472.345648323975	750	22.587388336403865	0.0	405596	2988.9795934658277	0.75
16475.68134918319	750	23.25168747718928	0.0	350713	3335.700859214588	0.75
16478.87092325216	750	24.06211340821824	0.0	386472	3189.5740689710397	0.75
16481.9384098389	750	24.99462682148081	0.0	399894	3067.4865867374297	0.75
16485.316757721575	750	25.61627893880177	0.0	401853	3378.3478826790415	0.75
16487.775235079018	750	27.157801581359948	0.0	343800	2458.4773574418205	0.75
16495.76257571408	1850	23.17046094629918	0.0	897976	7987.34063506077	0.75
16507.93260040672	1850	15.000436253659826	0.0	905935	12170.024692639354	1.85
16514.88393136398	750	12.049105296399903	0.0	425781	6951.330957259922	-0.3500000000000001
16518.540178102146	750	12.392858558231806	0.0	277716	3656.2467381680967	0.75
16521.645148741292	750	13.28788791908463	0.0	400396	3104.970639147176	0.75
16524.947700183973	750	13.98533647640617	0.0	400508	3302.551442678462	0.75
16528.158421822536	750	14.774614837842444	0.0	358218	3210.7216385637253	0.75
16532.36361988042	750	14.569416779959171	0.0	400322	4205.1980578832745	0.75
16540.537612331616	750	10.395424328760123	0.0	369834	8173.992451199047	0.75
16543.998947660966	300	10.934088999412342	0.0	163444	3461.335329347782	-0.15000000000000002
16547.487782577195	300	11.445254083184526	0.0	179328	3488.834916227817	0.3
16550.292710799426	300	12.640325860955208	0.0	159914	2804.9282222293173	0.3
16552.678658393157	300	14.254378267221227	0.0	131610	2385.947593733981	0.3
16554.822864976544	300	16.110171683835215	0.0	124011	2144.2065833860133	0.3
16558.211929982663	750	16.721106677716826	0.0	378327	3389.0650061183887	0.3
16561.330836827998	750	17.602199832382723	0.0	390680	3118.906845334102	0.75
16564.272118755624	750	18.660917904755536	0.0	345516	2941.2819276271857	0.75
16566.90216455125	750	20.03087210912705	0.0	384505	2630.04579562849	0.75
16570.02925877578	750	20.90377788459963	0.0	372093	3127.0942245274186	0.75
16573.4226958155	750	21.510340844879583	0.0	438281	3393.437039720049	0.75
16576.201899016974	750	22.731137643405212	0.0	398987	2779.2032014743695	0.75
16578.829217729504	750	24.10381893087567	0.0	393804	2627.31871252954	0.75
16580.814086979117	750	26.118949681263672	0.0	331053	1984.8692496119966	0.75
16588.417781754157	1850	22.515254906222506	0.0	846370	7603.694775041168	0.75

