19749.63683831258	750	4.0	2.8598146493896546	450283	2859.8146493896547	-11.547202992375514
19750.513069843077	300	7.123768469505115	0.0	155580	876.2315304948851	-0.15000000000000002
19752.088094668612	750	9.548743643971175	0.0	350812	1575.0248255339393	0.3
19755.18232160438	1200	10.454516708199401	0.0	617681	3094.226935771775	0.75
19758.242637053794	1200	11.39420125878823	0.0	652874	3060.31544941117	1.2
19761.185691030674	1850	12.451147281910558	0.0	801058	2943.0539768776716	1.2000000000000002
19764.25255621493	1850	13.384282097652019	0.0	905515	3066.865184258541	1.85
19771.384091818036	2850	10.252746494551078	0.0	1638769	7131.53560310094	1.85
19774.01879466923	1200	11.618043643357414	0.0	584846	2634.7028511936637	-0.44999999999999996
19778.948899572795	1850	10.687938739795063	0.0	913888	4930.104903562352	1.2000000000000002
19782.44202956442	1200	11.194808748169725	0.0	607410	3493.1299916253383	0.5499999999999999
19787.64452653463	1850	9.992311777956063	0.0	917428	5202.496970213663	1.2000000000000002
19791.076242096307	1200	10.560596216279178	0.0	624282	3431.715561676885	0.5499999999999999
19794.448760014897	1200	11.188078297691561	0.0	687371	3372.5179185876173	1.2
19797.910089529414	1850	11.726748783174449	0.0	821631	3461.3295145171123	1.2000000000000002
19801.68681694887	1850	11.950021363720086	0.0	923170	3776.727419454363	1.85
19805.844852332244	1850	11.791985980342336	0.0	966699	4158.035383377751	1.85
19811.252386567165	1850	10.384451745422396	0.0	885714	5407.534234919939	1.85
19813.89290575732	1200	11.743932555265596	0.0	639204	2640.519190156801	0.5499999999999999
19817.74308193322	1850	11.893756379364657	0.0	923755	3850.1761759009382	1.2000000000000002
19821.817743258118	1850	11.819095054463299	0.0	891604	4074.6613249013585	1.85
19825.495601393723	1850	12.141236918861075	0.0	955231	3677.8581356022223	1.85
19829.295138480302	1850	12.341699832280272	0.0	968026	3799.5370865808045	1.85
19832.19075627316	1850	13.44608203941899	0.0	874175	2895.6177928612833	1.85
19837.998890566898	2850	11.637947745685615	0.0	1383735	5808.134293733374	1.85
19841.791786162354	1850	11.845052150229138	0.0	905935	3792.8955954564776	0.8500000000000001
19845.86380988222	1850	11.773028430362745	0.0	1076599	4072.023719866392	1.85
19848.807647922375	1850	12.829190390209185	0.0	758197	2943.83804015356	1.85
19852.45391224932	1850	13.182926063264262	0.0	972798	3646.2643269449236	1.85
19859.69519801194	2850	9.941640300641877	0.0	1561263	7241.285762622385	1.85
19862.339246593656	1200	11.29759171892867	0.0	570392	2644.0485817132076	-0.44999999999999996
19865.3678086063	1850	12.269029706283122	0.0	954453	3028.562012645546	1.2000000000000002
19868.577744271544	1850	13.059094041041806	0.0	885062	3209.9356652413167	1.85
19875.84040413342	2850	9.7964341791624	0.0	1587293	7262.659861879406	1.85
19877.8215060895	1200	11.815332223080622	0.0	690253	1981.1019560817763	-0.44999999999999996
19881.722402045172	1850	11.914436267408753	0.0	943942	3900.89595567187	1.2000000000000002
19884.648732726102	1850	12.98810558648047	0.0	728962	2926.3306809282817	1.85
19889.365603524824	1850	12.271234787759711	0.0	938587	4716.87079872076	1.85
19894.33758419493	1850	11.299254117650616	0.0	908665	4971.980670109094	1.85
19899.317269565643	1850	10.319568746941568	0.0	930577	4979.685370709049	1.85
19902.564818790568	1200	11.072019522015228	0.0	566904	3247.549224926339	0.5499999999999999
19909.542189058844	1850	8.09464925374198	0.0	1025005	6977.370268273248	1.2000000000000002
19912.65649574228	750	8.98034257030736	0.0	372093	3114.3066834346205	-0.3500000000000001
19920.036820192465	750	5.600018120125012	0.0	438281	7380.324450182349	0.75
19921.97323399718	300	7.663604315407063	0.0	167025	1936.413804717949	-0.15000000000000002
19923.81036788456	750	9.826470428030708	0.0	393804	1837.1338873763552	0.3
19926.392958992164	1200	11.243879320422407	0.0	538612	2582.5911076083025	0.75
19930.04057778368	1850	11.596260528910857	0.0	846370	3647.618791511548	1.2000000000000002

