17649.213064431468	750	4.0	4.316718207694552	450283	4316.718207694552	-17.81188829308657
17650.00847245987	300	7.204591971595131	0.0	155580	795.4080284048688	-0.15000000000000002
17652.163890896714	750	9.049173534751091	0.0	350812	2155.41843684404	0.3
17656.579349762185	1200	8.633714669280192	0.0	617681	4415.4588654709	0.75
17660.69570455932	750	8.51735987214677	0.0	411561	4116.354797133421	0.3
17663.333487284955	750	9.879577146510682	0.0	318564	2637.7827256360865	0.75
17670.828815899065	1200	6.384248532398488	0.0	561791	7495.328614112194	0.75
17673.821850707467	300	7.391213723998406	0.0	173849	2993.0348084000825	-0.6000000000000001
17678.969311170928	750	6.243753260537017	0.0	374758	5147.460463461389	0.3
17680.497622696475	300	8.71544173499083	0.0	139105	1528.3115255461876	-0.15000000000000002
17683.96123706489	750	9.251827366573716	0.0	353220	3463.6143684171125	0.3
17689.559954341606	1200	7.653110089857674	0.0	594078	5598.717276716042	0.75
17693.20259923357	750	8.01046519789615	0.0	386351	3642.644891961526	0.3
17697.32913575749	750	7.88392867397484	0.0	434409	4126.536523921308	0.75
17703.8863604108	750	5.326704020661883	0.0	337059	6557.224653312957	0.75
17705.28660562321	300	7.926458808257437	0.0	138313	1400.2452124044453	-0.15000000000000002
17709.410610842708	750	7.8024535887566655	0.0	360831	4124.005219500772	0.3
17715.31269066084	750	5.900373770622308	0.0	372963	5902.079818134357	0.75
17717.515516063988	300	7.697548367475396	0.0	165384	2202.825403146912	-0.15000000000000002
17724.24487901059	750	4.968185420876051	0.0	350713	6729.3629465993445	0.3
17726.215063315074	300	6.998001116390446	0.0	157671	1970.184304485605	-0.15000000000000002
17728.113994182055	300	9.099070249409582	0.0	157812	1898.9308669808634	0.3
17735.630328257823	1200	5.582736173643234	0.0	656471	7516.334075766348	0.29999999999999993
17738.259607392614	300	6.953457038851184	0.0	137654	2629.2791347920497	-0.6000000000000001
17739.913567197036	300	9.299497234426507	0.0	146754	1653.9598044246752	0.3
17744.921035060685	1200	8.292029370776033	0.0	590335	5007.467863650474	0.29999999999999993
17748.08326856788	750	9.129795863583293	0.0	425781	3162.2335071927414	0.3
17752.842774123365	1200	8.370290308100154	0.0	487160	4759.50555548314	0.75
17755.49869357721	750	9.71437085425289	0.0	400396	2655.919453847264	0.3
17760.77462571437	1200	8.438438717094082	0.0	641447	5275.9321371588085	0.75
17762.97093908535	750	10.242125346115547	0.0	358218	2196.3133709785334	0.3
17767.021124492006	1200	10.191939939455908	0.0	620283	4050.1854066596384	0.75
17770.41861405388	1200	10.794450377584358	0.0	584349	3397.48956187155	1.2
17774.766774002903	1200	10.44629042856086	0.0	670129	4348.1599490234985	1.2
17779.04805926363	1200	10.16500516783281	0.0	690253	4281.285260728051	1.2
17782.48455800097	1200	10.728506430494926	0.0	598727	3436.498737337882	1.2
17785.00678271604	1200	12.20628171542753	0.0	487812	2522.2247150673975	1.2
17789.76622281122	1850	11.44684162024545	0.0	938587	4759.440095182078	1.2000000000000002
17794.36540624779	1850	10.847658183677	0.0	908665	4599.18343656845	1.85
17797.152980263967	1200	12.060084167499427	0.0	587506	2787.574016177572	0.5499999999999999
17801.09287016408	1850	12.120194267386747	0.0	858450	3939.8899001126815	1.2000000000000002
17807.243519339434	1850	9.969545092032732	0.0	1025005	6150.649175354016	1.85
17811.342727690277	1200	9.870336741190496	0.0	599477	4099.208350842235	0.5499999999999999
17819.394458411927	1200	5.818606019536608	0.0	634861	8051.730721653888	1.2
17820.36374910569	300	8.84931532577363	0.0	167025	969.2906937629792	-0.6000000000000001
17822.609901604083	750	10.603162827381897	0.0	393804	2246.152498391731	0.3
17825.47361785086	1200	11.739446580602886	0.0	538612	2863.7162467790104	0.75
17829.420053694983	1850	11.793010736483044	0.0	846370	3946.4358441198415	1.2000000000000002

