7488.739796047646	750	4.0	4.948165992489615	450283	4948.165992489616	-20.527113767705345
7490.146581854241	300	6.593214193405611	0.0	155580	1406.7858065943897	-0.15000000000000002
7491.159226192108	300	9.580569855539265	0.0	139857	1012.6443378663465	0.3
7492.311676259361	300	12.428119788285638	0.0	155432	1152.4500672536267	0.3
7496.046539010896	750	12.693257036751803	0.0	411561	3734.8627515338358	0.3
7499.201240486595	750	13.538555561051464	0.0	318564	3154.7014757003385	0.75
7502.9818636883065	750	13.757932359340742	0.0	352642	3780.6232017107213	0.75
7511.089129444754	750	9.65066660289391	0.0	437162	8107.265756446832	0.75
7514.533048179869	750	10.20674786777804	0.0	374758	3443.9187351158707	0.75
7518.24128702058	750	10.498509027067557	0.0	362795	3708.238840710483	0.75
7519.377994392376	300	13.361801655270774	0.0	141840	1136.7073717967833	-0.15000000000000002
7523.137085298601	750	13.602710749046231	0.0	405134	3759.0909062245432	0.3
7526.768111642384	750	13.971684405262689	0.0	386351	3631.0263437835415	0.75
7532.8654417825755	750	11.87435426507124	0.0	434409	6097.33014019145	0.75
7537.985515587565	750	10.75428046008221	0.0	337059	5120.07380498903	0.75
7543.122832875082	750	9.616963172564423	0.0	366214	5137.317287517788	0.75
7546.070775108056	750	10.669020939590872	0.0	360831	2947.94223297355	0.75
7548.624826264259	750	12.114969783387236	0.0	372963	2554.0511562036377	0.75
7551.904475538915	750	12.835320508731508	0.0	405596	3279.649274655729	0.75
7555.3691760650745	750	13.370619982572212	0.0	350713	3464.7005261592954	0.75
7558.621819152278	750	14.11797689536868	0.0	386472	3252.643087203533	0.75
7562.723890905879	750	14.015905141767968	0.0	399894	4102.071753600712	0.75
7566.897184425983	750	13.842611621663172	0.0	401853	4173.293520104795	0.75
7570.394934315847	750	14.344861731799359	0.0	343800	3497.7498898638128	0.75
7575.3758890789795	750	13.363906968667141	0.0	359903	4980.954763132218	0.75
7580.549652994839	750	12.190143052807526	0.0	379700	5173.763915859614	0.75
7589.2630960587685	750	7.476699988878294	0.0	425781	8713.443063929233	0.75
7591.156166728889	300	9.583629318757799	0.0	111155	1893.0706701204947	-0.15000000000000002
7592.957300611188	300	11.782495436458463	0.0	153605	1801.1338822993378	0.3
7594.439408332391	300	14.300387715254713	0.0	149029	1482.1077212037496	0.3
7598.107777091723	750	14.632018955923593	0.0	358218	3668.36875933112	0.3
7601.46326769618	750	15.276528351465945	0.0	400322	3355.4906044576464	0.75
7604.587909323019	750	16.15188672462761	0.0	369834	3124.641626838336	0.75
7608.278696241651	750	16.4610998059951	0.0	412837	3690.7869186325092	0.75
7611.316898496611	750	17.42289755103534	0.0	401088	3038.20225495976	0.75
7613.893090295672	750	18.84670575197504	0.0	365161	2576.1917990603	0.75
7616.453385419668	750	20.2864106279787	0.0	321064	2560.295123996338	0.75
7618.98592902585	750	21.75386702179604	0.0	361565	2532.5436061826604	0.75
7621.376271077398	750	23.363524970247738	0.0	378327	2390.342051548303	0.75
7628.1260728733705	1850	20.613723174275375	0.0	930577	6749.801795972363	0.75
7633.789256145909	1850	18.95053990173676	0.0	858450	5663.183272538614	1.85
7640.985846191169	1850	15.753949856477552	0.0	1025005	7196.590045259207	1.85
7647.7023073196615	1850	13.037488727984769	0.0	886255	6716.461128492783	1.85
7651.876120922287	750	12.863675125359592	0.0	438281	4173.813602625178	-0.3500000000000001
7655.549661544103	750	13.190134503543147	0.0	398987	3673.540621816445	0.75
7659.587254294822	750	13.152541752824263	0.0	393804	4037.592750718884	0.75
7663.05917113862	750	13.68062490902653	0.0	331053	3471.916843797734	0.75
7665.96561513077	750	14.774180916876336	0.0	314107	2906.443992150194	0.75

