12139.752824834088	750	4.0	4.3779972098671385	450283	4377.997209867139	-18.075388002428696
12141.011102598	300	6.741722236087304	0.0	155580	1258.2777639126964	-0.15000000000000002
12143.558198421551	750	8.194626412537339	0.0	350812	2547.0958235499656	0.3
12146.557293720696	750	9.1955311133918	0.0	382355	2999.095299145539	0.75
12149.793494312778	750	9.959330521310415	0.0	411561	3236.2005920813863	0.75
12152.227572880422	750	11.525251953668457	0.0	318564	2434.078567641956	0.75
12154.930597447648	750	12.822227386441075	0.0	352642	2703.024567227383	0.75
12159.450419628121	1200	12.30240520596871	0.0	709534	4519.8221804723635	0.75
12163.753104111047	1200	11.99972072304285	0.0	584846	4302.68448292586	1.2
12168.119176780972	1200	11.633648053117398	0.0	560821	4366.072669925451	1.2
12174.04834049825	1200	9.704484335839785	0.0	607410	5929.163717277614	1.2
12179.378534566975	1200	8.374290267115414	0.0	594078	5330.1940687243705	1.2
12187.233793485866	1200	4.519031348222069	0.0	624282	7855.258918893346	1.2
12189.252855275166	300	6.49996955892122	0.0	179801	2019.0617893008496	-0.6000000000000001
12190.838430250202	300	8.91439458388648	0.0	140051	1585.5749750347395	0.3
12192.052514482784	300	11.700310351302331	0.0	138313	1214.084232584149	0.3
12193.358850136818	300	14.393974697268112	0.0	143509	1306.3356540342193	0.3
12194.698437284984	300	17.05438754910219	0.0	150616	1339.5871481659217	0.3
12198.131689207214	750	17.621135626872434	0.0	405596	3433.251922229754	0.3
12203.189019105317	1200	16.563805728768397	0.0	586839	5057.329898104036	0.75
12208.236449493266	1200	15.516375340819675	0.0	601738	5047.4303879487225	1.2
12213.398591495315	1200	14.354233338771051	0.0	616206	5162.142002048624	1.2
12218.218783235485	1200	13.534041598601105	0.0	656471	4820.191740169947	1.2
12222.606326835039	1200	13.146497999047103	0.0	536667	4387.543599554002	1.2
12228.47374941458	1200	11.279075419505789	0.0	587236	5867.422579541314	1.2
12232.731632959378	1200	11.021191874708839	0.0	590335	4257.8835447969495	1.2
12237.953352585699	1200	9.799472248387188	0.0	696376	5221.719626321651	1.2
12242.413309832738	1200	9.339515001348296	0.0	487160	4459.957247038892	1.2
12248.345378066171	1200	7.4074467679152525	0.0	622896	5932.068233433044	1.2
12255.059270753885	1200	4.693554080201154	0.0	641447	6713.892687714098	1.2
12258.628084150736	750	5.12474068335091	0.0	358218	3568.813396850243	0.3
12262.709008411386	750	5.043816422699533	0.0	400322	4080.924260651377	0.75
12266.53925836645	750	5.2135664676366344	0.0	369834	3830.249955062899	0.75
12270.258745790907	750	5.4940790431804905	0.0	412837	3719.487424456144	0.75
12273.917526908235	750	5.835297925851137	0.0	401088	3658.7811173293535	0.75
12277.086083378848	750	6.6667414552399284	0.0	365161	3168.556470611208	0.75
12279.771144920272	750	7.98167991381456	0.0	321064	2685.0615414253684	0.75
12283.202804307759	750	8.550020526329266	0.0	361565	3431.659387485293	0.75
12286.911721548457	750	8.841103285632096	0.0	378327	3708.91724069717	0.75
12290.2566665939	750	9.496158240189486	0.0	390680	3344.9450454426124	0.75
12294.15146252128	750	9.601362312808636	0.0	345516	3894.795927380848	0.75
12300.231127788777	750	7.5216970453129415	0.0	384505	6079.665267495695	0.75
12303.112035635617	300	8.640789198472044	0.0	145210	2880.9078468408975	-0.15000000000000002
12305.157823691768	300	10.595001142319994	0.0	172312	2045.788056152051	0.3
12306.86008368348	300	12.892741150609043	0.0	167025	1702.2599917109508	0.3
12308.356458616498	300	15.39636621759182	0.0	160064	1496.374933017223	0.3
12311.0907288603	750	16.66209597378941	0.0	331053	2734.2702438024116	0.3
12317.994252033885	1850	13.758572800206341	0.0	846370	6903.523173583067	0.75

