18068.216247219058	750	4.0	7.528019682657206	450283	7528.0196826572055	-31.62048463542598
18070.512601472125	300	5.7036457469296495	0.0	155580	2296.3542530703508	-0.15000000000000002
18072.517807143577	300	7.698440075476701	0.0	139857	2005.2056714529485	0.3
18074.91565189732	300	9.300595321732349	0.0	155432	2397.844753744352	0.3
18078.279266853475	300	9.936980365581523	0.0	163442	3363.614956150826	0.3
18080.530058874545	300	11.686188344512361	0.0	126289	2250.792021069161	0.3
18083.215678925288	300	13.000568293767628	0.0	153295	2685.6200507447343	0.3
18086.063219117863	300	14.153028101193177	0.0	173849	2847.5401925744527	0.3
18090.96821370584	750	13.248033513211759	0.0	374758	4904.9945879814195	0.3
18094.503000729597	750	13.713246489454024	0.0	362795	3534.787023757734	0.75
18098.418681237716	750	13.797565981335035	0.0	353220	3915.6805081189887	0.75
18102.432223084947	750	13.784024134105184	0.0	405134	4013.5418472298506	0.75
18106.669002921048	750	13.547244298002596	0.0	386351	4236.779836102589	0.75
18111.76014519833	750	12.456102020723073	0.0	434409	5091.142277279523	0.75
18116.07565808899	750	12.140589130059832	0.0	337059	4315.51289066324	0.75
18121.09470960726	750	11.121537611790977	0.0	366214	5019.051518268856	0.75
18126.59967981585	750	9.61656740320055	0.0	360831	5504.970208590426	0.75
18128.37807346611	300	11.83817375294239	0.0	150616	1778.39365025816	-0.15000000000000002
18130.86395053121	300	13.352296687838377	0.0	165384	2485.8770651040113	0.3
18133.159584082645	300	15.056663136404579	0.0	140881	2295.6335514337998	0.3
18137.26756455407	750	14.948682664980815	0.0	386472	4107.980471423763	0.3
18142.097998979636	750	14.118248239414696	0.0	399894	4830.43442556612	0.75
18146.62100531752	750	13.595241901530567	0.0	401853	4523.006337884127	0.75
18150.819974180296	750	13.396273038753396	0.0	343800	4198.968862777171	0.75
18155.1831924495	750	13.033054769545233	0.0	359903	4363.218269208163	0.75
18159.441302848776	750	12.774944370271168	0.0	379700	4258.110399274065	0.75
18164.736815031494	750	11.479432187552575	0.0	425781	5295.512182718593	0.75
18167.81341031377	750	12.402836905275615	0.0	277716	3076.59528227696	0.75
18172.13582952487	750	12.080417694178374	0.0	400396	4322.419211097242	0.75
18177.31116387949	750	10.90508333955282	0.0	400508	5175.334354625553	0.75
18181.727985683883	750	10.488261535157974	0.0	358218	4416.8218043948455	0.75
18186.008696748304	750	10.207550470737965	0.0	400322	4280.711064420009	0.75
18189.516070674086	750	10.700176544954429	0.0	369834	3507.3739257835364	0.75
18193.847512789936	750	10.368734429108994	0.0	412837	4331.442115845434	0.75
18197.84983108365	750	10.366416135391187	0.0	401088	4002.3182937178067	0.75
18202.319627666493	750	9.896619552550968	0.0	365161	4469.796582840218	0.75
18205.43019286983	750	10.786054349213888	0.0	321064	3110.56520333708	0.75
18208.612239687576	750	11.604007531466396	0.0	361565	3182.046817747493	0.75
18212.033716408463	750	12.182530810583694	0.0	378327	3421.476720882702	0.75
18215.58810287553	750	12.62814434351934	0.0	390680	3554.3864670643547	0.75
18219.800143772336	750	12.41610344670873	0.0	345516	4212.0408968106085	0.75
18221.55149731304	300	14.664749906006767	0.0	161857	1751.3535407019617	-0.15000000000000002
18225.431247634366	750	14.784999584682586	0.0	372093	3879.750321324182	0.3
18228.828488937474	750	15.387758281574838	0.0	438281	3397.2413031077485	0.75
18231.4685120533	750	16.747735165750722	0.0	398987	2640.0231158241168	0.75
18234.35810071128	750	17.858146507768964	0.0	393804	2889.5886579817584	0.75
18236.911566638064	750	19.304680580989167	0.0	331053	2553.4659267797997	0.75
18239.59556905259	750	20.620678166460085	0.0	314107	2684.00241452908	0.75

