4687.636220642441	750	4.0	2.3226168467032533	450283	2322.6168467032535	-9.237252440823989
4688.652067931688	300	6.984152710752376	0.0	155580	1015.8472892476235	-0.15000000000000002
4689.790139763788	300	9.84608087865267	0.0	139857	1138.0718320997075	0.3
4693.82374175683	1200	9.812478885611734	0.0	617681	4033.601993040934	0.29999999999999993
4699.279225082106	1200	8.356995560334807	0.0	652874	5455.483325276926	1.2
4702.60883664466	750	9.027383997780744	0.0	318564	3329.611562554064	0.3
4713.544569326009	1200	4.0	1.908348683567805	561791	10935.732681348549	-7.455899339341562
4715.20374542589	300	6.34082390011849	0.0	173849	1659.1760998815096	-0.6000000000000001
4716.5723269271975	300	8.972242398811453	0.0	150710	1368.581501307036	0.3
4719.437315332883	750	10.107253993125271	0.0	362795	2864.988405686183	0.3
4725.386161834957	1200	8.158407491051303	0.0	607410	5948.846502073968	0.75
4730.282567494534	750	7.262001831474731	0.0	405134	4896.405659576571	0.3
4733.730967837707	750	7.813601488301729	0.0	386351	3448.4003431730025	0.75
4736.676712153168	750	8.867857172840075	0.0	434409	2945.744315461654	0.75
4739.3519117036585	750	10.192657622349957	0.0	337059	2675.1995504901174	0.75
4743.985936544955	1200	9.558632781053813	0.0	587876	4634.0248412961455	0.75
4747.93057173447	1200	9.613997591539391	0.0	617242	3944.635189514422	1.2
4752.403380017942	1200	9.141189308067155	0.0	581493	4472.808283472238	1.2
4758.140250009314	1200	7.404319316696187	0.0	639204	5736.869991370968	1.2
4761.548793609241	750	7.995775716768452	0.0	350713	3408.5435999277347	0.3
4766.660602322535	750	6.883967003474905	0.0	386472	5111.808713293547	0.75
4768.79854947217	300	8.746019853839547	0.0	157812	2137.947149635358	-0.15000000000000002
4772.880669829611	750	8.663899496398463	0.0	401853	4082.1203574410843	0.3
4776.03436408089	750	9.510205245118884	0.0	343800	3153.694251279577	0.75
4782.755727072013	1200	6.788842253996435	0.0	587236	6721.36299112245	0.75
4784.316459942184	300	9.228109383824911	0.0	153938	1560.732870171525	-0.6000000000000001
4788.517391772321	1200	9.027177553688059	0.0	696376	4200.931830136852	0.29999999999999993
4791.450338897759	1200	10.09423042825026	0.0	487160	2932.947125437801	1.2
4795.280046762777	1200	10.26452256323301	0.0	622896	3829.7078650172502	1.2
4800.963377136215	1200	8.581192189794635	0.0	641447	5683.330373438374	1.2
4804.312685445877	750	9.231883880132392	0.0	358218	3349.308309662242	0.3
4809.363856056095	1200	8.180713269913664	0.0	620283	5051.170610218726	0.75
4812.598727507062	750	8.94584181894667	0.0	369834	3234.871450966995	0.3
4815.7158957770735	750	9.828673548935697	0.0	412837	3117.1682700109714	0.75
4820.304520665542	1200	9.24004866046691	0.0	690253	4588.6248884687875	0.75
4824.305888912013	1200	9.238680413996281	0.0	598727	4001.3682464706294	1.2
4827.2765881309615	1200	10.267981195048181	0.0	487812	2970.6992189480984	1.2
4831.21350981912	1200	10.331059506889368	0.0	575591	3936.921688158815	1.2
4835.154027843303	1200	10.390541482706759	0.0	605884	3940.5180241826083	1.2
4837.890073629545	1200	11.65449569646486	0.0	587506	2736.045786241899	1.2
4843.0422289641665	1850	10.502340361843043	0.0	858450	5152.155334621816	1.2000000000000002
4846.253271884321	1200	11.291297441688773	0.0	641452	3211.0429201542674	0.5499999999999999
4852.133241134411	1850	9.411328191598834	0.0	886255	5879.969250089941	1.2000000000000002
4859.010376323481	1200	6.534193002528727	0.0	634861	6877.135189070107	0.5499999999999999
4861.1830706252	300	8.361498700810017	0.0	167025	2172.6943017187095	-0.6000000000000001
4864.66766510489	750	8.876904221119807	0.0	393804	3484.594479690211	0.3
4866.647512899332	750	10.897056426678672	0.0	331053	1979.8477944411356	0.75
4869.481959812478	1200	12.062609513532221	0.0	550906	2834.4469131464502	0.75

