11190.127833864179	750	4.0	6.865112348267744	450283	6865.112348267744	-28.7699830975513
11192.188409781742	300	5.939424082436076	0.0	155580	2060.575917563924	-0.15000000000000002
11193.971963986029	300	8.155869878150016	0.0	139857	1783.5542042860604	0.3
11195.829901680698	300	10.297932183479393	0.0	155432	1857.9376946706218	0.3
11197.687124977057	300	12.440708887119614	0.0	163442	1857.2232963597808	0.3
11198.997224682176	300	15.130609182001447	0.0	126289	1310.099705118168	0.3
11202.42351584131	750	15.704318022866609	0.0	352642	3426.2911591348357	0.3
11207.198579443262	750	14.929254420914987	0.0	437162	4775.063601951622	0.75
11211.837426605307	750	14.29040725887106	0.0	374758	4638.847162043927	0.75
11216.86799199096	750	13.259841873218098	0.0	362795	5030.565385652963	0.75
11222.281886495204	750	11.8459473689727	0.0	353220	5413.894504245398	0.75
11235.048289951303	750	4.0	0.9204560871253415	405134	12766.403456098042	-3.2079611746389687
11240.925806845607	300	4.0	1.8775168943053369	160746	5877.516894305337	-8.22332264551295
11247.124693673904	300	4.0	2.1988868282977028	179801	6198.886828297703	-9.15521336168012
11251.185613560085	300	4.0	0.06091988618005052	140051	4060.9198861800505	0.03804448942578276
11255.156483277377	300	4.029130282708226	0.0	138313	3970.8697172917737	0.3
11260.3597456811	300	4.0	1.1741321210151172	143509	5203.262403723344	-4.748768120365004
11263.820763601472	300	4.538982079626962	0.0	150616	3461.017920373038	0.3
11266.743761307349	300	5.61598437374933	0.0	165384	2922.9977058776312	0.3
11269.315369502958	300	7.044376178141027	0.0	140881	2571.608195608304	0.3
11272.230635924243	300	8.129109756856787	0.0	157671	2915.26642128424	0.3
11276.182806129094	300	8.176939552004725	0.0	157812	3952.1702048520615	0.3
11280.689747486145	300	7.669998194952845	0.0	163927	4506.941357051881	0.3
11284.164565949957	300	8.195179731140346	0.0	137654	3474.8184638124985	0.3
11287.960329979625	300	8.399415701474247	0.0	146754	3795.764029666099	0.3
11291.880674750097	300	8.479070931002356	0.0	153938	3920.344770471892	0.3
11293.665915255016	300	10.693830426083755	0.0	181901	1785.2405049185998	0.3
11294.209161057013	300	14.150584624086068	0.0	111155	543.2458019976875	0.3
11294.850556737403	300	17.50918894369769	0.0	153605	641.3956803883785	0.3
11295.365854669393	300	20.993891011706605	0.0	149029	515.2979319910842	0.3
11296.27219263816	750	24.08755304294029	0.0	358218	906.3379687663141	0.3
11297.694113537591	1200	26.665632143509505	0.0	620283	1421.920899430786	0.75
11299.692944229724	1850	28.666801451376585	0.0	885062	1998.8306921329192	1.2000000000000002
11303.00459954313	2850	29.35514613797123	0.0	1587293	3311.655313405357	1.85
11306.483288257323	2850	29.876457423777136	0.0	1492672	3478.6887141940906	2.85
11311.26162177249	4300	29.098123908609733	0.0	2143948	4778.333515167403	2.8499999999999996
11315.261901431611	4300	29.097844249488567	0.0	1919781	4000.2796591211645	4.3
11319.78520345229	4300	28.574542228810778	0.0	2147467	4523.30202067779	4.3
11324.18537383962	4300	28.174371841479605	0.0	2133870	4400.170387331172	4.3
11329.328889033048	4300	27.03085664805328	0.0	2146120	5143.515193426328	4.3
11334.322938480107	4300	26.036807200992982	0.0	2108491	4994.049447060298	4.3
11339.342890705599	4300	25.01685497550158	0.0	2184571	5019.952225491401	4.3
11343.780552374232	4300	24.57919330686722	0.0	2121928	4437.6616686343605	4.3
11349.146805313654	4300	23.212940367445217	0.0	2219102	5366.252939422002	4.3
11354.511035624866	4300	21.848710056233326	0.0	2124950	5364.2303112118925	4.3
11359.590235034568	4300	20.7695106465303	0.0	2246506	5079.199409703026	4.3
11363.967628552351	4300	20.392117128747625	0.0	1961140	4377.393517782673	4.3
11372.415707600318	4300	15.944038080781603	0.0	2155012	8448.079047966023	4.3

