3372.941091890288	750	4.0	4.594934407378574	450283	4594.934407378574	-19.008217951727868
3373.924554601772	300	7.016537288516239	0.0	155580	983.462711483761	-0.15000000000000002
3375.0443888130008	300	9.896703077287517	0.0	139857	1119.8342112287223	0.3
3376.2483523835485	300	12.692739506739828	0.0	155432	1203.9635705476885	0.3
3381.4471291441614	750	11.493962746126806	0.0	411561	5198.776760613022	0.3
3383.8886174667323	750	13.052474423555989	0.0	318564	2441.4883225708177	0.75
3387.9929815982755	750	12.948110292012455	0.0	352642	4104.364131543534	0.75
3394.0114739869446	750	10.92961790334343	0.0	437162	6018.492388669024	0.75
3402.1739524046325	750	6.767139485655326	0.0	374758	8162.478417688105	0.75
3405.0861020329858	300	7.8549898573023	0.0	139105	2912.1496283530255	-0.15000000000000002
3406.9777644499636	300	9.963327440324246	0.0	141840	1891.6624169780541	0.3
3408.5008613431432	300	12.440230547144974	0.0	156148	1523.0968931792715	0.3
3409.909871447309	300	15.031220442978986	0.0	160746	1409.0101041659893	0.3
3413.5837102906107	750	15.35738159967723	0.0	434409	3673.8388433017553	0.3
3416.6880456492036	750	16.25304624108458	0.0	337059	3104.3353585926498	0.75
3421.122730358552	750	15.818361531735958	0.0	366214	4434.68470934862	0.75
3425.0415964410386	750	15.899495449249821	0.0	360831	3918.8660824861363	0.75
3429.471691336852	750	15.469400553436358	0.0	372963	4430.094895813463	0.75
3440.1245536602655	750	8.81653823002296	0.0	405596	10652.8623234134	0.75
3444.374418021354	300	8.566673868934664	0.0	140881	4249.864361088296	-0.15000000000000002
3448.7637883084954	300	8.177303581793295	0.0	157671	4389.37028714137	0.3
3453.704287010927	300	7.23680487936105	0.0	157812	4940.4987024322445	0.3
3457.7237794182943	300	7.217312471994104	0.0	163927	4019.492407366946	0.3
3459.631610903102	300	9.309480987186394	0.0	137654	1907.8314848077107	0.3
3460.8804704892204	300	12.060621401068287	0.0	146754	1248.859586118107	0.3
3463.9140671370174	750	13.027024753271203	0.0	379700	3033.596647797084	0.3
3467.432825664144	750	13.508266226144544	0.0	425781	3518.758527126657	0.75
3471.5256895081075	750	13.415402382181046	0.0	277716	4092.8638439634974	0.75
3474.8297393494013	750	14.111352540887657	0.0	400396	3304.04984129339	0.75
3477.45031567752	750	15.49077621276876	0.0	400508	2620.576328118895	0.75
3479.957201378258	750	16.983890512030733	0.0	358218	2506.8857007380275	0.75
3482.5448509958082	750	18.396240894480506	0.0	400322	2587.6496175502243	0.75
3484.9801723137216	750	19.96091957656748	0.0	369834	2435.321317913025	0.75
3487.9229499426306	750	21.018141947658073	0.0	412837	2942.777628909407	0.75
3490.4123100535903	750	22.528781836698442	0.0	401088	2489.3601109596325	0.75
3492.8580520924424	750	24.083039797846393	0.0	365161	2445.74203885205	0.75
3494.87257516919	750	26.06851672109871	0.0	321064	2014.5230767476835	0.75
3499.946434346579	1850	24.99465754370934	0.0	938587	5073.8591773893695	0.75
3506.116489615171	1850	22.824602275117673	0.0	908665	6170.055268591668	1.85
3512.3518077669	1850	20.589284123388676	0.0	930577	6235.318151728995	1.85
3517.713461489073	1850	19.227630401215414	0.0	858450	5361.65372217326	1.85
3524.2171845759476	1850	16.723907314340934	0.0	1025005	6503.72308687448	1.85
3529.7605231281213	1850	15.18056876216714	0.0	886255	5543.338552173794	1.85
3535.744932745222	1850	13.196159145066217	0.0	973972	5984.409617100923	1.85
3542.214461349117	1850	10.726630541171616	0.0	958994	6469.528603894599	1.85
3545.4753782867297	750	11.4657136035585	0.0	393804	3260.916937613116	-0.3500000000000001
3547.6833679782103	750	13.257723912077887	0.0	331053	2207.9896914806145	0.75
3549.351808088171	750	15.589283802116942	0.0	314107	1668.4401099609452	0.75

