17141.3205447747	750	4.0	4.236019030700693	450283	4236.019030700693	-17.46488183201298
17142.46325379228	300	6.857290982416554	0.0	155580	1142.7090175834455	-0.15000000000000002
17143.941183860486	300	9.379360914208803	0.0	139857	1477.9300682077526	0.3
17145.641554210575	300	11.678990564121813	0.0	155432	1700.37035008699	0.3
17147.186159686815	300	14.134385087878595	0.0	163442	1544.605476243219	0.3
17149.2355528767	750	16.084991897994126	0.0	318564	2049.393189884467	0.3
17152.79642741847	750	16.524117356222924	0.0	352642	3560.8745417712034	0.75
17158.871882247047	750	14.44866252764875	0.0	437162	6075.454828574172	0.75
17166.181956640892	750	11.138588133801541	0.0	374758	7310.07439384721	0.75
17171.94224824658	750	9.37829652811318	0.0	362795	5760.291605688361	0.75
17174.5107285435	300	10.809816231190867	0.0	141840	2568.4802969223124	-0.15000000000000002
17177.567331572718	300	11.753213201971706	0.0	156148	3056.6030292191613	0.3
17180.67129433959	300	12.649250435100386	0.0	160746	3103.96276687132	0.3
17183.03655735941	300	14.28398741528136	0.0	179801	2365.2630198190272	0.3
17184.183103332696	300	17.13744144199633	0.0	140051	1146.545973285032	0.3
17186.677123218302	750	18.643421556387707	0.0	366214	2494.019885608621	0.3
17189.21631106852	750	20.104233706170273	0.0	360831	2539.187850217434	0.75
17191.389407229282	750	21.931137545406592	0.0	372963	2173.09616076368	0.75
17193.221282564227	750	24.09926221046175	0.0	405596	1831.8753349448443	0.75
17200.734367041547	1850	20.586177733141632	0.0	923755	7513.084477320116	0.75
17207.91887240965	1850	17.40167236503777	0.0	891604	7184.505368103861	1.85
17216.36722697266	1850	12.953317802030112	0.0	955231	8448.354563007657	1.85
17221.74125136684	750	11.579293407851255	0.0	401853	5374.024394178856	-0.3500000000000001
17223.96341590479	750	13.357128869899356	0.0	343800	2222.1645379519	0.75
17225.789792608608	750	15.530752166080202	0.0	359903	1826.3767038191536	0.75
17227.36574228489	750	17.95480248979939	0.0	379700	1575.9496762808092	0.75
17232.34349155401	1850	16.97705322067398	0.0	1076599	4977.74926912541	0.75
17237.35564279505	1850	15.964901979637066	0.0	758197	5012.151241036915	1.85
17245.81200748147	1850	11.508537293219385	0.0	972798	8456.36468641768	1.85
17249.57326765217	750	11.747277122518353	0.0	400508	3761.260170701032	-0.3500000000000001
17252.358135682072	750	12.962409092613566	0.0	358218	2784.8680299047874	0.75
17256.778710322775	750	12.541834451912399	0.0	400322	4420.574640701167	0.75
17260.356110225934	750	12.964434548753466	0.0	369834	3577.3999031589315	0.75
17271.433903855996	750	5.886640918695499	0.0	412837	11077.793630057968	0.75
17276.778451054346	300	4.542093720343754	0.0	179328	5344.547198351745	-0.15000000000000002
17281.599315387906	300	4.0	0.2787706132167232	159914	4820.8643335604775	-0.8987136368319097
17286.177488692807	300	4.0	0.5781733048987917	131610	4578.173304898792	-2.1861452110648045
17290.098507735227	300	4.078980957580412	0.0	124011	3921.019042419588	0.3
17294.694177739366	300	4.0	0.5166890465596871	144254	4595.670004140099	-1.921762900206654
17299.276396742487	300	4.0	0.582219003119093	149991	4582.219003119093	-2.2035417134121
17303.606126840314	300	4.0	0.3297300978265912	147968	4329.730097826591	-1.117839420654342
17308.30055861781	300	4.0	0.6944317775013861	161857	4694.431777501386	-2.6860566432559603
17312.46297585803	300	4.0	0.16241724021910522	145210	4162.417240219105	-0.3983941329421525
17317.476075658484	300	4.0	1.0130998004559788	172312	5013.099800455979	-4.056329141960709
17322.318956188778	300	4.0	0.8428805302939681	167025	4842.880530293968	-3.324386280264063
17326.20558630021	300	4.113369888570238	0.0	160064	3886.630111429762	0.3
17327.90809018994	300	6.410865998837105	0.0	137507	1702.5038897331335	0.3
17328.960367256343	300	9.358588932435861	0.0	118421	1052.2770664012428	0.3

