1586.947352181135	750	4.0	0.8872836624630916	450283	887.2836624630917	-3.065319748591294
1587.8025936495367	750	7.144758531598576	0.0	398865	855.2414684014233	0.75
1589.6292685285919	1850	9.318083652543402	0.0	877771	1826.6748790551742	0.75
1591.765421057816	1850	11.181931123319464	0.0	933276	2136.152529223939	1.85
1593.8354465599832	1850	13.11190562115203	0.0	996749	2070.0255021674357	1.85
1595.41817314149	1850	15.529179039645461	0.0	801058	1582.7265815065682	1.85
1597.172981678262	1850	17.774370502873534	0.0	905515	1754.8085367719245	1.85
1599.5295561745822	1850	19.417796006553196	0.0	1060487	2356.5744963203374	1.85
1601.474778639071	1850	21.4725735420647	0.0	852833	1945.2224644884948	1.85
1603.5029463782569	1850	23.44440580287875	0.0	913888	2028.1677391859491	1.85
1605.5606269982209	1850	25.386725182914788	0.0	939819	2057.6806199639664	1.85
1607.8037232404945	1850	27.143628940641054	0.0	917428	2243.096242273731	1.85
1610.1735550919884	1850	28.77379708914699	0.0	946851	2369.8318514940647	1.85
1612.5810748364147	1850	30.36627734472069	0.0	1036454	2407.519744426301	1.85
1614.7573274789288	1850	32.190024702206635	0.0	821631	2176.252642514056	1.85
1617.1972143831522	1850	33.750137797983335	0.0	923170	2439.886904223297	1.85
1619.4626913679972	1850	35.4846608131383	0.0	966699	2265.476984845036	1.85
1625.8935031777123	4300	33.053849003423274	0.0	2059512	6430.811809715024	1.8499999999999996
1647.4002925071848	4300	15.547059673950914	0.0	2220726	21506.78932947236	4.3
1649.8382099317835	1850	17.109142249352207	0.0	923755	2437.917424598705	-0.6000000000000001
1652.393147599777	1850	18.554204581358587	0.0	891604	2554.93766799362	1.85
1655.4485555389074	1850	19.49879664222806	0.0	955231	3055.407939130523	1.85
1658.2671069332678	1850	20.680245247867763	0.0	968026	2818.551394360301	1.85
1660.6057931258154	1850	22.341559055320076	0.0	874175	2338.6861925476865	1.85
1663.4176489128208	1850	23.5297032683147	0.0	897976	2811.855787005373	1.85
1666.6503815930687	1850	24.296970588066753	0.0	905935	3232.7326802479456	1.85
1672.7540735544126	1850	22.193278626722847	0.0	1076599	6103.691961343905	1.85
1675.8399897972383	1850	23.107362383896973	0.0	758197	3085.916242825877	1.85
1678.532173657182	1850	24.415178523953205	0.0	972798	2692.1838599437706	1.85
1681.6959536544769	1850	25.251398526658487	0.0	975811	3163.779997294718	1.85
1685.0986936198012	1850	25.848658561334226	0.0	873429	3402.739965324263	1.85
1688.7422080575286	1850	26.205144123606914	0.0	954453	3643.5144377273114	1.85
1691.4928343847216	1850	27.454517796413878	0.0	885062	2750.626327193036	1.85
1695.0243435856828	1850	27.923008595452725	0.0	1035329	3531.509200961156	1.85
1698.5009656747961	1850	28.446386506339344	0.0	1026056	3476.62208911338	1.85
1700.693329185427	1850	30.25402299570866	0.0	943942	2192.363510630686	1.85
1702.5287267334322	1850	32.41862544770346	0.0	728962	1835.3975480051945	1.85
1704.618505470918	1850	34.32884671021752	0.0	938587	2089.778737485941	1.85
1706.6929285045455	1850	36.25442367659001	0.0	908665	2074.4230336275123	1.85
1711.5791894058777	4300	35.3681627752576	0.0	2146120	4886.260901332407	1.8499999999999996
1716.5287070722977	4300	34.418645108837694	0.0	2108491	4949.517666419913	4.3
1721.4819903216676	4300	33.46536185946776	0.0	2184571	4953.2832493699325	4.3
1726.1238719711719	4300	32.823480209963506	0.0	2121928	4641.881649504257	4.3
1731.106413216413	4300	31.840938964722234	0.0	2219102	4982.541245241272	4.3
1735.7694520209398	4300	31.177900160195502	0.0	2124950	4663.038804526732	4.3
1741.5770161711491	4300	29.370336009985888	0.0	2246506	5807.564150209615	4.3
1746.7001135044122	4300	28.247238676723015	0.0	1961140	5123.097333262871	4.3
1751.276855785528	4300	27.670496395607252	0.0	2155012	4576.742281115764	4.3

