16535.712660962898	750	4.0	2.7039540741785544	450283	2703.9540741785545	-10.877002518967783
16536.572887839513	300	7.139773123385195	0.0	155580	860.2268766148045	-0.15000000000000002
16538.2984306738	750	9.414230289098276	0.0	350812	1725.54283428692	0.3
16541.02526699209	1200	10.6873939708107	0.0	617681	2726.8363182875773	0.75
16545.747992042197	1200	9.964668920700369	0.0	652874	4722.725050110331	1.2
16549.626791727245	1200	10.085869235653531	0.0	520315	3878.799685046839	1.2
16556.25839474695	1200	7.454266215946169	0.0	561791	6631.603019707361	1.2
16559.077140218127	750	8.635520744772645	0.0	437162	2818.745471173524	0.3
16561.457804381538	750	10.254856581360066	0.0	374758	2380.66416341258	0.75
16564.731218227826	1200	10.98144273507427	0.0	560821	3273.4138462857964	0.75
16567.91764089121	1200	11.795020071689468	0.0	607410	3186.4226633848034	1.2
16572.058194544472	1850	11.65446641842625	0.0	917428	4140.553653263218	1.2000000000000002
16576.90691620719	1850	10.805744755709318	0.0	946851	4848.721662716932	1.85
16583.012666347662	1200	8.69999461523637	0.0	687371	6105.750140472949	0.5499999999999999
16585.706335021576	750	10.006325941322348	0.0	337059	2693.668673914022	0.3
16589.572695599716	1200	10.139965363182172	0.0	587876	3866.360578140175	0.75
16592.705873289397	1200	11.006787673500519	0.0	617242	3133.1776896816546	1.2
16604.647552726245	1850	4.0	0.9348917633483707	885714	11941.67943684889	-2.8200345823979935
16606.458472047852	300	6.189080678391594	0.0	165384	1810.9193216084059	-1.25
16607.433834124346	300	9.213718601899613	0.0	140881	975.3620764919815	0.3
16613.682342898206	1200	6.965209828038057	0.0	601738	6248.508773861555	0.29999999999999993
16614.72483010268	300	9.9227226235628	0.0	157812	1042.4872044752565	-0.6000000000000001
16619.23468060138	1200	9.412872124861813	0.0	656471	4509.850498700987	0.29999999999999993
16622.662375351578	1200	9.985177374666169	0.0	536667	3427.6947501956442	1.2
16626.485113066006	1200	10.162439660239299	0.0	587236	3822.737714426871	1.2
16630.43402253971	1200	10.21353018653423	0.0	590335	3948.909473705069	1.2
16634.9530074018	1200	9.694545324440917	0.0	696376	4518.9848620933135	1.2
16638.423612662813	1200	10.223940063429316	0.0	487160	3470.605261011601	1.2
16644.34011977722	1200	8.30743294902328	0.0	622896	5916.507114406037	1.2
16646.747617892768	750	9.899934833474365	0.0	400508	2407.4981155489154	0.3
16651.261945020313	1200	9.385607705928873	0.0	570392	4514.327127545492	0.75
16654.940926163574	1200	9.706626562669427	0.0	620283	3678.9811432594456	1.2
16658.19158596414	1200	10.455966762104786	0.0	584349	3250.659800564641	1.2
16668.53978467957	1200	4.107768046671268	0.0	670129	10348.198715433518	1.2
16671.51990081012	300	5.127651916123075	0.0	179328	2980.1161305481924	-0.6000000000000001
16673.60620616573	300	7.041346560516699	0.0	159914	2086.3053556063774	0.3
16678.078725167885	750	6.568827558360781	0.0	321064	4472.519002155917	0.3
16679.6635359741	300	8.984016752143598	0.0	124011	1584.8108062171823	-0.15000000000000002
16683.49423570171	750	9.153317024534168	0.0	378327	3830.69972760943	0.3
16687.98727842122	1200	8.660274305024064	0.0	587506	4493.042719510104	0.75
16690.12535789401	750	10.522194832236801	0.0	345516	2138.079472787263	0.3
16693.848342436926	1200	10.799210289317084	0.0	641452	3722.9845429197167	0.75
16696.84772917818	1200	11.799823548064724	0.0	599477	2999.3867412523623	1.2
16701.573407844622	1850	11.074144881620878	0.0	973972	4725.678666443846	1.2000000000000002
16705.90121962502	1850	10.746333101225268	0.0	958994	4327.811780395611	1.85
16708.828125939537	1200	11.81942678670456	0.0	638661	2926.906314520707	0.5499999999999999
16713.248235829164	1850	11.39931689707772	0.0	830730	4420.109889626841	1.2000000000000002
16718.629685001037	1850	10.017867725207436	0.0	846370	5381.449171870283	1.85

