18408.495648547272	750	4.0	2.943433872988283	450283	2943.4338729882834	-11.906765653849618
18409.30946192764	300	7.18618661963313	0.0	155580	813.8133803668703	-0.15000000000000002
18410.85550853513	750	9.640140012146148	0.0	350812	1546.0466074869817	0.3
18414.072634278957	1200	10.423014268319022	0.0	617681	3217.125743827126	0.75
18417.49770758404	1200	10.997940963238305	0.0	652874	3425.0733050807175	1.2
18420.23684619526	1200	12.258802352015794	0.0	520315	2739.1386112225123	1.2
18424.41862318738	1850	12.077025359899974	0.0	905515	4181.776992115819	1.2000000000000002
18428.85974000956	1850	11.635908537717047	0.0	1060487	4441.116822182927	1.85
18432.514698839237	1850	11.980949708042427	0.0	852833	3654.9588296746188	1.85
18436.65915904734	1850	11.836489499937743	0.0	913888	4144.460208104684	1.85
18440.7861174665	1850	11.709531080774163	0.0	939819	4126.9584191635795	1.85
18445.34761527608	1850	11.14803327119482	0.0	917428	4561.497809579343	1.85
18450.959395385755	1850	9.536253161519442	0.0	946851	5611.780109675377	1.85
18455.82573053834	1200	8.669918008932024	0.0	687371	4866.335152587419	0.5499999999999999
18457.97311840797	750	10.522530139305887	0.0	337059	2147.387869626137	0.3
18460.270295651408	1200	12.225352895866582	0.0	587876	2297.177243439305	0.75
18464.449035588812	1850	12.046612958459743	0.0	966699	4178.739937406836	1.2000000000000002
18468.202359509607	1850	12.293289037666623	0.0	885714	3753.32392079312	1.85
18472.512626354648	1850	11.983022192624354	0.0	987708	4310.266845042271	1.85
18476.497980922275	1850	11.997667624999833	0.0	923755	3985.354567624521	1.85
18480.330222977795	1850	12.165425569479542	0.0	891604	3832.2420555202916	1.85
18484.60067924733	1850	11.894969299942217	0.0	955231	4270.456269537324	1.85
18489.12898975578	1850	11.366658791494778	0.0	968026	4528.310508447438	1.85
18493.30370063132	1850	11.191947915954211	0.0	874175	4174.710875540566	1.85
18497.853925697058	1850	10.641722850214393	0.0	897976	4550.225065739818	1.85
18501.025903702463	1200	11.469744844809151	0.0	590335	3171.9780054052426	0.5499999999999999
18508.114559516645	1850	8.381089030626118	0.0	1076599	7088.655814183034	1.2000000000000002
18510.966552140442	750	9.529096406829465	0.0	277716	2851.9926237966515	-0.3500000000000001
18514.83764863327	1200	9.657999913998433	0.0	622896	3871.0964928310336	0.75
18519.66508509776	1200	8.830563449510397	0.0	641447	4827.436464488035	1.2
18522.91439979305	750	9.581248754217416	0.0	358218	3249.3146952929806	0.3
18529.80103841388	1200	6.694610133388899	0.0	620283	6886.638620828518	0.75
18531.451684520525	300	9.043964026743092	0.0	143881	1650.6461066458087	-0.6000000000000001
18537.252656283086	1200	7.2429922641772	0.0	670129	5800.971762565891	0.29999999999999993
18541.692456888486	750	6.803191658780826	0.0	401088	4439.800605396374	0.3
18544.944571317767	300	7.551077229501965	0.0	159914	3252.1144292788613	-0.15000000000000002
18549.178186021534	750	7.3174625257339105	0.0	321064	4233.614703768055	0.3
18556.923290419763	750	4.0	0.4276418724975765	361565	7745.104398231487	-1.088860051739579
18560.109905944188	300	4.813384475576528	0.0	144254	3186.615524423473	-0.15000000000000002
18563.20555717139	300	5.717733248372897	0.0	149991	3095.6512272036307	0.3
18565.583821637727	300	7.339468782036416	0.0	147968	2378.2644663364813	0.3
18572.7683805243	750	4.154909895463355	0.0	384505	7184.5588865730615	0.3
18575.87273911905	300	5.050551300711995	0.0	145210	3104.358594751359	-0.15000000000000002
18578.213216067084	300	6.7100743526818105	0.0	172312	2340.4769480301848	0.3
18580.20925699357	300	8.714033426196988	0.0	167025	1996.0409264848226	0.3
18583.01502722419	750	9.908263195576618	0.0	393804	2805.7702306203696	0.3
18586.418806730948	1200	10.504483688818953	0.0	538612	3403.779506757664	0.75
18594.303551702884	1200	6.619738716882607	0.0	550906	7884.744971936346	1.2

