14627.989771221537	750	4.0	4.782926972877741	450283	4782.926972877741	-19.816585983374285
14629.735055457677	300	6.254715763859471	0.0	155580	1745.2842361405292	-0.15000000000000002
14631.697802575796	300	8.291968645740148	0.0	139857	1962.7471181193237	0.3
14633.835562158185	300	10.154209063352807	0.0	155432	2137.75958238734	0.3
14635.71185849463	300	12.277912726907294	0.0	163442	1876.2963364455136	0.3
14636.827183957821	300	15.162587263716606	0.0	126289	1115.3254631906873	0.3
14639.58501171098	750	16.40475951055643	0.0	352642	2757.8277531601734	0.3
14643.465178340526	750	16.524592881010534	0.0	437162	3880.166629545899	0.75
14646.75088499468	750	17.23888622685727	0.0	374758	3285.7066541532604	0.75
14651.313585448832	750	16.676185772706514	0.0	362795	4562.700454150756	0.75
14657.408016604348	750	14.58175461719047	0.0	353220	6094.431155516046	0.75
14660.754265477595	750	15.235505743940994	0.0	405134	3346.248873249474	0.75
14663.663854374749	750	16.32591684678832	0.0	386351	2909.5888971526733	0.75
14666.821206667055	750	17.168564554481847	0.0	434409	3157.352292306476	0.75
14669.242662061393	750	18.747109160143957	0.0	337059	2421.455394337889	0.75
14672.262307697687	750	19.727463523850552	0.0	366214	3019.645636293406	0.75
14675.093705547315	750	20.89606567422368	0.0	360831	2831.39784962687	0.75
14678.139486392154	750	21.850284829385117	0.0	372963	3045.7808448385645	0.75
14685.829714374653	1200	18.160056846884757	0.0	639204	7690.2279825003625	0.75
14690.87626331071	1200	17.113507910828385	0.0	586839	5046.54893605637	1.2
14696.600648062169	1200	15.389123159369202	0.0	601738	5724.3847514591835	1.2
14707.73456799399	1200	8.255203227550213	0.0	616206	11133.91993181899	1.2
14712.62698647971	750	7.3627847418286425	0.0	401853	4892.4184857215705	0.3
14713.666059879284	300	10.323711342254253	0.0	137654	1039.073399574389	-0.15000000000000002
14714.814179483506	300	13.175591738031065	0.0	146754	1148.119604223189	0.3
14716.130319863845	300	15.859451357693155	0.0	153938	1316.1403803379094	0.3
14717.860528865329	300	18.12924235621003	0.0	181901	1730.209001483124	0.3
14720.542926114074	750	19.446845107463844	0.0	277716	2682.3972487461883	0.3
14724.227713659253	750	19.76205756228504	0.0	400396	3684.787545178803	0.75
14729.891459277836	750	18.098311943701113	0.0	400508	5663.745618583929	0.75
14735.784344782272	750	16.20542643926594	0.0	358218	5892.885504435173	0.75
14746.346892514859	750	9.64287870667937	0.0	400322	10562.547732586569	0.75
14749.302618512304	300	10.687152709234528	0.0	143881	2955.725997444843	-0.15000000000000002
14752.649346988796	300	11.340424232740935	0.0	163444	3346.728476493595	0.3
14757.721853869109	300	10.267917352427416	0.0	179328	5072.506880313519	0.3
14761.177942660104	300	10.81182856143221	0.0	159914	3456.088790995208	0.3
14762.508315448671	300	13.481455772865163	0.0	131610	1330.3727885670469	0.3
14763.394074835056	300	16.59569638648003	0.0	124011	885.7593863851368	0.3
14764.341973831424	300	19.64779739011167	0.0	144254	947.8989963683572	0.3
14766.737825799428	750	21.251945422108253	0.0	390680	2395.85196800342	0.3
14768.778857727648	750	23.21091349388743	0.0	345516	2041.0319282208275	0.75
14771.888550616406	1200	24.10122060513064	0.0	641452	3109.6928887567897	0.75
14774.878561362397	1200	25.111209859139663	0.0	599477	2990.0107459909723	1.2
14780.472744714363	1850	23.517026507174204	0.0	973972	5594.183351965459	1.2000000000000002
14787.995344527892	1850	19.99442669364652	0.0	958994	7522.59981352768	1.85
14792.84821282951	1850	19.14155839202489	0.0	982064	4852.868301621631	1.85
14800.087952003934	2850	15.90181921760245	0.0	1231456	7239.739174422441	1.85
14808.084574655371	2850	11.905196566165625	0.0	1364537	7996.6226514368245	2.85

