13911.448386232654	750	4.0	3.1328471558220468	450283	3132.8471558220467	-12.7212427700348
13912.510825392475	300	6.937560840178129	0.0	155580	1062.4391598218708	-0.15000000000000002
13913.383219199332	300	10.065167033322226	0.0	139857	872.393806855903	0.3
13917.040699316285	1200	10.407686916368704	0.0	617681	3657.480116953522	0.29999999999999993
13921.347769391343	1200	10.100616841310547	0.0	652874	4307.070075058156	1.2
13925.338064718158	1200	10.110321514494702	0.0	520315	3990.2953268158444	1.2
13930.080466886624	1200	9.367919346029572	0.0	561791	4742.402168465132	1.2
13936.576336226099	1200	6.872050006556757	0.0	709534	6495.869339472815	1.2
13937.906516610257	300	9.541869622398485	0.0	150710	1330.1803841582716	-0.6000000000000001
13941.838147542985	1200	9.610238689670716	0.0	560821	3931.6309327277686	0.29999999999999993
13947.54301970547	1200	7.905366527185683	0.0	607410	5704.872162485033	1.2
13950.379851736121	750	9.068534496535623	0.0	405134	2836.832030650058	0.3
13955.882051570443	1200	7.566334662212488	0.0	624282	5502.199834323135	0.75
13959.025596051075	750	8.422790181580474	0.0	434409	3143.5444806320133	0.3
13961.671651721916	750	9.776734510739963	0.0	337059	2646.0556708405106	0.75
13965.784579898449	1200	9.663806334207067	0.0	587876	4112.928176532897	0.75
13970.795825680127	1200	8.652560552528922	0.0	617242	5011.245781678145	1.2
13974.307909437326	750	9.140476795328814	0.0	372963	3512.0837572001074	0.3
13979.494959256079	1200	7.953426976576393	0.0	639204	5187.04981875242	0.75
13982.627553742152	750	8.820832490502859	0.0	350713	3132.5944860735353	0.3
13985.93630878006	750	9.512077452594992	0.0	386472	3308.7550379078666	0.75
13991.711553318679	1200	7.736832913975662	0.0	616206	5775.244538619331	0.75
13994.48302830121	750	8.965357931444371	0.0	401853	2771.474982531289	0.3
13996.53817320078	750	10.910213031875355	0.0	343800	2055.1448995690166	0.75
14000.175595794955	1200	11.272790437701293	0.0	587236	3637.422594174062	0.75
14006.261330047979	1850	9.187056184677786	0.0	905935	6085.734253023508	1.2000000000000002
14012.251390285031	1200	7.196995947624058	0.0	696376	5990.060237053728	0.5499999999999999
14014.659636364162	750	8.788749868494754	0.0	277716	2408.246079129302	0.3
14018.558412854636	750	8.889973378020565	0.0	400396	3898.7764904741884	0.75
14021.801396116882	750	9.646990115774438	0.0	400508	3242.9832622461286	0.75
14025.750155758167	1200	9.698230474489655	0.0	570392	3948.7596412847815	0.75
14031.493360939681	1200	7.955025292974454	0.0	620283	5743.205181515202	1.2
14034.235862534124	750	9.212523698531841	0.0	369834	2742.5015944426123	0.3
14039.702537178538	1200	7.745849054118238	0.0	670129	5466.674644413603	0.75
14042.99893191862	750	8.44945431403517	0.0	401088	3296.3947400830675	0.3
14045.597551254648	750	9.85083497800718	0.0	365161	2598.61933602799	0.75
14049.246943705099	1200	10.201442527557266	0.0	487812	3649.3924504499146	0.75
14053.951386340063	1200	9.496999892593811	0.0	575591	4704.442634963454	1.2
14059.129926857331	1200	8.318459375325558	0.0	605884	5178.540517268252	1.2
14062.579329929213	750	8.869056303445305	0.0	390680	3449.403071880253	0.3
14065.592555568146	750	9.855830664511501	0.0	345516	3013.2256389338027	0.75
14071.679367054487	1200	7.7690191781706	0.0	641452	6086.811486340901	0.75
14074.57335043312	750	8.875035799537585	0.0	372093	2893.983378633014	0.3
14077.425967544475	750	10.02241868818253	0.0	438281	2852.6171113550545	0.75
14081.14895570681	1200	10.29943052584702	0.0	630203	3722.9881623355104	0.75
14085.343655639326	1200	10.10473059333055	0.0	638661	4194.699932516471	1.2
14089.475664581218	1200	9.972721651440779	0.0	538612	4132.00894188977	1.2
14094.125010598582	1200	9.323375634076843	0.0	550906	4649.346017363936	1.2

