1434.0467057394249	750	4.0	1.9602828539084163	450283	1960.2828539084162	-7.67921627180619
1436.231393858191	750	5.815311881233627	0.0	398865	2184.6881187663726	0.75
1436.899138395552	300	9.147567343872637	0.0	139857	667.7445373609888	-0.15000000000000002
1438.5270027497374	750	11.519702989687296	0.0	382355	1627.864354185341	0.3
1440.0035264844093	750	14.04317925501532	0.0	411561	1476.523734671976	0.75
1443.6193620454092	1850	14.427343694015573	0.0	801058	3615.8355609997457	0.75
1447.7737732314042	1850	14.272932508020487	0.0	905515	4154.411185995087	1.85
1451.5497041017356	1850	14.497001637688854	0.0	1060487	3775.9308703316333	1.85
1457.2508957976552	1850	12.795809941769262	0.0	852833	5701.191695919594	1.85
1464.9284958847481	1850	9.118209854676271	0.0	913888	7677.600087092988	1.85
1467.7891518453328	750	10.257553894091663	0.0	353220	2860.6559605846096	-0.3500000000000001
1470.994505240181	750	11.052200499243366	0.0	405134	3205.3533948482973	0.75
1474.356584172092	750	11.69012156733236	0.0	386351	3362.0789319110054	0.75
1478.7231018861137	750	11.323603853310592	0.0	434409	4366.517714021768	0.75
1481.5317204131222	750	12.514985326301849	0.0	337059	2808.618527008745	0.75
1483.9557997938352	750	14.090905945588977	0.0	366214	2424.0793807128725	0.75
1486.39177417406	750	15.654931565364308	0.0	360831	2435.974380224669	0.75
1487.9725840332621	750	18.074121706161996	0.0	372963	1580.8098592023125	0.75
1492.4825397008187	1850	17.56416603860548	0.0	987708	4509.955667556514	0.75
1496.8339664354557	1850	17.212739303968462	0.0	923755	4351.426734637022	1.85
1501.6218610360602	1850	16.424844703364133	0.0	891604	4787.894600604326	1.85
1506.5758059446998	1850	15.470899794724378	0.0	955231	4953.944908639756	1.85
1511.409709700387	1850	14.636996039037061	0.0	968026	4833.903755687316	1.85
1515.1995427051702	1850	14.847163034254256	0.0	874175	3789.8330047828067	1.85
1519.07644193805	1850	14.97026380137421	0.0	897976	3876.8992328800446	1.85
1524.811510843343	1850	13.235194896081182	0.0	905935	5735.0689052930275	1.85
1530.6856114357001	1850	11.361094303724093	0.0	1076599	5874.10059235709	1.85
1533.5194494207715	1850	12.527256318652812	0.0	758197	2833.8379850712813	1.85
1537.3926426711444	1850	12.654063068280053	0.0	972798	3873.193250372758	1.85
1540.659087303313	1850	13.38761843611136	0.0	975811	3266.4446321686914	1.85
1543.4495482241882	1850	14.597157515236054	0.0	873429	2790.4609208753063	1.85
1547.4247834812518	1850	14.621922258172477	0.0	954453	3975.235257063578	1.85
1550.9095081510138	1850	15.1371975884103	0.0	885062	3484.724669762176	1.85
1553.2345219793422	1850	16.81218376008194	0.0	1035329	2325.013828328363	1.85
1555.3621897229061	1850	18.684516016517975	0.0	1026056	2127.667743563965	1.85
1561.0769478492743	4300	16.96975789014975	0.0	2143948	5714.758126368223	1.8499999999999996
1563.0880434853084	1850	18.958662254115907	0.0	728962	2011.095636033844	-0.6000000000000001
1565.8785509895647	1850	20.168154749859422	0.0	938587	2790.5075042564854	1.85
1568.5167749628038	1850	21.52993077662043	0.0	908665	2638.2239732389953	1.85
1571.0008732636256	1850	23.045832475798633	0.0	930577	2484.0983008217963	1.85
1573.225065880347	1850	24.821639859077216	0.0	858450	2224.192616721419	1.85
1575.563112276187	1850	26.483593463237398	0.0	1025005	2338.0463958398163	1.85
1577.5419539359523	1850	28.50475180347198	0.0	886255	1978.8416597654164	1.85
1579.985926911063	1850	30.060778828361453	0.0	973972	2443.9729751105256	1.85
1582.1378502642383	1850	31.9088554751863	0.0	958994	2151.9233531751515	1.85
1584.497297093685	1850	33.54940864573966	0.0	982064	2359.4468294466405	1.85
1587.0127350889584	1850	35.033970650466074	0.0	830730	2515.43799527359	1.85
1589.6796483555152	1850	36.36705738390923	0.0	846370	2666.9132665568486	1.85

