12705.454249087728	750	4.0	1.26305294249572	450283	1263.05294249572	-4.681127652731596
12706.446633235713	750	7.00761585201587	0.0	398865	992.3841479841305	0.75
12707.431745098542	750	10.022503989186353	0.0	350812	985.1118628295166	0.75
12708.918531610316	750	12.535717477413149	0.0	382355	1486.7865117732042	0.75
12710.861915668649	750	14.59233341907972	0.0	411561	1943.384058333429	0.75
12712.208064705295	750	17.246184382433626	0.0	318564	1346.1490366460964	0.75
12715.446805022342	1850	18.00744406538628	0.0	905515	3238.7403170473444	0.75
12719.142421087807	1850	18.31182799992212	0.0	1060487	3695.61606546416	1.85
12722.241544948067	1850	19.21270413966118	0.0	852833	3099.1238602609374	1.85
12725.278761991334	1850	20.175487096393447	0.0	913888	3037.217043267733	1.85
12728.898106771308	1850	20.556142316419166	0.0	939819	3619.344779974281	1.85
12732.440457369989	1850	21.01379171773926	0.0	917428	3542.350598679907	1.85
12736.445599425902	1850	21.00864966182572	0.0	946851	4005.1420559135363	1.85
12740.6498551204	1850	20.80439396732926	0.0	1036454	4204.255694496462	1.85
12743.923862517338	1850	21.530386570390565	0.0	821631	3274.0073969386967	1.85
12747.143316631553	1850	22.31093245617575	0.0	923170	3219.4541142148164	1.85
12750.83835631625	1850	22.61589277147922	0.0	966699	3695.039684696531	1.85
12753.990511371245	1850	23.463737716483458	0.0	885714	3152.1550549957624	1.85
12757.386894124505	1850	24.067354963222694	0.0	987708	3396.3827532607665	1.85
12760.622811962063	1850	24.831437125667087	0.0	923755	3235.917837555608	1.85
12764.678412790214	1850	24.77583629751452	0.0	891604	4055.6008281525637	1.85
12768.78325766458	1850	24.670991423149303	0.0	955231	4104.844874365219	1.85
12772.10602068793	1850	25.348228399799282	0.0	968026	3322.7630233500195	1.85
12774.851782258522	1850	26.602466829208385	0.0	874175	2745.7615705908984	1.85
12777.621408204997	1850	27.832840882733073	0.0	897976	2769.6259464753102	1.85
12780.937187579471	1850	28.517061508257488	0.0	905935	3315.779374475589	1.85
12786.699209600381	1850	26.755039487348313	0.0	1076599	5762.022020909176	1.85
12789.523603853855	1850	27.930645233873733	0.0	758197	2824.394253474581	1.85
12793.244313840903	1850	28.209935246825992	0.0	972798	3720.7099870477405	1.85
12798.402180361558	1850	27.052068726171214	0.0	975811	5157.866520654777	1.85
12802.81781655546	1850	26.6364325322681	0.0	873429	4415.636193903115	1.85
12806.893740512498	1850	26.560508575230624	0.0	954453	4075.923957037474	1.85
12811.106616169538	1850	26.347632918189717	0.0	885062	4212.875657040908	1.85
12815.515263815289	1850	25.93898527243806	0.0	1035329	4408.647645751653	1.85
12820.518793266598	1850	24.935455821129278	0.0	1026056	5003.529451308782	1.85
12824.495007746638	1850	24.959241341087953	0.0	943942	3976.2144800413257	1.85
12827.016874985939	1850	26.43737410178867	0.0	728962	2521.867239299283	1.85
12830.30842080798	1850	27.145828279747814	0.0	938587	3291.545822040857	1.85
12833.434145349867	1850	28.020103737859607	0.0	908665	3125.724541888205	1.85
12836.870117208891	1850	28.58413187883674	0.0	930577	3435.9718590228695	1.85
12841.211640925078	1850	28.242608162649695	0.0	858450	4341.523716187043	1.85
12846.014416088738	1850	27.439832998989303	0.0	1025005	4802.7751636603925	1.85
12849.892103633836	1850	27.56214545389076	0.0	886255	3877.687545098544	1.85
12853.556331589165	1850	27.89791749856217	0.0	973972	3664.2279553285907	1.85
12857.647262058172	1850	27.8069870295544	0.0	958994	4090.9304690077697	1.85
12859.886684944848	1850	29.567564142878627	0.0	982064	2239.422886675774	1.85
12862.483433731872	1850	30.970815355854832	0.0	830730	2596.7487870237915	1.85
12864.796987538148	1850	32.657261549578344	0.0	846370	2313.553806276491	1.85

