13218.90793195724	750	4.0	3.1328471558220468	450283	3132.8471558220467	-12.7212427700348
13219.97037111706	300	6.937560840178129	0.0	155580	1062.4391598218708	-0.15000000000000002
13220.842764923917	300	10.065167033322226	0.0	139857	872.393806855903	0.3
13223.097285439166	750	11.810646518073803	0.0	382355	2254.5205152484227	0.3
13225.724847815536	750	13.183084141703688	0.0	411561	2627.562376370115	0.75
13227.671835023666	750	15.23609693357376	0.0	318564	1946.9872081299263	0.75
13230.163106502718	750	16.74482545452186	0.0	352642	2491.2714790519026	0.75
13233.973777812142	750	16.934154145098173	0.0	437162	3810.6713094236875	0.75
13237.061266129433	750	17.846665827808064	0.0	374758	3087.488317290108	0.75
13240.192010131383	750	18.715921825857173	0.0	362795	3130.744001950895	0.75
13243.651631968893	750	19.256299988347482	0.0	353220	3459.621837509685	0.75
13247.003980011115	750	19.903951946125368	0.0	405134	3352.3480422221196	0.75
13249.602752316967	750	21.30517964027407	0.0	386351	2598.7723058512975	0.75
13253.491924789425	750	21.416007167814872	0.0	434409	3889.1724724591977	0.75
13256.60764059073	750	22.300291366509974	0.0	337059	3115.715801304898	0.75
13259.148548540616	750	23.759383416622345	0.0	366214	2540.9079498876285	0.75
13262.641781728766	750	24.266150228474572	0.0	360831	3493.233188147772	0.75
13265.293537403631	750	25.614394553607305	0.0	372963	2651.7556748672673	0.75
13268.626241561189	750	26.281690396050777	0.0	405596	3332.704157556528	0.75
13275.333877188092	1850	23.574054769147676	0.0	923755	6707.635626903102	0.75
13282.969623669362	1850	19.93830828787778	0.0	891604	7635.746481269893	1.85
13290.95725527432	1850	15.950676682918802	0.0	955231	7987.631604958981	1.85
13299.570238558357	1850	11.337693398881951	0.0	968026	8612.98328403685	1.85
13304.978637483408	1850	9.92929447383279	0.0	874175	5408.398925049162	1.85
13307.325832949731	750	11.582099007508091	0.0	359903	2347.195466324699	-0.3500000000000001
13309.580986889945	750	13.326945067293732	0.0	379700	2255.1539402143603	0.75
13312.594309767057	750	14.313622190182615	0.0	425781	3013.3228771111153	0.75
13315.06113131914	750	15.846800638097113	0.0	277716	2466.821552085502	0.75
13318.482901740019	750	16.42503021721951	0.0	400396	3421.7704208776013	0.75
13321.889002186974	750	17.018929770263853	0.0	400508	3406.1004469556574	0.75
13325.2887307945	750	17.619201162737813	0.0	358218	3399.7286075260417	0.75
13328.721295526215	750	18.1866364310241	0.0	400322	3432.5647317137127	0.75
13331.292623318399	750	19.615308638838865	0.0	369834	2571.3277921852346	0.75
13334.70239460848	750	20.205537348757517	0.0	412837	3409.771290081349	0.75
13338.537182891087	750	20.370749066151692	0.0	401088	3834.788282605821	0.75
13341.0683802304	750	21.83955172683945	0.0	365161	2531.1973393122435	0.75
13344.15032168737	750	22.757610269867598	0.0	321064	3081.941456971855	0.75
13346.951002519878	750	23.95692943736085	0.0	361565	2800.6808325067477	0.75
13353.669348803258	1850	21.238583153981384	0.0	908665	6718.346283379466	0.75
13360.883831893594	1850	18.024100063643115	0.0	930577	7214.483090338267	1.85
13368.163261504526	1850	14.744670452712292	0.0	858450	7279.429610930825	1.85
13377.293726317042	1850	9.614205640195932	0.0	1025005	9130.464812516359	1.85
13380.823242557028	750	10.084689400209928	0.0	372093	3529.516239986004	-0.3500000000000001
13383.873032734484	750	11.034899222753854	0.0	438281	3049.790177456075	0.75
13386.24003955305	750	12.667892404187963	0.0	398987	2367.0068185658915	0.75
13388.56742038391	750	14.340511573328733	0.0	393804	2327.38083085923	0.75
13390.536017885002	750	16.371914072235114	0.0	331053	1968.5975010936177	0.75
13392.88509041085	750	18.02284154638859	0.0	314107	2349.0725258465254	0.75

