1325.314575323694	750	4.0	4.127748728925795	450283	4127.748728925795	-16.999319534380916
1327.9385150578066	300	5.376060265887466	0.0	155580	2623.939734112534	-0.15000000000000002
1329.0551085440668	300	8.259466779627365	0.0	139857	1116.593486260102	0.3
1331.4097720950856	750	9.904803228608452	0.0	382355	2354.6635510189108	0.3
1334.9801480023054	1200	10.334427321388594	0.0	652874	3570.375907219858	0.75
1338.512292391938	1200	10.802282931756237	0.0	520315	3532.1443896323567	1.2
1342.4840236177226	1200	10.830551705971487	0.0	561791	3971.731225784749	1.2
1349.6088972321165	1200	7.7056780915775684	0.0	709534	7124.8736143939195	1.2
1355.7967533222009	750	5.517822001493052	0.0	374758	6187.856090084516	0.3
1357.6185651952521	300	7.696010128441732	0.0	139105	1821.8118730513197	-0.15000000000000002
1360.47734191342	750	8.83723341027402	0.0	353220	2858.776718167711	0.3
1363.59741110541	750	9.717164218283964	0.0	405134	3120.0691919900564	0.75
1367.740248949854	1200	9.57432637384002	0.0	624282	4142.837844443943	0.75
1371.1348899309216	1200	10.179685392772418	0.0	687371	3394.6409810676023	1.2
1373.307958042923	1200	12.006617280770973	0.0	526950	2173.068112001444	1.2
1376.8824593042348	1850	12.43211601945943	0.0	923170	3574.5012613115427	1.2000000000000002
1380.5710836383664	1850	12.743491685327754	0.0	966699	3688.624334131676	1.85
1383.8464892474126	1850	13.46808607628131	0.0	885714	3275.405609046443	1.85
1388.4220527644288	2850	12.892522559265116	0.0	1537156	4575.563517016196	1.85
1390.9091088307016	1850	14.405466492992346	0.0	923755	2487.0560662727694	0.8500000000000001
1395.1461619528936	2850	14.168413370800096	0.0	1415116	4237.053122192249	1.85
1400.850891805367	2850	12.463683518326873	0.0	1468126	5704.729852473223	2.85
1405.6460794780198	1850	11.668495845673869	0.0	968026	4795.187672653003	0.8500000000000001
1408.0195566245134	1850	13.29501869918035	0.0	874175	2373.477146493521	1.85
1412.3605735858462	2850	12.954001737847392	0.0	1383735	4341.016961332958	1.85
1415.5048240413616	1850	13.80975128233182	0.0	905935	3144.2504555155697	0.8500000000000001
1425.86335818638	2850	7.451217137313452	0.0	1547572	10358.53414501837	1.85
1427.1863879782263	750	10.128187345466955	0.0	277716	1323.0297918464955	-1.35
1432.0781518939755	1200	9.236423429717876	0.0	622896	4891.763915749079	0.75
1435.466014847894	1200	9.8485604757993	0.0	641447	3387.8629539185763	1.2
1438.174202738558	1200	11.140372585135328	0.0	570392	2708.18789066397	1.2
1444.1228912154672	1850	9.191684108226077	0.0	954453	5948.68847690925	1.2000000000000002
1446.9977319029977	1200	10.316843420695546	0.0	584349	2874.8406875305327	0.5499999999999999
1449.3283624493117	1200	11.986212874381506	0.0	670129	2330.6305463140397	1.2
1452.7699106370947	1850	12.544664686598582	0.0	1026056	3441.548187782925	1.2000000000000002
1456.6022029127862	1850	12.71237241090697	0.0	943942	3832.2922756916123	1.85
1459.4470055386732	1850	13.867569785020132	0.0	728962	2844.802625886837	1.85
1465.7439133221858	2850	11.570662001507477	0.0	1499009	6296.9077835126545	1.85
1471.9955019646104	1850	9.319073359083024	0.0	908665	6251.588642424452	0.8500000000000001
1474.3497021869211	1200	10.96487313677227	0.0	587506	2354.2002223107534	0.5499999999999999
1476.6744392546818	1200	12.640136069011692	0.0	566904	2324.737067760577	1.2
1480.502626149365	1850	12.811949174328491	0.0	1025005	3828.186894683202	1.2000000000000002
1485.8411888969306	1850	11.473386426763021	0.0	886255	5338.562747565469	1.85
1489.8573257213366	1850	11.457249602357145	0.0	973972	4016.136824405877	1.85
1493.5872107747928	1850	11.727364548900939	0.0	958994	3729.885053456206	1.85
1497.634539144867	1850	11.680036178826798	0.0	982064	4047.328370074139	1.85
1500.4541905469905	1850	12.86038477670305	0.0	830730	2819.651402123748	1.85
1502.2357722733634	1850	15.078803050330245	0.0	846370	1781.5817263728043	1.85

