10065.449736702549	750	4.0	1.464606764188326	450283	1464.606764188326	-5.547809086009802
10066.684722898073	750	6.765013804474078	0.0	398865	1234.9861955259219	0.75
10069.73178478139	1850	7.717951921156034	0.0	877771	3047.0618833180433	0.75
10072.649267966659	1850	8.800468735886842	0.0	933276	2917.4831852691927	1.85
10075.759512321469	1850	9.690224381077908	0.0	996749	3110.244354808935	1.85
10078.208013959164	1850	11.241722743382594	0.0	801058	2448.5016376953145	1.85
10083.759309649779	2850	9.69042705276786	0.0	1388403	5551.295690614735	1.85
10088.868923128122	2850	8.580813574423061	0.0	1638769	5109.613478344799	2.85
10093.908070885025	2850	7.541665817519813	0.0	1348011	5039.147756903248	2.85
10102.88241449614	2850	4.0	1.4326777935964428	1429765	8974.343611116255	-3.3105145124647035
10104.216328669956	750	6.666085826185175	0.0	353220	1333.914173814825	-1.35
10106.074210305738	750	8.808204190402957	0.0	405134	1857.8816357822182	0.75
10108.543960786936	1200	10.338453709205007	0.0	624282	2469.750481197951	0.75
10111.446970316536	1200	11.435444179604064	0.0	687371	2903.009529600943	1.2
10114.117231002327	1200	12.765183493814193	0.0	526950	2670.2606857898704	1.2
10116.704174534461	1200	14.178239961681198	0.0	587876	2586.9435321329943	1.2
10120.921166582084	1850	13.96124791405867	0.0	966699	4216.992047622527	1.2000000000000002
10124.560495487893	1850	14.32191900824955	0.0	885714	3639.328905809122	1.85
10128.859485487676	1850	14.022929008467315	0.0	987708	4298.989999782233	1.85
10132.479337685498	1850	14.403076810644595	0.0	923755	3619.85219782272	1.85
10136.04717809864	1850	14.835236397500003	0.0	891604	3567.840413144593	1.85
10139.446759751703	1850	15.43565474443769	0.0	955231	3399.581653062312	1.85
10145.317949414955	2850	13.564465081186484	0.0	1505760	5871.189663251207	1.85
10150.163060154333	2850	12.719354341808723	0.0	1323990	4845.11073937776	2.85
10155.249467329542	2850	11.632947166599148	0.0	1383735	5086.407175209575	2.85
10164.605075535037	2850	6.27733896110629	0.0	1480464	9355.608205492857	2.85
10168.329177566136	1200	6.5532369300063875	0.0	696376	3724.1020310999024	-0.44999999999999996
10170.741845724266	1200	8.140568771877664	0.0	487160	2412.668158128723	1.2
10175.69638335037	1200	7.186031145773707	0.0	622896	4954.537626103957	1.2
10180.792098714459	1200	6.0903157816849935	0.0	641447	5095.715364088714	1.2
10184.100667412093	750	6.781747084052669	0.0	358218	3308.5686976323245	0.3
10188.024578888122	750	6.8578356080242155	0.0	400322	3923.911476028454	0.75
10190.906881011522	750	7.97553348462415	0.0	369834	2882.3021234000653	0.75
10193.534131804883	750	9.348282691262831	0.0	412837	2627.2507933613188	0.75
10196.022255652544	750	10.860158843601052	0.0	401088	2488.1238476617805	0.75
10198.209950143537	750	12.672464352609046	0.0	365161	2187.6944909920057	0.75
10200.02319526064	750	14.859219235506796	0.0	321064	1813.2451171022499	0.75
10201.926013450486	750	16.956401045658804	0.0	361565	1902.818189847992	0.75
10205.919495253838	1200	16.962919242306388	0.0	605884	3993.481803352417	0.75
10209.528832090005	1200	17.353582406138933	0.0	587506	3609.336836167454	1.2
10213.250594524989	1200	17.631819971154822	0.0	566904	3721.7624349841076	1.2
10217.280267716616	1200	17.602146779527263	0.0	641452	4029.673191627562	1.2
10225.011057423115	1850	13.87135707302962	0.0	886255	7730.789706497643	1.2000000000000002
10236.622438475404	1200	6.259976020740178	0.0	634861	11611.381052289442	0.5499999999999999
10241.46293533609	300	5.419479160054193	0.0	167025	4840.496860685985	-0.6000000000000001
10245.33941053323	300	5.543003962914814	0.0	160064	3876.475197139379	0.3
10248.414766224445	300	6.467648271700535	0.0	137507	3075.3556912142794	0.3
10251.139349607947	300	7.74306488819962	0.0	118421	2724.583383500914	0.3

