10893.038077217101	750	4.0	2.287148895543779	450283	2287.148895543779	-9.084740250838248
10894.064752494063	300	6.973324723036945	0.0	155580	1026.6752769630546	-0.15000000000000002
10894.946276882887	300	10.09180033421328	0.0	139857	881.5243888236656	0.3
10897.087179202512	750	11.950898014589086	0.0	382355	2140.9023196241947	0.3
10899.1706965747	750	13.867380642402324	0.0	411561	2083.517372186761	0.75
10900.66137578621	750	16.376701430889703	0.0	318564	1490.679211512622	0.75
10905.282109116439	1850	15.755968100661812	0.0	905515	4620.733330227889	0.75
10917.371081066445	1850	7.666996150656456	0.0	1060487	12088.971950005356	1.85
10923.85454569988	750	5.183531517221212	0.0	374758	6483.464633435244	-0.3500000000000001
10928.051099392691	300	4.986977824408822	0.0	139105	4196.55369281239	-0.15000000000000002
10931.450750472171	300	5.587326744929163	0.0	141840	3399.6510794796595	0.3
10934.336546129613	300	6.701531087488061	0.0	156148	2885.795657441101	0.3
10937.062694528333	300	7.975382688766446	0.0	160746	2726.148398721615	0.3
10939.958182126255	300	9.079895090846822	0.0	179801	2895.487597919624	0.3
10942.090530335487	300	10.947546881614539	0.0	140051	2132.3482092322834	0.3
10943.966390494059	300	13.07168672304017	0.0	138313	1875.8601585743693	0.3
10946.04904713824	300	14.989030078860555	0.0	143509	2082.6566441796153	0.3
10950.922794373	750	14.115282844101138	0.0	372963	4873.747234759416	0.3
10958.028518126874	750	11.00955909022822	0.0	405596	7105.723753872919	0.75
10960.622612550802	300	12.415464666299416	0.0	140881	2594.0944239288033	-0.15000000000000002
10964.93863887984	300	12.099438337263148	0.0	157671	4316.026329036269	0.3
10968.316825249525	300	12.721251967577741	0.0	157812	3378.186369685407	0.3
10971.458799978025	300	13.579277239076523	0.0	163927	3141.974728501216	0.3
10974.856703792471	300	14.181373424630168	0.0	137654	3397.9038144463557	0.3
10978.645159535774	300	14.392917681328315	0.0	146754	3788.4557433018535	0.3
10982.027224738058	300	15.010852479043674	0.0	153938	3382.065202284643	0.3
10984.841517335353	300	16.196559881748314	0.0	181901	2814.292597295358	0.3
10987.306025711378	750	17.73205150572425	0.0	277716	2464.5083760240614	0.3
10990.334336951611	750	18.70374026549102	0.0	400396	3028.311240233231	0.75
10993.003362931575	750	20.034714285527862	0.0	400508	2669.025979963161	0.75
10995.392200037142	750	21.64587717996034	0.0	358218	2388.8371055675207	0.75
10997.811868679682	750	23.226208537421037	0.0	400322	2419.668642539305	0.75
11000.122669732042	750	24.915407485060737	0.0	369834	2310.8010523603007	0.75
11006.917719901763	1850	22.120357315338946	0.0	1035329	6795.050169721789	0.75
11015.635809105946	1850	17.402268111156705	0.0	1026056	8718.089204182244	1.85
11025.425925368465	1850	11.612151848636172	0.0	943942	9790.116262520532	1.85
11027.445278112678	750	13.59279910442298	0.0	321064	2019.3527442131913	-0.3500000000000001
11031.20022277239	750	13.837854444711386	0.0	361565	3754.944659711594	0.75
11033.711433601991	750	15.326643615108722	0.0	378327	2511.210829602663	0.75
11037.545138901105	750	15.492938315995175	0.0	390680	3833.705299113547	0.75
11042.211321322377	750	14.82675589472489	0.0	345516	4666.182421270286	0.75
11049.083378852098	750	11.954698365003617	0.0	384505	6872.057529721275	0.75
11055.327636166137	750	9.710441050964302	0.0	372093	6244.257314039314	0.75
11058.364660193814	300	10.673417023287039	0.0	172312	3037.0240276772647	-0.15000000000000002
11061.597090652089	300	11.440986565010853	0.0	167025	3232.430458276185	0.3
11064.998629227332	300	12.039447989770279	0.0	160064	3401.5385752405746	0.3
11067.019942913603	300	14.018134303498432	0.0	137507	2021.3136862718484	0.3
11068.219564341503	300	16.818512875597065	0.0	118421	1199.6214279013682	0.3

