8911.309484351304	750	4.0	6.835416697573638	450283	6835.416697573638	-28.642291799566642
8914.61602257337	300	4.693461777936518	0.0	155580	3306.5382220634815	-0.15000000000000002
8916.802339931312	300	6.507144419993679	0.0	139857	2186.3173579428385	0.3
8918.838155705156	300	8.471328646148999	0.0	155432	2035.8157738446798	0.3
8920.611466105716	300	10.698018245588635	0.0	163442	1773.310400560364	0.3
8922.609396675583	300	12.700087675722632	0.0	126289	1997.9305698660023	0.3
8923.973101615173	300	15.336382736134434	0.0	153295	1363.7049395881982	0.3
8927.633791618755	750	15.6756927325513	0.0	437162	3660.690003583134	0.3
8930.157215115894	750	17.152269235412575	0.0	374758	2523.4234971387227	0.75
8932.583646544927	750	18.725837806379435	0.0	362795	2426.4314290331426	0.75
8935.05545783232	750	20.25402651898347	0.0	353220	2471.8112873959653	0.75
8937.894427001413	750	21.415057349892653	0.0	405134	2838.9691690908157	0.75
8943.86947293516	1850	19.440011416146227	0.0	946851	5975.045933746425	0.75
8950.824533951856	1850	16.48495039944946	0.0	1036454	6955.061016696769	1.85
8957.71175053171	1850	13.597733819595971	0.0	821631	6887.216579853488	1.85
8964.313173181501	1850	10.996311169805098	0.0	923170	6601.422649790873	1.85
8966.460192143271	750	12.849292208033797	0.0	360831	2147.0189617713027	-0.3500000000000001
8968.953686694633	750	14.35579765667042	0.0	372963	2493.4945513633747	0.75
8971.232117178215	750	16.077367173088724	0.0	405596	2278.4304835816956	0.75
8973.108142093508	750	18.201342257795528	0.0	350713	1876.024915293196	0.75
8975.183667502384	750	20.125816848919314	0.0	386472	2075.525408876216	0.75
8977.238610759287	750	22.070873592017527	0.0	399894	2054.943256901784	0.75
8982.15426588728	1850	21.15521846402235	0.0	968026	4915.655127995176	0.75
8988.606951404005	1850	18.702532947297136	0.0	874175	6452.685516725212	1.85
8995.594832398647	1850	15.714651952654275	0.0	897976	6987.880994642858	1.85
9004.789314701446	1850	10.520169649857058	0.0	905935	9194.482302797218	1.85
9007.402680107218	750	11.906804244085674	0.0	425781	2613.3654057713843	-0.3500000000000001
9009.319845360415	750	13.989638990887485	0.0	277716	1917.165253198188	0.75
9012.393714529668	750	14.915769821634878	0.0	400396	3073.8691692526068	0.75
9015.776576368971	750	15.532907982330228	0.0	400508	3382.861839304651	0.75
9018.999078272283	750	16.310406079017486	0.0	358218	3222.5019033127405	0.75
9023.171197300448	750	16.13828705085292	0.0	400322	4172.119028164568	0.75
9027.286369987232	750	16.023114364066693	0.0	369834	4115.172686786225	0.75
9030.822047517595	750	16.48743683370423	0.0	412837	3535.677530362466	0.75
9034.218812059618	750	17.090672291682353	0.0	401088	3396.764542021876	0.75
9037.819024367984	750	17.490459983317315	0.0	365161	3600.2123083650376	0.75
9040.953655825153	750	18.355828526147924	0.0	321064	3134.6314571693897	0.75
9043.982653630783	750	19.32683072051876	0.0	361565	3028.9978056291634	0.75
9047.026081459917	750	20.283402891383417	0.0	378327	3043.4278291353426	0.75
9049.528435783935	750	21.78104856736473	0.0	390680	2502.3543240186877	0.75
9051.782199230716	750	23.527285120585063	0.0	345516	2253.7634467796674	0.75
9054.669331064964	750	24.640153286337856	0.0	384505	2887.1318342472064	0.75
9059.143028589615	750	24.166455761686834	0.0	372093	4473.697524651023	0.75
9063.341469813551	750	23.968014537749887	0.0	438281	4198.441223936944	0.75
9071.638550974923	1850	19.6709333763773	0.0	958994	8297.08116137259	0.75
9079.821134070484	1850	15.488350280818151	0.0	982064	8182.583095559149	1.85
9090.13604540865	1850	9.173438942651913	0.0	830730	10314.911338166237	1.85
9095.352698770515	750	7.956785580784929	0.0	314107	5216.6533618669855	-0.3500000000000001

