16953.84406633689	750	4.0	3.9127276647253035	450283	3912.7276647253034	-16.074728958318804
16955.275659356997	300	6.568406979893699	0.0	155580	1431.593020106301	-0.15000000000000002
16956.442160110295	300	9.401906226594866	0.0	139857	1166.500753298834	0.3
16957.590605438054	300	12.253460898835879	0.0	155432	1148.4453277589848	0.3
16960.115203602323	750	13.728862734566606	0.0	411561	2524.5981642692727	0.3
16962.11987645096	750	15.72418988592967	0.0	318564	2004.6728486369348	0.75
16964.843509326052	750	17.000557010837984	0.0	352642	2723.632875091688	0.75
16969.076267728928	750	16.76779860796066	0.0	437162	4232.7584028773235	0.75
16973.014854834848	750	16.82921150204072	0.0	374758	3938.587105919937	0.75
16977.499341487022	750	16.344724849865262	0.0	362795	4484.486652175459	0.75
16979.746835554328	750	18.097230782560445	0.0	353220	2247.4940673048186	0.75
16982.07120009301	750	19.772866243874372	0.0	405134	2324.364538686072	0.75
16984.412605373505	750	21.4314609633822	0.0	386351	2341.4052804921694	0.75
16987.02926781807	750	22.81479851881657	0.0	434409	2616.662444565632	0.75
16988.888882901363	750	24.955183435525182	0.0	337059	1859.6150832913895	0.75
16994.281567545786	1850	23.56249879110182	0.0	923170	5392.68464442336	0.75
17001.401860666043	1850	20.44220567084461	0.0	966699	7120.293120257212	1.85
17011.877716450475	1850	13.96634988641384	0.0	885714	10475.85578443077	1.85
17016.612864715033	750	13.231201621857858	0.0	405596	4735.148264555982	-0.3500000000000001
17021.207832558266	750	12.636233778621667	0.0	350713	4594.96784323619	0.75
17024.413305938226	750	13.43076039866453	0.0	386472	3205.4733799571363	0.75
17028.039676075066	750	13.804390261823695	0.0	399894	3626.370136840835	0.75
17031.494651295223	750	14.349415041667733	0.0	401853	3454.975220155962	0.75
17034.576561099955	750	15.267505236935547	0.0	343800	3081.909804732186	0.75
17037.861910667398	750	15.98215566949348	0.0	359903	3285.3495674420656	0.75
17042.915663298878	750	14.928403038010352	0.0	379700	5053.752631483128	0.75
17051.43473063319	750	10.409335703697906	0.0	425781	8519.067334312447	0.75
17053.43536782918	300	12.408698507707978	0.0	111155	2000.637195989926	-0.15000000000000002
17056.895074674387	300	12.94899166250278	0.0	153605	3459.7068452051994	0.3
17060.572059331334	300	13.272007005555981	0.0	149029	3676.984656946798	0.3
17063.501214387532	300	14.34285194935774	0.0	157421	2929.155056198241	0.3
17067.143824998602	300	14.700241338288848	0.0	157488	3642.6106110688925	0.3
17070.71130897417	300	15.13275736272186	0.0	143881	3567.48397556699	0.3
17084.09409490567	750	5.749971431219241	0.0	412837	13382.785931502618	0.3
17086.811220106174	300	7.032846230718027	0.0	179328	2717.1252005012143	-0.15000000000000002
17089.327247480716	300	8.516818856173588	0.0	159914	2516.02737454444	0.3
17091.120312040835	300	10.72375429605455	0.0	131610	1793.0645601190388	0.3
17092.46467048787	300	13.379395849019176	0.0	124011	1344.358447035372	0.3
17093.84585098705	300	15.998215349836421	0.0	144254	1381.180499182755	0.3
17096.758919903754	750	17.085146433132593	0.0	390680	2913.0689167038277	0.3
17100.2872260262	750	17.556840310687786	0.0	345516	3528.306122444807	0.75
17105.359571037836	750	16.484495299050277	0.0	384505	5072.345011637509	0.75
17115.186884888182	750	10.657181448701925	0.0	372093	9827.31385034835	0.75
17118.852948502994	300	10.991117833888762	0.0	172312	3666.0636148131625	-0.15000000000000002
17124.651488958025	300	9.192577378860308	0.0	167025	5798.540455028453	0.3
17129.97281953194	300	7.871246804943514	0.0	160064	5321.330573916795	0.3
17133.740182697333	300	8.103883639548243	0.0	137507	3767.3631653952702	0.3
17137.084525743998	300	8.75954059288171	0.0	118421	3344.3430466665345	0.3

