22808.651205466238	750	4.0	2.600378850967279	450283	2600.378850967279	-10.431629059159299
22809.439411400395	300	7.21179406583987	0.0	155580	788.2059341601297	-0.15000000000000002
22811.195002296496	750	9.456203169738979	0.0	350812	1755.5908961008906	0.3
22813.465726506784	750	11.185478959450016	0.0	382355	2270.7242102889627	0.75
22816.298734761513	750	12.352470704721185	0.0	411561	2833.0082547288307	0.75
22819.228077742904	750	13.423127723331529	0.0	318564	2929.342981389657	0.75
22822.514190894242	750	14.13701457199365	0.0	352642	3286.1131513378787	0.75
22825.637967507333	750	15.013237958902742	0.0	437162	3123.776613090907	0.75
22829.80662038776	750	14.84458507847791	0.0	374758	4168.652880424832	0.75
22832.920141098977	750	15.731064367258975	0.0	362795	3113.5207112189346	0.75
22835.574853270213	750	17.076352196019464	0.0	353220	2654.7121712395124	0.75
22839.130779139803	750	17.520426326433494	0.0	405134	3555.92586958597	0.75
22841.80768026781	750	18.843525198422707	0.0	386351	2676.9011280107857	0.75
22845.341749763324	750	19.30945570290921	0.0	434409	3534.0694955134973	0.75
22851.726525065038	750	16.92468040119599	0.0	337059	6384.77530171322	0.75
22858.431067742564	750	14.2201377236706	0.0	366214	6704.542677525392	0.75
22862.208067613512	750	14.443137852722288	0.0	360831	3776.9998709483116	0.75
22866.207201885827	750	14.444003580408687	0.0	372963	3999.1342723136	0.75
22871.438734705804	750	13.212470760431993	0.0	405596	5231.5328199766955	0.75
22873.925414455105	750	14.72579101113093	0.0	350713	2486.679749301062	0.75
22876.440405905112	750	16.210799561121092	0.0	386472	2514.991450009839	0.75
22878.45210525774	750	18.19910020849504	0.0	399894	2011.699352626052	0.75
22881.040675283664	750	19.61053018257096	0.0	401853	2588.570025924076	0.75
22883.765280184827	750	20.885925281406966	0.0	343800	2724.6049011639966	0.75
22887.104668544263	750	21.546536921973146	0.0	359903	3339.38835943382	0.75
22890.0848096759	750	22.566395790338515	0.0	379700	2980.1411316346325	0.75
22892.768859975768	750	23.88234549047064	0.0	425781	2684.0502998678758	0.75
22894.390503674345	750	26.260701791889748	0.0	277716	1621.643698580893	0.75
22899.915728417283	1850	24.73547704895372	0.0	972798	5525.22474293603	0.75
22906.25904972376	1850	22.39215574247404	0.0	975811	6343.321306479678	1.85
22912.081108876573	1850	20.570096589661894	0.0	873429	5822.059152812142	1.85
22917.58531437148	1850	19.065891094756715	0.0	954453	5504.205494905178	1.85
22924.731404403698	1850	15.919801062540794	0.0	885062	7146.090032215923	1.85
22933.460727782563	1850	11.190477683676884	0.0	1035329	8729.32337886391	1.85
22935.741891495163	750	12.909313971075003	0.0	401088	2281.1637126018813	-0.3500000000000001
22937.58388190015	750	15.067323566090396	0.0	365161	1841.9904049846066	0.75
22938.98567867073	750	17.665526795510537	0.0	321064	1401.7967705798596	0.75
22940.715467911883	750	19.93573755435674	0.0	361565	1729.7892411537944	0.75
22945.211080490666	1850	19.440124975572306	0.0	908665	4495.612578784436	0.75
22949.129881797777	1850	19.521323668462244	0.0	930577	3918.801307110062	1.85
22952.204177566888	1850	20.44702789935378	0.0	858450	3074.295769108468	1.85
22956.181291813817	1850	20.469913652421447	0.0	1025005	3977.1142469323313	1.85
22959.053371669837	1850	21.597833796403517	0.0	886255	2872.0798560179323	1.85
22962.210053806775	1850	22.441151659465397	0.0	973972	3156.6821369381173	1.85
22965.759968651622	1850	22.891236814617034	0.0	958994	3549.914844848366	1.85
22968.85807335536	1850	23.793132110877565	0.0	982064	3098.104703739468	1.85
22971.28761393404	1850	25.363591532197493	0.0	830730	2429.540578680072	1.85
22974.954419390484	1850	25.69678607575343	0.0	846370	3666.8054564440636	1.85

