25030.311794120826	750	4.0	2.322935537655054	450283	2322.935537655054	-9.238622811916732
25033.788058219005	750	4.523735901820231	0.0	398865	3476.264098179768	0.75
25036.443790763267	750	5.868003357558568	0.0	350812	2655.732544261663	0.75
25039.212054020743	750	7.099740100082421	0.0	382355	2768.2632574761474	0.75
25041.8230499934	750	8.488744127426669	0.0	411561	2610.995972655752	0.75
25043.986625175712	750	10.325168945117074	0.0	318564	2163.575182309596	0.75
25046.32034950173	750	11.991444619097747	0.0	352642	2333.724326019327	0.75
25051.779831205484	1200	10.53196291534498	0.0	709534	5459.481703752766	0.75
25056.6988032523	1200	9.612990868525843	0.0	584846	4918.972046819137	1.2
25060.396340147687	1200	9.915453973141094	0.0	560821	3697.536895384748	1.2
25064.50902642691	1200	9.80276769391936	0.0	607410	4112.686279221734	1.2
25068.392388743046	1200	9.919405377780826	0.0	594078	3883.3623161385344	1.2
25073.331502930032	1200	8.98029119079687	0.0	624282	4939.114186983956	1.2
25082.310944827906	1200	4.00084929291853	0.0	687371	8979.44189787834	1.2
25083.255027058523	300	7.056767062301819	0.0	140051	944.0822306167125	-0.6000000000000001
25084.209919875113	300	10.101874245713676	0.0	138313	954.8928165881438	0.3
25085.202135574604	300	13.109658546219846	0.0	143509	992.2156994938298	0.3
25086.68114408987	750	15.630650030955138	0.0	372963	1479.0085152647073	0.3
25088.390809759287	750	17.920984361540338	0.0	405596	1709.6656694148	0.75
25089.83627823144	750	20.47551588938702	0.0	350713	1445.46847215332	0.75
25098.158804877505	1850	16.15298924332015	0.0	891604	8322.526646066866	0.75
25102.157392249635	1200	16.154401871186693	0.0	616206	3998.5873721334588	0.5499999999999999
25105.19491124397	1200	17.116882876856387	0.0	656471	3037.518994330304	1.2
25107.36165698485	1200	18.95013713597382	0.0	536667	2166.7457408825694	1.2
25109.777973226424	1200	20.53382089440196	0.0	587236	2416.3162415718593	1.2
25112.46357094861	1200	21.848223172215494	0.0	590335	2685.597722186468	1.2
25116.93727279325	1850	21.374521327577767	0.0	1076599	4473.701844637725	1.2000000000000002
25120.078907154373	1850	22.232886966452362	0.0	758197	3141.6343611254047	1.85
25124.231440840755	1850	22.08035328007127	0.0	972798	4152.533686381091	1.85
25128.254206734666	1850	22.0575873861617	0.0	975811	4022.7658939095695	1.85
25133.593313549714	2850	20.71848057110912	0.0	1341201	5339.106815052581	1.85
25139.581540060266	2850	18.730254060557694	0.0	1497683	5988.2265105514225	2.85
25145.21502340757	2850	17.09677071325294	0.0	1358081	5633.483347304754	2.85
25152.6519823663	2850	13.659811754521499	0.0	1587293	7436.95895873144	2.85
25163.891220237336	2850	6.420573883485113	0.0	1492672	11239.237871036386	2.85
25168.644122385747	1850	5.6676717350746895	0.0	943942	4752.902148410423	0.8500000000000001
25171.15170022136	1200	7.1600938994636865	0.0	487812	2507.577835611003	0.5499999999999999
25174.177616481848	1200	8.134177638974455	0.0	575591	3025.9162604892317	1.2
25177.807582504538	1200	8.50421161628393	0.0	605884	3629.9660226905235	1.2
25180.42126925007	1200	9.89052487075172	0.0	587506	2613.6867455322094	1.2
25183.788639962408	1200	10.523154158410833	0.0	566904	3367.370712340887	1.2
25187.435863810526	1200	10.875930310294619	0.0	641452	3647.2238481162126	1.2
25190.799647076816	1200	11.512147044005014	0.0	599477	3363.783266289605	1.2
25195.23559534027	1200	11.076198780548912	0.0	634861	4435.948263456104	1.2
25198.898524953303	1200	11.413269167518822	0.0	630203	3662.92961303009	1.2
25203.252055857844	1850	11.05973826297743	0.0	982064	4353.530904541393	1.2000000000000002
25206.70902540684	1850	11.602768713984318	0.0	830730	3456.969548993112	1.85
25213.417970556373	2850	8.893823564448754	0.0	1364537	6708.945149535563	1.85

