8200.461569302477	750	4.0	5.460500454044817	450283	5460.500454044817	-22.730151952392713
8201.761123928076	300	6.700445374400823	0.0	155580	1299.5546255991767	-0.15000000000000002
8202.898613631049	300	9.562955671427938	0.0	139857	1137.489702972886	0.3
8204.092925993044	300	12.368643309431896	0.0	155432	1194.3123619960415	0.3
8206.86289825057	750	13.598671051905258	0.0	411561	2769.972257526638	0.3
8209.659577115232	750	14.801992187243327	0.0	318564	2796.678864661932	0.75
8212.051129882613	750	16.410439419862005	0.0	352642	2391.5527673813217	0.75
8215.264986770293	750	17.196582532181797	0.0	437162	3213.8568876802074	0.75
8218.47671574632	750	17.984853556156335	0.0	374758	3211.7289760254657	0.75
8221.175123661953	750	19.286445640522405	0.0	362795	2698.407915633928	0.75
8223.757726170521	750	20.703843131954525	0.0	353220	2582.6025085678802	0.75
8228.974426954628	750	19.48714234784706	0.0	405134	5216.7007841074665	0.75
8234.61104199011	750	17.850527312365422	0.0	386351	5636.6150354816355	0.75
8240.725990757002	750	15.735578545474386	0.0	434409	6114.948766891038	0.75
8243.543527579921	750	16.918041722554552	0.0	337059	2817.5368229198343	0.75
8248.038914803135	750	16.422654499339302	0.0	366214	4495.387223215248	0.75
8252.214862779394	750	16.246706523081365	0.0	360831	4175.947976257938	0.75
8257.647483955725	750	14.814085346750417	0.0	372963	5432.621176330948	0.75
8260.869313406653	750	15.592255895823158	0.0	405596	3221.8294509272578	0.75
8264.25564845353	750	16.20592084894615	0.0	350713	3386.3350468770104	0.75
8270.719258834042	750	13.742310468433622	0.0	386472	6463.610380512526	0.75
8275.711859628263	750	12.749709674212456	0.0	399894	4992.600794221168	0.75
8279.510185400362	750	12.951383902113587	0.0	401853	3798.3257720988695	0.75
8283.340180432884	750	13.12138886959217	0.0	343800	3829.9950325214168	0.75
8286.450525217027	750	14.011044085447892	0.0	359903	3110.344784144278	0.75
8288.9486898278	750	15.512879474677323	0.0	379700	2498.1646107705683	0.75
8291.642098492133	750	16.819470810342672	0.0	425781	2693.408664334652	0.75
8293.399073105413	750	19.062496197062245	0.0	277716	1756.9746132804262	0.75
8295.919667440192	750	20.54190186228393	0.0	400396	2520.5943347783186	0.75
8298.733138014106	750	21.72843128837013	0.0	400508	2813.4705739138	0.75
8300.986837528404	750	23.474731774072076	0.0	358218	2253.699514298053	0.75
8307.101579472426	1850	21.359989830049567	0.0	954453	6114.7419440225085	0.75
8312.808134662295	1850	19.65343464017976	0.0	885062	5706.555189869808	1.85
8320.07562409448	1850	16.38594520799553	0.0	1035329	7267.489432184231	1.85
8326.066509187056	1850	14.39506011541944	0.0	1026056	5990.88509257609	1.85
8331.543410885964	1850	12.918158416510936	0.0	943942	5476.901698908505	1.85
8335.774548149815	1850	12.687021152660133	0.0	728962	4231.137263850804	1.85
8342.972451796062	1850	9.489117506413198	0.0	938587	7197.903646246934	1.85
8347.111388883297	750	9.350180419178862	0.0	378327	4138.937087234337	-0.3500000000000001
8350.979423065857	750	9.482146236616863	0.0	390680	3868.034182561997	0.75
8352.473258782215	300	11.98831052025926	0.0	147968	1493.8357163576036	-0.15000000000000002
8354.0879780476	300	14.373591254873336	0.0	161857	1614.7192653859238	0.3
8357.565937733058	750	14.895631569416949	0.0	372093	3477.959685456385	0.3
8361.706093973884	750	14.755475328589329	0.0	438281	4140.15624082762	0.75
8364.810087697473	750	15.651481605001344	0.0	398987	3103.993723587985	0.75
8367.199322718208	750	17.262246584265895	0.0	393804	2389.2350207354457	0.75
8369.262995775141	750	19.198573527332336	0.0	331053	2063.6730569335587	0.75
8371.19535611179	750	21.266213190683946	0.0	314107	1932.3603366483896	0.75

