16605.5336012045	750	4.0	2.148641230861048	450283	2148.641230861048	-8.489157292702506
16607.90245414045	750	5.631147064048715	0.0	398865	2368.8529359512845	0.75
16608.63585777472	300	8.897743429779567	0.0	139857	733.4036342691485	-0.15000000000000002
16611.163113313705	750	10.370487890793612	0.0	382355	2527.2555389859535	0.3
16615.270971828624	750	10.26262937587384	0.0	411561	4107.858514919773	0.75
16616.844136094645	750	12.689465109854352	0.0	318564	1573.1642660194884	0.75
16618.425333681505	750	15.108267522992122	0.0	352642	1581.1975868622294	0.75
16620.671390971987	750	16.862210232512197	0.0	437162	2246.0572904799287	0.75
16622.516502090257	750	19.01709911424032	0.0	374758	1845.111118271875	0.75
16627.432652925487	1850	18.10094827901048	0.0	913888	4916.15083522984	0.75
16631.450373827232	1850	18.083227377266176	0.0	939819	4017.7209017443047	1.85
16635.615164323975	1850	17.91843688052184	0.0	917428	4164.790496744334	1.85
16639.47649303403	1850	18.057108170465806	0.0	946851	3861.328710056035	1.85
16644.308991621547	1850	17.224609582952148	0.0	1036454	4832.49858751366	1.85
16647.930356217883	1850	17.603244986616314	0.0	821631	3621.3645963358304	1.85
16653.112699127403	1850	16.420902077093306	0.0	923170	5182.342909523011	1.85
16658.982485336197	1850	14.551115868300585	0.0	966699	5869.786208792721	1.85
16662.091429568547	1850	15.442171635950185	0.0	885714	3108.944232350401	1.85
16665.685126486434	1850	15.848474718063601	0.0	987708	3593.6969178865847	1.85
16670.552636248936	1850	14.980964955560156	0.0	923755	4867.509762503445	1.85
16673.729991035532	1850	15.803610168965408	0.0	891604	3177.354786594748	1.85
16677.548247080034	1850	15.985354124462429	0.0	955231	3818.25604450298	1.85
16680.992907353342	1850	16.54069385115614	0.0	968026	3444.660273306288	1.85
16686.189166227992	1850	15.344434976505944	0.0	874175	5196.258874650193	1.85
16692.506101905838	1850	13.027499298661713	0.0	897976	6316.9356778442325	1.85
16699.563455590483	1850	9.970145614017262	0.0	905935	7057.353684644449	1.85
16703.21976494104	750	10.313836263459226	0.0	425781	3656.309350558036	-0.3500000000000001
16706.010814898887	750	11.522786305613025	0.0	277716	2791.0499578462022	0.75
16714.043060210985	750	7.490540993513655	0.0	400396	8032.24531209937	0.75
16715.55210577564	300	9.981495428858986	0.0	149029	1509.0455646546668	-0.15000000000000002
16716.612151646594	300	12.921449557905092	0.0	157421	1060.0458709538948	0.3
16718.75499719399	750	14.778604010509028	0.0	400322	2142.845547396065	0.3
16720.26111847619	750	17.27248272830838	0.0	369834	1506.121282200647	0.75
16723.768322599484	1850	17.76527860501535	0.0	1035329	3507.2041232930287	0.75
16732.356076534244	1850	13.177524670255375	0.0	1026056	8587.753934759978	1.85
16733.611344910372	750	15.922256294126097	0.0	365161	1255.2683761292767	-0.3500000000000001
16735.408469419646	1850	18.12513178485577	0.0	728962	1797.1245092703268	0.75
16737.872954332866	1850	19.66064687163581	0.0	938587	2464.4849132199593	1.85
16740.22123313077	1850	21.312368073732138	0.0	908665	2348.2787979036734	1.85
16742.65099424768	1850	22.882606956821018	0.0	930577	2429.76111691112	1.85
16745.63886678924	1850	23.894734415262143	0.0	858450	2987.8725415588788	1.85
16753.834522408924	1850	19.699078795575275	0.0	1025005	8195.655619686866	1.85
16763.255232900745	1850	14.27836830375597	0.0	886255	9420.710491819305	1.85
16770.92682936785	750	10.60677183664964	0.0	438281	7671.596467106329	-0.3500000000000001
16776.409557762476	300	9.124043442022739	0.0	167025	5482.728394626901	-0.15000000000000002
16778.79908818655	300	10.734513017950926	0.0	160064	2389.5304240718133	0.3
16779.998525027386	300	13.535076177115847	0.0	137507	1199.436840835078	0.3
16780.95317190637	300	16.58042929813241	0.0	118421	954.6468789834354	0.3

