8024.8754388377865	750	4.0	2.184991174137217	450283	2184.991174137217	-8.645462048790034
8025.555610205708	300	7.319828632077841	0.0	155580	680.1713679221592	-0.15000000000000002
8027.041604830366	750	9.83383400742072	0.0	350812	1485.9946246571205	0.3
8028.694733380138	750	12.180705457648827	0.0	382355	1653.1285497718932	0.75
8031.141619251562	750	13.733819586225628	0.0	411561	2446.8858714231974	0.75
8036.343701927339	750	12.531736910448645	0.0	318564	5202.082675776985	0.75
8046.5210951473555	750	6.354343690431666	0.0	352642	10177.393220016978	0.75
8049.731334348645	300	7.144104489142444	0.0	173849	3210.239201289221	-0.15000000000000002
8051.480981411472	300	9.394457426315888	0.0	150710	1749.6470628265556	0.3
8052.87949931394	300	11.995939523847133	0.0	139105	1398.5179024687561	0.3
8054.210600252098	300	14.66483858568983	0.0	141840	1331.1009381573017	0.3
8059.345564039902	750	13.529874797885878	0.0	405134	5134.963787803954	0.3
8064.210302815066	750	12.665136022722232	0.0	386351	4864.738775163646	0.75
8066.604994616985	750	14.27044422080267	0.0	434409	2394.6918019195627	0.75
8068.363837179808	750	16.51160165798015	0.0	337059	1758.8425628225184	0.75
8070.116484627589	750	18.75895421019961	0.0	366214	1752.6474477805375	0.75
8071.991392323309	750	20.884046514479248	0.0	360831	1874.907695720367	0.75
8074.202110863855	750	22.673327973933347	0.0	372963	2210.7185405459	0.75
8076.611911182895	750	24.26352765489336	0.0	405596	2409.8003190399904	0.75
8083.296444840903	1850	21.5789939968847	0.0	923755	6684.533658008653	0.75
8093.456528040893	1850	15.418910796894766	0.0	891604	10160.083199989936	1.85
8097.70945593203	1850	15.165982905757796	0.0	955231	4252.927891136971	1.85
8102.398379238178	1850	14.477059599610602	0.0	968026	4688.923306147193	1.85
8107.178937129151	1850	13.696501708637719	0.0	874175	4780.557890972882	1.85
8111.611869034832	1850	13.263569802956576	0.0	897976	4432.931905681143	1.85
8115.765572905061	1850	13.109865932727716	0.0	905935	4153.703870228859	1.85
8120.214740970007	1850	12.660697867781664	0.0	1076599	4449.168064946052	1.85
8123.929689825317	1850	12.94574901247209	0.0	758197	3714.9488553095744	1.85
8128.532416669849	1850	12.343022167940129	0.0	972798	4602.726844531961	1.85
8132.351219629983	1850	12.524219207806702	0.0	975811	3818.8029601334283	1.85
8135.020403092994	1850	13.855035744795671	0.0	873429	2669.18346301103	1.85
8138.319639180421	1850	14.555799657367835	0.0	954453	3299.2360874278365	1.85
8143.056059557402	1850	13.819379280386956	0.0	885062	4736.420376980879	1.85
8145.270096824191	1200	15.605342013597594	0.0	670129	2214.0372667893635	0.5499999999999999
8146.671819694239	750	18.20361914354812	0.0	401088	1401.722870049474	0.3
8149.60990838426	1850	19.2655304535278	0.0	943942	2938.088690020321	0.75
8151.947925666336	1850	20.927513171451487	0.0	728962	2338.017282076309	1.85
8155.102039153795	1850	21.773399683992707	0.0	938587	3154.1134874587824	1.85
8158.31810284703	1850	22.55733599075826	0.0	908665	3216.0636932344473	1.85
8163.119306835226	1850	21.756132002562357	0.0	930577	4801.203988195902	1.85
8166.740933281634	1850	22.134505556154355	0.0	858450	3621.6264464079995	1.85
8170.544680076282	1850	22.330758761505567	0.0	1025005	3803.7467946487877	1.85
8173.616067329388	1850	23.25937150839987	0.0	886255	3071.3872531056995	1.85
8176.747372898766	1850	24.128065939021887	0.0	973972	3131.305569377982	1.85
8180.340454672261	1850	24.534984165527007	0.0	958994	3593.0817734948787	1.85
8186.609082131952	1850	22.26635670583623	0.0	982064	6268.627459690774	1.85
8191.201942696702	1850	21.673496141086755	0.0	830730	4592.860564749475	1.85
8195.001068848433	1850	21.874369989356016	0.0	846370	3799.1261517307394	1.85

