14664.343079532367	750	4.0	3.478694088168143	450283	3478.694088168143	-14.208384579123015
14665.548206700087	300	6.794872832282032	0.0	155580	1205.1271677179675	-0.15000000000000002
14666.355399837816	300	9.987679694553293	0.0	139857	807.1931377287391	0.3
14669.92432215132	1200	10.418757381048696	0.0	617681	3568.9223135045977	0.29999999999999993
14674.018926051287	1200	10.32415348108124	0.0	652874	4094.603899967456	1.2
14678.693287800677	1200	9.649791731690899	0.0	520315	4674.36174939034	1.2
14686.34619033885	1200	5.9968891935187045	0.0	561791	7652.902538172194	1.2
14689.252406195228	300	7.09067333713888	0.0	173849	2906.2158563798253	-0.6000000000000001
14694.412563638207	750	5.93051589416134	0.0	374758	5160.15744297754	0.3
14696.876837482068	300	7.466242050299812	0.0	139105	2464.2738438615283	-0.15000000000000002
14703.378304707696	750	4.964774824671915	0.0	353220	6501.467225627897	0.3
14706.168971473662	300	6.174108058705747	0.0	156148	2790.6667659661666	-0.15000000000000002
14707.48924708919	300	8.853832443176897	0.0	160746	1320.2756155288525	0.3
14710.197819744963	750	10.145259787404594	0.0	434409	2708.5726557723015	0.3
14714.380500823043	1200	9.962578709324175	0.0	526950	4182.681078080422	0.75
14722.868344259316	1200	5.474735273050692	0.0	587876	8487.843436273482	1.2
14724.16211318911	300	8.18096634325556	0.0	143509	1293.768929795131	-0.6000000000000001
14727.375218382023	750	8.96786115034297	0.0	372963	3213.1051929125915	0.3
14732.718160743747	750	7.624918788619661	0.0	405596	5342.942361723308	0.75
14735.885157949975	750	8.457921582390934	0.0	350713	3166.9972062287275	0.75
14738.964020753856	750	9.379058778509497	0.0	386472	3078.862803881437	0.75
14744.20308618612	1200	8.139993346246856	0.0	616206	5239.0654322626415	0.75
14747.517037021651	750	8.826042510715787	0.0	401853	3313.9508355310686	0.3
14751.025658782057	750	9.317420750309761	0.0	343800	3508.621760406027	0.75
14756.401664907009	1200	7.94141462535971	0.0	587236	5376.00612495005	0.75
14759.768922560861	750	8.574156971507273	0.0	379700	3367.257653852438	0.3
14763.612469636551	750	8.730609895816407	0.0	425781	3843.547075690866	0.75
14766.223218625672	750	10.119860906695703	0.0	277716	2610.7489891207033	0.75
14771.938826229512	1200	8.404253302854766	0.0	622896	5715.6076038409365	0.75
14776.001343893127	750	8.341735639240637	0.0	400508	4062.5176636141296	0.3
14780.157636863933	750	8.185442668436057	0.0	358218	4156.292970804579	0.75
14784.333921192334	750	8.00915834003472	0.0	400322	4176.284328401337	0.75
14788.062983276424	750	8.28009625594312	0.0	369834	3729.0620840916004	0.75
14792.867643447853	750	7.475436084514869	0.0	412837	4804.66017142825	0.75
14797.161945828842	750	7.181133703526132	0.0	401088	4294.302380988738	0.75
14800.547375678083	750	7.795703854285463	0.0	365161	3385.429849240668	0.75
14804.219019625021	750	8.124059907347469	0.0	321064	3671.6439469379934	0.75
14807.757709963986	750	8.585369568383937	0.0	361565	3538.6903389635318	0.75
14811.127083839356	750	9.21599569301459	0.0	378327	3369.3738753693488	0.75
14817.542502867886	1200	6.800576664484922	0.0	587506	6415.419028529667	0.75
14819.280328064435	300	9.06275146793511	0.0	147968	1737.825196549812	-0.6000000000000001
14824.261353766446	1200	8.081725765923986	0.0	641452	4981.025702011124	0.29999999999999993
14827.001581851186	750	9.341497681182654	0.0	372093	2740.2280847413317	0.3
14833.256606029434	1200	7.0864735029339485	0.0	634861	6255.024178248706	0.75
14839.119415140238	750	5.223664392129975	0.0	398987	5862.809110803973	0.3
14840.41292771265	300	7.930151819717131	0.0	160064	1293.5125724128436	-0.15000000000000002
14842.665431220761	750	9.677648311607088	0.0	331053	2252.5035081100414	0.3
14847.416046159165	1200	8.927033373201809	0.0	550906	4750.6149384052815	0.75

