17528.003548005257	750	4.0	2.943433872988283	450283	2943.4338729882834	-11.906765653849618
17528.817361385623	300	7.18618661963313	0.0	155580	813.8133803668703	-0.15000000000000002
17529.47303896591	300	10.53050903934787	0.0	139857	655.6775802852611	0.3
17531.26382259148	750	12.739725413777185	0.0	382355	1790.7836255706845	0.3
17533.485247050707	750	14.518300954550906	0.0	411561	2221.424459226278	0.75
17537.709071010468	1850	14.294476994789584	0.0	801058	4223.823959761322	0.75
17542.11183670167	1850	13.891711303585522	0.0	905515	4402.765691204061	1.85
17546.58279644527	1850	13.420751559987917	0.0	1060487	4470.959743597605	1.85
17550.372581649088	1850	13.630966356168559	0.0	852833	3789.7852038193582	1.85
17554.16519395411	1850	13.838354051144366	0.0	913888	3792.612305024193	1.85
17558.598074276455	1850	13.405473728800754	0.0	939819	4432.880322343612	1.85
17562.440178556248	1850	13.563369449008427	0.0	917428	3842.1042797923283	1.85
17567.994025997752	1850	12.009522007505689	0.0	946851	5553.847441502738	1.85
17574.754048066217	1850	9.24949993903695	0.0	1036454	6760.022068468739	1.85
17577.307435365485	750	10.696112639770753	0.0	337059	2553.387299266196	-0.3500000000000001
17578.56722061704	750	13.436327388215734	0.0	366214	1259.7852515550196	0.75
17580.20537894441	750	15.798169060840138	0.0	360831	1638.1583273755948	0.75
17581.873976326853	750	18.129571678400097	0.0	372963	1668.5973824400407	0.75
17583.66791765078	750	20.335630354474958	0.0	405596	1793.9413239251408	0.75
17587.46743007455	1850	20.53611793070337	0.0	923755	3799.512423771586	0.75
17591.524167120646	1850	20.479380884607536	0.0	891604	4056.7370460958323	1.85
17595.65905505508	1850	20.34449295017463	0.0	955231	4134.887934432907	1.85
17599.717390975264	1850	20.286157029989123	0.0	968026	4058.335920185506	1.85
17603.665811153332	1850	20.337736851916816	0.0	874175	3948.4201780723083	1.85
17607.71764943187	1850	20.285898573382692	0.0	897976	4051.838278534122	1.85
17612.15043768999	1850	19.853110315261002	0.0	905935	4432.788258121689	1.85
17617.53406456034	1850	18.469483444910686	0.0	1076599	5383.626870350314	1.85
17621.532587503934	1850	18.470960501313314	0.0	758197	3998.5229435973697	1.85
17628.765971503013	1850	15.237576502238895	0.0	972798	7233.383999074421	1.85
17635.405290264367	1850	12.598257740882705	0.0	975811	6639.31876135619	1.85
17642.577166554125	1850	9.426381451125646	0.0	873429	7171.876289757059	1.85
17647.484676937267	750	8.51887106798407	0.0	400322	4907.5103831415745	-0.3500000000000001
17648.830769644104	300	11.172778361148884	0.0	143881	1346.0927068351864	-0.15000000000000002
17650.63241503462	300	13.371132970634035	0.0	163444	1801.64539051485	0.3
17654.604902097934	750	13.398645907319045	0.0	401088	3972.4870633149885	0.3
17657.336858699233	750	14.666689306018302	0.0	365161	2731.9566013007434	0.75
17660.946176374917	750	15.05737163033327	0.0	321064	3609.317675685033	0.75
17666.678729247975	750	13.324818757273809	0.0	361565	5732.5528730594615	0.75
17674.055606023303	750	9.947941981945885	0.0	378327	7376.8767753279235	0.75
17677.020395354903	300	10.983152650347503	0.0	149991	2964.7893315983815	-0.15000000000000002
17680.363481017834	300	11.640066987417775	0.0	147968	3343.085662929728	0.3
17683.522300845518	300	12.481247159734957	0.0	161857	3158.819827682816	0.3
17685.720703174055	300	14.28284483120054	0.0	145210	2198.402328534418	0.3
17688.612580668974	300	15.39096733627874	0.0	172312	2891.8774949218005	0.3
17696.592920070943	750	11.410627934310375	0.0	398987	7980.3394019683665	0.3
17701.124044064018	750	10.879503941232876	0.0	393804	4531.123993077496	0.75
17702.934748092775	750	13.068799912475757	0.0	331053	1810.70402875712	0.75
17704.61416494028	750	15.389383064966456	0.0	314107	1679.4168475093009	0.75

