4502.032722876473	750	4.0	2.009934342455404	450283	2009.9343424554038	-7.892717672558236
4502.863341143409	300	7.169381733062442	0.0	155580	830.6182669375579	-0.15000000000000002
4505.81480945318	750	8.217913423291721	0.0	350812	2951.468309770722	0.3
4510.657104687774	750	7.375618188697456	0.0	382355	4842.295234594264	0.75
4513.804730639901	750	8.227992236570637	0.0	411561	3147.6259521268194	0.75
4515.44753520122	750	10.585187675251984	0.0	318564	1642.8045613186537	0.75
4518.0921681672135	1200	11.940554709258357	0.0	561791	2644.632965993625	0.75
4522.376653647811	1850	11.656069228662332	0.0	1060487	4284.485480596026	1.2000000000000002
4526.122978667172	1850	11.909744209300479	0.0	852833	3746.3250193618533	1.85
4529.909081990333	1850	12.12364088613902	0.0	913888	3786.1033231614592	1.85
4533.843179390295	1850	12.189543486177723	0.0	939819	3934.0973999612966	1.85
4537.732427269985	1850	12.300295606487248	0.0	917428	3889.247879690475	1.85
4541.640296099879	1850	12.392426776592664	0.0	946851	3907.868829894583	1.85
4545.697743022132	1850	12.334979854339737	0.0	1036454	4057.4469222529287	1.85
4549.132348018164	1850	12.900374858308753	0.0	821631	3434.6049960309847	1.85
4552.776463799433	1850	13.256259077039623	0.0	923170	3644.1157812691313	1.85
4558.669946799606	2850	11.3627760768667	0.0	1491626	5893.4830001729215	1.85
4562.688415284031	1850	11.344307592442094	0.0	885714	4018.4684844246062	0.8500000000000001
4567.885404134645	1850	10.147318741828464	0.0	987708	5196.98885061363	1.85
4572.397844266151	1200	9.63487861032228	0.0	586839	4512.440131506183	0.5499999999999999
4578.153697817545	1200	7.879025058928012	0.0	601738	5755.853551394269	1.2
4580.955647130945	750	9.077075745528692	0.0	399894	2801.949313399321	0.3
4584.121723023041	1200	9.910999853432456	0.0	656471	3166.075892096236	0.75
4586.82782870215	1200	11.204894174324124	0.0	536667	2706.1056791083297	1.2
4591.9049134472625	1850	10.127809429210886	0.0	897976	5077.084745113237	1.2000000000000002
4594.678296928877	1200	11.354425947596873	0.0	590335	2773.383481614014	0.5499999999999999
4600.938044731061	1850	9.09467814541278	0.0	1076599	6259.747802184093	1.2000000000000002
4603.62416126172	1200	10.408561614754372	0.0	487160	2686.116530658408	0.5499999999999999
4607.996438485722	1200	10.036284390752156	0.0	622896	4372.277224002218	1.2
4611.838747563552	1200	10.19397531292172	0.0	641447	3842.3090778304363	1.2
4614.523354543605	1200	11.509368332868638	0.0	570392	2684.6069800530818	1.2
4618.513215010644	1850	11.519507865829633	0.0	954453	3989.860467039005	1.2000000000000002
4622.3270642057805	1850	11.705658670693264	0.0	885062	3813.849195136368	1.85
4627.8611770698535	1850	10.171545806621147	0.0	1035329	5534.112864072117	1.85
4632.5616138330215	1200	9.471109043453136	0.0	690253	4700.436763168011	0.5499999999999999
4636.022105272419	1200	10.01061760405528	0.0	598727	3460.4914393978556	1.2
4638.542584479888	1200	11.490138396586325	0.0	487812	2520.4792074689562	1.2
4643.654376738503	1850	10.378346137971933	0.0	938587	5111.792258614391	1.2000000000000002
4649.146357340665	1200	8.88636553580951	0.0	605884	5491.980602162425	0.5499999999999999
4653.898998907388	750	8.133723969086585	0.0	390680	4752.641566722925	0.3
4658.159825324817	750	7.872897551658124	0.0	345516	4260.82641742846	0.75
4660.4603871410845	750	9.572335735390613	0.0	384505	2300.5618162675105	0.75
4663.73432925275	1200	10.298393623724206	0.0	599477	3273.94211166641	0.75
4667.808259518176	1200	10.22446335829859	0.0	634861	4073.9302654256144	1.2
4672.788208068618	1200	9.244514807857222	0.0	630203	4979.94855044137	1.2
4676.427873544708	1200	9.604849331766776	0.0	638661	3639.665476090446	1.2
4681.778997392353	1200	8.253725484122016	0.0	538612	5351.123847644761	1.2
4685.313603795738	750	8.719119080736712	0.0	314107	3534.606403385304	0.3

