22874.542019181266	750	4.0	1.256359210868177	450283	1256.359210868177	-4.652344606733161
22875.85089261404	750	6.691126567228839	0.0	398865	1308.8734327711609	0.75
22877.092559491364	750	9.449459689903751	0.0	350812	1241.6668773250879	0.75
22878.345730829074	750	12.196288352190816	0.0	382355	1253.171337712936	0.75
22879.45317777388	750	15.088841407384717	0.0	411561	1107.446944806099	0.75
22882.49123436459	1850	16.050784816678302	0.0	801058	3038.056590706415	0.75
22886.275109419003	1850	16.266909762261726	0.0	905515	3783.8750544165737	1.85
22890.28656935182	1850	16.255449829441176	0.0	1060487	4011.4599328205513	1.85
22893.811771813555	1850	16.730247367710305	0.0	852833	3525.202461730872	1.85
22897.51092274529	1850	17.031096435975776	0.0	913888	3699.150931734529	1.85
22900.929766926653	1850	17.612252254610866	0.0	939819	3418.844181364907	1.85
22904.7548813607	1850	17.787137820564936	0.0	917428	3825.114434045928	1.85
22907.328708900503	1850	19.213310280758996	0.0	946851	2573.82753980594	1.85
22909.71219844436	1850	20.829820736903557	0.0	1036454	2383.4895438554404	1.85
22911.54485335317	1850	22.997165828088864	0.0	821631	1832.6549088146942	1.85
22913.76511207352	1850	24.7769071077389	0.0	923170	2220.258720349962	1.85
22916.746052135513	1850	25.795967045748565	0.0	966699	2980.940061990335	1.85
22919.20968458681	1850	27.33233459444755	0.0	885714	2463.632451301018	1.85
22922.63731787863	1850	27.904701302627988	0.0	987708	3427.633291819557	1.85
22925.493644608207	1850	29.0483745730501	0.0	923755	2856.3267295778883	1.85
22928.022616037008	1850	30.519403144250745	0.0	891604	2528.971428799355	1.85
22930.654985305675	1850	31.8870338755837	0.0	955231	2632.369268667043	1.85
22933.3388352363	1850	33.20318394495749	0.0	968026	2683.849930626209	1.85
22935.825304894977	1850	34.71671428627969	0.0	874175	2486.469658677801	1.85
22938.003557246586	1850	36.53846193467006	0.0	897976	2178.252351609631	1.85
22941.74772379731	1850	36.79429538394283	0.0	905935	3744.166550727237	1.85
22947.654944626025	1850	34.887074555226995	0.0	1076599	5907.220828715836	1.85
22951.16328534213	1850	35.37873383912731	0.0	758197	3508.3407160996867	1.85
22963.05221255458	1850	27.489806626675534	0.0	972798	11888.927212451774	1.85
22984.18104493565	1850	10.360974245604485	0.0	975811	21128.83238107105	1.85
22985.409225087373	300	13.13279409387702	0.0	157421	1228.1801517274632	-1.25
22988.157688513576	750	14.3843306676752	0.0	400322	2748.463426201821	0.3
22990.18598191285	750	16.356037268401362	0.0	369834	2028.293399273836	0.75
22992.069045795342	750	18.472973385907448	0.0	412837	1883.0638824939158	0.75
22997.17316595677	1850	17.36885322448227	0.0	1026056	5104.1201614251795	0.75
23002.03015125744	1850	16.511867923809234	0.0	943942	4856.9853006730345	1.85
23007.867617911514	1850	14.674401269734753	0.0	728962	5837.46665407448	1.85
23015.135934743936	1850	11.406084437311893	0.0	938587	7268.31683242286	1.85
23022.001480663235	1850	8.540538518013046	0.0	908665	6865.545919298847	1.85
23024.485983072485	750	10.056036108764212	0.0	390680	2484.5024092488334	-0.3500000000000001
23026.66630568603	750	11.875713495218266	0.0	345516	2180.3226135459463	0.75
23031.689212205325	750	10.852806975926054	0.0	384505	5022.906519292213	0.75
23035.77147017952	750	10.770549001731192	0.0	372093	4082.2579741948634	0.75
23041.487533438045	750	9.054485743206893	0.0	438281	5716.063258524297	0.75
23044.079935289512	300	10.462083891739777	0.0	167025	2592.401851467116	-0.15000000000000002
23046.676577562834	300	11.865441618419572	0.0	160064	2596.642273320206	0.3
23048.792400629787	300	13.74961855146581	0.0	137507	2115.8230669537616	0.3
23050.499847007428	300	16.042172173825726	0.0	118421	1707.4463776400835	0.3

