14455.75906601422	750	4.0	0.9321555281170851	450283	932.1555281170852	-3.2582687709034657
14456.54360706685	750	7.2154589473707595	0.0	398865	784.541052629241	0.75
14458.053248808319	1850	9.70581720590076	0.0	877771	1509.6417414700004	0.75
14459.73146853182	1850	12.027597482400935	0.0	933276	1678.2197234998234	1.85
14461.53983693321	1850	14.219229081009361	0.0	996749	1808.3684013915743	1.85
14462.9455121754	1850	16.813553838820184	0.0	801058	1405.6752421891808	1.85
14464.536156902665	1850	19.222909111555243	0.0	905515	1590.6447272649382	1.85
14466.467300375782	1850	21.29176563843846	0.0	1060487	1931.1434731167844	1.85
14468.271491215395	1850	23.48757479882568	0.0	852833	1804.1908396127808	1.85
14470.325594166277	1850	25.433471847943235	0.0	913888	2054.1029508824467	1.85
14472.414674178694	1850	27.344391835526228	0.0	939819	2089.080012417007	1.85
14477.12731229519	4300	26.631753719031337	0.0	2102452	4712.638116494889	1.8499999999999996
14481.64351591566	4300	26.115550098560618	0.0	2209463	4516.203620470718	4.3
14485.787605659963	4300	25.971460354257545	0.0	2275376	4144.089744303073	4.3
14489.60068418708	4300	26.15838182714057	0.0	2005399	3813.0785271169757	4.3
14493.55663355901	4300	26.202432455209447	0.0	2152483	3955.9493719311204	4.3
14498.603646401058	4300	25.155419613164188	0.0	2289689	5047.012842045261	4.3
14502.399352586639	4300	25.359713427582538	0.0	2059512	3795.7061855816487	4.3
14506.497682131512	4300	25.261383882707804	0.0	2220726	4098.329544874734	4.3
14510.50145991168	4300	25.257606102540432	0.0	2156729	4003.777780167372	4.3
14514.270984042125	4300	25.48808197209537	0.0	2039773	3769.52413044506	4.3
14518.104344259918	4300	25.65472175430281	0.0	2176469	3833.3602177925623	4.3
14522.263467612725	4300	25.495598401495165	0.0	2221506	4159.123352807644	4.3
14525.98368704395	4300	25.775378970270246	0.0	2044075	3720.2194312249194	4.3
14529.801687935273	4300	25.957378078947468	0.0	2186790	3818.0008913227784	4.3
14533.938750302788	4300	25.82031571143175	0.0	2105231	4137.062367515715	4.3
14538.684672529107	4300	25.074393485113116	0.0	2395588	4745.922226318636	4.3
14542.401943198773	4300	25.357122815447866	0.0	1972048	3717.2706696652476	4.3
14546.528499776638	4300	25.230566237582455	0.0	2134614	4126.556577865413	4.3
14550.631826142833	4300	25.12723987138615	0.0	2164140	4103.3263661963065	4.3
14554.466829273664	4300	25.29223674055507	0.0	2113193	3835.003130831081	4.3
14558.564885313293	4300	25.19418070092505	0.0	2147852	4098.056039630019	4.3
14562.719973442518	4300	25.039092571701524	0.0	2191074	4155.088129223524	4.3
14566.858353687518	4300	24.90071232670093	0.0	2286761	4138.3802450005915	4.3
14570.883465978062	4300	24.8756000361563	0.0	2307787	4025.1122905446305	4.3
14574.497601342548	4300	25.261464671669817	0.0	2143948	3614.1353644864835	4.3
14578.314189924891	4300	25.444876089325543	0.0	1919781	3816.5885823442745	4.3
14582.999973868022	4300	24.759092146196334	0.0	2147467	4685.783943129209	4.3
14587.707944692194	4300	24.051121322024105	0.0	2133870	4707.970824172228	4.3
14591.906186704624	4300	23.852879309594673	0.0	2146120	4198.242012429428	4.3
14595.793787154096	4300	23.965278860122893	0.0	2108491	3887.6004494717804	4.3
14599.960958123414	4300	23.79810789080684	0.0	2184571	4167.170969316053	4.3
14604.042527466358	4300	23.716538547863706	0.0	2121928	4081.5693429431326	4.3
14608.750502996225	4300	23.00856301799482	0.0	2219102	4707.975529868886	4.3
14612.61108427306	4300	23.14798174116155	0.0	2124950	3860.58127683327	4.3
14616.754265340385	4300	23.004800673833852	0.0	2246506	4143.181067327698	4.3
14620.435255389877	4300	23.323810624343935	0.0	1961140	3680.990049489915	4.3
14624.415147062007	4300	23.34391895221398	0.0	2155012	3979.8916721299565	4.3

