15367.702069073712	750	4.0	2.993897582587049	450283	2993.897582587049	-12.12375960512431
15369.250316922877	300	6.451752150834994	0.0	155580	1548.247849165005	-0.15000000000000002
15369.892473530794	300	9.809595542918126	0.0	139857	642.1566079168676	0.3
15371.465505329437	750	12.23656374427377	0.0	382355	1573.031798644357	0.3
15372.895206187626	750	14.806862886084717	0.0	411561	1429.7008581890534	0.75
15373.753815914988	750	17.94825315872219	0.0	318564	858.6097273625275	0.75
15376.589695458073	1850	19.112373615638006	0.0	905515	2835.879543084183	0.75
15379.880834027163	1850	19.821235046550225	0.0	1060487	3291.138569087784	1.85
15382.346916712399	1850	21.355152361314243	0.0	852833	2466.082685235984	1.85
15385.258623442634	1850	22.443445631076266	0.0	913888	2911.706730237977	1.85
15388.41985559721	1850	23.28221347650026	0.0	939819	3161.2321545760065	1.85
15391.635933242871	1850	24.066135830840416	0.0	917428	3216.0776456598433	1.85
15394.9021265325	1850	24.799942541211383	0.0	946851	3266.193289629033	1.85
15398.610455366994	1850	25.091613706717258	0.0	1036454	3708.3288344941257	1.85
15402.101928960788	1850	25.60014011292116	0.0	821631	3491.4735937960995	1.85
15405.568052416502	1850	26.134016657208466	0.0	923170	3466.1234557126913	1.85
15409.629566338246	1850	26.07250273546422	0.0	966699	4061.5139217442475	1.85
15413.272812640382	1850	26.42925643332964	0.0	885714	3643.2463021345807	1.85
15416.756256914554	1850	26.945812159157967	0.0	987708	3483.4442741716725	1.85
15420.493705322655	1850	27.2083637510565	0.0	923755	3737.448408101466	1.85
15423.81847059427	1850	27.883598479440398	0.0	891604	3324.7652716160987	1.85
15427.469860967862	1850	28.23220810584957	0.0	955231	3651.390373590833	1.85
15431.76969871372	1850	27.932370359991264	0.0	968026	4299.837745858306	1.85
15435.448861388048	1850	28.253207685663543	0.0	874175	3679.162674327719	1.85
15438.991767956608	1850	28.710301117105015	0.0	897976	3542.906568558526	1.85
15442.816304918211	1850	28.885764155500745	0.0	905935	3824.536961604274	1.85
15447.310850736023	1850	28.39121833768751	0.0	1076599	4494.545817813235	1.85
15450.985548965606	1850	28.716520108105843	0.0	758197	3674.698229581664	1.85
15457.02891054706	1850	26.673158526649043	0.0	972798	6043.361581456802	1.85
15462.9089038135	1850	24.79316526021054	0.0	975811	5879.993266438507	1.85
15467.563923832338	1850	24.138145241371834	0.0	873429	4655.020018838706	1.85
15475.032328801914	1850	20.66974027179714	0.0	954453	7468.404969574694	1.85
15481.24189768869	1850	18.460171385020832	0.0	885062	6209.568886776304	1.85
15485.033839683976	1850	18.66822938973415	0.0	1035329	3791.9419952866797	1.85
15489.103675004939	1850	18.59839406877164	0.0	1026056	4069.8353209625147	1.85
15492.93256908258	1850	18.76949999112924	0.0	943942	3828.8940776424	1.85
15496.059299929815	1850	19.642769143895777	0.0	728962	3126.730847233464	1.85
15500.351586633804	1850	19.35048243990748	0.0	938587	4292.286703988296	1.85
15503.50833064938	1850	20.19373842433191	0.0	908665	3156.744015575573	1.85
15507.313780943809	1850	20.38828812990224	0.0	930577	3805.450294429669	1.85
15510.999106291236	1850	20.7029627824756	0.0	858450	3685.325347426641	1.85
15516.210982529803	1850	19.491086543909763	0.0	1025005	5211.876238565838	1.85
15519.845417223736	1850	19.85665184997455	0.0	886255	3634.4346939352117	1.85
15523.664843598044	1850	20.037225475666727	0.0	973972	3819.426374307822	1.85
15527.564529394285	1850	20.137539679425405	0.0	958994	3899.6857962413246	1.85
15530.746155962073	1850	20.95591311163747	0.0	982064	3181.6265677879333	1.85
15534.195929190722	1850	21.50613988298788	0.0	830730	3449.7732286495866	1.85
15537.251203655855	1850	22.45086541785763	0.0	846370	3055.27446513025	1.85

