11569.037429872244	750	4.0	2.287148895543779	450283	2287.148895543779	-9.084740250838248
11571.455281619985	750	5.582148252258925	0.0	398865	2417.8517477410755	0.75
11573.304234244022	750	7.733195628221291	0.0	350812	1848.9526240376335	0.75
11576.302773628391	1200	8.734656243852726	0.0	617681	2998.539384368567	0.75
11579.508305948691	1200	9.529123923553518	0.0	652874	3205.532320299208	1.2
11583.158488093148	1200	9.878941779097868	0.0	520315	3650.1821444556504	1.2
11588.978306657838	1200	8.059123214407538	0.0	561791	5819.8185646903285	1.2
11596.518050560326	750	4.519379311920431	0.0	437162	7539.743902487108	0.3
11598.988455088602	300	6.048974783642763	0.0	150710	2470.404528277668	-0.15000000000000002
11602.295883357841	300	6.741546514404468	0.0	139105	3307.428269238295	0.3
11606.359258556711	300	6.678171315534553	0.0	141840	4063.3751988699146	0.3
11609.352580567604	300	7.684849304641417	0.0	156148	2993.322010893136	0.3
11612.1311613503	300	8.906268521945627	0.0	160746	2778.58078269579	0.3
11615.041084485634	300	9.996345386612127	0.0	179801	2909.9231353335	0.3
11617.316336172435	300	11.721093699810586	0.0	140051	2275.251686801542	0.3
11619.206605859932	300	13.830824012314269	0.0	138313	1890.269687496318	0.3
11621.23110743077	300	15.806322441474418	0.0	143509	2024.5015708398503	0.3
11623.136561923098	300	17.90086794914715	0.0	150616	1905.4544923272701	0.3
11625.340019266077	300	19.697410606166684	0.0	165384	2203.4573429804614	0.3
11630.1776895477	750	18.859740324545715	0.0	350713	4837.670281620972	0.3
11638.724401735157	750	14.31302813708867	0.0	386472	8546.712187457044	0.75
11647.300276613936	750	9.737153258308954	0.0	399894	8575.874878779716	0.75
11651.34079436806	300	9.696635504184542	0.0	163927	4040.517754124413	-0.15000000000000002
11654.886954744556	300	10.150475127689866	0.0	137654	3546.1603764946763	0.3
11658.050616380311	300	10.98681349193302	0.0	146754	3163.661635756845	0.3
11660.566637216887	300	12.470792655357979	0.0	153938	2516.0208365750414	0.3
11662.226204611527	300	14.811225260717583	0.0	181901	1659.5673946403954	0.3
11663.247202508079	300	17.790227364166086	0.0	111155	1020.9978965514965	0.3
11664.579348744484	300	20.458081127760842	0.0	153605	1332.1462364052468	0.3
11665.72054155812	300	23.316888314125528	0.0	149029	1141.192813635313	0.3
11669.553290882668	1200	23.484138989577005	0.0	570392	3832.749324548522	0.29999999999999993
11673.323837010423	1200	23.713592861822367	0.0	620283	3770.546127754637	1.2
11676.910232552074	1200	24.127197320171945	0.0	584349	3586.3955416504214	1.2
11680.796696371117	1200	24.240733501128407	0.0	670129	3886.463819043536	1.2
11687.239105418557	1200	21.798324453687943	0.0	690253	6442.409047440464	1.2
11692.04098328341	1200	20.99644658883562	0.0	598727	4801.877864852322	1.2
11697.32091487873	1200	19.716514993514924	0.0	487812	5279.931595320695	1.2
11702.400462314816	1200	18.636967557427877	0.0	575591	5079.547436087047	1.2
11707.931393024877	1200	17.10603684736776	0.0	605884	5530.9307100601145	1.2
11712.244209535695	1200	16.793220336550068	0.0	587506	4312.816510817693	1.2
11720.045433860989	1200	12.991996011254203	0.0	566904	7801.224325295864	1.2
11727.21658542494	750	9.82084444730486	0.0	384505	7171.151563949343	0.3
11733.355167541233	750	7.682262331012322	0.0	372093	6138.582116292539	0.75
11736.662983577284	300	8.374446294960514	0.0	172312	3307.816036051809	-0.15000000000000002
11740.117002323796	300	8.920427548449352	0.0	167025	3454.018746511161	0.3
11742.78153545698	300	10.255894415265427	0.0	160064	2664.533133183924	0.3
11744.163367422829	300	12.874062449415701	0.0	137507	1381.8319658497255	0.3
11746.3737061812	750	14.66372369104396	0.0	314107	2210.338758371741	0.3

