18010.426352686125	750	4.0	3.9127276647253035	450283	3912.7276647253034	-16.074728958318804
18011.857945706233	300	6.568406979893699	0.0	155580	1431.593020106301	-0.15000000000000002
18013.02444645953	300	9.401906226594866	0.0	139857	1166.500753298834	0.3
18015.638588259208	750	10.787764426918992	0.0	382355	2614.1417996758746	0.3
18018.05876808582	750	12.36758460030979	0.0	411561	2420.179826609202	0.75
18020.28025360295	750	14.146099083181726	0.0	318564	2221.4855171280647	0.75
18025.56827693337	1200	12.858075752760548	0.0	561791	5288.023330421176	0.75
18033.686343774745	1200	8.740008911384749	0.0	709534	8118.066841375801	1.2
18036.124672903214	750	10.30167978291423	0.0	374758	2438.329128470519	0.3
18038.199651465737	750	12.22670122039004	0.0	362795	2074.9785625241866	0.75
18040.38674558638	750	14.039607099744986	0.0	353220	2187.094120645055	0.75
18042.770199709707	750	15.65615297642033	0.0	405134	2383.4541233246573	0.75
18044.989275859523	750	17.437076826604113	0.0	386351	2219.076149816218	0.75
18048.88681620069	1200	17.53953648543633	0.0	687371	3897.540341167782	0.75
18052.173406146165	1200	18.25294653996284	0.0	526950	3286.589945473488	1.2
18056.60062512537	1200	17.825727560755855	0.0	587876	4427.218979206986	1.2
18063.145099717818	1200	15.281252968307262	0.0	617242	6544.474592448592	1.2
18069.718748499243	1200	12.707604186882618	0.0	581493	6573.648781424645	1.2
18076.206786570394	750	10.219566115733993	0.0	405596	6488.038071148626	0.3
18078.946635679804	750	11.479717006323622	0.0	350713	2739.8491094103724	0.75
18082.403940640026	750	12.022412046104009	0.0	386472	3457.304960219611	0.75
18086.0693917734	750	12.356960912729235	0.0	399894	3665.4511333747732	0.75
18089.460611032937	750	12.965741653192087	0.0	401853	3391.2192595371494	0.75
18092.480137247996	750	13.9462154381353	0.0	343800	3019.5262150567874	0.75
18096.04137663119	750	14.384976054940202	0.0	359903	3561.239383195098	0.75
18102.9683137142	750	11.458038971929394	0.0	379700	6926.937083010807	0.75
18110.821815982374	750	7.604536703751276	0.0	425781	7853.502268178118	0.75
18113.620522067537	300	8.805830618589257	0.0	111155	2798.7060851620195	-0.15000000000000002
18117.293134175412	300	9.133218510713577	0.0	153605	3672.612107875678	0.3
18120.11441041638	300	10.31194226974667	0.0	149029	2821.2762409669076	0.3
18123.763353791175	300	10.66299889495147	0.0	157421	3648.9433747951994	0.3
18127.673030135968	300	10.753322550159728	0.0	157488	3909.6763447917415	0.3
18132.837512013164	300	9.58884067296202	0.0	143881	5164.481877197708	0.3
18138.47438710008	300	7.951965586046533	0.0	163444	5636.875086915487	0.3
18142.057794578326	300	8.36855810779794	0.0	179328	3583.4074782485914	0.3
18144.62352633181	300	9.802826354313362	0.0	159914	2565.731753484579	0.3
18146.56930224904	300	11.857050437080632	0.0	131610	1945.7759172327294	0.3
18148.230007034468	300	14.196345651650267	0.0	124011	1660.7047854303657	0.3
18149.663527005396	300	16.762825680722425	0.0	144254	1433.5199709278404	0.3
18152.678760248786	750	17.7475924373363	0.0	390680	3015.233243386122	0.3
18155.862903511963	750	18.563449174157277	0.0	345516	3184.143263179023	0.75
18160.361877329062	750	18.064475357060115	0.0	384505	4498.973817097164	0.75
18169.23168602709	750	13.19466665903086	0.0	372093	8869.808698029254	0.75
18181.57986695285	750	4.8464857332754985	0.0	438281	12348.180925755361	0.75
18186.97915733679	300	4.0	0.5528046506685423	167025	5399.2903839440405	-2.527059997874732
18191.383518489438	300	4.0	0.40436115264997535	160064	4404.361152649975	-1.438752956394894
18195.253978114997	300	4.129540374443931	0.0	137507	3870.4596255560687	0.3
18197.821065025462	300	5.562453463976039	0.0	118421	2567.086910467893	0.3

