16263.75755323578	750	4.0	2.752351768226307	450283	2752.351768226307	-11.085112603373119
16264.777453014474	300	6.980100221306277	0.0	155580	1019.8997786937232	-0.15000000000000002
16265.899412077559	300	9.858141158220798	0.0	139857	1121.959063085479	0.3
16268.581089958296	750	11.176463277484817	0.0	382355	2681.6778807359815	0.3
16269.929486857605	750	13.828066378173212	0.0	411561	1348.3968993116061	0.75
16277.514469510563	1850	10.243083725216467	0.0	801058	7584.9826529567445	0.75
16281.82247438322	750	9.935078852559622	0.0	352642	4308.004872656845	-0.3500000000000001
16285.982336844087	750	9.775216391693357	0.0	437162	4159.862460866265	0.75
16287.003894032196	300	12.753659203584382	0.0	150710	1021.5571881089742	-0.15000000000000002
16290.361497004424	750	13.396056231356916	0.0	362795	3357.6029722274666	0.3
16294.873448209573	750	12.884105026207965	0.0	353220	4511.951205148949	0.75
16301.154899887182	750	10.602653348598775	0.0	405134	6281.451677609192	0.75
16302.936226454542	750	12.82132678123899	0.0	386351	1781.3265673597828	0.75
16304.695815541578	750	15.06173769420071	0.0	434409	1759.589087038281	0.75
16309.921837323205	1850	13.835715912573916	0.0	821631	5226.021781626795	0.75
16317.231599794215	1850	10.52595344156559	0.0	923170	7309.762471008326	1.85
16320.078606429328	750	11.678946806452323	0.0	360831	2847.0066351132677	-0.3500000000000001
16323.758301013078	750	11.999252222700758	0.0	372963	3679.694583751566	0.75
16330.128133689857	750	9.629419545920896	0.0	405596	6369.83267677986	0.75
16331.192861445397	300	12.564691790381442	0.0	140881	1064.7277555394562	-0.15000000000000002
16332.496568014343	300	15.260985221435497	0.0	157671	1303.7065689459423	0.3
16335.008972269794	750	16.74858096598321	0.0	399894	2512.4042554522903	0.3
16341.275418097497	750	14.482135138278656	0.0	401853	6266.445827704551	0.75
16345.198074820277	750	14.559478415500827	0.0	343800	3922.6567227778287	0.75
16350.515483868541	750	13.242069367235601	0.0	359903	5317.409048265226	0.75
16354.476041612375	750	13.281511623401835	0.0	379700	3960.557743833767	0.75
16359.258366884997	750	12.499186350780919	0.0	425781	4782.325272620916	0.75
16361.007405503442	750	14.750147732335469	0.0	277716	1749.0386184454505	0.75
16363.954413228692	750	15.803140007085519	0.0	400396	2947.007725249951	0.75
16366.797944184556	750	16.959609051221832	0.0	400508	2843.5309558636845	0.75
16368.957748221954	750	18.799805013824173	0.0	358218	2159.8040373976587	0.75
16372.52952622303	750	19.22802701274829	0.0	400322	3571.778001075885	0.75
16375.618674301233	750	20.138878934545488	0.0	369834	3089.1480782027984	0.75
16384.23120604497	1850	15.52634719081052	0.0	1035329	8612.53174373497	0.75
16393.112740931352	1850	10.644812304426464	0.0	1026056	8881.534886384055	1.85
16396.2190540544	750	11.53849918137973	0.0	365161	3106.313123046734	-0.3500000000000001
16398.46156419861	750	13.295989037171514	0.0	321064	2242.5101442082173	0.75
16401.307813840456	750	14.449739395322812	0.0	361565	2846.2496418487026	0.75
16403.571119105844	750	16.186434129936952	0.0	378327	2263.3052653858595	0.75
16404.574138492746	300	19.183414743032895	0.0	149991	1003.0193869040576	-0.15000000000000002
16407.064965779085	750	20.69258745669264	0.0	345516	2490.827286340257	0.3
16412.491603443093	750	19.265949792688303	0.0	384505	5426.637664004334	0.75
16415.7793461094	750	19.978207126381157	0.0	372093	3287.7426663071496	0.75
16419.653427373432	750	20.104125862347427	0.0	438281	3874.0812640337285	0.75
16423.66124861347	750	20.09630462231301	0.0	398987	4007.8212400344164	0.75
16427.156019106886	750	20.601534128892396	0.0	393804	3494.770493420617	0.75
16430.84826342519	750	20.90928981058914	0.0	331053	3692.244318303254	0.75
16437.660129471467	750	18.097423764312097	0.0	314107	6811.866046277043	0.75

