9302.43546208374	750	4.0	4.665178135276565	450283	4665.178135276565	-19.31026598168923
9303.93429665163	300	6.501165432110702	0.0	155580	1498.8345678892972	-0.15000000000000002
9305.375825633544	300	9.059636450196395	0.0	139857	1441.5289819143081	0.3
9308.435108141368	300	10.000353942372927	0.0	155432	3059.282507823468	0.3
9312.500108647902	300	9.935353435839435	0.0	163442	4065.000506533491	0.3
9315.423648643888	300	11.011813439851737	0.0	126289	2923.539995987698	0.3
9318.285356735187	300	12.15010534855435	0.0	153295	2861.708091297388	0.3
9321.688419368023	300	12.747042715718758	0.0	173849	3403.0626328355916	0.3
9324.606185920746	300	13.829276162996456	0.0	150710	2917.766552722302	0.3
9327.202155205403	300	15.233306878338324	0.0	139105	2595.969284658131	0.3
9330.640154090166	300	15.795307993574422	0.0	141840	3437.9988847639015	0.3
9335.835535676682	300	14.599926407058215	0.0	156148	5195.381586516208	0.3
9340.065643157812	300	14.369818925929478	0.0	160746	4230.107481128735	0.3
9343.846571971257	300	14.588890112485023	0.0	179801	3780.9288134444546	0.3
9347.332976589902	300	15.102485493839552	0.0	140051	3486.404618645471	0.3
9351.61568182654	300	14.819780257200604	0.0	138313	4282.705236638948	0.3
9356.69881058482	300	13.736651498923296	0.0	143509	5083.128758277308	0.3
9360.039752770617	300	14.395709313123865	0.0	150616	3340.942185799432	0.3
9361.547232678746	300	16.88822940499606	0.0	165384	1507.4799081278047	0.3
9362.4448086835	300	19.990653400240554	0.0	140881	897.5760047555111	0.3
9363.33799182206	300	23.09747026167943	0.0	157671	893.1831385611233	0.3
9364.17637129436	300	26.259090789380675	0.0	157812	838.3794722987542	0.3
9366.199094626472	750	28.236367457267576	0.0	401853	2022.7233321131005	0.3
9369.013603850886	1200	29.42185823285244	0.0	536667	2814.509224415137	0.75
9372.785075848553	1850	29.650386235184904	0.0	897976	3771.471997667536	1.2000000000000002
9377.59999418094	1850	28.83546790279842	0.0	905935	4814.918332386481	1.85
9383.578238005055	1850	26.857224078684222	0.0	1076599	5978.243824114199	1.85
9390.042881878255	1850	24.392580205484236	0.0	758197	6464.643873199988	1.85
9398.239386044846	1850	20.196076038893093	0.0	972798	8196.504166591141	1.85
9403.447060634528	1200	18.988401449213008	0.0	641447	5207.674589680086	0.5499999999999999
9408.222370261368	1200	18.21309182237312	0.0	570392	4775.309626839887	1.2
9413.29963406427	1200	17.13582801946946	0.0	620283	5077.2638029036625	1.2
9417.412783579528	1200	17.022678504211065	0.0	584349	4113.1495152583975	1.2
9422.099441155819	1200	16.33602092792067	0.0	670129	4686.657576290394	1.2
9426.52375688384	1200	15.911705199899647	0.0	690253	4424.315728021023	1.2
9429.697370738311	1200	16.738091345429122	0.0	598727	3173.613854470526	1.2
9432.154655807528	1200	18.280806276210786	0.0	487812	2457.285069218333	1.2
9435.141681282907	1200	19.293780800833943	0.0	575591	2987.0254753768454	1.2
9439.769395472707	1850	18.66606661103246	0.0	908665	4627.714189801481	1.2000000000000002
9443.412106116506	1850	19.023355967233435	0.0	930577	3642.710643799026	1.85
9448.581076325312	1850	17.8543857584262	0.0	858450	5168.970208807235	1.85
9454.097221450094	1850	16.338240633644602	0.0	1025005	5516.145124781597	1.85
9458.267625459666	1850	16.16783662407303	0.0	886255	4170.404009571574	1.85
9462.617481215357	1850	15.81798086838238	0.0	973972	4349.855755690652	1.85
9466.801431266029	1850	15.634030817709318	0.0	958994	4183.950050673061	1.85
9474.173652184369	2850	12.26180989936817	0.0	1483527	7372.220918341148	1.85
9480.493963012603	2850	9.941499071134237	0.0	1231456	6320.3108282339335	2.85
9488.95387440054	2850	5.481587683194677	0.0	1364537	8459.911387939559	2.85

