22169.20702477496	750	4.0	1.8471370276969283	450283	1847.1370276969283	-7.192689219096792
22171.1462351651	750	6.060789609862291	0.0	398865	1939.2103901377081	0.75
22172.884880987513	750	8.322143787449836	0.0	350812	1738.6458224124558	0.75
22174.544754753548	750	10.662270021413521	0.0	382355	1659.8737660363154	0.75
22176.357425620197	750	12.849599154763846	0.0	411561	1812.670866649674	0.75
22177.741733988987	750	15.465290785977238	0.0	318564	1384.3083687866076	0.75
22179.5644681428	750	17.64255663216143	0.0	352642	1822.7341538158068	0.75
22181.48677763736	750	19.72024713759806	0.0	437162	1922.3094945633695	0.75
22184.404162601	1850	20.80286217395851	0.0	852833	2917.3849636395507	0.75
22188.131698593945	1850	21.075326181014297	0.0	913888	3727.535992944214	1.85
22192.26297509617	1850	20.944049678787675	0.0	939819	4131.276502226621	1.85
22196.920898881057	1850	20.28612589390344	0.0	917428	4657.923784884237	1.85
22200.771100038623	1850	20.435924736338645	0.0	946851	3850.201157564792	1.85
22204.974687123387	1850	20.232337651572813	0.0	1036454	4203.587084765833	1.85
22208.22637897194	1850	20.98064580301973	0.0	821631	3251.691848553085	1.85
22211.225731325158	1850	21.981293449806014	0.0	923170	2999.352353213717	1.85
22215.109644606226	1850	22.097380168736542	0.0	966699	3883.9132810694737	1.85
22218.380403493506	1850	22.826621281456728	0.0	885714	3270.758887279815	1.85
22221.996470860755	1850	23.21055391420921	0.0	987708	3616.0673672475154	1.85
22225.39471031062	1850	23.812314464341977	0.0	923755	3398.239449867233	1.85
22229.37042205818	1850	23.836602716781098	0.0	891604	3975.71174756088	1.85
22233.614402343268	1850	23.592622431690387	0.0	955231	4243.980285090711	1.85
22238.30479592897	1850	22.902228845990024	0.0	968026	4690.3935857003635	1.85
22242.42694672754	1850	22.780078047420428	0.0	874175	4122.1507985695935	1.85
22246.50984563124	1850	22.697179143717126	0.0	897976	4082.8989037033016	1.85
22250.576234288368	1850	22.630790486590328	0.0	905935	4066.388657126798	1.85
22255.122762410843	1850	22.084262364115173	0.0	1076599	4546.528122475157	1.85
22258.767313620603	1850	22.43971115435075	0.0	758197	3644.5512097644246	1.85
22263.20935287174	1850	21.997671903212048	0.0	972798	4442.039251138701	1.85
22268.80579848583	1850	20.401226289122434	0.0	975811	5596.445614089615	1.85
22276.486007942607	1850	16.721016832348763	0.0	873429	7680.20945677367	1.85
22291.174956918578	1850	6.032067856377686	0.0	954453	14688.948975971078	1.85
22292.38559712861	300	8.82142764634568	0.0	143881	1210.6402100320038	-1.25
22293.66967719838	300	11.537347576576503	0.0	163444	1284.0800697691768	0.3
22296.901567883953	750	12.305456891001983	0.0	401088	3231.8906855745213	0.3
22301.455669503266	750	11.751355271688503	0.0	365161	4554.10161931348	0.75
22305.133648305713	750	12.073376469242652	0.0	321064	3677.9788024458503	0.75
22308.471116629375	750	12.735908145585066	0.0	361565	3337.468323657586	0.75
22311.0923353809	750	14.114689394058157	0.0	378327	2621.2187515269097	0.75
22314.10054967945	750	15.106475095507603	0.0	390680	3008.2142985505543	0.75
22316.8951967074	750	16.311828067560803	0.0	345516	2794.6470279468003	0.75
22319.806373806114	750	17.400650968842225	0.0	384505	2911.1770987185773	0.75
22322.032351568123	750	19.174673206834875	0.0	372093	2225.97776200735	0.75
22324.964221229962	750	20.242803544992267	0.0	438281	2931.869661842605	0.75
22328.636367902785	750	20.57065687217058	0.0	398987	3672.146672821687	0.75
22331.99243680806	750	21.21458796689538	0.0	393804	3356.068905275202	0.75
22335.245460425434	750	21.96156434952383	0.0	331053	3253.0236173715493	0.75
22338.634214566766	750	22.57281020818843	0.0	314107	3388.7541413354	0.75

