10905.412189316085	750	4.0	2.287148895543779	450283	2287.148895543779	-9.084740250838248
10906.438864593048	300	6.973324723036945	0.0	155580	1026.6752769630546	-0.15000000000000002
10907.32038898187	300	10.09180033421328	0.0	139857	881.5243888236656	0.3
10909.461291301497	750	11.950898014589086	0.0	382355	2140.9023196241947	0.3
10911.544808673683	750	13.867380642402324	0.0	411561	2083.517372186761	0.75
10913.035487885196	750	16.376701430889703	0.0	318564	1490.679211512622	0.75
10914.791200498306	750	18.62098881777776	0.0	352642	1755.7126131119398	0.75
10917.032124876447	750	20.38006443963836	0.0	437162	2240.9243781394002	0.75
10920.108541050313	750	21.30364826577141	0.0	374758	3076.4161738669486	0.75
10923.67967449789	750	21.732514818195483	0.0	362795	3571.1334475759277	0.75
10928.530712831145	750	20.881476484939224	0.0	353220	4851.038333256261	0.75
10935.653808629704	750	17.75838068638056	0.0	405134	7123.095798558665	0.75
10944.924395299739	750	12.487794016347655	0.0	386351	9270.586670032904	0.75
10952.145311216393	750	9.26687809969257	0.0	434409	7220.915916655084	0.75
10954.309755939119	300	11.10243337696663	0.0	140051	2164.4447227259398	-0.15000000000000002
10956.185616097693	300	13.22657321839226	0.0	138313	1875.8601585743693	0.3
10958.256407384151	300	15.155781931933584	0.0	143509	2070.791286458678	0.3
10959.979049049809	300	17.43314026627501	0.0	150616	1722.6416656585718	0.3
10964.887997523143	750	16.524191792939913	0.0	405596	4908.948473335097	0.3
10972.522648408287	750	12.889540907797251	0.0	350713	7634.650885142662	0.75
10981.515941126196	750	7.896248189887972	0.0	386472	8993.292717909279	0.75
10984.579049175893	300	8.833140140192151	0.0	157812	3063.10804969582	-0.15000000000000002
10988.860355873641	300	8.551833442443348	0.0	163927	4281.306697748804	0.3
10992.375194202768	300	9.036995113316163	0.0	137654	3514.8383291271853	0.3
10995.2334463295	300	10.17874298658449	0.0	146754	2858.2521267316724	0.3
10997.331995865281	300	12.080193450802057	0.0	153938	2098.549535782432	0.3
10998.979107135237	300	14.433082180845686	0.0	181901	1647.1112699563719	0.3
11001.332972073302	750	16.079217242782228	0.0	277716	2353.8649380634556	0.3
11004.062782883326	750	17.349406432758176	0.0	400396	2729.8108100240524	0.75
11006.746616050315	750	18.665573265767172	0.0	400508	2683.8331669910044	0.75
11008.989548853782	750	20.422640462300148	0.0	358218	2242.932803467024	0.75
11011.48507972194	750	21.927109594141925	0.0	400322	2495.530868158222	0.75
11013.653839644443	750	23.75834967163975	0.0	369834	2168.7599225021772	0.75
11021.705902960559	1850	19.70628635552297	0.0	1035329	8052.063316116779	0.75
11029.774554433387	1850	15.637634882696249	0.0	1026056	8068.651472826721	1.85
11038.931374447486	1850	10.480814868597895	0.0	943942	9156.820014098355	1.85
11041.879481078673	750	11.532708237409732	0.0	321064	2948.1066311881623	-0.3500000000000001
11044.841887468607	750	12.570301847476864	0.0	361565	2962.406389932866	0.75
11047.468003094222	750	13.944186221861528	0.0	378327	2626.1156256153376	0.75
11053.039237216639	750	12.372952099444754	0.0	390680	5571.234122416774	0.75
11057.85834013071	750	11.553849185373947	0.0	345516	4819.102914070806	0.75
11065.129924571675	750	8.282264744407856	0.0	384505	7271.584440966091	0.75
11067.446296289121	300	9.965893026959733	0.0	145210	2316.371717448123	-0.15000000000000002
11070.324263320355	300	11.087925995726343	0.0	172312	2877.96703123339	0.3
11073.545776022218	300	11.866413293863367	0.0	167025	3221.512701862976	0.3
11076.900773303638	300	12.511416012444263	0.0	160064	3354.997281419104	0.3
11079.167300017838	300	14.244889298244678	0.0	137507	2266.5267141995855	0.3
11080.432349463284	300	16.97983985279737	0.0	118421	1265.0494454473067	0.3

