1139.4504330035263	750	4.0	6.308048004947866	450283	6308.0480049478665	-26.374606421275825
1142.480090713484	300	4.9703422900424306	0.0	155580	3029.6577099575693	-0.15000000000000002
1144.0876692325123	300	7.362763771014124	0.0	139857	1607.5785190283066	0.3
1149.0593310784193	750	6.39110192510717	0.0	382355	4971.661845906953	0.3
1150.6984042494848	300	8.75202875404158	0.0	163442	1639.0731710655884	-0.15000000000000002
1154.7610610286613	750	8.689371974865196	0.0	318564	4062.656779176385	0.3
1161.0127687779252	750	6.437664225601094	0.0	352642	6251.707749264103	0.75
1164.7484022022495	300	6.702030801276836	0.0	173849	3735.633424324258	-0.15000000000000002
1167.553936161761	300	7.8964968417653205	0.0	150710	2805.5339595115147	0.3
1172.1768368020278	750	7.273596201498668	0.0	362795	4622.900640266653	0.3
1176.1926993571433	750	7.257733646382948	0.0	353220	4015.86255511572	0.75
1181.901183312737	750	5.549249690789443	0.0	405134	5708.483955593505	0.75
1183.178008042822	300	8.272424960704287	0.0	160746	1276.8247300851551	-0.15000000000000002
1186.24881410181	750	9.20161890171626	0.0	434409	3070.8060589880265	0.3
1189.8283096461464	1200	9.622123357379937	0.0	526950	3579.495544336323	0.75
1195.905119128364	1200	7.545313875162205	0.0	587876	6076.809482217733	1.2
1198.6920345469166	750	8.758398456609639	0.0	360831	2786.9154185525663	0.3
1201.904268736717	750	9.546164266809127	0.0	372963	3212.2341898005116	0.75
1206.4659721785315	1200	8.984460824994596	0.0	639204	4561.7034418145295	0.75
1209.0389107653502	750	10.411522238175769	0.0	350713	2572.938586818827	0.3
1213.7399918475885	1200	9.710441155937543	0.0	601738	4701.0810822382255	0.75
1218.420876159558	1200	9.029556843967828	0.0	616206	4680.884311969715	1.2
1224.523779684817	1200	6.926653318708798	0.0	656471	6102.90352525903	1.2
1225.5955076692107	300	9.854925334315395	0.0	137654	1071.7279843934043	-0.6000000000000001
1230.729637297054	1200	8.720795706472073	0.0	587236	5134.129627843322	0.29999999999999993
1233.925162320518	750	9.525270683008214	0.0	379700	3195.5250234638575	0.3
1239.4960738124087	1200	7.954359191117557	0.0	696376	5570.911491890659	0.75
1241.3968561648492	750	10.053576838677076	0.0	277716	1900.7823524404798	0.3
1245.4614920646172	1200	9.98894093890895	0.0	622896	4064.635899768125	0.75
1250.2477049133927	1200	9.202728090133697	0.0	641447	4786.212848775254	1.2
1254.9575502672258	1200	8.49288273630045	0.0	570392	4709.845353833248	1.2
1257.7644497186432	750	9.685983284883097	0.0	400322	2806.899451417352	0.3
1262.8030680216038	1200	8.647364981922411	0.0	584349	5038.6183029606855	0.75
1266.310766487496	750	9.139666516030184	0.0	412837	3507.698465892228	0.3
1272.7403700118766	1200	6.710062991649657	0.0	690253	6429.603524380526	0.75
1274.156668955121	300	9.293764048405238	0.0	159914	1416.2989432444183	-0.6000000000000001
1279.5446159773508	1200	7.9058170261752645	0.0	487812	5387.947022229974	0.29999999999999993
1285.5318312437453	750	5.918601759780752	0.0	361565	5987.215266394513	0.3
1289.4228292252935	300	6.027603778232349	0.0	144254	3890.9979815484025	-0.15000000000000002
1291.4878358141016	300	7.962597189424423	0.0	149991	2065.006588807926	0.3
1296.5587763426925	750	6.891656660833472	0.0	345516	5070.9405285909515	0.3
1299.0891492832884	300	8.36128372023744	0.0	161857	2530.372940596033	-0.15000000000000002
1305.015870147617	750	6.434562855908978	0.0	372093	5926.720864328461	0.3
1307.3818998216602	300	8.068533181865714	0.0	172312	2366.029674043265	-0.15000000000000002
1310.6836737971073	750	8.766759206418564	0.0	398987	3301.773975447149	0.3
1313.3536487184003	750	10.096784285125572	0.0	393804	2669.974921292993	0.75
1317.6890945188022	1200	9.761338484723774	0.0	538612	4335.445800401798	0.75
1321.1868265947683	1200	10.26360640875766	0.0	550906	3497.732075966115	1.2

