1763.192270820312	750	4.0	3.5333118074124745	450283	3533.3118074124745	-14.44324077187364
1764.6871796580274	300	6.5050911622846534	0.0	155580	1494.9088377153469	-0.15000000000000002
1766.2630073598386	300	8.929263460473335	0.0	139857	1575.827701811319	0.3
1768.2878121868725	300	10.904458633439283	0.0	155432	2024.804827034051	0.3
1769.79141525698	300	13.400855563331891	0.0	163442	1503.6030701073907	0.3
1770.996291531235	300	16.19597928907646	0.0	126289	1204.8762742554352	0.3
1773.974047455523	750	17.218223364788564	0.0	352642	2977.7559242878933	0.3
1779.070393253544	750	16.121877566767754	0.0	437162	5096.345798020809	0.75
1784.7863619880281	750	14.405908832283618	0.0	374758	5715.968734484138	0.75
1787.9477317279964	750	15.24453909231529	0.0	362795	3161.3697399683283	0.75
1791.7159498302958	750	15.476320990015923	0.0	353220	3768.2181022993673	0.75
1799.1879714173745	750	12.004299402937221	0.0	405134	7472.021587078703	0.75
1801.3621006420228	300	13.830170178288732	0.0	160746	2174.129224648489	-0.15000000000000002
1802.988032174454	300	16.20423864585761	0.0	179801	1625.9315324311215	0.3
1806.3976380363906	750	16.794632783921195	0.0	337059	3409.6058619364176	0.3
1809.2393569485357	750	17.95291387177617	0.0	366214	2841.7189121450265	0.75
1812.0947312106173	750	19.09753960969455	0.0	360831	2855.374262081615	0.75
1815.1556796649943	750	20.036591155317492	0.0	372963	3060.94845437706	0.75
1818.6427119319885	750	20.549558888323336	0.0	405596	3487.0322669941575	0.75
1821.3342553887533	750	21.858015431558627	0.0	350713	2691.543456764709	0.75
1824.6260002072788	750	22.566270613032987	0.0	386472	3291.7448185256385	0.75
1828.25681395237	750	22.93545686794188	0.0	399894	3630.813745091106	0.75
1832.1958975080413	750	22.99637331227062	0.0	401853	3939.0835556712577	0.75
1834.8206936946747	750	24.371577125637167	0.0	343800	2624.796186633454	0.75
1837.78051203716	750	25.41175878315204	0.0	359903	2959.818342485124	0.75
1841.2676472345358	750	25.924623585776157	0.0	379700	3487.1351973758865	0.75
1845.159772251497	750	26.03249856881495	0.0	425781	3892.1250169612076	0.75
1847.991698264574	750	27.200572555737896	0.0	277716	2831.926013077051	0.75
1856.2635977222812	1850	22.92867309803089	0.0	972798	8271.899457707006	0.75
1864.3739884824206	1850	18.818282337891453	0.0	975811	8110.390760139437	1.85
1873.0490845173292	1850	14.143186302982837	0.0	873429	8675.096034908618	1.85
1876.6287549163908	750	14.563515903921148	0.0	400322	3579.6703990616884	-0.3500000000000001
1882.642375908327	750	12.54989491198503	0.0	369834	6013.620991936119	0.75
1886.9123750901113	750	12.27989573020079	0.0	412837	4269.999181784237	0.75
1890.850566383873	750	12.341704436438985	0.0	401088	3938.1912937618076	0.75
1896.8473688697136	750	10.344901950598508	0.0	365161	5996.802485840474	0.75
1899.5241421301846	300	11.668128690127348	0.0	131610	2676.773260471159	-0.15000000000000002
1901.219703694876	300	13.972567125435948	0.0	124011	1695.5615646914002	0.3
1902.59920137944	300	16.59306944087193	0.0	144254	1379.49768456402	0.3
1906.4368770585302	750	16.755393761781637	0.0	390680	3837.6756790902905	0.3
1909.1222315959194	750	18.07003922439245	0.0	345516	2685.3545373891875	0.75
1912.1686122457966	750	19.023658574515554	0.0	384505	3046.3806498768977	0.75
1915.2225454668476	750	19.969725353464437	0.0	372093	3053.9332210511166	0.75
1918.9356568592195	750	20.256613961092423	0.0	438281	3713.1113923720136	0.75
1922.0462869001776	750	21.145983920134405	0.0	398987	3110.6300409580176	0.75
1925.3495728907815	750	21.84269792953049	0.0	393804	3303.2859906039134	0.75
1928.6060944420215	750	22.586176378290453	0.0	331053	3256.5215512400387	0.75
1931.692714657835	750	23.499556162477166	0.0	314107	3086.620215813288	0.75

