7525.932776810225	750	4.0	2.7931852023610926	450283	2793.1852023610927	-11.260696370152697
7526.572139463307	300	7.360637346917347	0.0	155580	639.3626530826534	-0.15000000000000002
7527.873673460756	750	10.05910334946829	0.0	350812	1301.5339974490587	0.3
7529.831774105862	1200	12.101002704363095	0.0	617681	1958.1006451051946	0.75
7533.746413885677	1850	12.186362924548552	0.0	996749	3914.639779814542	1.2000000000000002
7537.258514045533	1850	12.674262764691749	0.0	801058	3512.100159856803	1.85
7540.989020051599	1850	12.943756758624826	0.0	905515	3730.506006066922	1.85
7548.095291225748	1850	9.837485584476475	0.0	1060487	7106.271174148352	1.85
7556.152013781791	1200	5.78076302843437	0.0	584846	8056.722556042106	0.5499999999999999
7558.531908084356	300	7.4008687258701125	0.0	139105	2379.8943025642575	-0.6000000000000001
7563.017102688484	750	6.915674121741124	0.0	353220	4485.194604128988	0.3
7564.221866307859	300	9.710910502365627	0.0	156148	1204.7636193754959	-0.15000000000000002
7568.228448699469	1200	9.704328110756283	0.0	624282	4006.5823916093436	0.29999999999999993
7571.746308981862	1200	10.186467828363512	0.0	687371	3517.8602823927718	1.2
7575.681251652198	1200	10.251525158027128	0.0	526950	3934.9426703363815	1.2
7578.387723741706	1200	11.545053068518698	0.0	587876	2706.472089508433	1.2
7582.203965685562	1850	11.728811124662752	0.0	966699	3816.241943855945	1.2000000000000002
7585.683536969012	1850	12.249239841213548	0.0	885714	3479.5712834492033	1.85
7588.486295372892	1850	13.446481437334144	0.0	987708	2802.758403879403	1.85
7592.897177507186	2850	13.035599303038985	0.0	1336050	4410.88213429516	1.85
7597.623734682323	2850	12.309042127902702	0.0	1415116	4726.557175136284	2.85
7600.740764439815	1850	13.192012370409989	0.0	955231	3117.0297574927113	0.8500000000000001
7607.275918689236	2850	10.656858120989563	0.0	1505760	6535.154249420427	1.85
7609.813684907895	1200	12.11909190233073	0.0	536667	2537.7662186588327	-0.44999999999999996
7613.9197452767785	1850	12.013031533446108	0.0	897976	4106.060368884622	1.2000000000000002
7617.275575494993	1850	12.657201315231518	0.0	905935	3355.8302182145912	1.85
7622.058212633587	1850	11.874564176638048	0.0	1076599	4782.63713859347	1.85
7624.441250143793	1850	13.491526666431676	0.0	758197	2383.037510206369	1.85
7630.576319314919	2850	11.356457495305873	0.0	1498470	6135.069171125805	1.85
7634.835977706734	1850	11.09679910349023	0.0	975811	4259.658391815642	0.8500000000000001
7638.27999746254	1850	11.65277934768353	0.0	873429	3444.0197558067	1.85
7641.935480996821	1850	11.997295813402916	0.0	954453	3655.4835342806145	1.85
7645.534832084165	1850	12.397944726059254	0.0	885062	3599.3510873436608	1.85
7651.830562597506	1850	10.102214212717536	0.0	1035329	6295.73051334172	1.85
7654.092778462811	1200	11.839998347413164	0.0	690253	2262.2158653043716	0.5499999999999999
7657.219453964927	1850	12.713322845297258	0.0	943942	3126.675502115905	1.2000000000000002
7659.63749760119	1850	14.295279209033932	0.0	728962	2418.0436362633272	1.85
7664.698177065108	2850	13.234599745116775	0.0	1499009	5060.679463917158	1.85
7668.664405735167	2850	13.26837107505801	0.0	1427478	3966.2286700587642	2.85
7675.145988976933	2850	10.786787833291818	0.0	1402287	6481.583241766191	2.85
7678.51832963551	1200	11.414447174714223	0.0	566904	3372.340658577596	-0.44999999999999996
7683.53004573098	1850	10.40273107924403	0.0	1025005	5011.716095470194	1.2000000000000002
7687.718169342348	1200	10.214607467875464	0.0	599477	4188.123611368567	0.5499999999999999
7690.266255194738	1200	11.666521615485905	0.0	634861	2548.0858523895595	1.2
7693.027976547523	1850	12.904800262699752	0.0	958994	2761.721352786154	1.2000000000000002
7695.787333787566	1850	14.145443022657354	0.0	982064	2759.3572400423977	1.85
7700.290486058151	2850	13.642290752072068	0.0	1231456	4503.152270585286	1.85
7709.242524166926	2850	8.690252643297228	0.0	1364537	8952.03810877484	2.85

