21850.68150733489	750	4.0	1.8710689380755445	450283	1871.0689380755446	-7.295596433724841
21852.284521246685	750	6.396986088206931	0.0	398865	1603.0139117930696	0.75
21853.41727402514	750	9.264233309752525	0.0	350812	1132.7527784544063	0.75
21854.480723870263	750	12.200783464630447	0.0	382355	1063.449845122077	0.75
21855.638124188277	750	15.043383146614369	0.0	411561	1157.400318016078	0.75
21857.700498107104	1850	16.98100922778753	0.0	801058	2062.373918826839	0.75
21860.385837263988	1850	18.295670070906414	0.0	905515	2685.3391568811157	1.85
21865.43930848628	1850	17.242198848615207	0.0	1060487	5053.471222291207	1.85
21868.218382475246	1850	18.46312485964688	0.0	852833	2779.0739889683286	1.85
21871.042287835586	1850	19.639219499306257	0.0	913888	2823.9053603406232	1.85
21873.481609356153	1850	21.199897978738083	0.0	939819	2439.321520568177	1.85
21876.379397994977	1850	22.302109339916985	0.0	917428	2897.788638821096	1.85
21879.70082578719	1850	22.980681547701447	0.0	946851	3321.427792215538	1.85
21882.847234811223	1850	23.834272523665902	0.0	1036454	3146.4090240355445	1.85
21885.025010053938	1850	25.656497280955215	0.0	821631	2177.775242710691	1.85
21888.18255693407	1850	26.498950400820597	0.0	923170	3157.546880134616	1.85
21891.535037662994	1850	27.146469671896494	0.0	966699	3352.480728924104	1.85
21894.868490284432	1850	27.813017050457965	0.0	885714	3333.4526214385314	1.85
21899.024626701445	1850	27.656880633443713	0.0	987708	4156.136417014252	1.85
21903.0189068032	1850	27.662600531686493	0.0	923755	3994.280101757221	1.85
21906.771101890863	1850	27.91040544402608	0.0	891604	3752.195087660414	1.85
21913.860121086418	1850	24.821386248470045	0.0	955231	7089.019195556035	1.85
21920.34716684233	1850	22.334340492557537	0.0	968026	6487.045755912504	1.85
21931.124679783756	1850	15.556827551133782	0.0	874175	10777.512941423756	1.85
21938.875897596583	1850	11.805609738304186	0.0	897976	7751.217812829595	1.85
21942.077166693314	750	12.604340641573474	0.0	379700	3201.269096730713	-0.3500000000000001
21945.691215812953	750	12.990291521936797	0.0	425781	3614.0491196366756	0.75
21947.85634109706	750	14.825166237828089	0.0	277716	2165.125284108708	0.75
21952.191890591253	750	14.48961674363652	0.0	400396	4335.5494941915695	0.75
21955.545837478643	750	15.135669856247812	0.0	400508	3353.946887388707	0.75
21959.931811641753	750	14.74969569313629	0.0	358218	4385.974163111521	0.75
21964.63984208703	750	14.041665247862975	0.0	400322	4708.030445273316	0.75
21967.883039286615	750	14.798468048277195	0.0	369834	3243.197199585781	0.75
21971.075718637614	750	15.605788697277033	0.0	412837	3192.6793510001603	0.75
21974.231567522762	750	16.44993981213381	0.0	401088	3155.8488851432244	0.75
21977.048532179142	750	17.632975155751964	0.0	365161	2816.964656381844	0.75
21979.727100561104	750	18.954406773790083	0.0	321064	2678.5683819618794	0.75
21982.640380117195	750	20.041127217700655	0.0	361565	2913.2795560894315	0.75
21985.788835641306	750	20.8926716935889	0.0	378327	3148.4555241117573	0.75
21993.031221814785	1850	17.65028552010861	0.0	930577	7242.386173480288	0.75
22000.603574736808	1850	14.07793259808746	0.0	858450	7572.35292202115	1.85
22010.302773272477	1850	8.378734062416271	0.0	1025005	9699.198535671188	1.85
22012.47708903353	750	10.204418301361372	0.0	372093	2174.315761054901	-0.3500000000000001
22015.46505316861	750	11.216454166283663	0.0	438281	2987.964135077708	0.75
22018.445051759023	750	12.236455575870945	0.0	398987	2979.998590412719	0.75
22021.317211348338	750	13.364295986558158	0.0	393804	2872.159589312788	0.75
22023.978896005847	750	14.702611329048093	0.0	331053	2661.684657510065	0.75
22026.58987475557	750	16.0916325793242	0.0	314107	2610.9787497238895	0.75

