18594.65697609732	750	4.0	6.212365695121308	450283	6212.365695121308	-25.963172489021623
18596.16406535134	300	6.492910745984942	0.0	155580	1507.089254015058	-0.15000000000000002
18597.733612851935	300	8.923363245387266	0.0	139857	1569.547500597674	0.3
18601.11659407454	300	9.54038202278418	0.0	155432	3382.981222603087	0.3
18603.522567116586	300	11.134408980739513	0.0	163442	2405.973042044665	0.3
18604.924396213195	300	13.732579884127976	0.0	126289	1401.8290966115378	0.3
18606.634142262	300	16.02283383532257	0.0	153295	1709.746048805408	0.3
18612.61770539039	750	14.039270706933781	0.0	437162	5983.563128388787	0.3
18617.116437923225	750	13.540538174096831	0.0	374758	4498.73253283695	0.75
18619.734713713722	750	14.92226238360384	0.0	362795	2618.275790492992	0.75
18622.135186781445	750	16.521789315880714	0.0	353220	2400.473067723125	0.75
18625.309299585286	750	17.34767651203702	0.0	405134	3174.1128038436923	0.75
18630.689468859084	750	15.967507238237854	0.0	386351	5380.169273799165	0.75
18637.37309038737	750	13.283885709952509	0.0	434409	6683.621528285345	0.75
18644.900653237946	750	9.756322859377912	0.0	337059	7527.562850574597	0.75
18648.38455322839	300	10.272422868935951	0.0	138313	3483.8999904419593	-0.15000000000000002
18652.155951334225	300	10.501024763097647	0.0	143509	3771.3981058383047	0.3
18656.116895326126	300	10.540080771199172	0.0	150616	3960.9439918984754	0.3
18658.994132619322	300	11.662843478005646	0.0	165384	2877.2372931935247	0.3
18660.244140923794	300	14.412835173534186	0.0	140881	1250.0083044714609	0.3
18663.63952199433	750	15.01745410299978	0.0	386472	3395.3810705344054	0.3
18666.96472276467	750	15.692253332659696	0.0	399894	3325.2007703400827	0.75
18670.58697777133	750	16.06999832600023	0.0	401853	3622.255006659465	0.75
18673.415559276946	750	17.241416820383993	0.0	343800	2828.581505616239	0.75
18676.461551442448	750	18.195424654880277	0.0	359903	3045.9921655037165	0.75
18679.865863290022	750	18.79111280730682	0.0	379700	3404.3118475734555	0.75
18685.37530498738	750	17.281671109946284	0.0	425781	5509.441697360535	0.75
18691.34070287507	750	15.316273222259719	0.0	277716	5965.397887686566	0.75
18703.564492357917	750	7.0924837394132245	0.0	400396	12223.789482846494	0.75
18708.05108168423	300	6.605894413103672	0.0	149029	4486.589326309552	-0.15000000000000002
18712.280189187415	300	6.376786909916857	0.0	157421	4229.107503186816	0.3
18715.459046909178	300	7.19792918815151	0.0	157488	3178.8577217653465	0.3
18717.741673493496	300	8.915302603832144	0.0	143881	2282.6265843193664	0.3
18720.221991208327	300	10.434984889004907	0.0	163444	2480.3177148272375	0.3
18722.880394631153	300	11.77658146618017	0.0	179328	2658.4034228247374	0.3
18725.427488038236	300	13.229488059093505	0.0	159914	2547.093407086666	0.3
18728.465143891208	300	14.19183220612425	0.0	131610	3037.655852969254	0.3
18730.620021279137	300	16.036954818196378	0.0	124011	2154.877387927873	0.3
18736.08218386719	750	14.574792230142174	0.0	378327	5462.162588054203	0.3
18743.260697379952	750	11.396278717381643	0.0	390680	7178.513512760533	0.75
18748.743840597006	750	9.913135500322893	0.0	345516	5483.143217058751	0.75
18750.505011831858	300	12.151964265471994	0.0	161857	1761.171234850898	-0.15000000000000002
18751.816437807545	300	14.840538289784336	0.0	145210	1311.4259756876584	0.3
18755.73520043379	750	14.921775663537943	0.0	438281	3918.7626262463928	0.3
18759.82055900357	750	14.836417093760312	0.0	398987	4085.3585697776307	0.75
18763.148390298993	750	15.508585798336698	0.0	393804	3327.831295423614	0.75
18768.89727841459	750	13.759697682736196	0.0	331053	5748.888115600503	0.75
18772.454457653625	750	14.202518443706909	0.0	314107	3557.1792390292867	0.75

