6950.263456856884	750	4.0	8.793419615156727	450283	8793.419615156727	-37.06170434517393
6953.2638181641405	300	4.999638692742964	0.0	155580	3000.361307257036	-0.15000000000000002
6955.892554795189	300	6.370902061693952	0.0	139857	2628.7366310490115	0.3
6958.371815759643	300	7.89164109724028	0.0	155432	2479.2609644536724	0.3
6960.781802475018	300	9.481654381865631	0.0	163442	2409.9867153746472	0.3
6962.7772879416025	300	11.486168915281535	0.0	126289	1995.4854665840983	0.3
6965.053613530791	300	13.209843326092562	0.0	153295	2276.3255891889726	0.3
6967.596268770644	300	14.667188086239829	0.0	173849	2542.655239852732	0.3
6969.819396165233	300	16.44406069165086	0.0	150710	2223.1273945889648	0.3
6974.778672421812	750	15.484784435072328	0.0	362795	4959.276256578534	0.3
6979.940228867119	750	14.323227989765073	0.0	353220	5161.556445307254	0.75
6986.552127755443	750	11.711329101442072	0.0	405134	6611.898888323002	0.75
6988.737753546272	300	13.525703310612103	0.0	160746	2185.625790829968	-0.15000000000000002
6994.757214689819	750	11.506242167064942	0.0	434409	6019.461143547161	0.3
7001.155405731266	750	9.10805112561803	0.0	337059	6398.191041446912	0.75
7003.400905736934	300	10.862551119949854	0.0	138313	2245.500005668175	-0.15000000000000002
7005.511450360606	300	12.752006496277644	0.0	143509	2110.54462367221	0.3
7007.609517448518	300	14.653939408365202	0.0	150616	2098.0670879124427	0.3
7010.012886539132	300	16.25057031775217	0.0	165384	2403.3690906130305	0.3
7015.273253528873	750	14.990203328010237	0.0	350713	5260.366989741935	0.3
7021.346515781985	750	12.9169410748988	0.0	386472	6073.2622531114375	0.75
7027.831318669397	750	10.432138187486856	0.0	399894	6484.802887411944	0.75
7030.439969919057	300	11.823486937826104	0.0	163927	2608.6512496607515	-0.15000000000000002
7032.736715237357	300	13.526741619525822	0.0	137654	2296.745318300281	0.3
7035.227152312125	300	15.0363045447586	0.0	146754	2490.4370747672215	0.3
7037.741753596279	300	16.52170326060444	0.0	153938	2514.6012841541606	0.3
7044.07374494162	750	14.18971191526283	0.0	425781	6331.991345341612	0.3
7047.3714743444	750	14.891982512483267	0.0	277716	3297.729402779562	0.75
7051.35910629555	750	14.904350561332949	0.0	400396	3987.6319511503184	0.75
7055.050537003106	750	15.212919853776732	0.0	400508	3691.4307075562174	0.75
7059.417648624701	750	14.84580823218228	0.0	358218	4367.111621594452	0.75
7064.088953700375	750	14.174503156507898	0.0	400322	4671.305075674384	0.75
7068.553463862374	750	13.709992994508397	0.0	369834	4464.510161999501	0.75
7074.899680656727	750	11.363776200155943	0.0	412837	6346.2167943524555	0.75
7081.278135693766	750	8.985321163116634	0.0	401088	6378.455037039308	0.75
7085.710224170644	750	8.553232686238307	0.0	365161	4432.088476878327	0.75
7087.363594000526	300	10.899862856357457	0.0	131610	1653.3698298808492	-0.15000000000000002
7089.0793653846	300	13.184091472282857	0.0	124011	1715.7713840746003	0.3
7090.959403595689	300	15.304053261194024	0.0	144254	1880.0382110888336	0.3
7093.165836024652	300	17.097620832230636	0.0	149991	2206.4324289633905	0.3
7096.9645334120205	750	17.298923444862616	0.0	345516	3798.697387368018	0.3
7101.198597122653	750	17.064859734230225	0.0	384505	4234.06371063239	0.75
7105.562511527037	750	16.700945329845926	0.0	372093	4363.914404384296	0.75
7111.309132573745	750	14.954324283137503	0.0	438281	5746.621046708423	0.75
7116.151380513165	750	14.112076343717366	0.0	398987	4842.247939420136	0.75
7120.961846979527	750	13.301609877355347	0.0	393804	4810.46646636202	0.75
7124.887690309755	750	13.375766547126615	0.0	331053	3925.8433302287303	0.75
7128.780453968909	750	13.4830028879735	0.0	314107	3892.7636591531164	0.75

