6954.375302606688	750	4.0	8.793419615156727	450283	8793.419615156727	-37.06170434517393
6957.375663913945	300	4.999638692742964	0.0	155580	3000.361307257036	-0.15000000000000002
6960.004400544994	300	6.370902061693952	0.0	139857	2628.7366310490115	0.3
6962.483661509446	300	7.89164109724028	0.0	155432	2479.2609644536724	0.3
6964.893648224821	300	9.481654381865631	0.0	163442	2409.9867153746472	0.3
6966.889133691406	300	11.486168915281535	0.0	126289	1995.4854665840983	0.3
6969.165459280595	300	13.209843326092562	0.0	153295	2276.3255891889726	0.3
6971.708114520448	300	14.667188086239829	0.0	173849	2542.655239852732	0.3
6973.9312419150365	300	16.44406069165086	0.0	150710	2223.1273945889648	0.3
6978.890518171616	750	15.484784435072328	0.0	362795	4959.276256578534	0.3
6984.052074616923	750	14.323227989765073	0.0	353220	5161.556445307254	0.75
6990.663973505247	750	11.711329101442072	0.0	405134	6611.898888323002	0.75
6995.94298044541	750	10.432322161278766	0.0	386351	5279.006940163306	0.75
6998.4948734567915	300	11.880429149896875	0.0	179801	2551.893011381891	-0.15000000000000002
7000.865892325186	300	13.509410281502252	0.0	140051	2371.0188683946217	0.3
7003.609312377964	300	14.765990228724231	0.0	138313	2743.4200527780213	0.3
7006.333192840137	300	16.042109766551633	0.0	143509	2723.880462172598	0.3
7011.669601264574	750	14.705701342113999	0.0	372963	5336.408424437635	0.3
7017.543107238215	750	12.832195368473615	0.0	405596	5873.505973640384	0.75
7023.011293364153	750	11.364009242535841	0.0	350713	5468.186125937774	0.75
7029.227834812577	750	9.147467794110886	0.0	386472	6216.541448424956	0.75
7031.857799860492	300	10.517502746196667	0.0	157812	2629.9650479142188	-0.15000000000000002
7034.466451110154	300	11.908851496535915	0.0	163927	2608.6512496607515	0.3
7036.758286540346	300	13.617016066344139	0.0	137654	2291.835430191777	0.3
7039.247629941514	300	15.127672665175535	0.0	146754	2489.343401168603	0.3
7045.107714378411	750	13.26758822827804	0.0	379700	5860.084436897494	0.3
7050.770995647165	750	11.604306959523997	0.0	425781	5663.281268754042	0.75
7053.74246236837	750	12.632840238319393	0.0	277716	2971.466721204604	0.75
7057.540595004127	750	12.834707602563407	0.0	400396	3798.1326357559865	0.75
7061.868623180911	750	12.506679425779147	0.0	400508	4328.028176784258	0.75
7065.987241266302	750	12.388061340387988	0.0	358218	4118.618085391159	0.75
7070.7877532891725	750	11.587549317517038	0.0	400322	4800.51202287095	0.75
7075.547467369983	750	10.827835236706557	0.0	369834	4759.7140808104805	0.75
7083.030045100053	750	7.34525750663699	0.0	412837	7482.577730069566	0.75
7085.37178125454	300	9.003521352149393	0.0	179328	2341.736154487596	-0.15000000000000002
7087.492810548943	300	10.882492057746573	0.0	159914	2121.0292944028206	0.3
7089.058500440808	300	13.31680216588173	0.0	131610	1565.689891864843	0.3
7090.5301897640675	300	15.845112842622667	0.0	124011	1471.689323259063	0.3
7095.411830840175	750	14.963471766514786	0.0	378327	4881.641076107882	0.3
7100.164048706364	750	14.211253900325593	0.0	390680	4752.217866189192	0.75
7103.940315221809	750	14.434987384880264	0.0	345516	3776.2665154453293	0.75
7108.374231534399	750	14.001071072290031	0.0	384505	4433.916312590232	0.75
7113.089990199048	750	13.285312407640852	0.0	372093	4715.75866464918	0.75
7118.578106604976	750	11.79719600171338	0.0	438281	5488.116405927472	0.75
7123.542184010688	750	10.83311859600101	0.0	398987	4964.077405712369	0.75
7128.1587788606375	750	10.216523746051498	0.0	393804	4616.5948499495125	0.75
7129.91983726891	300	12.455465337780307	0.0	137507	1761.0584082711907	-0.15000000000000002
7131.443677234645	300	14.931625372045152	0.0	118421	1523.839965735155	0.3

