10529.733168723738	750	4.0	6.865112348267744	450283	6865.112348267744	-28.7699830975513
10531.793744641302	300	5.939424082436076	0.0	155580	2060.575917563924	-0.15000000000000002
10533.577298845586	300	8.155869878150016	0.0	139857	1783.5542042860604	0.3
10535.435236540257	300	10.297932183479393	0.0	155432	1857.9376946706218	0.3
10537.292459836617	300	12.440708887119614	0.0	163442	1857.2232963597808	0.3
10538.602559541736	300	15.130609182001447	0.0	126289	1310.099705118168	0.3
10542.02885070087	750	15.704318022866609	0.0	352642	3426.2911591348357	0.3
10546.803914302822	750	14.929254420914987	0.0	437162	4775.063601951622	0.75
10551.442761464867	750	14.29040725887106	0.0	374758	4638.847162043927	0.75
10556.473326850519	750	13.259841873218098	0.0	362795	5030.565385652963	0.75
10561.887221354764	750	11.8459473689727	0.0	353220	5413.894504245398	0.75
10574.653624810862	750	4.0	0.9204560871253415	405134	12766.403456098042	-3.2079611746389687
10580.531141705167	300	4.0	1.8775168943053369	160746	5877.516894305337	-8.22332264551295
10586.730028533464	300	4.0	2.1988868282977028	179801	6198.886828297703	-9.15521336168012
10590.790948419644	300	4.0	0.06091988618005052	140051	4060.9198861800505	0.03804448942578276
10594.761818136936	300	4.029130282708226	0.0	138313	3970.8697172917737	0.3
10599.965080540658	300	4.0	1.1741321210151172	143509	5203.262403723344	-4.748768120365004
10603.426098461032	300	4.538982079626962	0.0	150616	3461.017920373038	0.3
10606.349096166909	300	5.61598437374933	0.0	165384	2922.9977058776312	0.3
10608.920704362517	300	7.044376178141027	0.0	140881	2571.608195608304	0.3
10611.835970783803	300	8.129109756856787	0.0	157671	2915.26642128424	0.3
10615.788140988654	300	8.176939552004725	0.0	157812	3952.1702048520615	0.3
10620.295082345705	300	7.669998194952845	0.0	163927	4506.941357051881	0.3
10623.769900809517	300	8.195179731140346	0.0	137654	3474.8184638124985	0.3
10627.565664839183	300	8.399415701474247	0.0	146754	3795.764029666099	0.3
10631.486009609656	300	8.479070931002356	0.0	153938	3920.344770471892	0.3
10633.271250114574	300	10.693830426083755	0.0	181901	1785.2405049185998	0.3
10633.814495916573	300	14.150584624086068	0.0	111155	543.2458019976875	0.3
10635.1212564512	750	16.843824089458636	0.0	400396	1306.7605346274365	0.3
10637.370243650501	1850	18.5948368901581	0.0	975811	2248.987199300535	0.75
10639.290180991487	1850	20.674899549172135	0.0	873429	1919.9373409859625	1.85
10641.28020445203	1850	22.6848760886285	0.0	954453	1990.023460543639	1.85
10646.232318403307	4300	21.73276213735061	0.0	2191074	4952.113951277889	1.8499999999999996
10651.335410794098	4300	20.629669746559173	0.0	2286761	5103.092390791433	4.3
10656.158810038316	4300	19.806270502342326	0.0	2307787	4823.39924421685	4.3
10660.583327648237	4300	19.38175289241995	0.0	2143948	4424.517609922374	4.3
10664.665326658263	4300	19.299753882394	0.0	1919781	4081.9990100259497	4.3
10669.816461945682	4300	18.148618594975108	0.0	2147467	5151.135287418891	4.3
10674.830626265368	4300	17.13445427529002	0.0	2133870	5014.164319685086	4.3
10677.053984970638	1850	18.91109557001821	0.0	930577	2223.3587052718112	-0.6000000000000001
10679.066088629923	1850	20.898991910732946	0.0	858450	2012.103659285268	1.85
10681.29303515068	1850	22.672045389975917	0.0	1025005	2226.94652075703	1.85
10683.146422819795	1850	24.818657720860685	0.0	886255	1853.3876691152313	1.85
10688.459643503453	4300	23.50543703720186	0.0	2219102	5313.220683658821	1.8499999999999996
10693.793163429278	4300	22.17191711137649	0.0	2124950	5333.519925825372	4.3
10698.97516764725	4300	20.98991289340525	0.0	2246506	5182.004217971238	4.3
10703.236438717886	4300	20.7286418227688	0.0	1961140	4261.271070636449	4.3
10711.417540198669	4300	16.547540341987254	0.0	2155012	8181.101480781548	4.3

