24633.0672648301	750	4.0	4.717391294739914	450283	4717.391294739914	-19.53478256738163
24634.52219496663	300	6.545069863471299	0.0	155580	1454.9301365287008	-0.15000000000000002
24635.77307688274	300	9.294187947363007	0.0	139857	1250.881916108293	0.3
24642.198711547502	1200	6.868553282601067	0.0	617681	6425.634664761939	0.29999999999999993
24644.361121176582	300	8.706143653521359	0.0	163442	2162.4096290797106	-0.6000000000000001
24648.432754426427	750	8.634510403674772	0.0	318564	4071.6332498465854	0.3
24652.052117818886	750	9.01514701121525	0.0	352642	3619.363392459524	0.75
24658.56453875584	1200	6.502726074263357	0.0	709534	6512.420936951892	0.75
24660.088309220642	300	8.978955609461856	0.0	150710	1523.7704648014997	-0.6000000000000001
24663.58606113124	750	9.481203698863531	0.0	362795	3497.7519105983247	0.3
24669.805009366886	1200	7.262255463217742	0.0	607410	6218.94823564579	0.75
24674.08287762434	750	6.984387205763216	0.0	405134	4277.8682574545255	0.3
24675.767839868695	300	9.29942496140728	0.0	160746	1684.9622443559354	-0.15000000000000002
24684.11872291851	1200	4.948541911591379	0.0	687371	8350.8830498159	0.29999999999999993
24686.845966379566	300	6.221298450537941	0.0	140051	2727.2434610534383	-0.6000000000000001
24690.17747837916	300	6.889786450940817	0.0	138313	3331.5119995971236	0.3
24692.161883374807	300	8.905381455294556	0.0	143509	1984.4049956462604	0.3
24698.520580923323	750	6.54668390678001	0.0	372963	6358.697548514547	0.3
24700.603668413434	300	8.463596416667453	0.0	165384	2083.087490112558	-0.15000000000000002
24704.912693395963	750	8.15457143413723	0.0	350713	4309.0249825302235	0.3
24708.145242481183	750	8.922022348918215	0.0	386472	3232.5490852190146	0.75
24711.56814090102	750	9.499123929078298	0.0	399894	3422.8984198399176	0.75
24717.773750120214	1200	7.293514709884621	0.0	656471	6205.609219193677	0.75
24722.03631738026	750	7.030947449838119	0.0	343800	4262.567260046502	0.3
24724.95435009312	750	8.11291473697639	0.0	359903	2918.0327128617296	0.75
24728.238927479506	750	8.828337350594314	0.0	379700	3284.5773863820737	0.75
24733.6598689982	750	7.4073958319013355	0.0	425781	5420.941518692979	0.75
24736.316735492834	750	8.750529337269334	0.0	277716	2656.8664946320023	0.75
24739.391552279434	750	9.675712550667562	0.0	400396	3074.816786601771	0.75
24745.409546487124	1200	7.6577183429792255	0.0	641447	6017.994207688336	0.75
24749.24010363713	750	7.827161192973309	0.0	358218	3830.557150005917	0.3
24752.494074245278	750	8.5731905848229	0.0	400322	3253.9706081504096	0.75
24755.729794426676	750	9.337470403424323	0.0	369834	3235.7201813985776	0.75
24762.13328503838	1200	6.933979791717371	0.0	670129	6403.490611706951	0.75
24763.958216063973	300	9.109048766127916	0.0	179328	1824.9310255894543	-0.6000000000000001
24772.238237784844	1200	4.829027045257551	0.0	598727	8280.021720870365	0.29999999999999993
24773.96149066296	300	7.105774167138529	0.0	131610	1723.2528781190224	-0.6000000000000001
24778.432144603008	750	6.635120227093213	0.0	361565	4470.653940045316	0.3
24779.852920679234	300	9.214344150865353	0.0	144254	1420.7760762278608	-0.15000000000000002
24784.690490870384	1200	8.376773959717553	0.0	587506	4837.570191147799	0.29999999999999993
24787.74637802189	750	9.32088680821189	0.0	345516	3055.8871515056635	0.3
24794.1817542963	1200	6.885510533800478	0.0	641452	6435.376274411412	0.75
24795.545485313323	300	9.521779516778755	0.0	145210	1363.7310170217222	-0.6000000000000001
24801.208762108687	1200	7.85850272141494	0.0	634861	5663.276795363816	0.29999999999999993
24804.83506587086	750	8.232198959245368	0.0	398987	3626.3037621695707	0.3
24808.589645966233	750	8.477618863871536	0.0	393804	3754.5800953738335	0.75
24811.907627266653	750	9.159637563448797	0.0	331053	3317.9813004227385	0.75
24818.214205614226	1200	6.853059215879374	0.0	550906	6306.578347569423	0.75

