9963.60467754208	750	4.0	1.464606764188326	450283	1464.606764188326	-5.547809086009802
9964.138409479558	300	7.46626806252152	0.0	155580	533.7319374784803	-0.15000000000000002
9965.258327749394	750	10.346349792685869	0.0	350812	1119.9182698356503	0.3
9967.456892114044	1200	12.14778542803662	0.0	617681	2198.564364649248	0.75
9970.592037819284	1850	13.012639722794177	0.0	996749	3135.1457052424444	1.2000000000000002
9974.39626573417	2850	13.208411807906932	0.0	1224260	3804.2279148872435	1.85
9979.321672374472	2850	12.283005167606417	0.0	1388403	4925.406640300515	2.85
9983.20896070528	1850	12.395716836797783	0.0	1060487	3887.2883308086357	0.8500000000000001
9985.832717062915	1850	13.771960479164052	0.0	852833	2623.7563576337297	1.85
9990.640103492717	2850	12.964574049361552	0.0	1429765	4807.386429802499	1.85
9995.990329767947	1850	11.61434777413097	0.0	939819	5350.226275230584	0.8500000000000001
10001.640933729364	1850	9.96374381271336	0.0	917428	5650.603961417609	1.85
10004.242828506262	1200	11.361849035816585	0.0	624282	2601.894776896776	0.5499999999999999
10008.34303483389	1850	11.261642708188305	0.0	1036454	4100.206327628281	1.2000000000000002
10012.310401135428	1850	11.294276406650242	0.0	821631	3967.366301538062	1.85
10016.25802544815	1850	11.346652093927405	0.0	923170	3947.6243127228377	1.85
10020.374033278405	1850	11.23064426367301	0.0	966699	4116.007830254395	1.85
10024.134979594886	1850	11.4696979471923	0.0	885714	3760.94631648071	1.85
10028.378817808425	1850	11.225859733652902	0.0	987708	4243.838213539399	1.85
10031.953956849591	1850	11.650720692486333	0.0	923755	3575.1390411665693	1.85
10035.417574260202	1850	12.187103281876519	0.0	891604	3463.617410609814	1.85
10038.937609365703	1850	12.667068176373883	0.0	955231	3520.0351055026367	1.85
10042.75196383843	1850	12.852713703648025	0.0	968026	3814.3544727258577	1.85
10045.9988443084	1850	13.60583323367742	0.0	874175	3246.8804699706047	1.85
10051.019988093467	2850	12.584689448609932	0.0	1383735	5021.143785067488	1.85
10054.682170380134	1850	12.922507161943333	0.0	905935	3662.182286666599	0.8500000000000001
10061.962994612602	1850	9.641682929474298	0.0	1076599	7280.8242324690345	1.85
10064.74259214391	1200	10.862085398165979	0.0	487160	2779.597531308319	0.5499999999999999
10067.902480347824	1200	11.702197194253559	0.0	622896	3159.8882039124196	1.2
10075.62272107133	1850	7.981956470747118	0.0	975811	7720.24072350644	1.2000000000000002
10078.027475422528	750	9.57720211954779	0.0	358218	2404.754351199327	-0.3500000000000001
10083.339193272956	1200	8.265484269119835	0.0	620283	5311.717850427954	0.75
10087.109658275178	750	8.495019266897597	0.0	369834	3770.465002222239	0.3
10089.89160147756	750	9.713076064515542	0.0	412837	2781.943202382053	0.75
10094.199878468624	1200	9.404799073451708	0.0	690253	4308.276991063834	0.75
10097.647096392522	1200	9.957581149553937	0.0	598727	3447.217923897772	1.2
10100.213368411647	1200	11.391309130429	0.0	487812	2566.272019124935	1.2
10106.212040099663	1850	9.392637442412695	0.0	938587	5998.671688016307	1.2000000000000002
10110.102373232216	1200	9.502304309861424	0.0	605884	3890.3331325512722	0.5499999999999999
10113.938431999351	1200	9.666245542725333	0.0	587506	3836.05876713609	1.2
10117.335607979745	1200	10.269069562332703	0.0	566904	3397.175980392631	1.2
10126.217057682717	1200	5.387619859360557	0.0	641452	8881.449702972146	1.2
10129.21683127355	300	6.387846268526804	0.0	145210	2999.773590833752	-0.6000000000000001
10131.22388085238	300	8.380796689698546	0.0	172312	2007.0495788282599	0.3
10139.912133455186	750	4.0	0.30745591310774034	398987	8688.252602806286	-1.0220604263632833
10143.69246236803	300	4.219671087154942	0.0	160064	3780.328912845058	-0.15000000000000002
10146.772867345428	300	5.139266109757827	0.0	137507	3080.4049773971155	0.3
10149.56201130689	300	6.350122148294233	0.0	118421	2789.1439614635938	0.3

