22526.112298188455	750	4.0	6.6911010369313795	450283	6691.10103693138	-28.021734458804932
22527.951360708757	300	6.160937479695716	0.0	155580	1839.0625203042848	-0.15000000000000002
22529.3203822301	300	8.791915958355675	0.0	139857	1369.0215213400395	0.3
22530.56714156009	300	11.545156628364916	0.0	155432	1246.7593299907599	0.3
22533.81025679963	750	12.302041388826252	0.0	411561	3243.115239538663	0.3
22537.411627546426	750	12.700670642027816	0.0	318564	3601.3707467984354	0.75
22542.95412139488	750	11.158176793574581	0.0	352642	5542.493848453237	0.75
22554.18322325375	750	4.0	0.07092506529459934	437162	11229.10185886918	0.4450222192332228
22559.35261999869	300	4.0	1.1693967449443654	150710	5169.396744944365	-5.178406003260771
22564.216564338552	300	4.0	0.8639443398607481	139105	4863.944339860748	-3.414960661401217
22568.138561495176	300	4.078002843377499	0.0	141840	3921.997156622501	0.3
22572.499028525817	300	4.0	0.28246418726209094	156148	4360.46703063959	-0.914596005226991
22576.402104055695	300	4.096924470123032	0.0	160746	3903.075529876968	0.3
22579.79387101099	300	4.705157514830791	0.0	179801	3391.7669552922403	0.3
22582.131437086788	300	6.367591439030912	0.0	140051	2337.56607579988	0.3
22584.535187761947	300	7.963840763869559	0.0	138313	2403.7506751613523	0.3
22587.445916621244	300	9.053111904571722	0.0	143509	2910.728859297837	0.3
22591.281874634074	300	9.217153891740832	0.0	150616	3835.9580128308894	0.3
22594.39405437077	300	10.10497415504998	0.0	165384	3112.1797366908527	0.3
22595.52446159439	300	12.974566931429214	0.0	140881	1130.4072236207662	0.3
22597.893214902575	750	14.605813623240177	0.0	386472	2368.7533081890365	0.3
22600.63958387456	750	15.85944465125436	0.0	399894	2746.3689719858176	0.75
22602.990535128698	750	17.508493397115934	0.0	401853	2350.951254138425	0.75
22605.305127979198	750	19.193900546616423	0.0	343800	2314.592850499509	0.75
22607.819306507477	750	20.679722018338513	0.0	359903	2514.1785282779083	0.75
22610.42285353501	750	22.07617499080821	0.0	379700	2603.547027530306	0.75
22613.475927557032	750	23.023100968781613	0.0	425781	3053.074022026597	0.75
22615.02568576926	750	25.473342756552427	0.0	277716	1549.758212229187	0.75
22620.752636679932	1850	23.74639184587997	0.0	972798	5726.950910672454	0.75
22625.938672447763	1850	22.560356078050695	0.0	975811	5186.035767829276	1.85
22630.32506476322	1850	22.173963762595754	0.0	873429	4386.392315454939	1.85
22635.9846827256	1850	20.514345800213103	0.0	954453	5659.617962382649	1.85
22642.550955611754	1850	17.948072914059136	0.0	885062	6566.27288615397	1.85
22650.12093853726	1850	14.378089988554661	0.0	1035329	7569.982925504476	1.85
22655.821187705547	1850	12.6778408202682	0.0	1026056	5700.249168286459	1.85
22662.54569500393	1850	9.953333521886103	0.0	943942	6724.507298382097	1.85
22664.66162112126	750	11.837407404554279	0.0	321064	2115.926117331824	-0.3500000000000001
22666.67836810436	750	13.820660421453141	0.0	361565	2016.7469831011372	0.75
22668.477479049645	750	16.021549476169927	0.0	378327	1799.1109452832138	0.75
22670.821750671592	750	17.67727785422203	0.0	390680	2344.271621947898	0.75
22673.24051827513	750	19.258510250684907	0.0	345516	2418.7676035371205	0.75
22675.808987628476	750	20.690040897339077	0.0	384505	2568.4693533458303	0.75
22678.477071913527	750	22.021956612289745	0.0	372093	2668.0842850493304	0.75
22681.136305712716	750	23.36272281310101	0.0	438281	2659.2337991887366	0.75
22683.244483058876	750	25.25454546693993	0.0	398987	2108.1773461610783	0.75
22689.493157457862	1850	23.005871067956534	0.0	982064	6248.674398983397	0.75
22696.851642391317	1850	19.647386134501662	0.0	830730	7358.484933454872	1.85
22702.258433868286	1850	18.240594657531524	0.0	846370	5406.79147697014	1.85

