13586.361340595611	750	4.0	5.4395307625425735	450283	5439.530762542574	-22.639982278933065
13588.754967463536	300	5.606373132073677	0.0	155580	2393.6268679263235	-0.15000000000000002
13590.926593495846	300	7.4347470997634195	0.0	139857	2171.626032310258	0.3
13593.881093476013	300	8.480247119597157	0.0	155432	2954.4999801662616	0.3
13596.250906817142	300	10.110433778467936	0.0	163442	2369.8133411292224	0.3
13598.493109632836	750	11.868230962773133	0.0	318564	2242.202815694803	0.3
13600.952590571207	750	13.408750024402275	0.0	352642	2459.4809383708566	0.75
13604.011324911224	750	14.350015684385907	0.0	437162	3058.734340016368	0.75
13606.589453446088	750	15.771887149521334	0.0	374758	2578.1285348645742	0.75
13609.198916496322	750	17.162424099287424	0.0	362795	2609.46305023391	0.75
13612.820477604291	750	17.540862991317972	0.0	353220	3621.5611079694545	0.75
13616.945026347395	750	17.41631424821369	0.0	405134	4124.548743104281	0.75
13620.174388539705	750	18.186952055903426	0.0	386351	3229.3621923102664	0.75
13625.39612616086	750	16.96521443474808	0.0	434409	5221.7376211553465	0.75
13630.356270519613	750	16.00507007599513	0.0	337059	4960.14435875295	0.75
13634.40176034744	750	15.95958024816715	0.0	366214	4045.489827827979	0.75
13637.867310661917	750	16.494029933690495	0.0	360831	3465.5503144766576	0.75
13641.511742672594	750	16.84959792301412	0.0	372963	3644.432010676374	0.75
13644.534658832132	750	17.826681763477147	0.0	405596	3022.916159536974	0.75
13647.061242919948	750	19.30009767565976	0.0	350713	2526.5840878173867	0.75
13649.765917543431	750	20.595423052176418	0.0	386472	2704.6746234833404	0.75
13652.866309335515	750	21.49503126009377	0.0	399894	3100.391792082645	0.75
13655.754044740803	750	22.60729585480577	0.0	401853	2887.7354052880037	0.75
13658.37322431593	750	23.988116279679204	0.0	343800	2619.1795751265618	0.75
13660.848585182848	750	25.512755412762374	0.0	359903	2475.3608669168334	0.75
13669.193418955989	1850	21.167921639621287	0.0	905935	8344.833773141087	0.75
13676.836081343947	1850	17.52525925166379	0.0	1076599	7642.662387957497	1.85
13685.887015679387	1850	12.474324916222956	0.0	758197	9050.934335440832	1.85
13696.253583127751	1850	6.107757467860422	0.0	972798	10366.567448362535	1.85
13699.066946685518	750	7.294393910093664	0.0	400508	2813.3635577667574	-0.3500000000000001
13700.265698439118	300	10.09564215649373	0.0	157421	1198.7517535999345	-0.15000000000000002
13701.313735613749	300	13.04760498186297	0.0	157488	1048.0371746307617	0.3
13704.335741593144	750	14.025599002466192	0.0	369834	3022.005979396778	0.3
13707.399635188436	750	14.961705407175652	0.0	412837	3063.8935952905395	0.75
13712.101572289745	750	14.259768305867311	0.0	401088	4701.93710130834	0.75
13714.963206040551	750	15.398134555060532	0.0	365161	2861.6337508067804	0.75
13718.246072702574	750	16.115267893038155	0.0	321064	3282.866662022378	0.75
13722.581171883676	750	15.780168711935616	0.0	361565	4335.099181102538	0.75
13728.624022107451	750	13.737318488160009	0.0	378327	6042.850223775607	0.75
13732.021058454668	750	14.340282140944044	0.0	390680	3397.036347215964	0.75
13735.4011580756	750	14.960182520013154	0.0	345516	3380.0996209308914	0.75
13738.980979354848	750	15.3803612407635	0.0	384505	3579.821279249652	0.75
13741.560253798942	750	16.80108679667112	0.0	372093	2579.274444092379	0.75
13744.674684506177	750	17.686656089433622	0.0	438281	3114.430707237499	0.75
13747.47786671627	750	18.883473879341782	0.0	398987	2803.182210091839	0.75
13750.518535477655	750	19.842805117956775	0.0	393804	3040.6687613850077	0.75
13753.088655107937	750	21.272685487676377	0.0	331053	2570.119630280397	0.75
13755.274518210643	750	23.08682238497012	0.0	314107	2185.863102706256	0.75

