20632.196289077587	750	4.0	5.259051639025879	450283	5259.051639025879	-21.86392204781128
20633.741515140235	300	6.454773937350686	0.0	155580	1545.2260626493135	-0.15000000000000002
20635.204425806933	300	8.991863270652232	0.0	139857	1462.9106666984549	0.3
20636.558950241542	300	11.637338836041588	0.0	155432	1354.5244346106435	0.3
20637.972356976457	300	14.223932101129046	0.0	163442	1413.4067349125414	0.3
20641.015337415225	750	15.180951662361833	0.0	318564	3042.980438767214	0.3
20644.313087097	750	15.88320198058864	0.0	352642	3297.749681773193	0.75
20647.898896838193	750	16.297392239398565	0.0	437162	3585.8097411900735	0.75
20651.19912261434	750	16.9971664632506	0.0	374758	3300.2257761479646	0.75
20653.62647607378	750	18.569813003809205	0.0	362795	2427.353459441392	0.75
20655.394402040445	750	20.801887037142574	0.0	353220	1767.9259666666323	0.75
20660.80013764996	1850	19.396151427624936	0.0	917428	5405.735609517636	0.75
20666.198536036456	1850	17.997753041126103	0.0	946851	5398.398386498833	1.85
20672.908769490317	1850	15.287519587268285	0.0	1036454	6710.233453857818	1.85
20676.93876597414	1850	15.257523103442804	0.0	821631	4029.9964838254823	1.85
20682.494732249274	1850	13.701556828310597	0.0	923170	5555.966275132206	1.85
20687.333978863662	1850	12.862310213921791	0.0	966699	4839.246614388804	1.85
20691.763642331553	1850	12.432646746033233	0.0	885714	4429.663467888558	1.85
20697.100538257488	1850	11.095750820097315	0.0	987708	5336.895925935918	1.85
20703.651392170166	1850	8.544896907417925	0.0	923755	6550.85391267939	1.85
20706.38302820632	750	9.813260871261027	0.0	386472	2731.6360361568977	-0.3500000000000001
20709.273868574943	750	10.922420502639804	0.0	399894	2890.840368621222	0.75
20712.560489715946	750	11.635799361637215	0.0	401853	3286.6211410025903	0.75
20714.75956342832	750	13.436725649263634	0.0	343800	2199.0737123735826	0.75
20717.72872724012	750	14.467561837464155	0.0	359903	2969.163811799479	0.75
20720.497619062953	750	15.698670014629297	0.0	379700	2768.8918228348584	0.75
20723.575482799744	750	16.620806277836472	0.0	425781	3077.863736792823	0.75
20725.107097589083	750	19.089191488501413	0.0	277716	1531.6147893350596	0.75
20730.525531462357	1850	17.670757615228833	0.0	972798	5418.433873272576	0.75
20736.70620970768	1850	15.49007936990336	0.0	975811	6180.678245325476	1.85
20742.826812131454	1850	13.369476946131643	0.0	873429	6120.602423771716	1.85
20751.278216617557	1850	8.918072460025693	0.0	954453	8451.40448610595	1.85
20755.16211604531	750	9.034173032271342	0.0	369834	3883.8994277543497	-0.3500000000000001
20758.586392378456	750	9.609896699125748	0.0	412837	3424.2763331455963	0.75
20762.261556503694	750	9.934732573889947	0.0	401088	3675.1641252358	0.75
20763.848601028545	300	12.347688049036464	0.0	159914	1587.0445248534827	-0.15000000000000002
20765.231772887015	300	14.96451619057051	0.0	131610	1383.1718584659538	0.3
20768.556601108034	750	15.639687969552432	0.0	361565	3324.8282210180782	0.3
20772.17942970411	750	16.016859373478553	0.0	378327	3622.828596073877	0.75
20775.749968843404	750	16.446320234180252	0.0	390680	3570.5391392982997	0.75
20779.535701008856	750	16.660588068729055	0.0	345516	3785.7321654511993	0.75
20783.45435715191	750	16.741931925673672	0.0	384505	3918.6561430553866	0.75
20788.441615020834	750	15.754674056750122	0.0	372093	4987.25786892355	0.75
20793.04978667386	750	15.146502403724167	0.0	438281	4608.171653025955	0.75
20796.892018754657	750	15.30427032292701	0.0	398987	3842.232080797158	0.75
20800.81446386641	750	15.381825211176812	0.0	393804	3922.4451117501976	0.75
20804.185967590194	750	16.010321487389753	0.0	331053	3371.503723787058	0.75
20807.109636192603	750	17.086652884984407	0.0	314107	2923.6686024053465	0.75

