13372.976237773924	750	4.0	3.445995646227827	450283	3445.9956462278274	-14.067781278779655
13374.046125616356	300	6.930112157568032	0.0	155580	1069.8878424319682	-0.15000000000000002
13374.981182056421	300	9.995055717503444	0.0	139857	935.0564400645883	0.3
13376.07977522293	300	12.896462550995453	0.0	155432	1098.5931665079925	0.3
13380.713848804748	750	12.262388969177632	0.0	411561	4634.073581817823	0.3
13388.705103966657	750	8.271133807268587	0.0	318564	7991.255161909045	0.75
13392.664873927914	300	8.311363846012423	0.0	153295	3959.769961256165	-0.15000000000000002
13396.68991338004	300	8.28632439388643	0.0	173849	4025.039452125994	0.3
13399.268093379147	300	9.708144394778454	0.0	150710	2578.1799991079747	0.3
13402.01548074952	300	10.960757024406918	0.0	139105	2747.3873703715367	0.3
13404.995286278003	300	11.9809514959247	0.0	141840	2979.8055284822176	0.3
13407.555785443777	300	13.420452330149711	0.0	156148	2560.4991657749874	0.3
13410.630973719455	300	14.345264054471361	0.0	160746	3075.1882756783502	0.3
13413.80646196533	300	15.169775808596395	0.0	179801	3175.488245874966	0.3
13420.725026379727	750	12.251211394199355	0.0	337059	6918.564414397039	0.3
13425.924168973663	750	11.052068800265102	0.0	366214	5199.1425939342535	0.75
13431.01960385873	750	9.956633915197507	0.0	360831	5095.434885067595	0.75
13433.088732086348	300	11.887505687579687	0.0	150616	2069.12822761782	-0.15000000000000002
13435.969254871701	300	13.006982902224927	0.0	165384	2880.5227853547603	0.3
13437.910641938935	300	15.065595834990113	0.0	140881	1941.3870672348153	0.3
13442.138083098194	750	14.83815467573152	0.0	386472	4227.441159258592	0.3
13445.901034202969	750	15.075203570956223	0.0	399894	3762.951104775296	0.75
13449.994333509005	750	14.981904264919265	0.0	401853	4093.2993060369577	0.75
13453.91528277926	750	15.060954994664637	0.0	343800	3920.9492702546295	0.75
13458.436280983042	750	14.539956790882353	0.0	359903	4520.998203782283	0.75
13462.506109080958	750	14.47012869296794	0.0	379700	4069.8280979144147	0.75
13466.42944164774	750	14.546796126185047	0.0	425781	3923.332566782892	0.75
13469.145069801636	750	15.831167972288435	0.0	277716	2715.628153896612	0.75
13473.041834088424	750	15.934403685501115	0.0	400396	3896.76428678732	0.75
13476.917213933331	750	16.05902384059389	0.0	400508	3875.3798449072247	0.75
13480.729811277142	750	16.246426496783947	0.0	358218	3812.597343809943	0.75
13484.882374994526	750	16.093862779399252	0.0	400322	4152.563717384696	0.75
13488.734809346131	750	16.24142842779299	0.0	369834	3852.4343516062636	0.75
13493.836791409176	750	15.139446364748329	0.0	412837	5101.982063044662	0.75
13501.585629162866	750	11.390608611057193	0.0	401088	7748.837753691137	0.75
13503.77215043244	300	13.204087341484897	0.0	159914	2186.5212695722953	-0.15000000000000002
13506.251058186559	300	14.72517958736527	0.0	131610	2478.907754119627	0.3
13508.742216438226	300	16.23402133569841	0.0	124011	2491.1582516668586	0.3
13513.63002881319	750	15.346208960736798	0.0	378327	4887.812374961613	0.3
13516.69328026095	750	16.282957512975134	0.0	390680	3063.2514477616637	0.75
13519.693159229912	750	17.283078544013666	0.0	345516	2999.878968961469	0.75
13523.00023715762	750	17.976000616307307	0.0	384505	3307.0779277063593	0.75
13526.341022190029	750	18.635215583897725	0.0	372093	3340.78503240958	0.75
13531.639600972216	750	17.336636801709254	0.0	438281	5298.578782188471	0.75
13535.136339716299	750	17.83989805762642	0.0	398987	3496.73874408283	0.75
13538.459198512664	750	18.517039261261317	0.0	393804	3322.8587963651044	0.75
13542.078624384894	750	18.897613389030994	0.0	331053	3619.4258722303243	0.75
13546.092019205516	750	18.884218568410432	0.0	314107	4013.3948206205605	0.75

