26684.005678515226	750	4.0	4.39150033291431	450283	4391.50033291431	-18.133451431531533
26685.39165827178	300	6.61402024344835	0.0	155580	1385.979756551649	-0.15000000000000002
26686.68757816454	300	9.31810035068476	0.0	139857	1295.91989276359	0.3
26690.9538582514	1200	9.051820263825393	0.0	617681	4266.280086859368	0.29999999999999993
26695.149964151824	1200	8.855714363398704	0.0	652874	4196.105900426689	1.2
26697.220858321067	750	10.784820194155726	0.0	318564	2070.8941692429785	0.3
26701.271391030306	1200	10.734287484914502	0.0	561791	4050.5327092412244	0.75
26706.198899250914	1200	9.806779264307654	0.0	709534	4927.508220606848	1.2
26709.886642077043	1200	10.119036438177334	0.0	584846	3687.74282613032	1.2
26712.894425624843	1200	11.111252890375582	0.0	560821	3007.7835478017523	1.2
26719.083354739432	1850	8.922323775789675	0.0	939819	6188.929114585905	1.2000000000000002
26721.537391226157	750	10.468287289065247	0.0	405134	2454.036486724428	-0.3500000000000001
26725.78155224197	1200	10.224126273253791	0.0	624282	4244.161015811456	0.75
26730.510945549107	1200	9.49473296611633	0.0	687371	4729.39330713746	1.2
26734.858070501657	1200	9.147608013565513	0.0	526950	4347.124952550818	1.2
26738.862412693503	1200	9.143265821718968	0.0	587876	4004.342191846547	1.2
26744.834258931915	1200	7.17141958330613	0.0	617242	5971.846238412838	1.2
26747.243062061865	750	8.762616453358008	0.0	372963	2408.803129948121	0.3
26749.794341901365	750	10.211336613858348	0.0	405596	2551.2798394996616	0.75
26753.60104101807	1200	10.404637497151107	0.0	586839	3806.69911670724	0.75
26758.160358503777	1200	9.845320011445764	0.0	601738	4559.317485705341	1.2
26764.370762779527	1200	7.634915735695207	0.0	616206	6210.404275750558	1.2
26770.24518671527	750	5.760491799951836	0.0	401853	5874.423935743371	0.3
26773.069270563195	300	6.936407952025724	0.0	137654	2824.083847926113	-0.15000000000000002
26776.206075446196	300	7.799603069027891	0.0	146754	3136.804882997832	0.3
26783.627975778658	750	4.377702736567623	0.0	379700	7421.900332460268	0.3
26787.106520261827	300	4.899158253397351	0.0	181901	3478.544483170273	-0.15000000000000002
26789.038620651205	300	6.967057864022737	0.0	111155	1932.1003893746133	0.3
26790.508386506248	300	9.497292008977315	0.0	153605	1469.7658550454246	0.3
26795.9053485442	1200	8.100329971026413	0.0	641447	5396.9620379509015	0.29999999999999993
26799.07308364247	750	8.932594872752532	0.0	358218	3167.735098273881	0.3
26802.810913747384	750	9.19476476783713	0.0	400322	3737.830104915402	0.75
26808.076716657884	1200	7.928961857339036	0.0	584349	5265.802910498094	0.75
26811.751505025688	750	8.254173489533366	0.0	412837	3674.78836780567	0.3
26816.377137024912	750	7.628541490310752	0.0	401088	4625.6319992226145	0.75
26820.63200044134	750	7.3736780738858645	0.0	365161	4254.863416424888	0.75
26825.891703965273	750	6.113974549953147	0.0	321064	5259.703523932718	0.75
26827.201134666913	300	8.804543848314573	0.0	124011	1309.430701638572	-0.15000000000000002
26830.258055826165	750	9.747622689061801	0.0	378327	3056.9211592527718	0.3
26834.267402047924	1200	9.738276467303226	0.0	587506	4009.3462217585748	0.75
26838.57894287222	1200	9.426735643007692	0.0	566904	4311.540824295535	1.2
26843.911524006104	1200	8.094154509124746	0.0	641452	5332.581133882946	1.2
26848.55030357303	750	7.455374942198661	0.0	372093	4638.779566926085	0.3
26851.463461166244	750	8.542217348983517	0.0	438281	2913.157593215145	0.75
26854.024286661803	750	9.98139185342526	0.0	398987	2560.825495558258	0.75
26858.037685805986	1200	9.967992709243088	0.0	638661	4013.399144182171	0.75
26861.46580440866	1200	10.53987410656828	0.0	538612	3428.1186026748073	1.2
26865.71139118989	1200	10.294287325343689	0.0	550906	4245.586781224593	1.2

