23265.677792231098	750	4.0	3.998697299309292	450283	3998.697299309292	-16.444398387029956
23267.059770824188	300	6.61802140691262	0.0	155580	1381.9785930873804	-0.15000000000000002
23268.499115524133	300	9.178676706968677	0.0	139857	1439.3446999439418	0.3
23269.788845960215	300	11.888946270885826	0.0	155432	1289.730436082851	0.3
23272.925321854404	750	12.752470376696571	0.0	411561	3136.4758941892537	0.3
23280.955099663584	750	8.722692567514976	0.0	318564	8029.777809181597	0.75
23284.48733050783	300	9.190461723270053	0.0	153295	3532.2308442449225	-0.15000000000000002
23287.686760224362	300	9.991032006737596	0.0	173849	3199.4297165324565	0.3
23289.77590554515	300	11.90188668594992	0.0	150710	2089.1453207876766	0.3
23291.638006394573	300	14.039785836525445	0.0	139105	1862.1008494244743	0.3
23296.543031755387	750	13.134760475711758	0.0	353220	4905.025360813686	0.3
23301.41456520033	750	12.263227030767546	0.0	405134	4871.5334449442125	0.75
23305.736122447335	750	11.941669783766901	0.0	386351	4321.557247000644	0.75
23310.14292436641	750	11.534867864691186	0.0	434409	4406.801919075714	0.75
23312.94463274708	750	12.733159484022444	0.0	337059	2801.7083806687424	0.75
23316.359722227822	750	13.318070003279779	0.0	366214	3415.089480742665	0.75
23320.334311691786	750	13.343480539314665	0.0	360831	3974.589463965114	0.75
23324.406082398487	750	13.271709832613432	0.0	372963	4071.7707067012334	0.75
23328.728444310662	750	12.94934792044025	0.0	405596	4322.361912173183	0.75
23332.42659545821	750	13.251196772889168	0.0	350713	3698.1511475510824	0.75
23337.545682230982	750	12.132110000118763	0.0	386472	5119.086772770407	0.75
23345.268748531216	750	8.409043699887077	0.0	399894	7723.066300231685	0.75
23348.101982822776	300	9.575809408327183	0.0	163927	2833.2342915598942	-0.15000000000000002
23350.139421424403	300	11.53837080669842	0.0	137654	2037.4386016287629	0.3
23352.100435603676	300	13.577356627427642	0.0	146754	1961.0141792707784	0.3
23353.5799850436	300	16.097807187500273	0.0	153938	1479.5494399273705	0.3
23360.581202748752	750	13.096589482347957	0.0	425781	7001.217705152313	0.3
23362.24923266085	300	15.428559570246906	0.0	111155	1668.0299121010528	-0.15000000000000002
23366.549271981952	750	15.128520249149537	0.0	400396	4300.039321097369	0.3
23371.176085294304	750	14.501706936797513	0.0	400508	4626.813312352025	0.75
23374.384357816376	750	15.293434414723377	0.0	358218	3208.272522074136	0.75
23378.006930966574	750	15.670861264522962	0.0	400322	3622.5731502004155	0.75
23381.857414782568	750	15.820377448527484	0.0	369834	3850.483815995478	0.75
23388.111868100277	750	13.565924130817068	0.0	412837	6254.453317710418	0.75
23392.158454300134	750	13.519337930958038	0.0	401088	4046.5861998590303	0.75
23394.8985504973	750	14.77924173379739	0.0	365161	2740.096197160649	0.75
23397.27956252716	750	16.398229703933026	0.0	321064	2381.0120298643624	0.75
23399.606360653554	750	18.071431577541286	0.0	361565	2326.7981263917395	0.75
23402.037969440822	750	19.639822790272383	0.0	378327	2431.6087872689013	0.75
23405.28523108577	750	20.392561145324784	0.0	390680	3247.261644947601	0.75
23408.015278229166	750	21.662514001929676	0.0	345516	2730.0471433951107	0.75
23410.932528629157	750	22.745263601937367	0.0	384505	2917.250399992308	0.75
23413.880478738545	750	23.797313492547524	0.0	372093	2947.950109389844	0.75
23417.35157507731	750	24.326217153785155	0.0	438281	3471.096338762369	0.75
23420.916226546502	750	24.761565684592263	0.0	398987	3564.6514691928905	0.75
23424.507194497433	750	25.170597733664078	0.0	393804	3590.967950928185	0.75
23430.601822671975	1850	23.075969559120423	0.0	830730	6094.628174543658	0.75
23436.60882841649	1850	21.068963814606327	0.0	846370	6007.005744514096	1.85

