11949.086750782462	750	4.0	3.3429362672757508	450283	3342.9362672757507	-13.624625949285727
11950.27487243958	300	6.811878342882704	0.0	155580	1188.1216571172963	-0.15000000000000002
11951.378033272144	300	9.708717510318698	0.0	139857	1103.160832564006	0.3
11952.692122650615	300	12.394628131848688	0.0	155432	1314.0893784700106	0.3
11955.682544788078	750	13.404205994384537	0.0	411561	2990.4221374641515	0.3
11958.241610412711	750	14.845140369751302	0.0	318564	2559.065624633234	0.75
11960.705969993503	750	16.380780788959626	0.0	352642	2464.359580791676	0.75
11962.933485241327	750	18.15326554113666	0.0	437162	2227.515247822967	0.75
11964.982501166425	750	20.104249616037656	0.0	374758	2049.0159250990046	0.75
11967.31172196471	750	21.775028817753945	0.0	362795	2329.2207982837094	0.75
11968.860941479412	750	24.22580930305155	0.0	353220	1549.219514702396	0.75
11972.946220224896	1850	24.14053055756611	0.0	917428	4085.278745485441	0.75
11976.950564757317	1850	24.136186025145932	0.0	946851	4004.3445324201743	1.85
11981.740508674731	1850	23.346242107732692	0.0	1036454	4789.943917413243	1.85
11987.21648073436	1850	21.870270048105375	0.0	821631	5475.972059627316	1.85
11997.506999534204	1850	15.579751248260653	0.0	923170	10290.518799844724	1.85
12000.92791709142	750	16.158833691044975	0.0	360831	3420.917557215676	-0.3500000000000001
12005.021765705873	750	16.064985076591864	0.0	372963	4093.8486144531125	0.75
12010.519610131407	750	14.567140651056295	0.0	405596	5497.844425535567	0.75
12015.306993712848	750	13.779757069615222	0.0	350713	4787.383581441075	0.75
12021.786761416013	750	11.29998936644998	0.0	386472	6479.767703165242	0.75
12025.828910688306	750	11.257840094156936	0.0	399894	4042.149272293043	0.75
12028.191947872836	750	12.894802909626561	0.0	401853	2363.037184530374	0.75
12030.414040735119	750	14.672710047344747	0.0	343800	2222.0928622818165	0.75
12032.719751110699	750	16.366999671763892	0.0	359903	2305.710375580853	0.75
12035.279605226313	750	17.80714555614981	0.0	379700	2559.8541156140845	0.75
12038.156164501006	750	18.930586281457305	0.0	425781	2876.5592746925035	0.75
12039.797559475295	750	21.28919130716719	0.0	277716	1641.394974290113	0.75
12041.882321779787	750	23.20442900267427	0.0	400396	2084.7623044929214	0.75
12043.930266266008	750	25.156484516453364	0.0	400508	2047.9444862209073	0.75
12047.890284184812	1850	25.19646659765059	0.0	873429	3960.0179188027705	0.75
12052.431830109765	1850	24.654920672699262	0.0	954453	4541.545924951329	1.85
12056.420164786108	1850	24.666585996355394	0.0	885062	3988.3346763438662	1.85
12063.92626336875	1850	21.160487413713373	0.0	1035329	7506.098582642021	1.85
12076.978942737078	1850	12.107808045385266	0.0	1026056	13052.679368328108	1.85
12081.774476027877	750	11.312274754587143	0.0	365161	4795.533290798124	-0.3500000000000001
12086.908901118713	750	10.177849663750738	0.0	321064	5134.425090836405	0.75
12088.679945315032	300	12.4068054674304	0.0	124011	1771.0441963203366	-0.15000000000000002
12090.544509508125	300	14.54224127433773	0.0	144254	1864.5641930926697	0.3
12091.960734002469	300	17.126016779993645	0.0	149991	1416.2244943440849	0.3
12097.215309630843	750	15.871441151620644	0.0	345516	5254.5756283730025	0.3
12100.729001542131	750	16.3577492403331	0.0	384505	3513.691911287545	0.75
12103.558242709238	750	17.528508073225996	0.0	372093	2829.241167107102	0.75
12106.820558480298	750	18.266192302165205	0.0	438281	3262.315771060791	0.75
12109.678745729998	750	19.408005052465565	0.0	398987	2858.1872496996343	0.75
12112.834191437703	750	20.25255934475989	0.0	393804	3155.4457077056763	0.75
12115.085836747294	750	22.00091403516777	0.0	331053	2251.6453095921197	0.75
12118.00023382349	750	23.086516958972403	0.0	314107	2914.3970761953683	0.75

