21073.640178941616	750	4.0	0.848125509873515	450283	848.1255098735149	-2.8969396924561144
21073.99237201638	300	7.647806925237956	0.0	155580	352.1930747620443	-0.15000000000000002
21074.728898396577	750	10.911280545036503	0.0	350812	736.5263802014521	0.3
21075.94758816886	1200	13.692590772753801	0.0	617681	1218.689772282702	0.75
21078.87831372861	2850	14.761865213004679	0.0	1472558	2930.725559749123	1.2000000000000002
21081.256447224423	2850	16.3837317171905	0.0	1224260	2378.133495814178	2.85
21085.33550147033	4300	16.304677471283455	0.0	2157535	4079.0542459070466	2.8499999999999996
21089.612010451594	4300	16.028168490022097	0.0	2290172	4276.508981261358	4.3
21093.363091861815	4300	16.277087079801188	0.0	2055469	3751.081410220908	4.3
21097.458216793177	4300	16.181962148439894	0.0	2169201	4095.124931361295	4.3
21101.709507456548	4300	15.930671485067771	0.0	2173522	4251.290663372122	4.3
21105.848485513958	4300	15.791693427655439	0.0	2102452	4138.9780574123315	4.3
21109.711636381737	4300	15.928542559875883	0.0	2209463	3863.150867779556	4.3
21114.36327467126	4300	15.276904270351999	0.0	2275376	4651.638289523884	4.3
21118.051189005833	4300	15.588989935778052	0.0	2005399	3687.914334573946	4.3
21122.185901204084	4300	15.454277737528383	0.0	2152483	4134.71219824967	4.3
21126.913963525472	4300	14.726215416138674	0.0	2289689	4728.062321389709	4.3
21129.372597448048	2850	16.267581493566556	0.0	1358801	2458.6339225721185	1.4000000000000001
21133.569154665758	4300	16.071024275858488	0.0	2220726	4196.557217708068	2.8499999999999996
21137.555846019615	4300	16.084332922000122	0.0	2156729	3986.691353858365	4.3
21141.326103557683	4300	16.314075383929477	0.0	2039773	3770.2575380706435	4.3
21145.093403093535	4300	16.546775848079175	0.0	2176469	3767.299535850304	4.3
21149.370388740666	4300	16.269790200947835	0.0	2221506	4276.985647131341	4.3
21153.36738587766	4300	16.272793063951596	0.0	2044075	3996.997136996239	4.3
21157.78144023287	4300	15.858738708742017	0.0	2186790	4414.054355209578	4.3
21161.877635995523	4300	15.76254294608736	0.0	2105231	4096.195762654657	4.3
21166.137960949756	4300	15.502217991851895	0.0	2395588	4260.324954235466	4.3
21169.683102780516	4300	15.957076161092008	0.0	1972048	3545.1418307598865	4.3
21173.903563032407	4300	15.736615909200513	0.0	2134614	4220.460251891494	4.3
21177.71526031286	4300	15.92491862874993	0.0	2164140	3811.6972804505817	4.3
21181.778761860114	4300	15.861417081494317	0.0	2113193	4063.5015472556142	4.3
21185.75829314936	4300	15.881885792248625	0.0	2147852	3979.531289245694	4.3
21190.03750595762	4300	15.602672983984663	0.0	2191074	4279.212808263961	4.3
21194.33578458008	4300	15.304394361527647	0.0	2286761	4298.278622457016	4.3
21198.641712966983	4300	14.99846597462161	0.0	2307787	4305.928386906037	4.3
21201.29139067653	2850	16.348788265071626	0.0	1439896	2649.677709549983	1.4000000000000001
21204.85438387247	4300	16.78579506913524	0.0	1919781	3562.9931959363853	2.8499999999999996
21209.083688232953	4300	16.556490708647356	0.0	2147467	4229.304360487885	4.3
21213.326899214862	4300	16.31327972673789	0.0	2133870	4243.2109819094685	4.3
21217.126381611804	4300	16.513797329794784	0.0	2146120	3799.4823969431054	4.3
21221.283414950543	4300	16.356763991058905	0.0	2108491	4157.033338735879	4.3
21225.43627669598	4300	16.203902245621386	0.0	2184571	4152.861745437518	4.3
21229.512159320373	4300	16.1280196212256	0.0	2121928	4075.8826243957847	4.3
21234.11850807931	4300	15.521670862284115	0.0	2219102	4606.348758941488	4.3
21237.975241417233	4300	15.664937524365115	0.0	2124950	3856.7333379189986	4.3
21242.20691376545	4300	15.433265176149758	0.0	2246506	4231.672348215358	4.3
21245.871953853715	4300	15.768225087885197	0.0	1961140	3665.0400882645604	4.3
21249.81399020401	4300	15.826188737588499	0.0	2155012	3942.0363502966984	4.3

