17711.193857629307	750	4.0	6.579692689023528	450283	6579.692689023527	-27.542678562801168
17712.180645545457	300	7.013212083850239	0.0	155580	986.7879161497615	-0.15000000000000002
17714.12883159756	300	9.065026031742615	0.0	139857	1948.1860521076244	0.3
17718.134955363315	300	9.058902265989714	0.0	155432	4006.1237657529027	0.3
17722.22850191598	300	8.965355713323753	0.0	163442	4093.546552665962	0.3
17724.337073104918	300	10.856784524387702	0.0	126289	2108.57118893605	0.3
17726.51335298053	300	12.680504648772505	0.0	153295	2176.2798756151965	0.3
17729.92714592096	300	13.26671170834403	0.0	173849	3413.7929404284755	0.3
17732.781111746437	300	14.412745882862826	0.0	150710	2853.965825481205	0.3
17735.316697768267	300	15.877159861034803	0.0	139105	2535.5860218280227	0.3
17738.374742302232	750	16.819115327071238	0.0	353220	3058.0445339635653	0.3
17740.869882018265	750	18.323975611039344	0.0	405134	2495.1397160318934	0.75
17743.33778434398	750	19.856073285323426	0.0	386351	2467.9023257159174	0.75
17746.353379591063	750	20.840478038240427	0.0	434409	3015.595247082996	0.75
17751.09424636985	1850	20.099611259453383	0.0	821631	4740.866778787044	0.75
17757.887792142476	1850	17.30606548682745	0.0	923170	6793.545772625935	1.85
17764.87908840986	1850	14.314769219445868	0.0	966699	6991.296267381582	1.85
17769.167715885425	1850	14.026141743880029	0.0	885714	4288.62747556584	1.85
17773.513624209812	1850	13.680233419494623	0.0	987708	4345.908324385407	1.85
17777.25716938358	1850	13.936688245725957	0.0	923755	3743.5451737686662	1.85
17780.88772285965	1850	14.306134769658215	0.0	891604	3630.5534760677424	1.85
17785.45391421225	1850	13.739943417060443	0.0	955231	4566.191352597771	1.85
17792.29165930783	1850	10.902198321479037	0.0	968026	6837.745095581406	1.85
17797.304540363024	1850	9.88931726628364	0.0	874175	5012.8810551953975	1.85
17806.31755862748	1850	4.876299001825726	0.0	897976	9013.018264457914	1.85
17815.508946511593	750	4.0	4.315088882283322	379700	9191.387884109048	-18.904882193818285
17820.183371733565	300	4.0	0.6744252219731479	181901	4674.425221973148	-3.0500284544845364
17823.73106018546	300	4.452311548105352	0.0	111155	3547.688451894648	0.3
17826.829599951954	300	5.35377178161194	0.0	153605	3098.5397664934126	0.3
17830.68294662998	300	5.500425103585676	0.0	149029	3853.346678026264	0.3
17834.56169674488	300	5.621674988681165	0.0	157421	3878.7501149045106	0.3
17838.15449222242	300	6.0288795111415485	0.0	157488	3592.7954775396165	0.3
17841.792018501576	300	6.391353231986228	0.0	143881	3637.5262791553205	0.3
17843.794110579274	300	8.389261154289317	0.0	163444	2002.0920776969112	0.3
17844.952525037872	300	11.230846695688939	0.0	179328	1158.4144586003795	0.3
17845.832501031062	300	14.350870702498165	0.0	159914	879.9759931907741	0.3
17847.504949264923	750	16.67842246863727	0.0	321064	1672.4482338608977	0.3
17849.32839314754	750	18.854978586017516	0.0	361565	1823.4438826197495	0.75
17851.336651817855	750	20.84671991570463	0.0	378327	2008.2586703128902	0.75
17856.490984410637	750	19.69238732292328	0.0	390680	5154.332592781347	0.75
17862.40621324154	750	17.777158492018042	0.0	345516	5915.228830905238	0.75
17865.36166404662	750	18.821707686940687	0.0	384505	2955.4508050773543	0.75
17867.926256002356	750	20.257115731205733	0.0	372093	2564.5919557349544	0.75
17871.446220837184	750	20.737150896376075	0.0	438281	3519.964834829659	0.75
17874.552064087344	750	21.63130764621876	0.0	398987	3105.843250157317	0.75
17876.82070343882	750	23.362668294738075	0.0	393804	2268.6393514806823	0.75
17880.79881361084	1850	23.384558122720456	0.0	830730	3978.1101720176207	0.75
17884.99998424261	1850	23.183387490950082	0.0	846370	4201.170631770374	1.85

