1590.5669320179784	750	4.0	0.8872836624630916	450283	887.2836624630917	-3.065319748591294
1591.4221734863797	750	7.144758531598576	0.0	398865	855.2414684014233	0.75
1592.1938229496336	750	10.37310906834445	0.0	350812	771.6494632541267	0.75
1593.0380877825057	750	13.528844235472524	0.0	382355	844.2648328719234	0.75
1593.976757235514	750	16.59017478246423	0.0	411561	938.6694530082957	0.75
1595.8259770638956	1850	18.740954954082657	0.0	801058	1849.219828381573	0.75
1597.7017562205783	1850	20.86517579740001	0.0	905515	1875.7791566826452	1.85
1599.7539910521868	1850	22.812940965791316	0.0	1060487	2052.2348316086927	1.85
1604.2050309066299	4300	22.36190111134823	0.0	2055469	4451.0398544430855	1.8499999999999996
1608.809041596372	4300	21.757890421606383	0.0	2169201	4604.01068974185	4.3
1614.073986149426	4300	20.492945868552237	0.0	2173522	5264.944553054144	4.3
1619.1788627323078	4300	19.388069285670653	0.0	2102452	5104.876582881585	4.3
1624.1732864896683	4300	18.39364552831017	0.0	2209463	4994.423757360481	4.3
1642.1156921879092	4300	4.451239830069138	0.0	2275376	17942.405698241033	4.3
1643.905081495764	300	6.661850522214525	0.0	140051	1789.3893078546132	-3.7
1645.849212498297	300	8.717719519681618	0.0	138313	1944.1310025329071	0.3
1647.5843442749795	300	10.98258774299913	0.0	143509	1735.1317766824884	0.3
1648.731978527574	300	13.834953490404647	0.0	150616	1147.6342525944826	0.3
1650.1693919387903	750	16.397540079188403	0.0	405596	1437.4134112162467	0.3
1651.2307968117855	750	19.336135206193294	0.0	350713	1061.4048729951073	0.75
1652.2789567190655	750	22.28797529891319	0.0	386472	1048.1599072801077	0.75
1654.8893718596064	1850	23.677560158372472	0.0	955231	2610.4151405407165	0.75
1657.8414688919104	1850	24.725463126068547	0.0	968026	2952.097032303926	1.85
1660.7535110180356	1850	25.81342099994301	0.0	874175	2912.042126125538	1.85
1663.0095096887776	1850	27.557422329201096	0.0	897976	2255.9986707419143	1.85
1665.7694492514297	1850	28.797482766549027	0.0	905935	2759.939562652067	1.85
1669.1074789908562	1850	29.45945302712254	0.0	1076599	3338.029739426488	1.85
1672.9084021658416	1850	29.658529852136976	0.0	758197	3800.9231749855603	1.85
1678.0372086810294	1850	28.52972333694918	0.0	972798	5128.806515187799	1.85
1681.268478545953	1850	29.298453472025503	0.0	975811	3231.2698649236754	1.85
1683.7244545441267	1850	30.842477473851826	0.0	873429	2455.9759981736793	1.85
1687.169553652417	1850	31.39737836556144	0.0	954453	3445.0991082903865	1.85
1690.7504624707526	1850	31.816469547225836	0.0	885062	3580.908818335604	1.85
1694.2776427503422	1850	32.289289267636335	0.0	1035329	3527.180279589501	1.85
1697.327952544824	1850	33.2389794731546	0.0	1026056	3050.3097944817373	1.85
1701.2575330389307	1850	33.30939897904775	0.0	943942	3929.5804941068536	1.85
1702.8927269064752	1850	35.67420511150337	0.0	728962	1635.1938675443848	1.85
1705.2487573527128	1850	37.318174665265694	0.0	938587	2356.0304462376703	1.85
1707.335799765857	1850	39.231132252121576	0.0	908665	2087.042413144114	1.85
1709.4461683724735	1850	41.12076364550503	0.0	930577	2110.368606616545	1.85
1711.4267322356086	1850	43.140199782369756	0.0	858450	1980.5638631352792	1.85
1713.750646533475	1850	44.81628548450329	0.0	1025005	2323.9142978664613	1.85
1715.8376091355433	1850	46.729322882435156	0.0	886255	2086.962602068137	1.85
1718.091858060637	1850	48.475073957341415	0.0	973972	2254.248925093735	1.85
1720.4727632237866	1850	50.094168794191894	0.0	958994	2380.9051631495245	1.85
1722.7457672009511	1850	51.821164817027345	0.0	982064	2273.003977164545	1.85
1724.6591551464946	1850	53.907776871483726	0.0	830730	1913.3879455436163	1.85
1726.6648545945534	1850	55.90207742342514	0.0	846370	2005.6994480585852	1.85

