14280.580756810363	750	4.0	3.9247822452337946	450283	3924.7822452337946	-16.126563654505315
14281.932153103578	300	6.648603706784821	0.0	155580	1351.3962932151785	-0.15000000000000002
14282.98429016759	300	9.596466642774697	0.0	139857	1052.1370640101254	0.3
14284.36741579426	300	12.213341016103536	0.0	155432	1383.1256266711605	0.3
14287.399976189432	750	13.180780620931468	0.0	411561	3032.5603951720673	0.3
14289.568440095925	750	15.012316714438606	0.0	318564	2168.4639064928606	0.75
14291.694587837283	750	16.886168973081315	0.0	352642	2126.147741357292	0.75
14294.09775136816	750	18.483005442204696	0.0	437162	2403.1635308766176	0.75
14296.453109366374	750	20.127647443990703	0.0	374758	2355.357998213993	0.75
14304.08470865291	1850	16.496048157455867	0.0	913888	7631.59928653484	0.75
14309.881511639422	1850	14.699245170944774	0.0	939819	5796.802986511091	1.85
14320.3139512764	1850	8.266805533967185	0.0	917428	10432.43963697759	1.85
14324.736705093985	750	7.8440517163805	0.0	386351	4422.753817586685	-0.3500000000000001
14329.17253782536	750	7.408218985006405	0.0	434409	4435.832731374095	0.75
14330.589039257273	300	9.991717553091739	0.0	140051	1416.5014319146655	-0.15000000000000002
14332.016206648206	300	12.564550162158127	0.0	138313	1427.1673909336123	0.3
14333.458139164182	300	15.122617646182375	0.0	143509	1441.9325159757545	0.3
14336.467699785017	750	16.113057025347924	0.0	372963	3009.5606208344507	0.3
14340.351481970716	750	16.229274839647992	0.0	405596	3883.782185699933	0.75
14348.214015847901	750	12.366740962463245	0.0	350713	7862.5338771847455	0.75
14355.412086162514	750	9.168670647849241	0.0	386472	7198.070314614005	0.75
14357.345663589182	300	11.235093221183572	0.0	157812	1933.5774266656695	-0.15000000000000002
14359.613974209433	300	12.966782600930955	0.0	163927	2268.3106202526164	0.3
14361.754945481147	300	14.825811329217467	0.0	137654	2140.9712717134876	0.3
14363.634395150357	300	16.9463616600085	0.0	146754	1879.4496692089658	0.3
14368.864856432361	750	15.715900378003559	0.0	379700	5230.461282004942	0.3
14372.758052991283	750	15.822703819083493	0.0	425781	3893.1965589200654	0.75
14375.098527367714	750	17.482229442650524	0.0	277716	2340.4743764329696	0.75
14380.694003316818	750	15.88675349354768	0.0	400396	5595.475949102846	0.75
14385.637264996134	750	14.943491814231976	0.0	400508	4943.261679315702	0.75
14390.091272298469	750	14.489484511898073	0.0	358218	4454.007302333903	0.75
14397.312315823909	750	11.268440986457234	0.0	400322	7221.043525440839	0.75
14400.084514091224	750	12.496242719142018	0.0	369834	2772.1982673152165	0.75
14403.303169868426	750	13.277586941938846	0.0	412837	3218.6557772031724	0.75
14405.6052691307	750	14.975487679665777	0.0	401088	2302.0992622730687	0.75
14407.62638910811	750	16.954367702255826	0.0	365161	2021.1199774099525	0.75
14409.39058443259	750	19.19017237777624	0.0	321064	1764.1953244795875	0.75
14411.504103406358	750	21.07665340400662	0.0	361565	2113.518973769618	0.75
14415.228020385484	750	21.352736424879687	0.0	378327	3723.916979126933	0.75
14418.906041674405	750	21.67471513595924	0.0	390680	3678.0212889204477	0.75
14421.219391506016	750	23.361365304348	0.0	345516	2313.349831611241	0.75
14423.206251273175	750	25.37450553718765	0.0	384505	1986.8597671603495	0.75
14430.874288953406	1850	21.706467856956422	0.0	886255	7668.037680231224	0.75
14436.144931334338	1850	20.43582547602321	0.0	973972	5270.642380933212	1.85
14441.06122592949	1850	19.519530880871926	0.0	958994	4916.294595151284	1.85
14446.344278410825	1850	18.23647839953904	0.0	982064	5283.052481332889	1.85
14450.885655596298	1850	17.695101214066003	0.0	830730	4541.377185473036	1.85
14454.826910486103	1850	17.75384632426163	0.0	846370	3941.254889804372	1.85

