6835.856886174986	750	4.0	12.266701258043659	450283	12266.701258043659	-51.99681540958773
6840.488806705247	300	4.0	0.6319205302601922	155580	4631.920530260192	-2.867258280118827
6843.536638371579	300	4.952168333667658	0.0	139857	3047.8316663323417	0.3
6846.806114808817	300	5.682691896429397	0.0	155432	3269.4764372382615	0.3
6850.1633902296235	300	6.325416475623024	0.0	163442	3357.275420806372	0.3
6852.291155694672	300	8.19765101057458	0.0	126289	2127.765465048444	0.3
6854.496482162831	300	9.99232454241477	0.0	153295	2205.326468159809	0.3
6856.692843228505	300	11.795963476741463	0.0	173849	2196.3610656733085	0.3
6858.500849558464	300	13.987957146781996	0.0	150710	1808.006329959466	0.3
6860.172587761524	300	16.316218943722877	0.0	139105	1671.7382030591195	0.3
6861.619190687859	300	18.86961601738669	0.0	141840	1446.6029263361888	0.3
6863.237179499395	300	21.251627205851133	0.0	156148	1617.9888115355566	0.3
6867.26362125426	750	21.225185450985407	0.0	386351	4026.4417548657257	0.3
6872.06609519199	750	20.42271151325612	0.0	434409	4802.473937729283	0.75
6876.07510636991	750	20.413700335335875	0.0	337059	4009.01117792025	0.75
6881.339372730172	750	19.149433975073176	0.0	366214	5264.266360262697	0.75
6885.539740178234	750	18.949066527011198	0.0	360831	4200.36744806198	0.75
6889.487377754232	750	19.001428951013473	0.0	372963	3947.6375759977245	0.75
6894.038436405235	750	18.450370300010768	0.0	405596	4551.058651002707	0.75
6899.364765612659	750	17.124041092586896	0.0	350713	5326.329207423872	0.75
6903.674368179581	750	16.81443852566547	0.0	386472	4309.602566921429	0.75
6906.324143988952	750	18.16466271629327	0.0	399894	2649.775809372199	0.75
6909.387994556288	750	19.100812148957832	0.0	401853	3063.8505673354357	0.75
6911.801510321181	750	20.68729638406354	0.0	343800	2413.5157648942964	0.75
6914.285614126428	750	22.203192578816356	0.0	359903	2484.1038052471804	0.75
6918.758296820722	1200	21.730509884522814	0.0	590335	4472.682694293545	0.75
6923.2040377871535	1200	21.284768918090617	0.0	696376	4445.740966432199	1.2
6926.541789106147	1200	21.947017599096515	0.0	487160	3337.7513189941023	1.2
6931.167437525091	1200	21.321369180152367	0.0	622896	4625.648418944147	1.2
6934.956882429114	1200	21.53192427613027	0.0	641447	3789.4449040220957	1.2
6938.694654764758	1200	21.794151940486262	0.0	570392	3737.772335644007	1.2
6944.638721421765	1850	19.850085283478577	0.0	954453	5944.0666570076855	1.2000000000000002
6950.701342505883	1850	17.787464199360183	0.0	885062	6062.621084118394	1.85
6959.14366059658	1850	13.345146108662963	0.0	1035329	8442.318090697221	1.85
6969.3794348642	1850	7.109371841042487	0.0	1026056	10235.774267620476	1.85
6974.3012121121765	1200	6.18759459306698	0.0	598727	4921.777247975506	0.5499999999999999
6976.147396492326	750	8.34141021291761	0.0	321064	1846.1843801493699	0.3
6978.413954462396	750	10.07485224284778	0.0	361565	2266.557970069831	0.75
6980.553929097139	750	11.934877608104483	0.0	378327	2139.974634743297	0.75
6982.729099268051	750	13.759707437192999	0.0	390680	2175.1701709114827	0.75
6987.238847295001	750	13.249959410244083	0.0	345516	4509.748026948916	0.75
6993.3858891309155	750	11.102917574328451	0.0	384505	6147.041835915633	0.75
7000.342087367657	750	8.146719337587177	0.0	372093	6956.198236741273	0.75
7003.55117207481	300	8.93763463043397	0.0	172312	3209.0847071532066	-0.15000000000000002
7005.019303050474	300	11.469503654769412	0.0	167025	1468.1309756645612	0.3
7006.161352130806	300	14.327454574437832	0.0	160064	1142.049080331579	0.3
7009.476342533448	750	15.012464171795909	0.0	331053	3314.990402641923	0.3
7017.197927511354	1200	11.290879193889369	0.0	550906	7721.584977906541	0.75

