12332.028868124302	750	4.0	4.722418988271614	450283	4722.418988271614	-19.55640164956794
12333.504473942578	300	6.524394181725228	0.0	155580	1475.6058182747722	-0.15000000000000002
12334.704934687032	300	9.323933437271	0.0	139857	1200.460744454228	0.3
12335.85310055971	300	12.175767564590338	0.0	155432	1148.1658726806618	0.3
12336.97009487453	300	15.058773249770114	0.0	163442	1116.9943148202246	0.3
12339.423236229908	750	16.605631894393177	0.0	318564	2453.141355376939	0.3
12342.182207461392	750	17.846660662908217	0.0	352642	2758.971231484958	0.75
12345.587510150004	750	18.441357974296153	0.0	437162	3405.302688612063	0.75
12348.518141158565	750	19.510726965734705	0.0	374758	2930.6310085614455	0.75
12351.649756633606	750	20.37911149069435	0.0	362795	3131.615475040359	0.75
12361.82012754758	1850	14.208740576719045	0.0	939819	10170.370913975303	0.75
12368.46447261129	750	11.564395513010114	0.0	405134	6644.345063708932	-0.3500000000000001
12375.172730860439	750	8.856137263862237	0.0	386351	6708.258249147876	0.75
12378.031382030656	300	9.997486093643438	0.0	179801	2858.6511702188004	-0.15000000000000002
12379.43172508088	300	12.597143043419793	0.0	140051	1400.343050223644	0.3
12380.819837620378	300	15.209030503922204	0.0	138313	1388.1125394975893	0.3
12382.215340430193	300	17.81352769410666	0.0	143509	1395.502809815542	0.3
12385.018714325015	750	19.010153799284716	0.0	372963	2803.3738948219484	0.3
12388.529417967426	750	19.499450156873188	0.0	405596	3510.703642411531	0.75
12393.444637798055	750	18.58423032624503	0.0	350713	4915.219830628157	0.75
12399.204958215889	750	16.823909908409995	0.0	386472	5760.320417835034	0.75
12404.167139924666	750	15.861728199631791	0.0	399894	4962.181708778204	0.75
12409.224051526147	750	14.80481659815017	0.0	401853	5056.911601481622	0.75
12413.013248988536	750	15.01561913576043	0.0	343800	3789.197462389741	0.75
12417.01782396245	750	15.01104416184665	0.0	359903	4004.574973913779	0.75
12421.379029944339	750	14.64983817995599	0.0	379700	4361.20598189066	0.75
12427.919123568228	750	12.109744556068305	0.0	425781	6540.093623887685	0.75
12432.521253682424	750	11.507614441872063	0.0	277716	4602.130114196241	0.75
12438.025711908911	750	10.003156215385014	0.0	400396	5504.458226487049	0.75
12440.178336756666	300	11.850531367629367	0.0	149029	2152.6248477556483	-0.15000000000000002
12442.417101366937	300	13.611766757357367	0.0	157421	2238.7646102719987	0.3
12444.545947394085	300	15.482920730209802	0.0	157488	2128.846027147565	0.3
12449.47497302506	750	14.55389509923323	0.0	369834	4929.025630976572	0.3
12455.70348892094	750	12.32537920335376	0.0	412837	6228.515895879469	0.75
12463.237592516296	750	8.79127560799882	0.0	401088	7534.103595354942	0.75
12466.706221126939	300	9.322646997355587	0.0	159914	3468.6286106432335	-0.15000000000000002
12470.123989734237	300	9.904878390058268	0.0	131610	3417.7686072973183	0.3
12473.902917428595	300	10.12595069569895	0.0	124011	3778.927694359318	0.3
12476.432385539067	300	11.596482585228001	0.0	144254	2529.4681104709493	0.3
12479.190880233798	300	12.8379878904958	0.0	149991	2758.4946947322	0.3
12482.523545356344	300	13.505322767949876	0.0	147968	3332.6651225459245	0.3
12486.516867455715	300	13.512000668579686	0.0	161857	3993.3220993701884	0.3
12490.244284397657	300	13.78458372663845	0.0	145210	3727.416941941238	0.3
12494.984226589351	300	13.044641534942198	0.0	172312	4739.942191696253	0.3
12499.626879186959	300	12.401988937335565	0.0	167025	4642.6525976066305	0.3
12502.680859845377	300	13.348008278915417	0.0	160064	3053.9806584201483	0.3
12505.006097726808	300	15.02277039748683	0.0	137507	2325.237881428586	0.3
12506.886255012478	300	17.14261311181725	0.0	118421	1880.1572856695793	0.3

