9631.243580712566	750	4.0	1.7041197936685797	450283	1704.1197936685796	-6.577715112774892
9633.084088756314	750	6.159491956252071	0.0	398865	1840.5080437479282	0.75
9634.639911496915	750	8.60366921565108	0.0	350812	1555.8227406009928	0.75
9636.563849552394	750	10.67973116017162	0.0	382355	1923.938055479459	0.75
9638.643984006865	750	12.599596705701524	0.0	411561	2080.134454470097	0.75
9640.080533780992	750	15.1630469315743	0.0	318564	1436.5497741272243	0.75
9641.447423253017	750	17.79615745955016	0.0	352642	1366.889472024138	0.75
9645.700943502587	1850	17.542637209979752	0.0	1060487	4253.520249570407	0.75
9649.669862454602	1850	17.57371825796381	0.0	852833	3968.9189520159425	1.85
9653.2248191536	1850	18.01876155896634	0.0	913888	3554.9566989974714	1.85
9658.284185620629	1850	16.959395091937367	0.0	939819	5059.366467028973	1.85
9662.567287971724	1850	16.67629274084267	0.0	917428	4283.1023510947	1.85
9666.882230994264	1850	16.36134971830367	0.0	946851	4314.943022539	1.85
9669.453142492928	1850	17.79043821963971	0.0	1036454	2570.9114986639606	1.85
9671.894885803877	1850	19.348694908691037	0.0	821631	2441.7433109486747	1.85
9674.872211329799	1850	20.371369382767416	0.0	923170	2977.325525923622	1.85
9678.241207078401	1850	21.002373634165174	0.0	966699	3368.995748602238	1.85
9682.819832483361	1850	20.423748229206414	0.0	885714	4578.625404958763	1.85
9686.458884386482	1850	20.784696326084674	0.0	987708	3639.0519031217364	1.85
9689.677392480413	1850	21.566188232154005	0.0	923755	3218.508093930673	1.85
9692.856136416054	1850	22.387444296513657	0.0	891604	3178.743935640349	1.85
9696.814309104915	1850	22.42927160765056	0.0	955231	3958.1726888630947	1.85
9701.096808421771	1850	22.146772290794594	0.0	968026	4282.499316855966	1.85
9703.98699912126	1850	23.256581591307327	0.0	874175	2890.1906994872647	1.85
9706.636731619723	1850	24.606849092843717	0.0	897976	2649.7324984636116	1.85
9709.570776467926	1850	25.672804244640815	0.0	905935	2934.044848202902	1.85
9714.312094746703	1850	24.931485965864763	0.0	1076599	4741.3182787760525	1.85
9717.715692969003	1850	25.527887743565657	0.0	758197	3403.5982222991056	1.85
9724.047344504399	1850	23.196236208168	0.0	972798	6331.651535397657	1.85
9731.08842935134	1850	20.155151361226466	0.0	975811	7041.084846941536	1.85
9739.137566882497	1850	16.106013830070477	0.0	873429	8049.137531155988	1.85
9746.11394070036	1850	13.129640012206611	0.0	954453	6976.373817863864	1.85
9751.178454834877	1850	12.065125877690274	0.0	885062	5064.514134516337	1.85
9756.020669293952	1850	11.222911418615292	0.0	1035329	4842.214459074983	1.85
9768.569419437325	1850	4.0	1.3258387247577283	1026056	12548.75014337302	-3.851106516458232
9770.001808979887	300	6.567610457437972	0.0	159914	1432.3895425620278	-1.25
9770.911549193046	300	9.657870244278584	0.0	131610	909.7402131593902	0.3
9771.795542928368	300	12.773876508957182	0.0	124011	883.9937353214011	0.3
9774.64906906148	750	13.920350375846175	0.0	378327	2853.5261331110087	0.3
9777.412943454947	750	15.156475982377422	0.0	390680	2763.8743934687523	0.75
9779.26545010763	750	17.30396932969518	0.0	345516	1852.5066526822402	0.75
9780.747494397303	750	19.821925040022144	0.0	384505	1482.044289673039	0.75
9783.517896271682	1850	21.051523165644177	0.0	886255	2770.401874377965	0.75
9787.032254535265	1850	21.53716490206052	0.0	973972	3514.3582635836538	1.85
9790.090498138483	1850	22.478921298841673	0.0	958994	3058.2436032188484	1.85
9792.581700744147	1850	23.987718693178525	0.0	982064	2491.202605663146	1.85
9794.583219456026	1850	25.98619998129814	0.0	830730	2001.5187118803894	1.85
9796.987119333344	1850	27.582300103981105	0.0	846370	2403.8998773170297	1.85

