947.8446964513186	750	4.0	2.7857807865153212	450283	2785.7807865153213	-11.228857382015882
950.2449185625596	750	5.599777888758914	0.0	398865	2400.222111241086	0.75
951.6550809900006	750	8.189615461318068	0.0	350812	1410.162427440845	0.75
954.9024213298374	1200	8.942275121481144	0.0	617681	3247.3403398369255	0.75
957.887277875707	1200	9.95741857561159	0.0	652874	2984.8565458695534	1.2
960.1016956955859	1200	11.743000755732643	0.0	520315	2214.417819878946	1.2
962.6867735270159	1200	13.157922924302657	0.0	561791	2585.0778314299855	1.2
967.5830762170345	1850	12.26162023428397	0.0	1060487	4896.302690018686	1.2000000000000002
972.250357477021	1850	11.59433897429755	0.0	852833	4667.281259986421	1.85
977.0033337763064	1850	10.841362675012196	0.0	913888	4752.976299285355	1.85
982.4269418257023	1850	9.41775462561628	0.0	939819	5423.608049395916	1.85
986.6300531046919	1850	9.214643346626719	0.0	917428	4203.111278989561	1.85
991.2761418661796	1850	8.568554585138983	0.0	946851	4646.0887614877365	1.85
996.4640684180474	1850	7.380628033271222	0.0	1036454	5187.926551867761	1.85
1000.5516906460798	1850	7.293005805238728	0.0	821631	4087.6222280324937	1.85
1004.5497355618174	1850	7.294960889501087	0.0	923170	3998.0449157376415	1.85
1009.2765908674538	1850	6.568105583864613	0.0	966699	4726.855305636474	1.85
1013.4125735668665	1850	6.432122884452013	0.0	885714	4135.9826994126	1.85
1019.8085181444586	1850	4.03617830685985	0.0	987708	6395.944577592163	1.85
1021.3647010848858	750	6.479995366432634	0.0	350713	1556.1829404272155	-0.3500000000000001
1024.2428904157664	1200	7.601806035552123	0.0	601738	2878.189330880511	0.75
1028.0610255082413	1200	7.783670943077081	0.0	616206	3818.1350924750413	1.2
1033.313764713217	1200	6.530931738101389	0.0	656471	5252.739204975693	1.2
1037.5289733021325	1200	6.315723149185985	0.0	536667	4215.208588915404	1.2
1041.8806628134205	1200	5.964033637897991	0.0	587236	4351.689511287994	1.2
1044.4213805332724	750	7.423315918046001	0.0	379700	2540.7177198519903	0.3
1046.47732060463	750	9.36737584668839	0.0	425781	2055.9400713576106	0.75
1047.861175238623	750	11.98352121269534	0.0	277716	1383.8546339930513	0.75
1050.5256688599545	1200	13.319027591363852	0.0	622896	2664.493621331487	0.75
1053.6770644249573	1200	14.167632026360955	0.0	641447	3151.395565002896	1.2
1056.16325309926	1200	15.681443352058508	0.0	570392	2486.188674302447	1.2
1060.8050025809753	1850	15.039693870343177	0.0	954453	4641.749481715332	1.2000000000000002
1064.7929687742208	1850	15.05172767709771	0.0	885062	3987.966193245465	1.85
1069.535869707928	1850	14.308826743390284	0.0	1035329	4742.900933707428	1.85
1076.2951689997185	1850	11.549527451599802	0.0	1026056	6759.299291790481	1.85
1082.9253351097466	1850	8.919361341571868	0.0	943942	6630.166110027933	1.85
1086.2586357397374	1200	9.586060711581089	0.0	487812	3333.3006299907784	0.5499999999999999
1090.2441561236224	1200	9.60054032769625	0.0	575591	3985.5203838848392	1.2
1096.6531025601676	1200	7.191593891150801	0.0	605884	6408.946436545449	1.2
1101.888515658518	750	5.956180792800545	0.0	390680	5235.413098350256	0.3
1103.1282340727937	300	8.716462378524568	0.0	147968	1239.7184142759766	-0.15000000000000002
1104.3902565735134	300	11.454439877804976	0.0	161857	1262.0225007195904	0.3
1105.9754375027221	300	13.869258948596336	0.0	145210	1585.1809292086407	0.3
1107.7584448697467	300	16.08625158157162	0.0	172312	1783.0073670247148	0.3
1112.235100739312	750	15.60959571200638	0.0	398987	4476.655869565242	0.3
1118.8037101155319	1200	13.040986335786267	0.0	638661	6568.609376220113	0.75
1125.2932684023585	1850	10.551428048959707	0.0	830730	6489.55828682656	1.2000000000000002
1129.98845536646	1850	9.856241084858311	0.0	846370	4695.186964101396	1.85

