20502.19595300007	750	4.0	6.619212714537035	450283	6619.212714537035	-27.71261467250925
20504.306915344325	300	5.8890376557490836	0.0	155580	2110.9623442509164	-0.15000000000000002
20506.11297734811	300	8.082975651959863	0.0	139857	1806.0620037892206	0.3
20512.17129866984	750	6.024654330229216	0.0	382355	6058.321321730647	0.3
20514.208363583537	300	7.987589416530918	0.0	163442	2037.064913698298	-0.15000000000000002
20520.188283301468	750	6.007669698601761	0.0	318564	5979.919717929157	0.3
20522.34905764832	300	7.846895351749414	0.0	153295	2160.7743468523468	-0.15000000000000002
20528.362507219856	750	5.8334457802140305	0.0	437162	6013.449571535384	0.3
20530.298111441574	300	7.8978415584935195	0.0	150710	1935.6042217205118	-0.15000000000000002
20534.518917685768	750	7.67703531430115	0.0	362795	4220.806244192369	0.3
20538.331410246068	750	7.864542754001257	0.0	353220	3812.4925602998933	0.75
20541.81432964078	750	8.381623359289717	0.0	405134	3482.91939471154	0.75
20545.78255796541	750	8.413395034659425	0.0	386351	3968.228324630292	0.75
20549.49937149968	750	8.696581500386602	0.0	434409	3716.8135342728247	0.75
20552.016362055074	750	10.179590944992793	0.0	337059	2516.9905553938074	0.75
20556.385373208963	1200	9.81057979110305	0.0	587876	4369.011153889744	0.75
20561.10506781784	1200	9.090885182225142	0.0	617242	4719.694608877908	1.2
20565.726001169172	1200	8.46995183089541	0.0	581493	4620.933351329731	1.2
20569.41951620828	750	8.776436791788033	0.0	405596	3693.5150391073757	0.3
20573.544844686636	750	8.651108313431225	0.0	350713	4125.328478356808	0.75
20577.84250413901	750	8.353448861056705	0.0	386472	4297.65945237452	0.75
20584.256914056245	750	5.939038943820002	0.0	399894	6414.409917236704	0.75
20587.086344056963	300	7.109608943100128	0.0	163927	2829.4300007198735	-0.15000000000000002
20592.796577457786	750	5.399375542277884	0.0	343800	5710.233400822244	0.3
20594.667815073382	300	7.528137926680465	0.0	146754	1871.237615597419	-0.15000000000000002
20598.365377434842	750	7.830575565219176	0.0	379700	3697.5623614612896	0.3
20601.578497381324	750	8.617455618736633	0.0	425781	3213.119946482542	0.75
20603.854497314012	750	10.341455686048644	0.0	277716	2275.9999326879897	0.75
20612.56839703654	1200	5.627555963525458	0.0	622896	8713.899722523185	0.75
20614.833777013137	300	7.362175986923506	0.0	149029	2265.379976601951	-0.6000000000000001
20619.34042023344	750	6.855532766623414	0.0	358218	4506.643220300093	0.3
20621.296061511675	300	8.899891488384997	0.0	157488	1955.641278238417	-0.15000000000000002
20625.81497911244	750	8.380973887619422	0.0	369834	4518.917600765575	0.3
20630.296306793975	750	7.899646206088205	0.0	412837	4481.327681531217	0.75
20634.673117364375	750	7.522835635689118	0.0	401088	4376.810570399087	0.75
20639.35350794342	750	6.842445056644567	0.0	365161	4680.3905790445515	0.75
20641.765855073754	300	8.430097926307116	0.0	131610	2412.3471303374504	-0.15000000000000002
20647.281733193086	750	6.91421980697597	0.0	361565	5515.878119331147	0.3
20649.823120454384	300	8.372832545674319	0.0	144254	2541.387261301652	-0.15000000000000002
20655.0166529565	750	7.179300043560223	0.0	390680	5193.532502114095	0.3
20659.744387120354	750	6.451565879705993	0.0	345516	4727.73416385423	0.75
20662.08722029834	300	8.108732701718175	0.0	161857	2342.8331779878185	-0.15000000000000002
20667.126513996882	750	7.069439003179865	0.0	372093	5039.2936985383085	0.3
20674.226057704087	750	4.0	0.03010470402648207	438281	7099.543707206348	0.6205497726861271
20677.364044505634	300	4.862013198455005	0.0	167025	3137.986801544996	-0.15000000000000002
20680.023525217875	300	6.202532486212893	0.0	160064	2659.480712242111	0.3
20683.710635850875	300	6.515421853211304	0.0	137507	3687.110633001588	0.3
20687.156918822053	300	7.069138882034122	0.0	118421	3446.2829711771833	0.3

