4723.742180250947	750	4.0	2.3226168467032533	450283	2322.6168467032535	-9.237252440823989
4726.53758323139	750	5.204597019557097	0.0	398865	2795.4029804429024	0.75
4728.826225830794	750	6.915954420153612	0.0	350812	2288.642599403485	0.75
4731.473284281648	750	8.268895969299136	0.0	382355	2647.0584508544766	0.75
4735.148315931758	750	8.593864319189526	0.0	411561	3675.03165010961	0.75
4738.379579397468	750	9.362600853479242	0.0	318564	3231.263465710285	0.75
4744.193848901378	750	7.548331349569153	0.0	352642	5814.269503910088	0.75
4749.205150943053	300	6.537029307893849	0.0	173849	5011.302041675305	-0.15000000000000002
4750.657440187116	300	9.08474006383094	0.0	150710	1452.2892440629075	0.3
4751.997259380468	300	11.744920870478474	0.0	139105	1339.8191933524672	0.3
4753.22078244847	300	14.52139780247643	0.0	141840	1223.5230680020427	0.3
4754.469327243481	300	17.27285300746587	0.0	156148	1248.5447950105618	0.3
4755.8118923888915	300	19.930287862054968	0.0	160746	1342.5651454109025	0.3
4759.660858594679	750	20.081321656267633	0.0	434409	3848.9662057873356	0.3
4764.205435810993	750	19.536744439953285	0.0	337059	4544.5772163143465	0.75
4767.90024613376	750	19.84193411718545	0.0	366214	3694.810322767833	0.75
4770.867275106425	750	20.874905144520447	0.0	360831	2967.0289726650044	0.75
4773.444812034811	750	22.297368216134732	0.0	372963	2577.5369283857135	0.75
4776.631107866144	750	23.11107238480181	0.0	405596	3186.2958313329236	0.75
4779.503402691301	750	24.238777559644294	0.0	350713	2872.2948251575144	0.75
4782.049874922175	750	25.69230532877003	0.0	386472	2546.4722308742685	0.75
4784.763236750024	750	26.978943500921694	0.0	399894	2713.361827848333	0.75
4792.515659438518	1850	23.226520812426802	0.0	968026	7752.422688494893	0.75
4801.968126693543	1850	17.774053557401903	0.0	874175	9452.467255024903	1.85
4811.469403851602	1850	12.272776399342495	0.0	897976	9501.277158059405	1.85
4818.184353643208	1200	9.55782660773677	0.0	590335	6714.949791605725	0.5499999999999999
4821.9704708778145	750	9.771709373130834	0.0	425781	3786.1172346059348	0.3
4823.511792520287	750	12.230387730658105	0.0	277716	1541.321642472729	0.75
4825.776298832058	750	13.965881418887035	0.0	400396	2264.5063117710715	0.75
4829.747137977325	1200	13.995042273619992	0.0	641447	3970.8391452670417	0.75
4833.35788489792	1200	14.384295353026035	0.0	570392	3610.7469205939574	1.2
4839.730670078769	1200	12.011510172176353	0.0	620283	6372.785180849682	1.2
4844.368956274937	1200	11.373223976009177	0.0	584349	4638.286196167177	1.2
4849.966389363909	1200	9.775790887037157	0.0	670129	5597.4330889720195	1.2
4854.979398024049	1200	8.762782226896535	0.0	690253	5013.008660140622	1.2
4858.645654452046	1200	9.09652579890001	0.0	598727	3666.256427996524	1.2
4861.0308483850795	750	10.711331865867018	0.0	321064	2385.1939330329924	0.3
4863.171968792071	750	12.570211458874981	0.0	361565	2141.1204069920364	0.75
4867.251176389102	1200	12.491003861844199	0.0	605884	4079.207597030781	0.75
4871.118007546887	1200	12.62417270405833	0.0	587506	3866.83115778587	1.2
4873.823494311269	1200	13.918685939676301	0.0	566904	2705.4867643820294	1.2
4877.633542823657	1200	14.108637427288315	0.0	641452	3810.048512387986	1.2
4880.9469999216935	1200	14.795180329252485	0.0	599477	3313.457098035829	1.2
4884.526253715847	1200	15.21592653509933	0.0	634861	3579.2537941531564	1.2
4888.983456153814	1200	14.758724097131989	0.0	630203	4457.202437967341	1.2
4899.668735090002	1850	8.07344516094363	0.0	982064	10685.278936188359	1.2000000000000002
4902.999854423179	1200	8.742325827766956	0.0	538612	3331.119333176673	0.5499999999999999
4910.154254349801	1850	5.5879259011452875	0.0	846370	7154.399926621668	1.2000000000000002

