1933.3366078464296	750	4.0	1.6438931885945212	450283	1643.8931885945212	-6.31874071095644
1935.0475325816337	750	6.289075264795886	0.0	398865	1710.924735204114	0.75
1936.8143802399482	750	8.52222760648134	0.0	350812	1766.847658314546	0.75
1938.4750013496107	750	10.86160649681881	0.0	382355	1660.6211096625318	0.75
1940.4423651907555	750	12.894242655674041	0.0	411561	1967.3638411447678	0.75
1942.360289869034	750	14.976317977395729	0.0	318564	1917.9246782783125	0.75
1944.7253789633025	750	16.611228883127016	0.0	352642	2365.089094268714	0.75
1946.8688115986279	750	18.467796247801893	0.0	437162	2143.4326353251236	0.75
1950.4037595269733	1850	18.93284831945644	0.0	852833	3534.947928345454	0.75
1954.221957014407	1850	19.114650832022733	0.0	913888	3818.1974874337066	1.85
1957.9894322911625	1850	19.347175555267363	0.0	939819	3767.4752767553696	1.85
1961.9604389973413	1850	19.3761688490884	0.0	917428	3971.006706178964	1.85
1968.409708883746	1850	16.92689896268394	0.0	946851	6449.26988640446	1.85
1974.9333700203358	1850	14.403237826094053	0.0	1036454	6523.661136589886	1.85
1980.2032592928197	1850	13.133348553609977	0.0	821631	5269.889272484075	1.85
1987.5321888173735	1850	9.804419029056364	0.0	923170	7328.929524553613	1.85
1990.5595804071993	750	10.777027439230539	0.0	360831	3027.391589825825	-0.3500000000000001
1993.9834311709817	750	11.35317667544804	0.0	372963	3423.8507637824982	0.75
1998.090416160134	750	11.246191686295601	0.0	405596	4106.984989152439	0.75
2000.1375351826555	750	13.1990726637742	0.0	350713	2047.1190225214013	0.75
2002.3528574416719	750	14.983750404757886	0.0	386472	2215.3222590163136	0.75
2004.0293988264275	750	17.30720902000228	0.0	399894	1676.5413847556085	0.75
2005.4656463038843	750	19.870961542545256	0.0	401853	1436.2474774570208	0.75
2008.1801552436377	1850	21.156452602791884	0.0	874175	2714.5089397533757	0.75
2014.7882550805703	1850	18.548352765859367	0.0	897976	6608.099836932519	1.85
2019.292294396612	1850	18.044313449817583	0.0	905935	4504.039316041785	1.85
2023.5782649424382	1850	17.758342903991576	0.0	1076599	4285.970545826006	1.85
2026.165509127598	1850	19.17109871883161	0.0	758197	2587.244185159965	1.85
2030.1959599115692	1850	19.140647934860407	0.0	972798	4030.450783971203	1.85
2033.9691893796457	1850	19.367418466783942	0.0	975811	3773.2294680764635	1.85
2037.3799011697324	1850	19.956706676697323	0.0	873429	3410.711790086623	1.85
2040.6422936884715	1850	20.694314157958452	0.0	954453	3262.3925187388713	1.85
2042.8986881614635	1850	22.43791968496635	0.0	885062	2256.394472992104	1.85
2046.2108371079073	1850	23.125770738522657	0.0	1035329	3312.1489464436936	1.85
2049.043789935619	1850	24.29281791081139	0.0	1026056	2832.9528277112663	1.85
2052.448457127779	1850	24.888150718651158	0.0	943942	3404.6671921602333	1.85
2054.8190423918204	1850	26.51756545460934	0.0	728962	2370.5852640418198	1.85
2058.1880631508284	1850	27.148544695601334	0.0	938587	3369.0207590080063	1.85
2062.680676622742	1850	26.65593122368794	0.0	908665	4492.613471913393	1.85
2068.6836439959293	1850	24.652963850500406	0.0	930577	6002.967373187537	1.85
2086.9204705681113	1850	10.41613727831867	0.0	858450	18236.826572181733	1.85
2093.5563400721585	300	7.780267774271403	0.0	161857	6635.869504047268	-1.25
2099.7219240359514	300	5.614683810478228	0.0	145210	6165.583963793175	0.3
2107.0930206990624	300	4.0	1.7564128526327505	172312	7371.096663110979	-7.252575266320827
2113.991175249645	300	4.0	2.8981545505824435	167025	6898.154550582443	-12.162064567504506
2120.3591071844503	300	4.0	2.3679319348051613	160064	6367.931934805161	-9.882107319662193
2125.6285426345185	300	4.0	1.269435450068121	137507	5269.435450068121	-5.15857243529292
2129.619028630828	300	4.009514003690201	0.0	118421	3990.485996309799	0.3

