14097.571006244809	750	4.0	3.445995646227827	450283	3445.9956462278274	-14.067781278779655
14098.64089408724	300	6.930112157568032	0.0	155580	1069.8878424319682	-0.15000000000000002
14099.575950527305	300	9.995055717503444	0.0	139857	935.0564400645883	0.3
14106.280851143914	1200	7.290155100893425	0.0	617681	6704.90061661002	0.29999999999999993
14116.853200190688	750	4.0	3.282193945879727	411561	10572.349046773152	-13.813433967282824
14120.17179956839	300	4.681400622296262	0.0	126289	3318.599377703739	-0.15000000000000002
14122.683614773974	300	6.169585416713659	0.0	153295	2511.8152055826026	0.3
14126.069791057032	300	6.7834091336563365	0.0	173849	3386.176283057322	0.3
14129.205313638076	300	7.647886552611618	0.0	150710	3135.5225810447173	0.3
14135.744448111434	750	5.1087520792551295	0.0	362795	6539.134473356489	0.3
14138.115776692242	300	6.737423498445027	0.0	141840	2371.328580810103	-0.15000000000000002
14140.862506107182	300	7.990694083507051	0.0	156148	2746.7294149379763	0.3
14148.619556765501	750	4.233643425187523	0.0	386351	7757.050658319527	0.3
14150.520980442876	300	6.332219747811643	0.0	179801	1901.4236773758803	-0.15000000000000002
14152.194659475877	300	8.658540714809364	0.0	140051	1673.6790330022798	0.3
14157.708731807024	750	7.144468383662761	0.0	366214	5514.072331146603	0.3
14163.045552698895	750	5.807647491791763	0.0	360831	5336.820891870998	0.75
14164.77320406244	300	8.079996128247009	0.0	150616	1727.6513635447538	-0.15000000000000002
14168.80145522052	750	8.051744970165577	0.0	405596	4028.2511580814316	0.3
14172.009945584636	750	8.843254606050428	0.0	350713	3208.490364115149	0.75
14176.222702704681	750	8.630497486005352	0.0	386472	4212.757120045077	0.75
14181.20741726779	750	7.645782922897293	0.0	399894	4984.714563108058	0.75
14185.911110937037	750	6.942089253651257	0.0	401853	4703.693669246037	0.75
14187.167902360772	300	9.68529782991569	0.0	137654	1256.7914237355662	-0.15000000000000002
14192.699305851742	1200	8.153894338945062	0.0	587236	5531.403490970627	0.29999999999999993
14196.232257172283	750	8.620943018404702	0.0	379700	3532.9513205403614	0.3
14200.452979693813	750	8.400220496874882	0.0	425781	4220.722521529821	0.75
14203.305889111763	750	9.547311078925452	0.0	277716	2852.90941794943	0.75
14209.740297887276	1200	7.112902303410741	0.0	622896	6434.40877551471	0.75
14213.989605136596	750	6.863595054092306	0.0	400508	4249.307249318435	0.3
14215.660040867395	300	9.193159323292361	0.0	157421	1670.4357307999448	-0.15000000000000002
14226.617442005678	1200	4.0	1.7642418149892911	620283	10957.401138281652	-7.286239804453952
14228.592763158216	300	6.024678847459689	0.0	143881	1975.3211525403117	-0.6000000000000001
14232.05419640089	300	6.563245604787355	0.0	163444	3461.4332426723345	0.3
14234.808288004844	300	7.8091540008345275	0.0	179328	2754.091603952827	0.3
14238.819791557036	750	7.7976504486425515	0.0	365161	4011.5035521919754	0.3
14241.351451848896	750	9.26599015678182	0.0	321064	2531.6602918607323	0.75
14246.242102425407	1200	8.375339580271046	0.0	575591	4890.650576510774	0.75
14249.689397702217	750	8.928044303461919	0.0	378327	3447.2952768091272	0.3
14253.821434208672	750	8.79600779700674	0.0	390680	4132.036506455179	0.75
14257.741955636664	750	8.875486369015402	0.0	345516	3920.5214279913375	0.75
14260.883621864885	750	9.733820140793995	0.0	384505	3141.666228221407	0.75
14267.10492739748	1200	7.51251460819802	0.0	599477	6221.305532595974	0.75
14271.71520716267	750	6.90223484300888	0.0	438281	4610.279765189141	0.3
14272.995098937361	300	9.622343068317118	0.0	167025	1279.8917746917623	-0.15000000000000002
14278.647727234915	1200	7.969714770762885	0.0	638661	5652.628297554232	0.29999999999999993
14282.50141932707	750	8.11602267860762	0.0	331053	3853.6920921552655	0.3
14285.598510551488	750	9.018931454190685	0.0	314107	3097.0912244169344	0.75

