20745.62564004187	750	4.0	4.955564253110452	450283	4955.564253110451	-20.55892628837494
20748.72751023873	300	4.898129803144833	0.0	155580	3101.870196855167	-0.15000000000000002
20753.259579489197	300	4.366060552675044	0.0	139857	4532.06925046979	0.3
20757.720137560867	300	4.0	0.09449751899309194	155432	4460.558071668135	-0.10633933167029536
20761.922711968993	300	4.0	0.20257440812354435	163442	4202.574408123544	-0.5710699549312408
20764.48434844956	300	5.4383635194307365	0.0	126289	2561.6364805692638	0.3
20768.029096845174	300	5.893615123821788	0.0	153295	3544.7483956089477	0.3
20772.20344004754	300	5.719271921455934	0.0	173849	4174.343202365854	0.3
20775.917128050332	300	6.005583918662889	0.0	150710	3713.6880027930442	0.3
20780.587256338604	300	5.335455630391578	0.0	139105	4670.128288271311	0.3
20786.122950699748	300	4.0	0.20023873074991025	141840	5535.694361141488	-0.5610265422246141
20789.54129425162	300	4.5816564481259725	0.0	156148	3418.343551874027	0.3
20792.191366519553	300	5.931584180193429	0.0	160746	2650.0722679325436	0.3
20794.367906255997	300	7.755044443746576	0.0	179801	2176.5397364468536	0.3
20796.483298224768	300	9.639652474976108	0.0	140051	2115.3919687704674	0.3
20799.10249882005	300	11.020451879694862	0.0	138313	2619.200595281248	0.3
20801.772761644115	300	12.350189055631322	0.0	143509	2670.2628240635395	0.3
20803.20368555502	300	14.919265144724124	0.0	150616	1430.9239109071982	0.3
20806.388531690514	750	15.734419009231567	0.0	405596	3184.846135492557	0.3
20809.602270642667	750	16.520680057080543	0.0	350713	3213.7389521510268	0.75
20813.332936070623	750	16.79001462912291	0.0	386472	3730.66542795763	0.75
20816.758931830944	750	17.3640188688034	0.0	399894	3425.99576031951	0.75
20820.27929998202	750	17.84365071772654	0.0	401853	3520.368151076858	0.75
20828.844529762984	750	13.278420936763293	0.0	343800	8565.229780963247	0.75
20837.247367769756	750	8.875582929992808	0.0	359903	8402.838006770486	0.75
20840.59695902009	300	9.52599167965845	0.0	153938	3349.5912503343584	-0.15000000000000002
20843.37405757275	300	10.748893127000123	0.0	181901	2777.098552658326	0.3
20844.63925973614	300	13.483690963608202	0.0	111155	1265.2021633919217	0.3
20846.664023563437	300	15.458927136308544	0.0	153605	2024.763827299658	0.3
20851.27499010663	750	14.847960593112964	0.0	400508	4610.96654319558	0.3
20856.081465426865	750	14.041485272878225	0.0	358218	4806.47532023474	0.75
20858.8827526305	750	15.240198069246459	0.0	400322	2801.2872036317654	0.75
20861.387871791696	750	16.735078908049996	0.0	369834	2505.11916119646	0.75
20864.31116926241	750	17.811781437331366	0.0	412837	2923.29747071863	0.75
20867.022730260203	750	19.100220439539513	0.0	401088	2711.5609977918534	0.75
20870.30415964656	750	19.81879105318331	0.0	365161	3281.429386356203	0.75
20876.16860063746	750	17.954350062286036	0.0	321064	5864.440990897272	0.75
20878.53011619008	750	19.592834509663525	0.0	361565	2361.5155526225144	0.75
20880.908639509034	750	21.21431119071155	0.0	378327	2378.5233189519745	0.75
20883.040557217286	750	23.08239348246137	0.0	390680	2131.9177082501774	0.75
20884.88758529731	750	25.23536540243669	0.0	345516	1847.028080024685	0.75
20892.105341007948	1850	22.01760969179656	0.0	1025005	7217.7557106401255	0.75
20898.192253272082	1850	19.9306974276634	0.0	886255	6086.912264133163	1.85
20904.309757282437	1850	17.813193417309055	0.0	973972	6117.504010354345	1.85
20916.801771739716	1850	9.32117896002719	0.0	958994	12492.014457281866	1.85
20919.202901661905	300	10.920049037838911	0.0	160064	2401.129922188278	-1.25
20920.949788559352	300	13.17316214039422	0.0	137507	1746.8868974446898	0.3
20922.251085589312	300	15.871865110434728	0.0	118421	1301.2970299594929	0.3

