6449.640345822621	750	4.0	6.240793125191714	450283	6240.793125191714	-26.08541043832437
6452.248559355015	300	5.39178646760646	0.0	155580	2608.2135323935404	-0.15000000000000002
6454.776738646019	300	6.863607176602174	0.0	139857	2528.179291004286	0.3
6457.062195602429	300	8.578150220191981	0.0	155432	2285.456956410193	0.3
6460.57501652225	300	9.065329300370701	0.0	163442	3512.820919821281	0.3
6462.93630412201	300	10.704041700610226	0.0	126289	2361.2875997604747	0.3
6465.483369689024	300	12.156976133596313	0.0	153295	2547.065567013914	0.3
6468.421393887337	300	13.218951935283304	0.0	173849	2938.024198313009	0.3
6476.062570141641	750	9.577775680978812	0.0	374758	7641.1762543044915	0.3
6478.636881730841	300	11.003464091778595	0.0	139105	2574.3115892002165	-0.15000000000000002
6481.2793114528195	300	12.361034369801343	0.0	141840	2642.42972197725	0.3
6484.4419177889695	300	13.198428033650757	0.0	156148	3162.6063361505876	0.3
6488.1267190298095	300	13.513626792810886	0.0	160746	3684.801240839869	0.3
6491.908556191985	300	13.731789630636031	0.0	179801	3781.837162174855	0.3
6494.316059685125	300	15.324286137495294	0.0	140051	2407.5034931407376	0.3
6496.447997164998	300	17.19234865762191	0.0	138313	2131.937479873383	0.3
6498.447881401475	300	19.19246442114531	0.0	143509	1999.8842364766024	0.3
6500.807763229703	300	20.83258259291693	0.0	150616	2359.8818282283796	0.3
6503.762675695027	300	21.877670127593127	0.0	165384	2954.9124653238027	0.3
6506.119359418671	300	23.520986403949088	0.0	140881	2356.683723644036	0.3
6511.479846036283	750	22.160499786337144	0.0	386472	5360.486617611947	0.3
6516.6133169178665	750	21.027028904753333	0.0	399894	5133.470881583809	0.75
6523.581129816339	750	18.059216006280398	0.0	401853	6967.8128984729365	0.75
6527.304278861932	750	18.33606696068715	0.0	343800	3723.1490455932467	0.75
6530.217966147784	750	19.422379674835458	0.0	359903	2913.6872858516926	0.75
6533.778882955462	750	19.86146286715832	0.0	379700	3560.916807677138	0.75
6538.822891185827	750	18.817454636793226	0.0	425781	5044.008230365091	0.75
6543.071688765852	750	18.568657056767844	0.0	277716	4248.797580025385	0.75
6550.309356913854	750	15.330988908766109	0.0	400396	7237.668148001734	0.75
6557.427321907917	750	12.21302391470223	0.0	400508	7117.964994063879	0.75
6567.218564767841	750	6.4217810547785135	0.0	358218	9791.242859923716	0.75
6572.525013462687	300	5.11533235993165	0.0	157488	5306.448694846864	-0.15000000000000002
6576.894550739017	300	4.7457950836011245	0.0	143881	4369.537276330526	0.3
6581.211475902364	300	4.42886992025353	0.0	163444	4316.925163347594	0.3
6587.350356019608	300	4.0	1.7100101969893193	179328	6138.880117242849	-7.053043847054073
6592.982947502378	300	4.0	1.632591482770561	159914	5632.591482770561	-6.720143375913412
6596.345882998975	300	4.637064503403679	0.0	131610	3362.9354965963207	0.3
6599.406259867051	300	5.5766876353277945	0.0	124011	3060.376868075884	0.3
6602.9191578489945	300	6.063789653384258	0.0	144254	3512.897981943537	0.3
6606.142953068547	300	6.839994433831389	0.0	149991	3223.795219552869	0.3
6608.81996201426	300	8.162985488117739	0.0	147968	2677.008945713649	0.3
6611.641131028911	300	9.341816473467526	0.0	161857	2821.1690146502137	0.3
6613.629455374855	300	11.353492127524314	0.0	145210	1988.3243459432113	0.3
6615.895382230247	300	13.087565272131219	0.0	172312	2265.9268553930956	0.3
6619.329956003999	300	13.652991498380096	0.0	167025	3434.573773751121	0.3
6628.060644990033	750	8.922302512345166	0.0	393804	8730.688986034931	0.3
6632.260686376465	750	8.722261125913876	0.0	331053	4200.041386431291	0.75
6636.309463554918	750	8.673483947460598	0.0	314107	4048.777178453279	0.75

