13027.502800257205	750	4.0	1.7227784527213061	450283	1722.7784527213062	-6.657947346701616
13029.299023111551	750	6.20377714565615	0.0	398865	1796.22285434385	0.75
13031.046223797252	750	8.456576459953192	0.0	350812	1747.2006857029573	0.75
13032.499634855954	750	11.003165401252037	0.0	382355	1453.4110587011546	0.75
13033.982824880672	750	13.519975376535525	0.0	411561	1483.1900247165124	0.75
13035.110201686728	750	16.392598570478143	0.0	318564	1127.376806057383	0.75
13036.479612200268	750	19.023188056939958	0.0	352642	1369.4105135381826	0.75
13041.260042262167	1850	18.242757995040375	0.0	1060487	4780.430061899582	0.75
13046.72632492927	1850	16.776475327936677	0.0	852833	5466.282667103696	1.85
13051.62918535795	1850	15.873614899258257	0.0	913888	4902.86042867842	1.85
13056.358567727419	1850	15.144232529789136	0.0	939819	4729.382369469119	1.85
13062.27645603635	1850	13.226344220857529	0.0	917428	5917.888308931609	1.85
13068.482403618757	1850	11.02039663845138	0.0	946851	6205.947582406149	1.85
13072.761221922563	1200	10.741578334644572	0.0	687371	4278.81830380681	0.5499999999999999
13075.405951245802	750	12.096849011405428	0.0	337059	2644.7293232391444	0.3
13078.375816366814	750	13.126983890395444	0.0	366214	2969.8651210099833	0.75
13080.984713120335	750	14.51808713687394	0.0	360831	2608.896753521505	0.75
13084.085790674555	750	15.417009582655705	0.0	372963	3101.0775542182355	0.75
13087.500215941134	750	16.00258431607564	0.0	405596	3414.425266580064	0.75
13090.294216036722	750	17.20858422048887	0.0	350713	2794.000095586773	0.75
13093.72950431319	750	17.773295944019026	0.0	386472	3435.2882764698456	0.75
13098.317704839812	750	17.185095417398372	0.0	399894	4588.2005266206515	0.75
13103.185208152074	750	16.317592105135805	0.0	401853	4867.50331226257	0.75
13110.928057967554	750	12.574742289654726	0.0	343800	7742.8498154810795	0.75
13117.138075874931	750	10.364724382279372	0.0	359903	6210.0179073753525	0.75
13120.10924218107	300	11.393558076140241	0.0	153938	2971.166306139131	-0.15000000000000002
13123.247388356782	300	12.255411900427182	0.0	181901	3138.1461757130605	0.3
13124.18947731906	300	15.313322938150353	0.0	111155	942.0889622768276	0.3
13127.030013942098	750	16.47278631511224	0.0	400396	2840.5366230381137	0.3
13129.298307153029	750	18.20449310418113	0.0	400508	2268.29321093111	0.75
13131.875193121126	750	19.627607136084777	0.0	358218	2576.8859680963496	0.75
13134.5180253645	750	20.984774892710565	0.0	400322	2642.8322433742132	0.75
13139.56089564201	1850	19.94190461520078	0.0	885062	5042.870277509783	0.75
13146.905308088317	1850	16.597492168892167	0.0	1035329	7344.412446308613	1.85
13154.175533081368	1850	13.327267175842328	0.0	1026056	7270.22499304984	1.85
13155.891033992182	750	15.61176626502763	0.0	365161	1715.5009108146996	-0.3500000000000001
13157.316350847032	750	18.1864494101783	0.0	321064	1425.3168548493263	0.75
13161.506145403406	1850	17.996654853804415	0.0	938587	4189.794556373889	0.75
13165.06342098235	1850	18.439379274859593	0.0	908665	3557.2755789448197	1.85
13168.988763633013	1850	18.514036624196795	0.0	930577	3925.3426506627998	1.85
13173.443680588412	1850	18.0591196687957	0.0	858450	4454.916955401094	1.85
13180.680822185446	1850	14.821978071762329	0.0	1025005	7237.141597033368	1.85
13186.219884860842	1850	13.282915396365484	0.0	886255	5539.0626753968445	1.85
13200.660974039565	1850	4.0	1.1581737823580351	973972	14441.08917872352	-3.1301472641395507
13205.080971505648	300	4.0	0.4199974660812495	167025	4419.9974660812495	-3.055989104149373
13209.149740328101	300	4.0	0.06876882245438219	160064	4068.768822454382	0.004294063446156571
13213.458484892259	300	4.0	0.30874456415628176	137507	4308.744564156282	-1.0276016258720115
13215.775084801417	300	5.683400090841247	0.0	118421	2316.5999091587523	0.3

