5694.462452920434	750	4.0	8.215266709904062	450283	8215.266709904063	-34.57564685258747
5697.491514766855	300	4.97093815357864	0.0	155580	3029.0618464213608	-0.15000000000000002
5699.945181548722	300	6.517271371711869	0.0	139857	2453.6667818667706	0.3
5702.101131242577	300	8.361321677856907	0.0	155432	2155.9496938549614	0.3
5704.230535955267	300	10.231916965167043	0.0	163442	2129.404712689864	0.3
5705.804302350536	300	12.658150569897952	0.0	126289	1573.7663952690905	0.3
5707.169619567485	300	15.292833352949737	0.0	153295	1365.3172169482154	0.3
5710.928563615839	750	15.53388930459548	0.0	437162	3758.9440483542594	0.3
5714.134527245396	750	16.32792567503807	0.0	374758	3205.96362955741	0.75
5717.575871013273	750	16.88658190716149	0.0	362795	3441.34376787658	0.75
5721.970269704856	750	16.49218321557895	0.0	353220	4394.398691582538	0.75
5725.68544854196	750	16.77700437847479	0.0	405134	3715.17883710416	0.75
5728.851865156635	750	17.61058776379938	0.0	386351	3166.41661467541	0.75
5733.819349789739	750	16.643103130694616	0.0	434409	4967.484633104762	0.75
5737.540912776519	750	16.921540143915333	0.0	337059	3721.562986779286	0.75
5740.414587158118	750	18.047865762316704	0.0	366214	2873.674381598627	0.75
5743.363032426273	750	19.099420494160302	0.0	360831	2948.445268156405	0.75
5747.054124171661	750	19.40832874877293	0.0	372963	3691.09174538737	0.75
5751.7384387414195	750	18.724014179015143	0.0	405596	4684.314569757789	0.75
5754.601160232436	750	19.861292687998418	0.0	350713	2862.721491016724	0.75
5758.045417701168	750	20.417035219266186	0.0	386472	3444.2574687322344	0.75
5761.828388634901	750	20.63406428553348	0.0	399894	3782.9709337327035	0.75
5765.816923835931	750	20.645529084502847	0.0	401853	3988.5352010306347	0.75
5770.082585701163	750	20.379867219271418	0.0	343800	4265.661865231429	0.75
5775.463169853089	750	18.99928306734468	0.0	359903	5380.584151926736	0.75
5780.140587022289	750	18.32186589814529	0.0	379700	4677.417169199391	0.75
5783.962589911895	750	18.499863008538988	0.0	425781	3822.002889606303	0.75
5786.231118017735	750	20.23133490269875	0.0	277716	2268.528105840236	0.75
5789.725304025898	750	20.737148894535384	0.0	400396	3494.186008163366	0.75
5793.750805159669	750	20.71164776076589	0.0	400508	4025.5011337694964	0.75
5797.257099017502	750	21.205353902932636	0.0	358218	3506.293857833256	0.75
5800.713822399916	750	21.74863052051848	0.0	400322	3456.723382414156	0.75
5804.094849170198	750	22.367603750236405	0.0	369834	3381.026770282074	0.75
5807.808962472143	750	22.65349044829177	0.0	412837	3714.1133019446365	0.75
5811.842486666212	750	22.619966254223847	0.0	401088	4033.5241940679216	0.75
5815.258603225944	750	23.203849694491108	0.0	365161	3416.116559732737	0.75
5819.452310390672	750	23.010142529763275	0.0	321064	4193.7071647278335	0.75
5822.771644663235	750	23.690808257200423	0.0	361565	3319.334272562849	0.75
5826.754662096757	750	23.70779082367913	0.0	378327	3983.017433521294	0.75
5831.563762955023	750	22.898689965412842	0.0	390680	4809.100858266285	0.75
5837.822491059517	750	20.639961860918174	0.0	345516	6258.728104494668	0.75
5841.64384268703	750	20.8186102334058	0.0	384505	3821.351627512377	0.75
5845.77559331684	750	20.686859603596503	0.0	372093	4131.750629809298	0.75
5850.772489375944	750	19.689963544492628	0.0	438281	4996.896059103873	0.75
5856.6958221725245	750	17.766630747912117	0.0	398987	5923.332796580513	0.75
5859.623101363819	750	18.83935155661742	0.0	393804	2927.279191294695	0.75
5861.932346408289	750	20.530106512147565	0.0	331053	2309.2450444698543	0.75
5864.496304616664	750	21.966148303772894	0.0	314107	2563.9582083746727	0.75

