18473.58994223077	750	4.0	10.535228578788095	450283	10535.228578788096	-44.551482888788804
18474.980789179303	300	6.609153051467327	0.0	155580	1390.8469485326723	-0.15000000000000002
18476.6633811174	300	8.926561113369436	0.0	139857	1682.5919380978908	0.3
18478.943269196763	300	10.646673034004781	0.0	155432	2279.888079364655	0.3
18481.099109120853	300	12.490833109915867	0.0	163442	2155.8399240889144	0.3
18482.671909018274	300	14.918033212494962	0.0	126289	1572.7998974209063	0.3
18484.75653836995	300	16.833403860820415	0.0	153295	2084.629351674547	0.3
18490.777032214162	750	14.812910016610397	0.0	437162	6020.4938442100165	0.3
18497.996037547033	750	11.593904683737236	0.0	374758	7219.005332873161	0.75
18507.624939365945	750	5.965002864824477	0.0	362795	9628.901818912758	0.75
18510.48566131761	300	7.104280913161369	0.0	141840	2860.721951663109	-0.15000000000000002
18513.17685565692	300	8.413086573852494	0.0	156148	2691.194339308875	0.3
18516.050623176758	300	9.539319054012651	0.0	160746	2873.767519839843	0.3
18519.49656818767	300	10.093374043097027	0.0	179801	3445.945010915624	0.3
18521.865929219544	300	11.72401301122475	0.0	140051	2369.3610318722776	0.3
18524.272197157825	300	13.31774507294349	0.0	138313	2406.267938281261	0.3
18527.067112466328	300	14.52282976444265	0.0	143509	2794.915308500841	0.3
18534.47139959145	750	11.118542639319697	0.0	372963	7404.287125122953	0.3
18536.506897026542	300	13.0830452042276	0.0	165384	2035.4974350920968	-0.15000000000000002
18538.08771046449	300	15.502231766282724	0.0	140881	1580.8134379448761	0.3
18539.689156986995	300	17.900785243775406	0.0	157671	1601.4465225073216	0.3
18544.205336177503	750	17.384606053271572	0.0	399894	4516.179190503834	0.3
18551.986807430127	750	13.603134800647648	0.0	401853	7781.471252623922	0.75
18557.828790537194	750	11.7611516935791	0.0	343800	5841.9831070685495	0.75
18560.228074373088	300	13.36186785768398	0.0	146754	2399.2838358951194	-0.15000000000000002
18562.39253311995	300	15.19740911082315	0.0	153938	2164.4587468608315	0.3
18567.356704172475	750	14.233238058301941	0.0	425781	4964.17105252121	0.3
18570.460722197975	750	15.129220032799122	0.0	277716	3104.0180255028195	0.75
18576.454610010212	750	13.135332220560072	0.0	400396	5993.88781223905	0.75
18586.678572830187	750	6.911369400587013	0.0	400508	10223.962819973058	0.75
18590.81834541001	300	6.77159682076266	0.0	157421	4139.772579824353	-0.15000000000000002
18594.505073220404	300	7.084869010371454	0.0	157488	3686.7278103912063	0.3
18597.537042396954	300	8.052899833816875	0.0	143881	3031.969176554579	0.3
18601.87080332615	300	7.719138904624055	0.0	163444	4333.76092919282	0.3
18607.908885765326	300	5.681056465448913	0.0	179328	6038.082439175141	0.3
18612.300217383417	300	5.289724847355196	0.0	159914	4391.331618093717	0.3
18615.234434000035	300	6.3555082307407496	0.0	131610	2934.216616614447	0.3
18617.8028162007	300	7.787126030075451	0.0	124011	2568.3822006652986	0.3
18620.826862147005	300	8.763080083770522	0.0	144254	3024.04594630493	0.3
18622.837910905237	300	10.752031325535514	0.0	149991	2011.0487582350065	0.3
18625.708358273703	300	11.881583957071202	0.0	147968	2870.447368464313	0.3
18629.875976439984	300	11.7139657907918	0.0	161857	4167.618166279401	0.3
18633.440724278822	300	12.149217951950543	0.0	145210	3564.747838841258	0.3
18637.266877613783	300	12.323064616988905	0.0	172312	3826.1533349616375	0.3
18640.38071145381	300	13.209230776960384	0.0	167025	3113.833840028521	0.3
18642.785549880206	300	14.804392350565925	0.0	160064	2404.838426394459	0.3
18644.767753335167	300	16.822188895605745	0.0	137507	1982.2034549601785	0.3
18649.436045317274	750	16.153896913498855	0.0	314107	4668.29198210689	0.3

