11608.180822879694	750	4.0	2.1451274043719923	450283	2145.1274043719923	-8.474047838799567
11610.200299952621	750	5.9805229270739275	0.0	398865	2019.477072926073	0.75
11615.520827787024	750	4.65999509266922	0.0	350812	5320.527834404707	0.75
11617.751961143116	300	6.42886173657925	0.0	155432	2231.133356089969	-0.15000000000000002
11619.477693564622	300	8.703129315073515	0.0	163442	1725.7324215057363	0.3
11620.573388946194	300	11.607433933501447	0.0	126289	1095.6953815720676	0.3
11621.859260643616	300	14.321562236079124	0.0	153295	1285.8716974223232	0.3
11625.370483670602	750	14.810339209094565	0.0	437162	3511.223026984559	0.3
11629.011135327142	750	15.169687552554148	0.0	374758	3640.651656540417	0.75
11632.088671665371	750	16.09215121432545	0.0	362795	3077.536338228698	0.75
11635.037417689238	750	17.143405190458385	0.0	353220	2948.7460238670687	0.75
11638.264010386796	750	17.916812492899787	0.0	405134	3226.592697558598	0.75
11642.461427776772	750	17.719395102924654	0.0	386351	4197.417389975133	0.75
11646.165900498036	750	18.014922381660114	0.0	434409	3704.4727212645394	0.75
11650.321381326272	750	17.859441553425043	0.0	337059	4155.480828235072	0.75
11654.712367540405	750	17.468455339291094	0.0	366214	4390.986214133951	0.75
11657.893005525322	750	18.287817354375218	0.0	360831	3180.6379849158775	0.75
11660.95320590584	750	19.227616973858346	0.0	372963	3060.200380516871	0.75
11663.964003223417	750	20.21681965627993	0.0	405596	3010.797317578413	0.75
11666.790276294403	750	21.39054658529493	0.0	350713	2826.2730709850016	0.75
11669.856497989129	750	22.32432489056856	0.0	386472	3066.2216947263746	0.75
11673.018441517339	750	23.162381362359508	0.0	399894	3161.943528209049	0.75
11676.335553325564	750	23.845269554133676	0.0	401853	3317.1118082258326	0.75
11679.139265733005	750	25.04155714669104	0.0	343800	2803.7124074426342	0.75
11682.042799075862	750	26.138023803834216	0.0	359903	2903.5333428568283	0.75
11685.191704756191	750	26.989118123506195	0.0	379700	3148.905680328018	0.75
11695.252557321428	1850	20.928265558269874	0.0	1076599	10060.85256523632	0.75
11701.645032725339	1850	18.535790154359624	0.0	758197	6392.47540391025	1.85
11708.368128006567	1850	15.812694873130834	0.0	972798	6723.095281228791	1.85
11715.770043054003	1850	12.410779825693778	0.0	975811	7401.915047437054	1.85
11722.602512264335	1850	9.578310615360913	0.0	873429	6832.469210332865	1.85
11726.145793257676	750	10.035029622019747	0.0	400322	3543.280993341167	-0.3500000000000001
11729.2134152816	750	10.967407598097019	0.0	369834	3067.6220239227273	0.75
11733.793571324986	750	10.387251554711103	0.0	412837	4580.156043385916	0.75
11738.866426096612	750	9.314396783083735	0.0	401088	5072.854771627367	0.75
11740.780814293223	300	11.400008586474188	0.0	159914	1914.3881966095473	-0.15000000000000002
11742.471498623901	300	13.709324255793787	0.0	131610	1690.6843306804024	0.3
11743.946268186315	300	16.234554693379934	0.0	124011	1474.7695624138532	0.3
11747.769077050076	750	16.411745829620234	0.0	378327	3822.8088637596993	0.3
11751.619029540725	750	16.561793338969583	0.0	390680	3849.9524906506517	0.75
11755.679498135712	750	16.50132474398348	0.0	345516	4060.4685949861	0.75
11760.670322645847	750	15.510500233849474	0.0	384505	4990.824510134008	0.75
11765.646380941376	750	14.534441938319612	0.0	372093	4976.058295529864	0.75
11774.137034810868	750	10.043788068825807	0.0	438281	8490.653869493804	0.75
11779.8696565475	300	8.311166332194711	0.0	167025	5732.621736631096	-0.15000000000000002
11785.958001404755	300	6.222821474939769	0.0	160064	6088.344857254941	0.3
11791.063220370934	300	5.117602508760379	0.0	137507	5105.21896617939	0.3
11795.189285401691	300	4.99153747800254	0.0	118421	4126.06503075784	0.3

