17188.757989813985	750	4.0	4.236019030700693	450283	4236.019030700693	-17.46488183201298
17189.900698831567	300	6.857290982416554	0.0	155580	1142.7090175834455	-0.15000000000000002
17191.378628899773	300	9.379360914208803	0.0	139857	1477.9300682077526	0.3
17193.078999249858	300	11.678990564121813	0.0	155432	1700.37035008699	0.3
17194.623604726097	300	14.134385087878595	0.0	163442	1544.605476243219	0.3
17196.672997915983	750	16.084991897994126	0.0	318564	2049.393189884467	0.3
17200.233872457753	750	16.524117356222924	0.0	352642	3560.8745417712034	0.75
17206.30932728633	750	14.44866252764875	0.0	437162	6075.454828574172	0.75
17213.619401680175	750	11.138588133801541	0.0	374758	7310.07439384721	0.75
17219.379693285864	750	9.37829652811318	0.0	362795	5760.291605688361	0.75
17221.948173582783	300	10.809816231190867	0.0	141840	2568.4802969223124	-0.15000000000000002
17225.004776612004	300	11.753213201971706	0.0	156148	3056.6030292191613	0.3
17228.108739378873	300	12.649250435100386	0.0	160746	3103.96276687132	0.3
17230.474002398692	300	14.28398741528136	0.0	179801	2365.2630198190272	0.3
17231.62054837198	300	17.13744144199633	0.0	140051	1146.545973285032	0.3
17234.114568257584	750	18.643421556387707	0.0	366214	2494.019885608621	0.3
17236.653756107804	750	20.104233706170273	0.0	360831	2539.187850217434	0.75
17238.826852268565	750	21.931137545406592	0.0	372963	2173.09616076368	0.75
17240.65872760351	750	24.09926221046175	0.0	405596	1831.8753349448443	0.75
17248.17181208083	1850	20.586177733141632	0.0	923755	7513.084477320116	0.75
17255.35631744893	1850	17.40167236503777	0.0	891604	7184.505368103861	1.85
17263.804672011942	1850	12.953317802030112	0.0	955231	8448.354563007657	1.85
17269.17869640612	750	11.579293407851255	0.0	401853	5374.024394178856	-0.3500000000000001
17271.400860944075	750	13.357128869899356	0.0	343800	2222.1645379519	0.75
17273.22723764789	750	15.530752166080202	0.0	359903	1826.3767038191536	0.75
17274.80318732417	750	17.95480248979939	0.0	379700	1575.9496762808092	0.75
17276.503697610784	750	20.25429220318376	0.0	425781	1700.5102866156321	0.75
17277.90018981698	750	22.857799996987936	0.0	277716	1396.4922061958232	0.75
17283.814889190726	1850	20.943100623241758	0.0	972798	5914.699373746178	0.75
17291.995813636473	1850	16.76217617749346	0.0	975811	8180.924445748301	1.85
17299.35451120502	1850	13.403478608947255	0.0	873429	7358.697568546202	1.85
17303.82212524219	750	12.93586457178101	0.0	400322	4467.614037166244	-0.3500000000000001
17307.307589572574	750	13.45040024139547	0.0	369834	3485.4643303855396	0.75
17317.612026306968	750	7.145963507002345	0.0	412837	10304.436734393126	0.75
17323.020761728778	300	5.737228085190425	0.0	179328	5408.73542181192	-0.15000000000000002
17327.78445347356	300	4.9735363404078035	0.0	159914	4763.691744782622	0.3
17332.220981918086	300	4.537007895882719	0.0	131610	4436.5284445250845	0.3
17336.30022420893	300	4.457765605034463	0.0	124011	4079.2422908482563	0.3
17340.814635148054	300	4.0	0.056645334087017545	144254	4514.410939121481	0.05642506342582457
17345.55215054366	300	4.0	0.7375153956064605	149991	4737.5153956064605	-2.8713162011077804
17349.850417705606	300	4.0	0.29826716194735675	147968	4298.267161947357	-0.9825487963736339
17354.600074961636	300	4.0	0.7496572560279373	161857	4749.657256027937	-2.9235262009201306
17358.74844153717	300	4.0	0.14836657553076474	145210	4148.366575530765	-0.33797627478228837
17363.730008200426	300	4.0	0.9815666632578159	172312	4981.566663257816	-3.9207366520086087
17368.64192921022	300	4.0	0.9119210097948981	167025	4911.921009794898	-3.621260342118062
17373.09576393042	300	4.0	0.45383472020061255	160064	4453.8347202006125	-1.6514892968626338
17374.86429557493	300	6.231468355490977	0.0	137507	1768.5316445090225	0.3
17376.066872633815	300	9.028891296604492	0.0	118421	1202.5770588864848	0.3

