17639.322414626968	750	4.0	2.148641230861048	450283	2148.641230861048	-8.489157292702506
17641.691267562917	750	5.631147064048715	0.0	398865	2368.8529359512845	0.75
17643.538296675084	750	7.784117951883809	0.0	350812	1847.0291121649057	0.75
17649.150014764688	1200	6.172399862276564	0.0	617681	5611.718089607245	0.75
17652.123859181964	1200	7.198555445001854	0.0	652874	2973.8444172747104	1.2
17654.75113200406	1200	8.571282622903663	0.0	520315	2627.27282209819	1.2
17658.392786721783	1200	8.929627905183484	0.0	561791	3641.654717720179	1.2
17661.45573251431	1200	9.866682112654518	0.0	709534	3062.9457925289653	1.2
17663.949985561376	1200	11.3724290655899	0.0	584846	2494.2530470646184	1.2
17666.44348969715	1200	12.878924929814366	0.0	560821	2493.5041357755335	1.2
17669.250839514993	1200	14.071575111971189	0.0	607410	2807.3498178431773	1.2
17672.87791764805	1850	14.44449697891263	0.0	917428	3627.0781330585605	1.2000000000000002
17677.419691804167	1850	13.902722822795383	0.0	946851	4541.774156117249	1.85
17681.933288052544	1850	13.389126574419853	0.0	1036454	4513.596248375529	1.85
17686.684803786335	1850	12.637610840631307	0.0	821631	4751.515733788546	1.85
17692.384960553674	1850	10.937454073289253	0.0	923170	5700.156767342055	1.85
17695.832873228042	1850	11.489541398921043	0.0	966699	3447.912674368211	1.85
17698.84548353653	1850	12.476931090432897	0.0	885714	3012.6103084881447	1.85
17704.137444602624	1850	11.18497002433793	0.0	987708	5291.961066094967	1.85
17707.44993787308	1850	11.872476753882532	0.0	923755	3312.4932704553985	1.85
17711.09632326232	1850	12.226091364640636	0.0	891604	3646.385389241895	1.85
17714.467015730792	1850	12.855398896171334	0.0	955231	3370.692468469304	1.85
17720.02045476572	1850	11.30195986124536	0.0	968026	5553.439034925975	1.85
17726.199774183766	1850	9.12264044319913	0.0	874175	6179.31941804623	1.85
17731.65759311293	1200	7.664821514033202	0.0	587236	5457.818929165927	0.5499999999999999
17733.709525356382	750	9.612889270583015	0.0	379700	2051.932243450187	0.3
17737.505965956072	750	9.816448670892829	0.0	425781	3796.4405996901855	0.75
17740.515345320437	750	10.80706930652915	0.0	277716	3009.3793643636786	0.75
17748.545992931777	750	6.776421695189171	0.0	400396	8030.647611339979	0.75
17749.714172032673	300	9.608242594293328	0.0	149029	1168.179100895844	-0.15000000000000002
17750.74198436895	300	12.580430258015584	0.0	157421	1027.8123362777442	0.3
17751.678573063276	300	15.643841563690145	0.0	157488	936.58869432544	0.3
17752.46136987524	300	18.861044751727245	0.0	143881	782.7968119629004	0.3
17753.197413250437	300	22.125001376534172	0.0	163444	736.0433751930709	0.3
17756.070934531213	1200	23.251480095755817	0.0	690253	2873.521280778353	0.29999999999999993
17759.1886865606	1850	24.13372806636703	0.0	943942	3117.7520293887883	1.2000000000000002
17766.52043537004	1850	20.801979256929368	0.0	728962	7331.748809437663	1.85
17768.26448776129	1200	23.057926865675014	0.0	575591	1744.0523912543533	0.5499999999999999
17769.66232233684	1200	25.660092290126173	0.0	605884	1397.8345755488413	1.2
17771.255420564266	1200	28.066994062701085	0.0	587506	1593.098227425088	1.2
17772.939808898907	1200	30.38260572806267	0.0	566904	1684.3883346384127	1.2
17775.43562817767	1850	31.886786449298558	0.0	1025005	2495.8192787641137	1.2000000000000002
17784.63182271492	4300	26.690591912051094	0.0	2121928	9196.194537247464	1.8499999999999996
17815.00044815938	4300	4.0	3.678033532406789	2219102	30368.625444457884	-11.515544189349193
17816.105503343406	300	6.894944815971907	0.0	167025	1105.0551840280932	-3.7
17817.05293323778	300	9.947514921599785	0.0	160064	947.4298943721225	0.3
17817.802640031416	300	13.197808127962691	0.0	137507	749.7067936370929	0.3
17819.271920844025	750	15.728527315352748	0.0	314107	1469.2808126099424	0.3

