21182.622574970588	750	4.0	4.146410706663652	450283	4146.4107066636525	-17.079566038653706
21183.742877472745	300	6.879697497844862	0.0	155580	1120.3025021551377	-0.15000000000000002
21184.771820634363	300	9.850754336222511	0.0	139857	1028.9431616223508	0.3
21185.892766044053	300	12.729808926533472	0.0	155432	1120.945409689039	0.3
21188.67711349589	750	13.945461474697433	0.0	411561	2784.34745183604	0.3
21191.33027877674	750	15.292296193847312	0.0	318564	2653.1652808501203	0.75
21194.02569034057	750	16.596884630016206	0.0	352642	2695.4115638311096	0.75
21197.410945948122	750	17.21162902246325	0.0	437162	3385.255607552954	0.75
21201.553428282994	750	17.069146687593204	0.0	374758	4142.482334870049	0.75
21207.071382783874	750	15.551192186714554	0.0	362795	5517.954500878649	0.75
21215.279363369413	750	11.343211601178123	0.0	353220	8207.980585536432	0.75
21221.494337873693	750	9.128237096897658	0.0	405134	6214.974504280463	0.75
21223.404218570664	300	11.218356399925836	0.0	160746	1909.88069697182	-0.15000000000000002
21225.03296780194	300	13.589607168649952	0.0	179801	1628.7492312758848	0.3
21226.32626327971	300	16.296311690878323	0.0	140051	1293.2954777716302	0.3
21229.768624891036	750	16.85395007955398	0.0	366214	3442.3616113243443	0.3
21233.017027751623	750	17.60554721896699	0.0	360831	3248.402860586989	0.75
21236.11481308434	750	18.507761886248378	0.0	372963	3097.785332718607	0.75
21243.130317245108	750	15.492257725479028	0.0	405596	7015.504160769351	0.75
21248.90491618866	750	13.717658781924875	0.0	350713	5774.598943554153	0.75
21253.751318278144	750	12.871256692441744	0.0	386472	4846.402089483131	0.75
21258.99522676631	750	11.627348204274519	0.0	399894	5243.908488167226	0.75
21265.70057010859	750	8.922004861992574	0.0	401853	6705.3433422819435	0.75
21267.365360567706	300	11.257214402876135	0.0	137654	1664.790459116439	-0.15000000000000002
21269.726457367156	300	12.896117603427394	0.0	146754	2361.096799448742	0.3
21273.86127465309	300	12.761300317496378	0.0	153938	4134.817285931016	0.3
21279.489957339003	300	11.132617631581894	0.0	181901	5628.682685914484	0.3
21282.435918495394	300	12.186656475192311	0.0	111155	2945.9611563895833	0.3
21285.57644974303	300	13.046125227558074	0.0	153605	3140.5312476342374	0.3
21287.026361068492	300	15.596213902097205	0.0	149029	1449.9113254608685	0.3
21291.71502971568	750	14.90754525490915	0.0	358218	4688.668647188056	0.3
21296.14717916236	750	14.475395808229159	0.0	400322	4432.14944667999	0.75
21300.985367367168	750	13.637207603423226	0.0	369834	4838.1882048059315	0.75
21305.15982806265	750	13.462746907939264	0.0	412837	4174.460695483962	0.75
21309.885013715953	750	12.737561254636347	0.0	401088	4725.185653302919	0.75
21315.01343171729	750	11.609143253301383	0.0	365161	5128.418001334962	0.75
21316.463974568298	300	14.15860040229145	0.0	131610	1450.5428510099334	-0.15000000000000002
21318.143022668544	300	16.47955230204333	0.0	124011	1679.0481002481154	0.3
21323.151288744524	750	15.471286226062995	0.0	378327	5008.2660759803375	0.3
21328.320297991504	750	14.302276979082464	0.0	390680	5169.00924698053	0.75
21332.325143856044	750	14.297431114538886	0.0	345516	4004.845864543578	0.75
21335.4711822035	750	15.151392767084728	0.0	384505	3146.0383474541577	0.75
21337.87343233882	750	16.74914263176202	0.0	372093	2402.250135322708	0.75
21341.592435506067	750	17.030139464511166	0.0	438281	3719.0031672508553	0.75
21345.01368829609	750	17.608886674488915	0.0	398987	3421.252790022252	0.75
21348.16948944422	750	18.453085526361903	0.0	393804	3155.801148127013	0.75
21350.724997878173	750	19.897577092410245	0.0	331053	2555.5084339516575	0.75
21353.783724607612	750	20.838850362969293	0.0	314107	3058.726729440952	0.75

