23861.4167042805	750	4.0	3.13772266060829	450283	3137.72266060829	-12.742207440615646
23862.386553938457	300	7.0301503420424005	0.0	155580	969.8496579575992	-0.15000000000000002
23863.18983823654	300	10.22686604395588	0.0	139857	803.2842980865196	0.3
23863.953811369127	300	13.462892911367828	0.0	155432	763.9731325880537	0.3
23865.470708715406	750	15.945995565089241	0.0	411561	1516.8973462785877	0.3
23867.766765331715	1850	17.649938948780658	0.0	801058	2296.0566163085814	0.75
23869.87752375518	1850	19.53918052531456	0.0	905515	2110.7584234660962	1.85
23872.688038740274	1850	20.72866554022195	0.0	1060487	2810.5149850926105	1.85
23876.36329695986	1850	21.053407320637806	0.0	852833	3675.2582195841455	1.85
23882.05804348878	1850	19.358660791712836	0.0	913888	5694.7465289249685	1.85
23892.953652100205	1850	12.463052180290454	0.0	939819	10895.608611422382	1.85
23896.57562860214	750	12.841075678354485	0.0	405134	3621.9765019359666	-0.3500000000000001
23898.773548128076	750	14.643156152417502	0.0	386351	2197.9195259369835	0.75
23900.423760678583	750	16.992943601912636	0.0	434409	1650.212550504864	0.75
23903.34047011333	1850	18.076234167163996	0.0	821631	2916.709434748642	0.75
23906.216336886897	1850	19.20036739359493	0.0	923170	2875.8667735690647	1.85
23909.380115034794	1850	20.036589245701453	0.0	966699	3163.7781478934776	1.85
23912.431995047355	1850	20.98470923314051	0.0	885714	3051.8800125609405	1.85
23915.898157768945	1850	21.518546511547097	0.0	987708	3466.162721593413	1.85
23918.310323111564	1850	23.10638116893038	0.0	923755	2412.1653426167186	1.85
23921.30619579572	1850	24.110508484771973	0.0	891604	2995.872684158408	1.85
23924.803232416703	1850	24.613471863788448	0.0	955231	3497.036620983525	1.85
23928.456769961034	1850	24.959934319458466	0.0	968026	3653.5375443299836	1.85
23931.172282382933	1850	26.24442189756108	0.0	874175	2715.512421897387	1.85
23933.769253475046	1850	27.647450805446844	0.0	897976	2596.9710921142323	1.85
23935.624524360166	1850	29.79217992032971	0.0	905935	1855.270885117137	1.85
23941.941476418328	4300	27.47522786216702	0.0	2395588	6316.952058162688	1.8499999999999996
23947.312627880252	4300	26.104076400242405	0.0	1972048	5371.151461924617	4.3
23953.216753025063	4300	24.199951255431532	0.0	2134614	5904.12514481087	4.3
23958.112484121757	4300	23.304220158735454	0.0	2164140	4895.73109669608	4.3
23963.45415431712	4300	21.96254996337382	0.0	2113193	5341.67019536163	4.3
23969.143389781268	4300	20.273314499230292	0.0	2147852	5689.2354641435295	4.3
23975.642556436556	4300	17.774147843941225	0.0	2191074	6499.166655289068	4.3
23982.001397230364	4300	15.415307050134336	0.0	2286761	6358.840793806888	4.3
23986.950564469284	1850	14.466139811214907	0.0	1026056	4949.167238919429	-0.6000000000000001
23991.49845314219	1850	13.918251138307252	0.0	943942	4547.888672907654	1.85
23993.83566583568	1200	15.581038444821372	0.0	487812	2337.212693485881	0.5499999999999999
23996.725843267515	1850	16.69086101298623	0.0	938587	2890.1774318351436	1.2000000000000002
23999.553836383893	1850	17.862867896607657	0.0	908665	2827.99311637857	1.85
24002.42930490761	1850	18.987399372889346	0.0	930577	2875.468523718312	1.85
24004.90353278785	1850	20.513171492653125	0.0	858450	2474.227880236222	1.85
24007.880325463502	1850	21.53637881699825	0.0	1025005	2976.792675654872	1.85
24011.076028746727	1850	22.340675533774043	0.0	886255	3195.703283224206	1.85
24014.466628601516	1850	22.950075678983932	0.0	973972	3390.5998547901113	1.85
24018.247655897427	1850	23.169048383074927	0.0	958994	3781.027295909006	1.85
24021.888977091334	1850	23.52772718916831	0.0	982064	3641.321193906617	1.85
24024.795692316482	1850	24.621011964019566	0.0	830730	2906.7152251487414	1.85
24027.45892442173	1850	25.957779858770586	0.0	846370	2663.2321052489774	1.85

