21971.917621243923	750	4.0	4.955564253110452	450283	4955.564253110451	-20.55892628837494
21975.01949144078	300	4.898129803144833	0.0	155580	3101.870196855167	-0.15000000000000002
21979.55156069125	300	4.366060552675044	0.0	139857	4532.06925046979	0.3
21984.01211876292	300	4.0	0.09449751899309194	155432	4460.558071668135	-0.10633933167029536
21988.21469317104	300	4.0	0.20257440812354435	163442	4202.574408123544	-0.5710699549312408
21990.776329651613	300	5.4383635194307365	0.0	126289	2561.6364805692638	0.3
21994.32107804722	300	5.893615123821788	0.0	153295	3544.7483956089477	0.3
21998.49542124959	300	5.719271921455934	0.0	173849	4174.343202365854	0.3
22002.20910925238	300	6.005583918662889	0.0	150710	3713.6880027930442	0.3
22006.879237540656	300	5.335455630391578	0.0	139105	4670.128288271311	0.3
22012.414931901796	300	4.0	0.20023873074991025	141840	5535.694361141488	-0.5610265422246141
22015.83327545367	300	4.5816564481259725	0.0	156148	3418.343551874027	0.3
22018.4833477216	300	5.931584180193429	0.0	160746	2650.0722679325436	0.3
22020.65988745805	300	7.755044443746576	0.0	179801	2176.5397364468536	0.3
22022.77527942682	300	9.639652474976108	0.0	140051	2115.3919687704674	0.3
22025.394480022103	300	11.020451879694862	0.0	138313	2619.200595281248	0.3
22028.064742846163	300	12.350189055631322	0.0	143509	2670.2628240635395	0.3
22029.495666757073	300	14.919265144724124	0.0	150616	1430.9239109071982	0.3
22030.723751962196	300	17.691179939601383	0.0	165384	1228.0852051227403	0.3
22031.820376341904	300	20.594555559893635	0.0	140881	1096.6243797077523	0.3
22035.478558287774	750	20.936373614024685	0.0	386472	3658.1819458689506	0.3
22039.180478188267	750	21.234453713527824	0.0	399894	3701.9199004968605	0.75
22042.859566258096	750	21.555365643701666	0.0	401853	3679.088069826156	0.75
22045.258353277583	750	23.15657862421447	0.0	343800	2398.7870194871944	0.75
22058.309276867396	1200	14.105655034399811	0.0	587236	13050.92358981466	0.75
22066.9425444692	750	9.47238743259566	0.0	379700	8633.267601804151	0.3
22069.697954200055	300	10.71697770173923	0.0	181901	2755.4097308564315	-0.15000000000000002
22070.969869071625	300	13.445062830167956	0.0	111155	1271.914871571275	0.3
22072.994632898924	300	15.420299002868298	0.0	153605	2024.763827299658	0.3
22075.101216738818	300	17.31371516297414	0.0	149029	2106.5838398941546	0.3
22076.778769192875	300	19.63616270891679	0.0	157421	1677.5524540573556	0.3
22081.92746829831	750	18.487463603484102	0.0	400322	5148.699105432688	0.3
22084.666034009188	750	19.74889789260472	0.0	369834	2738.56571087938	0.75
22087.5475888939	750	20.867343007893147	0.0	412837	2881.5548847115724	0.75
22090.33040279228	750	22.084529109516165	0.0	401088	2782.813898376984	0.75
22094.484780391467	1200	21.930151510330123	0.0	598727	4154.377599186041	0.75
22102.005260073238	1200	18.409671828557276	0.0	487812	7520.47968177285	1.2
22105.82960599842	1200	18.585325903373874	0.0	575591	3824.3459251834	1.2
22109.263204279232	1200	19.151727622562056	0.0	605884	3433.5982808118206	1.2
22112.726150026712	1200	19.688781875083976	0.0	587506	3462.9457474780797	1.2
22117.066058811273	1200	19.348873090524755	0.0	566904	4339.908784559222	1.2
22121.431302445377	1200	18.98362945641844	0.0	641452	4365.24363410631	1.2
22125.554691604175	1200	18.860240297623257	0.0	599477	4123.389158795186	1.2
22129.42021348736	1200	18.994718414435898	0.0	634861	3865.521883187356	1.2
22140.21486664015	1850	12.200065261644339	0.0	958994	10794.65315279156	1.2000000000000002
22148.631497464175	1200	7.783434437619184	0.0	638661	8416.630824025155	0.5499999999999999
22154.149911822693	750	6.265020079104213	0.0	331053	5518.414358514971	0.3
22157.738214596207	750	6.6767173055885545	0.0	314107	3588.302773515658	0.75

