23406.563808223527	750	4.0	4.717391294739914	450283	4717.391294739914	-19.53478256738163
23408.018738360053	300	6.545069863471299	0.0	155580	1454.9301365287008	-0.15000000000000002
23409.269620276165	300	9.294187947363007	0.0	139857	1250.881916108293	0.3
23410.766145214835	300	11.797663008694082	0.0	155432	1496.524938668925	0.3
23412.660140298587	300	13.903667924942715	0.0	163442	1893.9950837513672	0.3
23413.996125573587	300	16.56768264994145	0.0	126289	1335.9852750012644	0.3
23418.23533216424	750	16.328476059289116	0.0	352642	4239.206590652336	0.3
23423.640143813223	750	14.92366441030701	0.0	437162	5404.811648982105	0.75
23427.065232326826	750	15.49857589670604	0.0	374758	3425.088513600972	0.75
23430.560390279392	750	16.003417944138185	0.0	362795	3495.1579525678544	0.75
23433.841352089003	750	16.722456134528517	0.0	353220	3280.9618096096697	0.75
23437.84182771788	750	16.721980505654663	0.0	405134	4000.4756288738536	0.75
23441.686984083695	750	16.87682413984069	0.0	386351	3845.1563658139767	0.75
23446.36401792693	750	16.19979029660318	0.0	434409	4677.033843237509	0.75
23449.8681725334	750	16.695635690134942	0.0	337059	3504.154606468235	0.75
23453.60509903914	750	16.958709184394646	0.0	366214	3736.9265057402945	0.75
23459.210001094718	750	15.35380712881824	0.0	360831	5604.902055576408	0.75
23466.200716062383	750	12.36309216115257	0.0	372963	6990.714967665669	0.75
23472.93522109119	750	9.628587132347134	0.0	405596	6734.505028805437	0.75
23474.660412007037	300	11.90339621649865	0.0	140881	1725.1909158484814	-0.15000000000000002
23476.99997546526	300	13.563832758275357	0.0	157671	2339.5634582232947	0.3
23478.604981844248	300	15.95882637928796	0.0	157812	1605.0063789873975	0.3
23481.96087264826	750	16.602935575277005	0.0	401853	3355.8908040109523	0.3
23484.885695090867	750	17.67811313266855	0.0	343800	2924.8224426084553	0.75
23488.14736748144	750	18.41644074209692	0.0	359903	3261.6723905716276	0.75
23492.098940029016	750	18.464868194520943	0.0	379700	3951.572547575978	0.75
23496.865042168436	750	17.698766055105132	0.0	425781	4766.1021394158115	0.75
23499.0457554998	750	19.5180527237401	0.0	277716	2180.7133313650293	0.75
23502.64813319777	750	19.915675025768817	0.0	400396	3602.3776979712807	0.75
23507.88537293674	750	18.678435286798862	0.0	400508	5237.239738969953	0.75
23510.885908527947	750	19.677899695590042	0.0	358218	3000.535591208818	0.75
23514.116546315916	750	20.447261907621172	0.0	400322	3230.6377879688744	0.75
23517.672580183535	750	20.891228040000808	0.0	369834	3556.0338676203605	0.75
23522.21800988487	750	20.34579833866891	0.0	412837	4545.429701331899	0.75
23525.48644666433	750	21.077361559205368	0.0	401088	3268.436779463541	0.75
23528.519924925655	750	22.043883297879926	0.0	365161	3033.478261325442	0.75
23531.733457309416	750	22.830350914116522	0.0	321064	3213.5323837634032	0.75
23535.091622314394	750	23.472185909141736	0.0	361565	3358.1650049747896	0.75
23538.92489289557	750	23.638915327964888	0.0	378327	3833.270581176847	0.75
23544.595203204848	750	21.968605018690585	0.0	390680	5670.310309274306	0.75
23549.429999019176	750	21.133809204361665	0.0	345516	4834.795814328922	0.75
23553.55778428234	750	21.00602394119458	0.0	384505	4127.785263167081	0.75
23556.63830740553	750	21.92550081800419	0.0	372093	3080.5231231903913	0.75
23560.325714102917	750	22.238094120619614	0.0	438281	3687.406697384572	0.75
23564.164972226048	750	22.398835997486476	0.0	398987	3839.2581231331374	0.75
23568.257660618652	750	22.3061476048846	0.0	393804	4092.6883926018763	0.75
23571.154886511667	750	23.408921711867094	0.0	331053	2897.2258930175067	0.75
23574.033880728366	750	24.529927495169197	0.0	314107	2878.994216697894	0.75

