14811.633076347964	750	4.0	4.034106319630938	450283	4034.106319630938	-16.596657174413032
14812.749377686652	300	6.883698661312633	0.0	155580	1116.3013386873674	-0.15000000000000002
14813.755914295314	300	9.877162052650885	0.0	139857	1006.5366086617488	0.3
14814.714340343397	300	12.918736004566787	0.0	155432	958.4260480840993	0.3
14816.85851522538	750	14.774561122584116	0.0	411561	2144.174881982671	0.3
14819.787822948289	750	15.845253399677262	0.0	318564	2929.3077229068526	0.75
14821.995569427374	750	17.637506920590067	0.0	352642	2207.746479087196	0.75
14824.3683119203	750	19.264764427665607	0.0	437162	2372.742492924461	0.75
14826.235247384344	750	21.397828963622807	0.0	374758	1866.9354640428003	0.75
14831.503782849404	1850	20.129293498560457	0.0	913888	5268.53546506235	0.75
14836.448267010654	1850	19.184809337312217	0.0	939819	4944.484161248241	1.85
14839.40664211093	1850	20.226434237036212	0.0	917428	2958.3751002760023	1.85
14842.910451292963	1850	20.722625055003935	0.0	946851	3503.8091820322816	1.85
14847.085664000348	1850	20.547412347618447	0.0	1036454	4175.212707385488	1.85
14850.415610229047	1850	21.21746611891777	0.0	821631	3329.9462287006763	1.85
14854.095668429054	1850	21.537407918910517	0.0	923170	3680.058200007254	1.85
14860.851361757223	1850	18.781714590742375	0.0	966699	6755.693328168141	1.85
14864.44636330166	1850	19.18671304630497	0.0	885714	3595.0015444374085	1.85
14868.104155320289	1850	19.52892102767675	0.0	987708	3657.792018628222	1.85
14872.204866891185	1850	19.42820945677966	0.0	923755	4100.7115708970905	1.85
14877.276963621693	1850	18.35611272627215	0.0	891604	5072.096730507506	1.85
14881.168785916152	1850	18.464290431812774	0.0	955231	3891.822294459379	1.85
14884.983749064026	1850	18.649327283937257	0.0	968026	3814.9631478755123	1.85
14887.963825040735	1850	19.669251307228958	0.0	874175	2980.075976708298	1.85
14890.652730312002	1850	20.98034603596093	0.0	897976	2688.905271268029	1.85
14892.778613758119	1850	22.85446258984573	0.0	905935	2125.8834461151982	1.85
14895.836282315562	1850	23.796794032403515	0.0	1076599	3057.6685574422168	1.85
14898.641494713294	1850	24.991581634669544	0.0	758197	2805.212397733971	1.85
14901.625224000207	1850	26.007852347759044	0.0	972798	2983.7292869104954	1.85
14904.367912162277	1850	27.26516418568714	0.0	975811	2742.6881620719055	1.85
14906.366347913758	1850	29.26672843420767	0.0	873429	1998.435751479467	1.85
14908.405772629865	1850	31.227303718099304	0.0	954453	2039.4247161083674	1.85
14912.717497567899	4300	30.91557878006515	0.0	2191074	4311.724938034157	1.8499999999999996
14918.032722310152	4300	29.600354037812536	0.0	2286761	5315.224742252612	4.3
14926.791398042182	4300	24.841678305782914	0.0	2307787	8758.675732029624	4.3
14934.770841551768	4300	20.86223479619627	0.0	2143948	7979.443509586643	4.3
14938.730710721156	4300	20.902365626808717	0.0	1919781	3959.869169387551	4.3
14943.836436419608	4300	19.79663992835562	0.0	2147467	5105.725698453098	4.3
14949.209686521088	4300	18.423389826875006	0.0	2133870	5373.250101480616	4.3
14955.166060001955	4300	16.467016346009878	0.0	2146120	5956.373480865129	4.3
14963.661331025622	4300	11.97174532234315	0.0	2108491	8495.271023666728	4.3
14967.72312925827	1850	11.90994708969443	0.0	1025005	4061.7982326487177	-0.6000000000000001
14971.142733628198	1850	12.490342719766028	0.0	886255	3419.604369928403	1.85
14974.410107566522	1850	13.222968781442328	0.0	973972	3267.3739383237007	1.85
14977.734760513455	1850	13.898315834509297	0.0	958994	3324.6529469330294	1.85
14982.251995309149	1850	13.38108103881665	0.0	982064	4517.234795692648	1.85
14986.826279970648	1850	12.806796377316292	0.0	830730	4574.284661500357	1.85
14991.463702020157	1850	12.169374327806505	0.0	846370	4637.422049509788	1.85

