25216.555693216982	750	4.0	3.13772266060829	450283	3137.72266060829	-12.742207440615646
25218.71093669803	750	5.844756518954331	0.0	398865	2155.2434810456693	0.75
25220.095291546655	750	8.460401670332143	0.0	350812	1384.354848622188	0.75
25222.029532288812	1200	10.526160928174155	0.0	617681	1934.2407421579892	0.75
25223.515152024316	1200	13.040541192667108	0.0	652874	1485.6197355070474	1.2
25224.863864912124	1200	15.691828304861428	0.0	520315	1348.7128878056785	1.2
25226.388596149573	1200	18.16709706741109	0.0	561791	1524.7312374503413	1.2
25232.819127630515	2850	15.736565586463968	0.0	1638769	6430.531480947118	1.2000000000000002
25245.168802645323	2850	7.386890571659846	0.0	1348011	12349.675014804123	2.85
25248.96741312676	750	7.588280090222501	0.0	362795	3798.6104814373443	-1.35
25252.37134211678	750	8.184351100201084	0.0	353220	3403.928990021416	0.75
25253.21840986909	300	11.337283347892217	0.0	156148	847.0677523088676	-0.15000000000000002
25253.893640397444	300	14.662052819536493	0.0	160746	675.2305283557225	0.3
25254.609677508946	300	17.946015708032938	0.0	179801	716.0371115035571	0.3
25255.942283323086	750	20.613409893893568	0.0	337059	1332.6058141393696	0.3
25258.074993574715	1200	22.480699642263982	0.0	587876	2132.7102516295854	0.75
25261.05939591638	1850	23.49629730059934	0.0	966699	2984.4023416646423	1.2000000000000002
25264.006766200106	1850	24.548927016872135	0.0	885714	2947.3702837272076	1.85
25269.268021780117	2850	23.28767143686086	0.0	1537156	5261.2555800112705	1.85
25273.159941914295	2850	23.39575130268701	0.0	1336050	3891.9201341738503	2.85
25277.902108222235	2850	22.65358499474713	0.0	1415116	4742.1663079398795	2.85
25283.336445466353	2850	21.219247750626074	0.0	1468126	5434.337244121059	2.85
25287.927346943332	2850	20.62834627364555	0.0	1505760	4590.901476980522	2.85
25290.804795891236	2850	21.750897325743477	0.0	1323990	2877.448947902076	2.85
25294.37766617412	2850	22.178027042859714	0.0	1383735	3572.870282883762	2.85
25298.38868761702	2850	22.167005599957946	0.0	1480464	4011.0214429017697	2.85
25302.904004680033	2850	21.651688536947432	0.0	1547572	4515.317063010514	2.85
25305.98486048841	2850	22.57083272856923	0.0	1141971	3080.8558083782027	2.85
25311.256061805907	4300	21.29963141107153	0.0	2134614	5271.2013174976955	2.8499999999999996
25316.32189339779	4300	20.233799819185194	0.0	2164140	5065.831591886339	4.3
25322.194561076518	4300	18.361132140461205	0.0	2113193	5872.667678723988	4.3
25327.575624387304	4300	16.980068829672618	0.0	2147852	5381.063310788587	4.3
25334.238271304937	4300	14.31742191203767	0.0	2191074	6662.64691763495	4.3
25343.16126735661	4300	9.394425860370326	0.0	2286761	8922.996051667344	4.3
25352.195354996624	4300	4.360338220353622	0.0	2307787	9034.087640016704	4.3
25355.100494586724	1850	5.455198630253708	0.0	943942	2905.1395900999146	-0.6000000000000001
25357.422522842873	1850	7.133170374104307	0.0	728962	2322.028256149401	1.85
25360.127072326453	1850	8.428620890527343	0.0	938587	2704.549483576964	1.85
25362.769359784492	1850	9.786333432488648	0.0	908665	2642.287458038694	1.85
25366.13050240639	1850	10.425190810588871	0.0	930577	3361.142621899779	1.85
25369.10618252226	1850	11.449510694723209	0.0	858450	2975.680115865661	1.85
25374.892913422333	2850	9.662779794651822	0.0	1527299	5786.730900071386	1.85
25378.234313217363	1850	10.321379999620374	0.0	886255	3341.3997950314474	0.8500000000000001
25381.428219117144	1850	11.127474099837977	0.0	973972	3193.905899782398	1.85
25385.236245804437	2850	11.319447412547516	0.0	1464921	3808.0266872904594	1.85
25390.742985421904	2850	9.812707795080113	0.0	1483527	5506.739617467403	2.85
25396.670707271136	2850	7.884985945846319	0.0	1231456	5927.721849233795	2.85
25401.376365821216	2850	7.179327395765913	0.0	1364537	4705.658550080406	2.85

