707.5593624450551	750	4.0	6.8100179178166504	450283	6810.017917816651	-28.533077046611595
708.723677745374	300	6.835684699681131	0.0	155580	1164.3153003188686	-0.15000000000000002
709.6818112967956	300	9.877551148259398	0.0	139857	958.1335514217336	0.3
710.8108747396853	300	12.748487705369673	0.0	155432	1129.0634428897242	0.3
713.8191039875584	750	13.74025845749655	0.0	411561	3008.2292478731233	0.3
716.0620226337452	750	15.497339811309779	0.0	318564	2242.918646186771	0.75
718.6107454773604	750	16.94861696769454	0.0	352642	2548.72284361524	0.75
721.740029573092	750	17.819332871962978	0.0	437162	3129.2840957315602	0.75
724.8207552539117	750	18.738607191143295	0.0	374758	3080.725680819685	0.75
728.0765251198055	750	19.482837325249584	0.0	362795	3255.769865893711	0.75
730.8438241593637	750	20.715538285691267	0.0	353220	2767.299039558317	0.75
734.0646687974411	750	21.494693647613946	0.0	405134	3220.8446380773194	0.75
737.0043747928952	750	22.554987652159856	0.0	386351	2939.7059954540873	0.75
740.5790171365746	750	22.980345308480413	0.0	434409	3574.642343679443	0.75
743.2585811201108	750	24.300781324944154	0.0	337059	2679.563983536259	0.75
747.0943645455706	750	24.46499789948436	0.0	366214	3835.783425459796	0.75
752.5716150504996	750	22.987747394555264	0.0	360831	5477.250504929094	0.75
756.4819189130146	750	23.077443532040334	0.0	372963	3910.303862514926	0.75
759.9781318191498	750	23.58123062590508	0.0	405596	3496.2129061352557	0.75
763.5202438319209	750	24.039118613134022	0.0	350713	3542.1120127710565	0.75
767.4065557540598	750	24.152806690995103	0.0	386472	3886.311922138921	0.75
771.3021987121577	750	24.257163732897105	0.0	399894	3895.642958097998	0.75
775.3632774083521	750	24.196085036702765	0.0	401853	4061.0786961943377	0.75
778.2752489896908	750	25.284113455364047	0.0	343800	2911.971581338719	0.75
781.6572006793277	750	25.902161765727097	0.0	359903	3381.951689636948	0.75
785.7444683804658	750	25.814894064588945	0.0	379700	4087.2677011381534	0.75
791.958723857369	750	23.600638587685754	0.0	425781	6214.255476903191	0.75
794.8401264209588	750	24.71923602409605	0.0	277716	2881.4025635897033	0.75
799.125114766858	750	24.434247678196726	0.0	400396	4284.988345899321	0.75
803.408219339299	750	24.151143105755743	0.0	400508	4283.104572440987	0.75
808.0592293382387	750	23.500133106816165	0.0	358218	4651.009998939579	0.75
817.8698252125099	750	17.68953723254479	0.0	400322	9810.595874271372	0.75
824.473622630509	750	15.085739814545741	0.0	369834	6603.797417999049	0.75
827.4859779572816	750	16.073384487773115	0.0	412837	3012.355326772625	0.75
830.9104382113004	750	16.648924233754297	0.0	401088	3424.4602540188175	0.75
834.6799995174968	750	16.879362927557857	0.0	365161	3769.5613061964377	0.75
836.9477660165713	750	18.61159642848339	0.0	321064	2267.766499074469	0.75
839.1874572962522	750	20.37190514880245	0.0	361565	2239.6912796809374	0.75
841.4347313809811	750	22.12463106407352	0.0	378327	2247.2740847289338	0.75
843.9089682654657	750	23.650394179588965	0.0	390680	2474.236884484551	0.75
846.0025428109717	750	25.556819634082984	0.0	345516	2093.5745455059814	0.75
854.1975172041454	1850	21.36184524090945	0.0	1025005	8194.974393173536	0.75
862.0838634719936	1850	17.47549897306115	0.0	886255	7886.3462678483	1.85
869.3534516206067	1850	14.205910824447997	0.0	973972	7269.58814861315	1.85
877.526976833961	1850	10.032385611093561	0.0	958994	8173.525213354436	1.85
881.1383190245717	750	10.421043420482976	0.0	393804	3611.3421906105855	-0.3500000000000001
883.4086257014721	750	12.150736743582463	0.0	331053	2270.3066769005127	0.75
886.0817322275516	750	13.477630217503012	0.0	314107	2673.1065260794517	0.75

