11072.971190670887	750	4.0	4.751626329382562	450283	4751.626329382562	-19.681993216345017
11074.615645587588	300	6.35554508329921	0.0	155580	1644.4549167007901	-0.15000000000000002
11076.050505620164	300	8.920685050724277	0.0	139857	1434.860032574934	0.3
11077.497460372155	300	11.473730298731356	0.0	155432	1446.95475199292	0.3
11078.929791629713	300	14.041399041173666	0.0	163442	1432.3312575576906	0.3
11081.076806328752	750	15.894384342133536	0.0	318564	2147.0146990401277	0.3
11083.898032569943	750	17.073158100943562	0.0	352642	2821.2262411899746	0.75
11088.346035356428	750	16.62515531445796	0.0	437162	4448.002786485603	0.75
11093.55951891526	750	15.411671755627657	0.0	374758	5213.483558830304	0.75
11098.453143086677	750	14.51804758420864	0.0	362795	4893.624171419016	0.75
11101.232245650948	750	15.738945019937855	0.0	353220	2779.1025642707846	0.75
11103.766519994522	750	17.204670676365673	0.0	405134	2534.2743435721823	0.75
11107.934307051326	750	17.036883619562374	0.0	386351	4167.787056803299	0.75
11112.514779356328	750	16.456411314558814	0.0	434409	4580.472305003563	0.75
11115.638807585816	750	17.332383085072877	0.0	337059	3124.0282294859367	0.75
11119.013858942966	750	17.957331727920703	0.0	366214	3375.0513571521756	0.75
11122.58693124751	750	18.384259423377863	0.0	360831	3573.072304542842	0.75
11126.272519128399	750	18.69867154248814	0.0	372963	3685.587880889719	0.75
11130.353822629511	750	18.617368041375972	0.0	405596	4081.303501112167	0.75
11133.40227915058	750	19.568911520307516	0.0	350713	3048.456521068456	0.75
11136.657549646117	750	20.31364102476969	0.0	386472	3255.270495537823	0.75
11140.009756977533	750	20.961433693352067	0.0	399894	3352.2073314176214	0.75
11143.420805778793	750	21.550384892093284	0.0	401853	3411.0488012587857	0.75
11151.441584557064	1850	17.529606113822453	0.0	874175	8020.778778270831	0.75
11171.830328576887	1850	4.0	2.8591379060002438	897976	20388.744019822698	-10.444292995801048
11174.800501388003	300	5.029827188885496	0.0	153938	2970.172811114504	-1.25
11176.915509282848	300	6.91481929404004	0.0	181901	2115.0078948454566	0.3
11178.326176873497	300	9.504151703391155	0.0	111155	1410.6675906488854	0.3
11180.603087545409	300	11.22724103147938	0.0	153605	2276.910671911776	0.3
11183.214868512254	300	12.615460064635265	0.0	149029	2611.7809668441146	0.3
11186.593806225113	300	13.236522351776498	0.0	157421	3378.937712858766	0.3
11189.59418065777	300	14.236147919119604	0.0	157488	3000.374432656895	0.3
11191.883811415171	300	15.946517161719433	0.0	143881	2289.6307574001735	0.3
11196.863906044233	750	14.966422532657193	0.0	412837	4980.09462906224	0.3
11204.344139735907	750	11.486188840983909	0.0	401088	7480.233691673283	0.75
11207.458028267134	300	12.372300309758115	0.0	159914	3113.8885312257935	-0.15000000000000002
11209.18948308081	300	14.640845496082617	0.0	131610	1731.4548136754993	0.3
11210.337211374484	300	17.49311720240886	0.0	124011	1147.7282936737538	0.3
11213.440757007913	750	18.389571568979754	0.0	378327	3103.5456334291075	0.3
11217.122803234324	750	18.707525342570392	0.0	390680	3682.0462264093608	0.75
11219.90703985922	750	19.92328871767658	0.0	345516	2784.2366248938138	0.75
11223.748721569287	750	20.081607007609307	0.0	384505	3841.681710067274	0.75
11227.655671507562	750	20.174657069334398	0.0	372093	3906.9499382749073	0.75
11230.990625934972	750	20.839702641924486	0.0	438281	3334.9544274099107	0.75
11234.993803814872	750	20.83652476202545	0.0	398987	4003.177879899036	0.75
11238.883830096831	750	20.946498480064662	0.0	393804	3890.0262819607906	0.75
11242.62058849445	750	21.20974008244575	0.0	331053	3736.7583976189117	0.75
11245.332339334807	750	22.497989242088643	0.0	314107	2711.750840357107	0.75

