2634.690630851457	750	4.0	2.8275693741498356	450283	2827.5693741498358	-11.408548308844292
2635.52323124798	300	7.167399603477153	0.0	155580	832.600396522847	-0.15000000000000002
2637.044335294415	750	9.646295557042475	0.0	350812	1521.1040464346786	0.3
2643.611051656481	1200	7.079579194976285	0.0	617681	6566.7163620661895	0.75
2650.492900834844	750	4.197730016613205	0.0	411561	6881.84917836308	0.3
2652.997742970681	300	5.692887880776194	0.0	126289	2504.842135837012	-0.15000000000000002
2655.720336916023	300	6.97029393543391	0.0	153295	2722.5939453422843	0.3
2658.5607442598134	300	8.12988659164342	0.0	173849	2840.40734379049	0.3
2669.223776943958	750	4.0	2.5331460925011116	374758	10663.032684144531	-10.59252819775478
2672.5189000320433	300	4.704876911914221	0.0	139105	3295.1230880857793	-0.15000000000000002
2675.575641602497	300	5.648135341460635	0.0	141840	3056.7415704535856	0.3
2678.346953983511	300	6.876822960446843	0.0	156148	2771.312381013792	0.3
2681.283180851181	300	7.94059609277659	0.0	160746	2936.226867670252	0.3
2690.5395063806873	750	4.0	1.3157294367300183	434409	9256.325529506608	-5.357636577939078
2693.7389182931333	300	4.800588087554064	0.0	140051	3199.4119124459357	-0.15000000000000002
2696.3861471283276	300	6.1533592523598	0.0	138313	2647.228835194265	0.3
2698.886597860518	300	7.652908520169756	0.0	143509	2500.4507321900437	0.3
2705.6919137530017	750	4.847592627686183	0.0	372963	6805.315892483573	0.3
2709.6481153914524	300	4.891390989235288	0.0	165384	3956.201638450895	-0.15000000000000002
2714.524436115142	300	4.015070265545433	0.0	140881	4876.320723689854	0.3
2717.5995756369703	300	4.939930743717075	0.0	157671	3075.1395218283587	0.3
2719.0560093916683	300	7.483496989019341	0.0	157812	1456.4337546977338	0.3
2722.6864130294907	750	7.8530933511969065	0.0	401853	3630.403637822433	0.3
2725.649966072312	750	8.889540308375226	0.0	343800	2963.553042821681	0.75
2730.129961511998	750	8.40954486868927	0.0	359903	4479.995439685955	0.75
2735.2783783148643	750	7.261128065823089	0.0	379700	5148.416802866182	0.75
2739.27791232881	750	7.2615940518773	0.0	425781	3999.534013945788	0.75
2741.283255874737	750	9.256250505950794	0.0	277716	2005.3435459265065	0.75
2745.667920907807	1200	8.87158547288063	0.0	622896	4384.665033070162	0.75
2749.5561230875423	750	8.983383293145748	0.0	400508	3888.2021797348834	0.3
2755.1611464166604	750	7.3783599640274184	0.0	358218	5605.023329118329	0.75
2762.7960087249758	750	4.0	0.25650234428805563	400322	7634.862308315474	-0.35296008043863925
2765.1572374595935	300	5.638771265382415	0.0	143881	2361.228734617585	-0.15000000000000002
2767.427632355667	300	7.368376369309162	0.0	163444	2270.3948960732523	0.3
2771.060403458064	750	7.735605266911734	0.0	401088	3632.7711023974275	0.3
2774.0805357378513	750	8.715472987124494	0.0	365161	3020.1322797872394	0.75
2775.9041883482755	750	10.891820376700197	0.0	321064	1823.6526104242967	0.75
2779.003563291826	1200	11.79244543314934	0.0	575591	3099.3749435508576	0.75
2788.961525352369	1850	5.834483372606482	0.0	908665	9957.962060542857	1.2000000000000002
2791.7615101908227	300	7.034498534152716	0.0	149991	2799.9848384537663	-1.25
2798.048850345996	750	4.747158378978963	0.0	345516	6287.340155173753	0.3
2800.6966384187585	300	6.099370306216398	0.0	161857	2647.7880727625643	-0.15000000000000002
2804.1978503198425	300	6.598158405132972	0.0	145210	3501.211901083427	0.3
2809.8756369370026	300	4.920371787972852	0.0	172312	5677.78661716012	0.3
2814.0686815284257	300	4.727327196549829	0.0	167025	4193.044591423023	0.3
2817.5751410308862	300	5.220867694089233	0.0	160064	3506.459502460595	0.3
2820.0989157410077	300	6.69709298396787	0.0	137507	2523.774710121364	0.3
2822.167832274889	300	8.62817645008673	0.0	118421	2068.91653388114	0.3

