6589.363309830977	750	4.0	1.5754002818435975	450283	1575.4002818435974	-6.024221211927469
6591.183583937152	750	6.179725893824993	0.0	398865	1820.2741061750069	0.75
6592.266515767667	750	9.09679406330946	0.0	350812	1082.9318305155325	0.75
6596.25653655757	1850	9.106773273406457	0.0	933276	3990.0207899030024	0.75
6598.359295698264	750	11.004014132712568	0.0	411561	2102.75914069389	-0.3500000000000001
6600.321718244499	750	13.041591586477876	0.0	318564	1962.4225462346903	0.75
6603.5255815513365	750	13.837728279639338	0.0	352642	3203.863306838539	0.75
6607.7698947836525	750	13.59341504732405	0.0	437162	4244.313232315286	0.75
6610.009283778518	750	15.354026052458675	0.0	374758	2239.388994865376	0.75
6611.740811727021	750	17.62249810395496	0.0	362795	1731.5279485037177	0.75
6613.398577711253	750	19.96473211972225	0.0	353220	1657.7659842327107	0.75
6618.219027627126	1850	19.144282203850366	0.0	917428	4820.449915871883	0.75
6622.676380372416	1850	18.686929458559863	0.0	946851	4457.3527452905055	1.85
6628.121377167018	1850	17.24193266395777	0.0	1036454	5444.996794602092	1.85
6632.21336936053	1850	17.14994047044641	0.0	821631	4091.9921935113603	1.85
6637.099118196755	1850	16.26419163422196	0.0	923170	4885.748836224452	1.85
6642.652993397569	1850	14.710316433406991	0.0	966699	5553.875200814969	1.85
6646.810836299683	1850	14.552473531293758	0.0	885714	4157.8429021132315	1.85
6651.777600937274	1850	13.585708893703584	0.0	987708	4966.764637590174	1.85
6656.399265977918	1850	12.964043853058765	0.0	923755	4621.665040644819	1.85
6660.019177586494	1850	13.344132244482514	0.0	891604	3619.911608576251	1.85
6664.853315390327	1850	12.509994440649777	0.0	955231	4834.137803832738	1.85
6669.729381215497	1850	11.63392861548009	0.0	968026	4876.065825169688	1.85
6674.819258272032	1850	10.54405155894455	0.0	874175	5089.877056535537	1.85
6679.173009061899	1850	10.19030076907792	0.0	897976	4353.750789866632	1.85
6682.814592679588	1850	10.548717151388745	0.0	905935	3641.5836176891753	1.85
6687.100735550616	1850	10.262574280360957	0.0	1076599	4286.142871027788	1.85
6690.932385187515	1850	10.430924643462216	0.0	758197	3831.6496368987414	1.85
6697.290179711973	1850	8.073130119003675	0.0	972798	6357.794524458542	1.85
6702.4175106672465	1850	6.945799163730265	0.0	975811	5127.33095527341	1.85
6705.937413050466	1850	7.425896780511599	0.0	873429	3519.9023832186654	1.85
6711.627632953951	1850	5.7356768770257744	0.0	954453	5690.219903485825	1.85
6716.255952897355	1850	5.1073569336215465	0.0	885062	4628.319943404227	1.85
6720.851842286269	1850	4.511467544707474	0.0	1035329	4595.889388914073	1.85
6725.492917691661	1850	4.0	0.1296078606841802	1026056	4641.075405391654	1.2926861990580254
6732.8900275819	1850	4.0	3.397109890238784	943942	7397.109890238784	-12.75757252802677
6735.1671891260185	750	5.7228384558810435	0.0	321064	2277.161544118957	-0.3500000000000001
6736.214523963666	300	8.675503618233725	0.0	124011	1047.3348376473186	-0.15000000000000002
6736.858746622794	300	12.031280959105915	0.0	144254	644.2226591278088	0.3
6737.464529387119	300	15.425498194779745	0.0	149991	605.7827643261701	0.3
6742.162024776284	1850	14.728002805615562	0.0	858450	4697.4953891641835	0.30000000000000004
6746.605475573954	1850	14.28455200794487	0.0	1025005	4443.450797670693	1.85
6752.251253871179	1850	12.638773710719471	0.0	886255	5645.778297225397	1.85
6755.367306361234	750	13.522721220664582	0.0	438281	3116.05249005489	-0.3500000000000001
6757.179865095974	750	15.710162485924512	0.0	398987	1812.5587347400701	0.75
6761.848201645244	1850	15.041825936653218	0.0	982064	4668.336549271292	0.75
6765.521328927449	1850	15.368698654449174	0.0	830730	3673.127282204045	1.85
6769.202542902669	1850	15.687484679229222	0.0	846370	3681.2139752199523	1.85

