18794.930676335152	750	4.0	2.8598146493896546	450283	2859.8146493896547	-11.547202992375514
18795.806907865648	300	7.123768469505115	0.0	155580	876.2315304948851	-0.15000000000000002
18796.476780521498	300	10.45389581365579	0.0	139857	669.8726558493264	0.3
18798.19087590577	750	12.73980042938143	0.0	382355	1714.0953842743581	0.3
18800.344834450872	750	14.585841884281523	0.0	411561	2153.9585450999075	0.75
18801.940043006503	750	16.99063332864881	0.0	318564	1595.2085556327143	0.75
18803.619302760017	750	19.31137357513358	0.0	352642	1679.2597535152272	0.75
18807.35509872891	1850	19.57557760623944	0.0	1060487	3735.7959688941364	0.75
18810.240476437164	1850	20.690199897987966	0.0	852833	2885.377708251476	1.85
18814.200733260444	1850	20.72994307470446	0.0	913888	3960.2568232835056	1.85
18818.596382669937	1850	20.33429366521237	0.0	939819	4395.64940949209	1.85
18823.20684841242	1850	19.723827922728574	0.0	917428	4610.465742483799	1.85
18828.596741714333	1850	18.333934620815707	0.0	946851	5389.893301912865	1.85
18834.661030571566	1850	16.26964576358401	0.0	1036454	6064.288857231697	1.85
18838.970025276125	1850	15.960651059023926	0.0	821631	4308.994704560086	1.85
18842.256598088556	1850	16.674078246593396	0.0	923170	3286.572812430528	1.85
18846.787131197503	1850	16.143545137644583	0.0	966699	4530.533108948812	1.85
18850.617177537486	1850	16.313498797663975	0.0	885714	3830.046339980608	1.85
18856.469455993723	1850	14.461220341426305	0.0	987708	5852.278456237668	1.85
18860.476490045075	1850	14.454186290075127	0.0	923755	4007.034051351181	1.85
18864.09104616988	1850	14.839630165268977	0.0	891604	3614.55612480615	1.85
18868.15695137367	1850	14.773724961481195	0.0	955231	4065.905203787782	1.85
18871.971715756732	1850	14.958960578418854	0.0	968026	3814.7643830623415	1.85
18875.371199281242	1850	15.559477053909726	0.0	874175	3399.4835245091276	1.85
18878.438308200806	1850	16.49236813434371	0.0	897976	3067.108919566018	1.85
18882.264991690747	1850	16.665684644400898	0.0	905935	3826.68348994281	1.85
18886.774134810898	1850	16.156541524248944	0.0	1076599	4509.143120151955	1.85
18889.73508928638	1850	17.19558704876949	0.0	758197	2960.954475479456	1.85
18893.580865986114	1850	17.349810349034662	0.0	972798	3845.7766997348285	1.85
18897.183891241428	1850	17.746785093719026	0.0	975811	3603.025255315636	1.85
18901.005365545283	1850	17.92531078986137	0.0	873429	3821.4743038576567	1.85
18905.679515209496	1850	17.251161125649947	0.0	954453	4674.149664211424	1.85
18909.149304681683	1850	17.781371653460162	0.0	885062	3469.7894721897806	1.85
18912.428224972326	1850	18.502451362819404	0.0	1035329	3278.920290640761	1.85
18916.97184179999	1850	17.958834535157443	0.0	1026056	4543.61682766196	1.85
18921.177752847518	1850	17.752923487629495	0.0	943942	4205.91104752795	1.85
18923.312526877497	1850	19.618149457652986	0.0	728962	2134.7740299765064	1.85
18927.186509965886	1850	19.74416636926347	0.0	938587	3873.983088389516	1.85
18930.845473060093	1850	20.085203275055044	0.0	908665	3658.963094208432	1.85
18935.768588286897	1850	19.162088048248552	0.0	930577	4923.115226806492	1.85
18940.425348893397	1850	18.50532744175074	0.0	858450	4656.76060649781	1.85
18945.98785644202	1850	16.942819893124703	0.0	1025005	5562.507548626038	1.85
18951.317841821823	1850	15.612834513324865	0.0	886255	5329.9853797998385	1.85
18959.083809073563	1850	11.846867261582705	0.0	973972	7765.9672517421595	1.85
18966.317789403063	750	8.61288693208227	0.0	398987	7233.980329500434	-0.3500000000000001
18968.73869943988	750	10.191976895264544	0.0	393804	2420.9100368177264	0.75
18970.198945233864	750	12.731731101281312	0.0	331053	1460.2457939832336	0.75
18971.844252760395	750	15.08642357474991	0.0	314107	1645.3075265314014	0.75

