18976.699370384045	750	4.0	4.8551176236478435	450283	4855.117623647843	-20.127005781685725
18978.196582485056	300	6.502787898988277	0.0	155580	1497.2121010117223	-0.15000000000000002
18979.483887469898	300	9.215482914147731	0.0	139857	1287.3049848405465	0.3
18980.70321312872	300	11.996157255325587	0.0	155432	1219.3256588221457	0.3
18983.43055344462	750	13.268816939424614	0.0	411561	2727.3403159009717	0.3
18985.31560721451	750	15.383763169534628	0.0	318564	1885.053769889986	0.75
18987.54776453628	750	17.151605847763307	0.0	352642	2232.1573217713235	0.75
18990.298411961794	750	18.400958422250405	0.0	437162	2750.6474255128987	0.75
18993.17655681289	750	19.522813571153886	0.0	374758	2878.1448510965206	0.75
18995.162056188277	750	21.537314195766392	0.0	362795	1985.499375387494	0.75
18996.83535421615	750	23.864016167895006	0.0	353220	1673.2980278713835	0.75
19002.899929021652	1850	21.7994413623942	0.0	917428	6064.574805500806	0.75
19009.88133747521	1850	18.818032908837882	0.0	946851	6981.408453556319	1.85
19017.592222294108	1850	15.107148089940015	0.0	1036454	7710.884818897867	1.85
19024.663869931937	1850	12.035500452112633	0.0	821631	7071.647637827383	1.85
19030.637001444615	1850	10.062368939434899	0.0	923170	5973.131512677734	1.85
19033.415733812173	750	11.28363657188014	0.0	360831	2778.7323675547595	-0.3500000000000001
19036.179651301776	750	12.519719082275675	0.0	372963	2763.9174896044647	0.75
19038.561754803366	750	14.137615580682704	0.0	405596	2382.10350159297	0.75
19040.777941048615	750	15.921429335433494	0.0	350713	2216.1862452492096	0.75
19044.21586693311	750	16.48350345093532	0.0	386472	3437.925884498175	0.75
19048.04050743383	750	16.65886295021607	0.0	399894	3824.640500719254	0.75
19052.413622759585	750	16.28574762446204	0.0	401853	4373.11532575403	0.75
19056.256234454384	750	16.443135929664507	0.0	343800	3842.611694797534	0.75
19058.358427990603	750	18.34094239344098	0.0	359903	2102.193536223526	0.75
19060.572533533654	750	20.126836850390312	0.0	379700	2214.1055430506653	0.75
19063.127957099772	750	21.571413284270932	0.0	425781	2555.4235661193793	0.75
19064.873168813992	750	23.826201570052827	0.0	277716	1745.211714218105	0.75
19067.13284035929	750	25.566530024756524	0.0	400396	2259.671545296303	0.75
19072.816134155695	1850	23.883236228351155	0.0	975811	5683.293796405373	0.75
19079.276104943096	1850	21.423265440950082	0.0	873429	6459.970787401073	1.85
19090.358860727618	1850	14.340509656425994	0.0	954453	11082.75578452409	1.85
19100.485881328805	1850	8.213489055238444	0.0	885062	10127.020601187549	1.85
19104.19278224129	750	8.506588142751704	0.0	412837	3706.9009124867393	-0.3500000000000001
19105.891715113856	300	10.807655270187654	0.0	179328	1698.9328725640523	-0.15000000000000002
19107.41334669793	300	13.28602368611472	0.0	159914	1521.6315840729333	0.3
19110.088515132153	750	14.610855251893721	0.0	321064	2675.168434220999	0.3
19113.35164913823	750	15.347721245818683	0.0	361565	3263.134006075039	0.75
19116.908042285595	750	15.791328098450453	0.0	378327	3556.393147368229	0.75
19123.02400225916	750	13.675368124885678	0.0	390680	6115.959973564775	0.75
19129.695948631568	750	11.003421752476202	0.0	345516	6671.946372409476	0.75
19133.02781580679	300	11.671554577258238	0.0	161857	3331.8671752179657	-0.15000000000000002
19136.595963514483	300	12.103406869562992	0.0	145210	3568.147707695245	0.3
19139.74346531801	300	12.955905066036898	0.0	172312	3147.501803526095	0.3
19143.209087392388	300	13.490282991655913	0.0	167025	3465.6220743809836	0.3
19147.556240822105	300	13.1431295619379	0.0	160064	4347.153429718012	0.3
19151.655295347122	300	13.044075036922976	0.0	137507	4099.054525014925	0.3
19155.845367504946	300	12.854002879098203	0.0	118421	4190.072157824773	0.3

