25187.210957323034	750	4.0	2.2982937896467757	450283	2298.2937896467756	-9.132663295481136
25188.099992576634	300	7.11096474639953	0.0	155580	889.0352536004698	-0.15000000000000002
25189.747530643515	750	9.463426679517237	0.0	350812	1647.5380668822925	0.3
25192.02330251347	1200	11.187654809561822	0.0	617681	2275.771869955415	0.75
25195.534597646038	1850	11.676359676991284	0.0	996749	3511.2951325705376	1.2000000000000002
25197.973715082037	1850	13.237242240991042	0.0	801058	2439.1174360002396	1.85
25202.37177061345	2850	12.839186709583302	0.0	1388403	4398.055531407741	1.85
25206.468374529235	1850	12.742582793795346	0.0	1060487	4096.603915787955	0.8500000000000001
25210.57032439934	1850	12.640632923688331	0.0	852833	4101.949870107015	1.85
25214.295839271144	1850	12.915118051886434	0.0	913888	3725.5148718018977	1.85
25217.166269984187	1850	14.044687338842946	0.0	939819	2870.430713043488	1.85
25221.70606016341	2850	13.50489715961796	0.0	1519951	4539.790179224987	1.85
25226.54109283353	2850	12.669864489500041	0.0	1422919	4835.032670117918	2.85
25229.968469234307	1850	13.24248808872383	0.0	1036454	3427.376400776211	0.8500000000000001
25233.861401870523	2850	13.34955545250766	0.0	1231445	3892.9326362161696	1.85
25240.257435786163	2850	10.95352153686989	0.0	1471065	6396.03391563777	2.85
25242.315424818848	1200	12.895532504185622	0.0	617242	2057.9890326842665	-0.44999999999999996
25245.22080331792	1850	13.99015400511348	0.0	885714	2905.3784990721438	1.2000000000000002
25250.510721854855	2850	12.700235468177832	0.0	1537156	5289.918536935647	1.85
25253.518615771507	1850	13.692341551525521	0.0	923755	3007.8939166523105	0.8500000000000001
25258.305674690524	2850	12.905282632510284	0.0	1415116	4787.058919015238	1.85
25262.05531982759	1850	13.155637495442996	0.0	955231	3749.6451370672876	0.8500000000000001
25267.63859684812	2850	11.572360474914705	0.0	1505760	5583.27702052829	1.85
25270.374519091532	1850	12.836438231501724	0.0	874175	2735.9222434129815	0.8500000000000001
25273.655848585386	1850	13.555108737647627	0.0	897976	3281.329493854097	1.85
25280.410120162247	2850	10.80083716078339	0.0	1480464	6754.2715768642365	1.85
25283.411696957355	1200	11.799260365677691	0.0	696376	3001.5767951056996	-0.44999999999999996
25287.351036284188	1850	11.859921038843218	0.0	758197	3939.3393268344726	1.2000000000000002
25292.660779211725	1850	10.550178111306591	0.0	972798	5309.742927536628	1.85
25296.850598238005	1200	10.360359085027145	0.0	641447	4189.819026279447	0.5499999999999999
25302.682468616127	1200	8.528488706904657	0.0	570392	5831.870378122488	1.2
25307.642667151136	750	7.568290171897828	0.0	400322	4960.198535006829	0.3
25310.98083981318	750	8.230117509853633	0.0	369834	3338.1726620441937	0.75
25317.614137928307	750	5.596819394727253	0.0	412837	6633.29811512638	0.75
25320.13940646155	300	7.071550861485439	0.0	179328	2525.268533241814	-0.15000000000000002
25323.90109528403	750	7.309862039004996	0.0	365161	3761.6888224804425	0.3
25327.573478376347	750	7.637478946688506	0.0	321064	3672.3830923164905	0.75
25333.710616351615	750	5.500340971420587	0.0	361565	6137.137975267919	0.75
25336.380920026244	300	6.830037296793798	0.0	144254	2670.3036746267894	-0.15000000000000002
25339.629920871954	300	7.581036451082082	0.0	149991	3249.0008457117165	0.3
25342.895461618777	750	8.315495704258288	0.0	345516	3265.540746823794	0.3
25346.663027411505	750	8.54792991153119	0.0	384505	3767.565792727098	0.75
25349.276025284475	750	9.934932038563922	0.0	372093	2612.9978729672666	0.75
25353.212988961477	1200	9.997968361559614	0.0	634861	3936.963677004308	0.75
25357.14567772345	1200	10.06527959958629	0.0	630203	3932.6887619733234	1.2
25360.808356600217	1200	10.402600722817072	0.0	638661	3662.67887676922	1.2
25363.724138981026	1200	11.486818342010062	0.0	538612	2915.7823808070084	1.2
25367.398732832084	1850	11.812224490948745	0.0	846370	3674.593851061317	1.2000000000000002

