7586.368136800787	750	4.0	2.7931852023610926	450283	2793.1852023610927	-11.260696370152697
7587.859982798819	750	6.508154001967959	0.0	398865	1491.84599803204	0.75
7589.116776187346	750	9.2513606134416	0.0	350812	1256.793388526359	0.75
7590.29092301471	750	12.077213786076983	0.0	382355	1174.146827364618	0.75
7594.21444812438	1850	12.153688676405963	0.0	996749	3923.5251096710194	0.75
7597.7311315343395	1850	12.637005266447126	0.0	801058	3516.6834099588373	1.85
7601.4566526477	1850	12.911484153087184	0.0	905515	3725.5211133599423	1.85
7608.625095709182	1850	9.743041091606322	0.0	1060487	7168.443061480861	1.85
7616.711857259329	1200	5.656279541458644	0.0	584846	8086.761550147679	0.5499999999999999
7619.101611876657	300	7.266524924130603	0.0	139105	2389.754617328041	-0.6000000000000001
7621.25780519439	300	9.110331606398193	0.0	141840	2156.19331773241	0.3
7623.196587890157	300	11.171548910630484	0.0	156148	1938.7826957677073	0.3
7624.422006523247	300	13.946130277541387	0.0	160746	1225.418633089097	0.3
7625.81566486788	300	16.552471932908265	0.0	179801	1393.6583446331224	0.3
7626.800388422022	300	19.567748378766257	0.0	140051	984.7235541420073	0.3
7628.987104943283	750	21.381031857504873	0.0	366214	2186.716521261385	0.3
7632.039345953286	1200	22.32879084750224	0.0	617242	3052.2410100026314	0.75
7636.372739212111	1200	21.995397588677577	0.0	581493	4333.393258824665	1.2
7639.251012354586	1200	23.11712444620161	0.0	639204	2878.2731424759677	1.2
7642.947822497915	1850	23.420314302873358	0.0	923755	3696.8101433282545	1.2000000000000002
7646.413926866996	1850	23.95420993379194	0.0	891604	3466.104369081417	1.85
7649.121604669846	1850	25.246532130941898	0.0	955231	2707.677802850042	1.85
7652.2259713173635	1850	26.14216548342437	0.0	968026	3104.3666475175264	1.85
7656.669368536701	2850	25.69876826408744	0.0	1323990	4443.397219336929	1.85
7661.214262292074	2850	25.15387450871356	0.0	1383735	4544.893755373878	2.85
7667.587407132908	2850	22.780729667880045	0.0	1480464	6373.144840833516	2.85
7674.660984942624	2850	19.707151858163655	0.0	1547572	7073.5778097163875	2.85
7678.993860091367	2850	19.37427670941991	0.0	1141971	4332.8751487437485	2.85
7684.862621932639	2850	17.50551486814877	0.0	1498470	5868.761841271138	2.85
7691.106358325649	2850	15.261778475138373	0.0	1561263	6243.736393010396	2.85
7696.811359610476	2850	13.556777190311893	0.0	1341201	5705.0012848264805	2.85
7702.519673018823	2850	11.84846378196541	0.0	1497683	5708.313408346481	2.85
7709.305257550607	2850	9.062879250180387	0.0	1358081	6785.5845317850235	2.85
7713.977587245932	1850	8.390549554856388	0.0	1035329	4672.329695323999	0.8500000000000001
7717.290463555905	1850	9.077673244883226	0.0	1026056	3312.876309973163	1.85
7720.354868859981	1850	10.01326794080715	0.0	943942	3064.4053040760755	1.85
7722.972980904391	1850	11.395155896397613	0.0	728962	2618.1120444095372	1.85
7725.91805549625	1850	12.450081304538518	0.0	938587	2945.074591859095	1.85
7728.446240744268	1850	13.92189605652163	0.0	908665	2528.1852480168877	1.85
7733.805708653024	2850	12.562428147764468	0.0	1402287	5359.467908757164	1.85
7741.318539508904	2850	9.049597291884075	0.0	1339500	7512.830855880393	2.85
7749.86237999036	2850	4.50575681042878	0.0	1527299	8543.840481455294	2.85
7751.832131338459	1200	6.536005462329933	0.0	599477	1969.7513480988475	-0.44999999999999996
7753.617595706259	1200	8.750541094529753	0.0	634861	1785.4643678001798	1.2
7755.268498867677	1200	11.099637933110834	0.0	630203	1650.9031614189194	1.2
7757.675968400796	1200	12.692168399992275	0.0	638661	2407.469533118559	1.2
7762.122296625658	2850	12.245840175130539	0.0	1231456	4446.328224861737	1.2000000000000002
7772.713788957923	2850	5.654347842866222	0.0	1364537	10591.492332264317	2.85

