22160.296769448545	750	4.0	2.5585548523374078	450283	2558.5548523374077	-10.251785865050852
22163.031835713362	750	5.264933735184073	0.0	398865	2735.066264815927	0.75
22165.3531486653	750	6.943620783241986	0.0	350812	2321.3129519420877	0.75
22168.08760843562	750	8.209161012923804	0.0	382355	2734.459770318182	0.75
22170.198120579604	750	10.098648868939549	0.0	411561	2110.512143984255	0.75
22171.97143902156	750	12.32533042698336	0.0	318564	1773.3184419561867	0.75
22175.345944626653	1200	12.950824821893072	0.0	561791	3374.5056050902886	0.75
22179.811946829457	1200	12.484822619087797	0.0	709534	4466.0022028052745	1.2
22182.991786712995	1200	13.304982735548995	0.0	584846	3179.8398835388043	1.2
22186.2381715242	1200	14.058597924345536	0.0	560821	3246.3848112034566	1.2
22193.071542103116	1850	11.225227345429134	0.0	939819	6833.3705789164005	1.2000000000000002
22201.26297334388	1850	7.033796104664302	0.0	917428	8191.431240764833	1.85
22208.518529299763	1200	4.0	0.22175985122039857	624282	7255.555955884701	-0.4035673602477139
22211.940415994977	300	4.578113304787248	0.0	179801	3421.8866952127523	-0.6000000000000001
22214.492728220426	300	6.025801079337197	0.0	140051	2552.3122254500513	0.3
22216.568390357956	300	7.950138941807538	0.0	138313	2075.662137529659	0.3
22218.210760701008	300	10.307768598754492	0.0	143509	1642.3703430530459	0.3
22219.81105169106	300	12.707477608704288	0.0	150616	1600.2909900502034	0.3
22221.418372515593	300	15.100156784170832	0.0	165384	1607.3208245334574	0.3
22222.70238221732	300	17.81614708244169	0.0	140881	1284.0097017291416	0.3
22226.08431753654	750	18.434211763221203	0.0	386472	3381.935319220485	0.3
22231.038678697445	750	17.479850602316663	0.0	399894	4954.361160904538	0.75
22234.387313796557	750	18.13121550320459	0.0	401853	3348.635099112075	0.75
22237.564798303494	750	18.953730996268273	0.0	343800	3177.4845069363146	0.75
22243.43863120346	1200	17.079898096303967	0.0	587236	5873.8328999643045	0.75
22249.62455990506	1200	14.893969394701811	0.0	590335	6185.928701602157	1.2
22257.328312551475	1200	11.190216748283769	0.0	696376	7703.752646418044	1.2
22261.26348404082	1200	11.255045258939289	0.0	487160	3935.1714893444796	1.2
22268.70692928774	1200	7.811600012020633	0.0	622896	7443.445246918655	1.2
22271.944639519093	750	8.573889780668376	0.0	400508	3237.7102313522564	0.3
22276.269949843037	750	8.248579456723295	0.0	358218	4325.310323945082	0.75
22282.01997427637	750	6.49855502339257	0.0	400322	5750.024433330725	0.75
22285.155124751982	750	7.363404547777049	0.0	369834	3135.150475615522	0.75
22288.43823788882	750	8.080291410942621	0.0	412837	3283.113136834427	0.75
22291.135660190295	750	9.38286910946211	0.0	401088	2697.422301480513	0.75
22293.859368471545	750	10.659160828213725	0.0	365161	2723.708281248384	0.75
22296.180253748553	750	12.338275551207584	0.0	321064	2320.8852770061417	0.75
22298.88582140754	750	13.63270789221601	0.0	361565	2705.567658991575	0.75
22301.418211020726	750	15.10031827903238	0.0	378327	2532.3896131836277	0.75
22306.30592165438	1200	14.212607645377727	0.0	587506	4887.710633654655	0.75
22311.585594855427	1200	12.932934444330085	0.0	566904	5279.673201047641	1.2
22316.62548446	1200	11.893044839758643	0.0	641452	5039.889604571443	1.2
22321.649057213865	1200	10.869472085893758	0.0	599477	5023.572753864884	1.2
22329.003188700375	1200	7.515340599386476	0.0	634861	7354.131486507283	1.2
22333.85887983494	750	6.659649464819198	0.0	398987	4855.691134567277	0.3
22337.497817001735	750	7.020712298028988	0.0	393804	3638.93716679021	0.75
22340.51374131634	750	8.004787983423455	0.0	331053	3015.9243146055333	0.75
22346.33922031408	1200	6.179308985685371	0.0	550906	5825.478997738083	0.75

