4958.59019713759	750	4.0	7.862962959107444	450283	7862.962959107444	-33.06074072416201
4960.155526256446	300	6.434670881144126	0.0	155580	1565.3291188558746	-0.15000000000000002
4961.558300271678	300	9.03189686591194	0.0	139857	1402.7740152321862	0.3
4963.444899754198	300	11.1452973833924	0.0	155432	1886.5994825195382	0.3
4964.911875091264	300	13.678322046325858	0.0	163442	1466.9753370665421	0.3
4965.82024877746	300	16.76994836013036	0.0	126289	908.373686195497	0.3
4972.106082332756	750	14.484114804833707	0.0	352642	6285.833555296655	0.3
4976.489963633588	750	14.100233504002437	0.0	437162	4383.881300831269	0.75
4979.530048204316	750	15.06014893327463	0.0	374758	3040.084570727806	0.75
4983.736417004833	750	14.853780132757493	0.0	362795	4206.36880051714	0.75
4987.877837422352	750	14.712359715237966	0.0	353220	4141.4204175195255	0.75
4991.199400467275	750	15.390796670315588	0.0	405134	3321.5630449223795	0.75
4993.376599612939	750	17.213597524651654	0.0	386351	2177.199145663931	0.75
4996.624016614188	750	17.966180523402173	0.0	434409	3247.4170012494774	0.75
4998.8592239672935	750	19.73097317029647	0.0	337059	2235.2073531057063	0.75
5001.896216162527	750	20.69398097506233	0.0	366214	3036.992195234137	0.75
5004.340006969871	750	22.250190167717992	0.0	360831	2443.790807344341	0.75
5006.16438492846	750	24.42581220912918	0.0	372963	1824.3779585888126	0.75
5010.397126113247	1850	24.19307102434237	0.0	987708	4232.74118478681	0.75
5014.239628309363	1850	24.350568828225928	0.0	923755	3842.5021961164402	1.85
5017.790799704895	1850	24.799397432694047	0.0	891604	3551.17139553188	1.85
5022.748488921612	1850	23.841708215976492	0.0	955231	4957.689216717554	1.85
5028.428927645888	1850	22.16126949170129	0.0	968026	5680.438724275205	1.85
5033.644789595072	1850	20.945407542516456	0.0	874175	5215.861949184834	1.85
5046.3853554031675	1850	12.20484173442171	0.0	897976	12740.565808094747	1.85
5051.567533502475	750	11.02266363511316	0.0	379700	5182.178099308548	-0.3500000000000001
5056.096473046609	750	10.493724090979283	0.0	425781	4528.939544133877	0.75
5056.936252668699	300	13.653944468889133	0.0	111155	839.7796220901514	-0.15000000000000002
5059.30253876839	750	15.287658369198343	0.0	400396	2366.2860996907884	0.3
5061.059792329733	750	17.53040480785659	0.0	400508	1757.2535613417513	0.75
5064.582511764799	1850	18.007685372789375	0.0	873429	3522.7194350672135	0.75
5070.4965677428545	1850	16.09362939473386	0.0	954453	5914.055978055518	1.85
5078.105546293268	1850	12.484650844320434	0.0	885062	7608.978550413423	1.85
5085.233387290257	1850	9.356809847331542	0.0	1035329	7127.840996988893	1.85
5088.639583545342	750	9.950613592246212	0.0	401088	3406.19625508533	-0.3500000000000001
5091.629897183663	750	10.960299953925254	0.0	365161	2990.313638320959	0.75
5093.835033945528	750	12.755163192060476	0.0	321064	2205.1367618647782	0.75
5096.754859435654	750	13.835337701934437	0.0	361565	2919.8254901260398	0.75
5099.713287115831	750	14.876910021757915	0.0	378327	2958.427680176523	0.75
5102.2864026848065	750	16.303794452782018	0.0	390680	2573.1155689758953	0.75
5105.302968687528	750	17.287228450061352	0.0	345516	3016.5660027206663	0.75
5110.432701874298	750	16.15749526329101	0.0	384505	5129.7331867703415	0.75
5112.812873846054	750	17.77732329153463	0.0	372093	2380.171971756385	0.75
5115.088812375176	750	19.50138476241273	0.0	438281	2275.938529121899	0.75
5116.918510658349	750	21.671686479239863	0.0	398987	1829.6982831728687	0.75
5121.600374165517	1850	20.989822972072435	0.0	982064	4681.86350716743	0.75
5135.918095234998	1850	10.67210190259113	0.0	830730	14317.721069481304	1.85
5138.155987008408	300	12.434210129179691	0.0	118421	2237.891773411439	-1.25

