723.9266307090093	750	4.0	6.8100179178166504	450283	6810.017917816651	-28.533077046611595
725.0909460093281	300	6.835684699681131	0.0	155580	1164.3153003188686	-0.15000000000000002
726.0490795607498	300	9.877551148259398	0.0	139857	958.1335514217336	0.3
727.1781430036395	300	12.748487705369673	0.0	155432	1129.0634428897242	0.3
730.1863722515126	750	13.74025845749655	0.0	411561	3008.2292478731233	0.3
732.4292908976994	750	15.497339811309779	0.0	318564	2242.918646186771	0.75
734.9780137413146	750	16.94861696769454	0.0	352642	2548.72284361524	0.75
738.1072978370462	750	17.819332871962978	0.0	437162	3129.2840957315602	0.75
741.1880235178659	750	18.738607191143295	0.0	374758	3080.725680819685	0.75
744.4437933837597	750	19.482837325249584	0.0	362795	3255.769865893711	0.75
747.211092423318	750	20.715538285691267	0.0	353220	2767.299039558317	0.75
750.4319370613953	750	21.494693647613946	0.0	405134	3220.8446380773194	0.75
753.3716430568494	750	22.554987652159856	0.0	386351	2939.7059954540873	0.75
756.9462854005288	750	22.980345308480413	0.0	434409	3574.642343679443	0.75
759.625849384065	750	24.300781324944154	0.0	337059	2679.563983536259	0.75
763.4616328095248	750	24.46499789948436	0.0	366214	3835.783425459796	0.75
768.9388833144538	750	22.987747394555264	0.0	360831	5477.250504929094	0.75
772.8491871769688	750	23.077443532040334	0.0	372963	3910.303862514926	0.75
782.1085414390882	1850	17.81808926992097	0.0	987708	9259.354262119365	0.75
791.2014721412025	1850	12.725158567806627	0.0	923755	9092.930702114345	1.85
799.0466933117848	1850	8.879937397224436	0.0	891604	7845.221170582193	1.85
804.8013327816345	750	7.12529792737464	0.0	399894	5754.639469849796	-0.3500000000000001
806.9913066903015	300	8.935324018707703	0.0	163927	2189.973908666936	-0.15000000000000002
808.6394132342753	300	11.287217474733886	0.0	137654	1648.106543973816	0.3
810.1227068102451	300	13.80392389876418	0.0	146754	1483.2935759697075	0.3
814.222878074848	750	13.703752634161196	0.0	379700	4100.171264602984	0.3
818.7589135256509	750	13.167717183358484	0.0	425781	4536.035450802712	0.75
822.1893423899502	750	13.737288319059125	0.0	277716	3430.4288642993583	0.75
830.5776408019814	750	9.348989907028024	0.0	400396	8388.298412031101	0.75
833.9261346673142	300	10.000496041695206	0.0	149029	3348.4938653328186	-0.15000000000000002
837.2759350102759	300	10.650695698733413	0.0	157421	3349.8003429617934	0.3
839.8859463045857	300	12.040684404423631	0.0	157488	2610.0112943097815	0.3
841.6166393161706	300	14.309991392838748	0.0	143881	1730.6930115848822	0.3
842.7065072906574	300	17.220123418351903	0.0	163444	1089.867974486844	0.3
845.4547940502895	750	18.471836658719987	0.0	401088	2748.286759631917	0.3
849.8218462549307	750	18.104784454078757	0.0	365161	4367.05220464123	0.75
852.1346382690609	750	19.791992439948558	0.0	321064	2312.7920141301993	0.75
854.611947446259	750	21.31468326275046	0.0	361565	2477.309177198098	0.75
856.8771000917233	750	23.049530617286145	0.0	378327	2265.1526454643126	0.75
859.1624867605524	750	24.76414394845707	0.0	390680	2285.3866688290773	0.75
861.2175855714659	750	26.70904513754358	0.0	345516	2055.0988109134887	0.75
869.2516748997418	1850	22.674955809267676	0.0	1025005	8034.089328275906	0.75
876.7365223138856	1850	19.190108395123783	0.0	886255	7484.847414143894	1.85
884.3053012966346	1850	15.621329412374843	0.0	973972	7568.778982748938	1.85
892.5108025289134	1850	11.4158281800961	0.0	958994	8205.501232278744	1.85
896.1353485601371	750	11.791282148872432	0.0	393804	3624.5460312236687	-0.3500000000000001
898.7451568166559	750	13.18147389235362	0.0	331053	2609.808256518811	0.75
904.9872475822842	1850	10.939383126725254	0.0	846370	6242.090765628367	0.75

