4424.650053361102	750	4.0	2.3226168467032533	450283	2322.6168467032535	-9.237252440823989
4425.66590065035	300	6.984152710752376	0.0	155580	1015.8472892476235	-0.15000000000000002
4426.803972482449	300	9.84608087865267	0.0	139857	1138.0718320997075	0.3
4427.954370049201	300	12.69568331190099	0.0	155432	1150.3975667516793	0.3
4430.594228596519	750	14.055824764582512	0.0	411561	2639.858547318478	0.3
4432.952963608556	750	15.697089752545617	0.0	318564	2358.735012036896	0.75
4436.110894063033	750	16.53915929806878	0.0	352642	3157.9304544768365	0.75
4441.073341807142	750	15.576711553959607	0.0	437162	4962.447744109171	0.75
4449.7540981560405	750	10.895955205061362	0.0	374758	8680.756348898245	0.75
4451.147270003644	300	13.502783357457835	0.0	139105	1393.1718476035278	-0.15000000000000002
4454.264767329676	750	14.38528603142511	0.0	353220	3117.4973260327242	0.3
4457.497775967072	750	15.152277394029648	0.0	405134	3233.0086373954623	0.75
4461.126540670753	750	15.523512690348635	0.0	386351	3628.764703681012	0.75
4466.714547399444	750	13.935505961656318	0.0	434409	5588.006728692319	0.75
4469.887836441544	750	14.762216919556629	0.0	337059	3173.2890420996887	0.75
4472.555481795002	750	16.094571566098185	0.0	366214	2667.6453534584452	0.75
4475.217062379574	750	17.432990981527027	0.0	360831	2661.5805845711593	0.75
4478.151123303943	750	18.498930057158447	0.0	372963	2934.0609243685785	0.75
4481.334890709968	750	19.315162651132276	0.0	405596	3183.7674060261697	0.75
4483.476289322787	750	21.173764038313895	0.0	350713	2141.3986128183838	0.75
4490.223902265756	1850	18.426151095345297	0.0	891604	6747.612942968596	0.75
4498.989280166275	1850	13.660773194824886	0.0	955231	8765.37790052041	1.85
4504.382150831629	750	12.26790252947167	0.0	401853	5392.870665353216	-0.3500000000000001
4508.319537393451	750	12.330515967648783	0.0	343800	3937.386561822888	0.75
4511.616967071601	750	13.033086289499069	0.0	359903	3297.4296781497123	0.75
4515.599339090997	750	13.050714270103088	0.0	379700	3982.3720193959816	0.75
4520.500844621055	750	12.149208740046056	0.0	425781	4901.505530057031	0.75
4522.87353469949	750	13.776518661610638	0.0	277716	2372.690078435418	0.75
4525.048849400452	750	15.601203960648698	0.0	400396	2175.3147009619415	0.75
4527.3757397720965	750	17.274313589004795	0.0	400508	2326.8903716439017	0.75
4529.644657517643	750	19.005395843457674	0.0	358218	2268.9177455471217	0.75
4532.121444443064	750	20.528608918036763	0.0	400322	2476.78692542091	0.75
4534.637498104575	750	22.012555256526404	0.0	369834	2516.053661510359	0.75
4544.160054491579	1850	16.489998869521514	0.0	1035329	9522.556387004892	0.75
4552.513489077514	1850	12.136564283587363	0.0	1026056	8353.43458593415	1.85
4555.213751633108	750	13.436301727993277	0.0	365161	2700.2625555940867	-0.3500000000000001
4557.244287205299	750	15.405766155802974	0.0	321064	2030.535572190304	0.75
4559.515140615153	750	17.134912745949055	0.0	361565	2270.8534098539185	0.75
4562.299907165061	750	18.350146196040065	0.0	378327	2784.7665499089917	0.75
4564.548126531925	750	20.101926829175735	0.0	390680	2248.2193668643276	0.75
4570.330927520819	1850	18.3191258402819	0.0	858450	5782.800988893836	0.75
4575.665005978659	1850	16.98504738244252	0.0	1025005	5334.0784578393805	1.85
4581.011917085517	1850	15.638136275584337	0.0	886255	5346.911106858184	1.85
4586.381175988075	1850	14.268877373026799	0.0	973972	5369.258902557538	1.85
4595.060932146218	1850	9.589121214883845	0.0	958994	8679.756158142955	1.85
4599.785001201645	750	8.865052159455646	0.0	393804	4724.069055428198	-0.3500000000000001
4602.252261816711	750	10.397791544390348	0.0	331053	2467.260615065298	0.75
4604.039943390728	750	12.610109970373196	0.0	314107	1787.6815740171512	0.75

