18976.88065193623	750	4.0	7.528019682657206	450283	7528.0196826572055	-31.62048463542598
18979.177006189297	300	5.7036457469296495	0.0	155580	2296.3542530703508	-0.15000000000000002
18981.18221186075	300	7.698440075476701	0.0	139857	2005.2056714529485	0.3
18987.954851707393	750	4.925800228835715	0.0	382355	6772.639846640986	0.3
18990.826221636155	300	6.05443030007196	0.0	163442	2871.3699287637546	-0.15000000000000002
18993.018757840677	300	7.861894095549013	0.0	126289	2192.536204522948	0.3
18998.14661446578	750	6.734037470448276	0.0	352642	5127.856625100737	0.3
19000.075289976263	300	8.805361959968035	0.0	173849	1928.6755104802394	-0.15000000000000002
19003.772420423935	750	9.108231512293532	0.0	374758	3697.130447674502	0.3
19009.562564215597	1200	7.318087720632023	0.0	560821	5790.14379166151	0.75
19013.37789912725	750	7.502752808980601	0.0	353220	3815.334911651422	0.3
19018.01170043858	750	6.86895149765099	0.0	405134	4633.801311329611	0.75
19019.918195169204	300	8.962456767026536	0.0	160746	1906.4947306244526	-0.15000000000000002
19025.403062402835	750	7.4775895333957445	0.0	434409	5484.867233630793	0.3
19030.17102070435	750	6.709631231878166	0.0	337059	4767.958301517578	0.75
19032.463688887845	300	8.416963048383433	0.0	138313	2292.668183494733	-0.15000000000000002
19037.20976417402	750	7.670887762209715	0.0	360831	4746.075286173718	0.3
19042.637677761704	750	6.24297417452569	0.0	372963	5427.9135876840255	0.75
19044.399580592195	300	8.481071344033154	0.0	165384	1761.9028304925355	-0.15000000000000002
19048.364705047916	750	8.515946888313376	0.0	350713	3965.124455719779	0.3
19053.03729268569	750	7.8433592505393195	0.0	386472	4672.587637774056	0.75
19057.59554644461	750	7.285105491621336	0.0	399894	4558.253758917984	0.75
19062.449081769624	750	6.431570166607729	0.0	401853	4853.535325013607	0.75
19064.221525219375	300	8.659126716856488	0.0	137654	1772.4434497512416	-0.15000000000000002
19068.228920782265	750	8.651731153965049	0.0	359903	4007.3955628914387	0.3
19073.017857598992	750	7.8627943372353934	0.0	379700	4788.936816729655	0.75
19077.662160136697	750	7.218491799532778	0.0	425781	4644.302537702616	0.75
19080.679087548804	750	8.201564387426064	0.0	277716	3016.927412106713	0.75
19085.837941086047	750	7.042710850183527	0.0	400396	5158.853537242538	0.75
19090.71908969613	750	6.161562240102392	0.0	400508	4881.148610081134	0.75
19092.5539689772	300	8.326682959027867	0.0	157421	1834.8792810745258	-0.15000000000000002
19096.386585949884	750	8.494065986348177	0.0	400322	3832.6169726796893	0.3
19100.275853158426	750	8.604798777805604	0.0	369834	3889.2672085425743	0.75
19104.465907708287	750	8.414744227943611	0.0	412837	4190.054549861992	0.75
19108.733466759364	750	8.147185176864403	0.0	401088	4267.559051079209	0.75
19112.913638273247	750	7.967013662981217	0.0	365161	4180.171513883185	0.75
19115.768080590435	750	9.112571345794446	0.0	321064	2854.4423171867716	0.75
19120.911720967557	1200	7.968930968672638	0.0	575591	5143.640377121807	0.75
19124.353835791135	750	8.526816145096877	0.0	378327	3442.1148235757623	0.3
19128.916730954694	750	7.963920981536042	0.0	390680	4562.895163560835	0.75
19133.005258977668	750	7.875392958563991	0.0	345516	4088.528022972051	0.75
19136.067669286258	750	8.812982649972952	0.0	384505	3062.4103085910388	0.75
19138.667275875043	750	10.213376061189143	0.0	372093	2599.606588783808	0.75
19143.143435043436	1200	9.737216892795837	0.0	634861	4476.159168393307	0.75
19148.192205673866	1200	8.688446262365263	0.0	630203	5048.770630430574	1.2
19152.19637580236	750	8.684276133870213	0.0	393804	4004.170128495051	0.3
19157.14892170468	750	7.731730231549414	0.0	331053	4952.545902320799	0.75
19162.713252475853	750	6.167399460375564	0.0	314107	5564.330771173851	0.75

