22627.940614826693	750	4.0	6.6911010369313795	450283	6691.10103693138	-28.021734458804932
22629.779677346996	300	6.160937479695716	0.0	155580	1839.0625203042848	-0.15000000000000002
22631.14869886834	300	8.791915958355675	0.0	139857	1369.0215213400395	0.3
22632.395458198327	300	11.545156628364916	0.0	155432	1246.7593299907599	0.3
22633.57138053925	300	14.369234287440888	0.0	163442	1175.9223409240274	0.3
22636.632383830278	750	15.308230996414862	0.0	318564	3061.0032910260247	0.3
22640.532143893095	750	15.408470933599185	0.0	352642	3899.7600628156774	0.75
22650.13267581225	750	9.807939014447484	0.0	437162	9600.531919151701	0.75
22653.669080679934	300	10.271534146761358	0.0	150710	3536.404867686125	-0.15000000000000002
22657.579591691323	300	10.36102313537423	0.0	139105	3910.511011387126	0.3
22662.468436261508	300	9.472178565189937	0.0	141840	4888.844570184293	0.3
22667.661786233686	300	8.27882859301292	0.0	156148	5193.349972177019	0.3
22671.937515156573	300	8.003099670123687	0.0	160746	4275.728922889232	0.3
22676.876090515998	300	7.064524310699188	0.0	179801	4938.575359424499	0.3
22679.896448485353	300	8.044166341344262	0.0	140051	3020.357969354926	0.3
22682.280458008434	300	9.660156818259917	0.0	138313	2384.0095230843453	0.3
22684.65973827538	300	11.280876551314295	0.0	143509	2379.280266945622	0.3
22687.35019530579	300	12.590419520902906	0.0	150616	2690.4570304113895	0.3
22690.899748355852	300	13.040866470842847	0.0	165384	3549.5530500600603	0.3
22694.87991017992	300	13.060704646773953	0.0	140881	3980.1618240688936	0.3
22696.764574246386	300	15.176040580306552	0.0	157671	1884.6640664674007	0.3
22697.950217559654	300	17.990397267039373	0.0	157812	1185.643313267178	0.3
22700.472598223314	750	19.468016603378935	0.0	401853	2522.3806636604368	0.3
22702.795645984097	750	21.144968842594686	0.0	343800	2323.0477607842518	0.75
22708.41298400747	1850	19.527630819223557	0.0	897976	5617.33802337113	0.75
22714.7265249712	1850	17.21408985549507	0.0	905935	6313.540963728482	1.85
22720.77985787243	1850	15.16075695426144	0.0	1076599	6053.332901233633	1.85
22725.117730026905	1850	14.82288479978627	0.0	758197	4337.8721544751725	1.85
22730.13963855408	1850	13.800976272614287	0.0	972798	5021.908527171982	1.85
22735.364521467232	1850	12.57609335945897	0.0	975811	5224.882913155318	1.85
22741.502951514794	1850	10.437663311895923	0.0	873429	6138.430047563046	1.85
22744.621642206945	750	11.318972619747981	0.0	400322	3118.6906921479426	-0.3500000000000001
22748.613640927335	750	11.326973899360926	0.0	369834	3991.9987203870555	0.75
22750.717037144983	750	13.223577681711426	0.0	412837	2103.396217649501	0.75
22753.077897336254	750	14.862717490436232	0.0	401088	2360.8601912751924	0.75
22755.18814895997	750	16.752465866724727	0.0	365161	2110.251623711505	0.75
22756.98609300878	750	18.954521817910578	0.0	321064	1797.9440488141472	0.75
22759.059455912706	750	20.88115891398659	0.0	361565	2073.3629039239904	0.75
22761.74552591879	750	22.195088907902594	0.0	378327	2686.070006083997	0.75
22764.88847359511	750	23.052141231584113	0.0	390680	3142.947676318483	0.75
22769.705954272828	1850	22.234660553862717	0.0	858450	4817.480677721394	0.75
22775.905755527092	1850	20.034859299599937	0.0	1025005	6199.801254262785	1.85
22781.77664267179	1850	18.163972154900275	0.0	886255	5870.88714469966	1.85
22787.167584577226	1850	16.77303024946589	0.0	973972	5390.941905434385	1.85
22794.392543055306	1850	13.548071771382187	0.0	958994	7224.958478083704	1.85
22801.975045784347	1850	9.965569042341558	0.0	982064	7582.502729040629	1.85
22803.99705987836	750	11.943554948330604	0.0	331053	2022.014094010954	-0.3500000000000001
22806.050826615272	750	13.889788211417612	0.0	314107	2053.7667369129927	0.75

