26499.673508508793	750	4.0	3.252274383373264	450283	3252.2743833732643	-13.234779848505035
26500.647368427955	300	7.026140080838887	0.0	155580	973.8599191611128	-0.15000000000000002
26502.403291580205	750	9.270216928590129	0.0	350812	1755.923152248758	0.3
26504.780128310606	1200	10.893380198189378	0.0	617681	2376.8367304007525	0.75
26507.061381618045	1200	12.61212689075177	0.0	652874	2281.2533074376083	1.2
26509.944931523518	1850	13.728576985281688	0.0	801058	2883.549905470081	1.2000000000000002
26516.271697902816	2850	11.401810605981597	0.0	1388403	6326.766379300092	1.85
26520.425578353475	1850	11.247930155323157	0.0	1060487	4153.880450658438	0.8500000000000001
26523.77691045069	1850	11.896598058104901	0.0	852833	3351.3320972182573	1.85
26529.348464066814	1850	10.325044441982785	0.0	913888	5571.553616122115	1.85
26532.059415250576	1200	11.614093258218935	0.0	607410	2710.951183763852	0.5499999999999999
26535.804974061517	1850	11.868534447281696	0.0	917428	3745.558810937239	1.2000000000000002
26539.770546782536	1850	11.902961726261857	0.0	946851	3965.5727210198384	1.85
26543.568293918033	1850	12.105214590763602	0.0	1036454	3797.747135498255	1.85
26547.147103414864	1850	12.526405093933057	0.0	821631	3578.8094968305454	1.85
26551.744010100774	1850	11.92949840802224	0.0	923170	4596.906685910817	1.85
26558.61524913182	1850	9.058259376975457	0.0	966699	6871.239031046784	1.85
26563.313704711058	1200	8.359803797739737	0.0	581493	4698.45557923572	0.5499999999999999
26566.254230420916	750	9.419278087877862	0.0	405596	2940.5257098618745	0.3
26569.347253441145	1200	10.32625506765162	0.0	586839	3093.0230202262437	0.75
26572.02464939999	1200	11.648859108803855	0.0	601738	2677.3959588477646	1.2
26576.781782558915	1850	10.891725949882627	0.0	955231	4757.133158921228	1.2000000000000002
26582.231332044055	1200	9.4421764647419	0.0	656471	5449.549485140726	0.5499999999999999
26586.534560317956	1200	9.138948190840958	0.0	536667	4303.2282739009415	1.2
26589.611049780142	1200	10.062458728653914	0.0	587236	3076.4894621870453	1.2
26591.693057975004	1200	11.980450533790867	0.0	590335	2082.008194863046	1.2
26596.827380189272	1850	10.84612831952299	0.0	1076599	5134.322214267877	1.2000000000000002
26598.584715884146	1200	13.088792624651454	0.0	487160	1757.3356948715361	0.5499999999999999
26605.38588461289	2850	10.287623895908455	0.0	1498470	6801.168728742999	1.2000000000000002
26610.250059658993	1200	9.423448849802114	0.0	641447	4864.175046106342	-0.44999999999999996
26614.24545292333	1200	9.42805558546887	0.0	570392	3995.393264333243	1.2
26618.904694644232	1200	8.768813864566889	0.0	620283	4659.24172090198	1.2
26621.208115432473	750	10.465393076324105	0.0	369834	2303.420788242786	0.3
26624.7477277157	1200	10.925780793098717	0.0	670129	3539.6122832253873	0.75
26627.013017225734	1200	12.660491283064683	0.0	690253	2265.2895100340343	1.2
26631.08699085569	1850	12.586517653109645	0.0	943942	4073.973629955037	1.2000000000000002
26633.836674009817	1850	13.836834498981354	0.0	728962	2749.6831541282913	1.85
26638.508207684856	2850	13.165300823944163	0.0	1499009	4671.533675037193	1.85
26642.984217381643	2850	12.689291127155688	0.0	1427478	4476.009696788476	2.85
26651.004501181418	1850	8.669007327380598	0.0	930577	8020.283799775091	0.8500000000000001
26654.821709549797	750	8.851798959004899	0.0	345516	3817.208368375699	-0.3500000000000001
26658.350134604447	750	9.323373904352932	0.0	384505	3528.4250546519647	0.75
26661.872059496887	1200	9.801449011913531	0.0	599477	3521.924892439402	0.75
26667.061802521508	1200	8.611705987290643	0.0	634861	5189.743024622888	1.2
26670.179314474703	750	9.494194034095772	0.0	398987	3117.5119531948717	0.3
26673.67776888962	1200	9.995739619175824	0.0	638661	3498.4544149199487	0.75
26676.243929371034	1200	11.429579137765081	0.0	538612	2566.160481410742	1.2
26679.61417818231	1850	12.059330326486668	0.0	846370	3370.2488112784135	1.2000000000000002

