20765.387867914378	750	4.0	4.955564253110452	450283	4955.564253110451	-20.55892628837494
20768.489738111235	300	4.898129803144833	0.0	155580	3101.870196855167	-0.15000000000000002
20773.021807361703	300	4.366060552675044	0.0	139857	4532.06925046979	0.3
20777.482365433374	300	4.0	0.09449751899309194	155432	4460.558071668135	-0.10633933167029536
20781.684939841496	300	4.0	0.20257440812354435	163442	4202.574408123544	-0.5710699549312408
20784.246576322068	300	5.4383635194307365	0.0	126289	2561.6364805692638	0.3
20787.791324717677	300	5.893615123821788	0.0	153295	3544.7483956089477	0.3
20791.965667920045	300	5.719271921455934	0.0	173849	4174.343202365854	0.3
20795.679355922835	300	6.005583918662889	0.0	150710	3713.6880027930442	0.3
20800.34948421111	300	5.335455630391578	0.0	139105	4670.128288271311	0.3
20805.88517857225	300	4.0	0.20023873074991025	141840	5535.694361141488	-0.5610265422246141
20809.303522124126	300	4.5816564481259725	0.0	156148	3418.343551874027	0.3
20811.953594392056	300	5.931584180193429	0.0	160746	2650.0722679325436	0.3
20814.130134128503	300	7.755044443746576	0.0	179801	2176.5397364468536	0.3
20816.245526097275	300	9.639652474976108	0.0	140051	2115.3919687704674	0.3
20818.864726692558	300	11.020451879694862	0.0	138313	2619.200595281248	0.3
20821.53498951662	300	12.350189055631322	0.0	143509	2670.2628240635395	0.3
20822.965913427528	300	14.919265144724124	0.0	150616	1430.9239109071982	0.3
20824.19399863265	300	17.691179939601383	0.0	165384	1228.0852051227403	0.3
20827.34993999022	750	18.53523858202893	0.0	350713	3155.941357572454	0.3
20830.718361364565	750	19.166817207685504	0.0	386472	3368.4213743434275	0.75
20834.568554889393	750	19.316623682858182	0.0	399894	3850.1935248273244	0.75
20837.559656079637	750	20.325522492613658	0.0	401853	2991.101190244523	0.75
20841.935767025498	750	19.94941154675273	0.0	343800	4376.110945860928	0.75
20851.366848081994	750	14.518330490254993	0.0	359903	9431.081056497736	0.75
20855.07232088688	300	14.812857685370199	0.0	153938	3705.4728048847933	-0.15000000000000002
20863.174655087943	750	10.710523484306915	0.0	425781	8102.334201063284	0.3
20864.447927462283	300	13.437251109967148	0.0	111155	1273.272374339767	-0.15000000000000002
20866.472691289582	300	15.412487282667492	0.0	153605	2024.763827299658	0.3
20868.579899190026	300	17.305279382223336	0.0	149029	2107.2079004441566	0.3
20872.275768457817	750	17.60941011443033	0.0	358218	3695.8692677930067	0.3
20876.91045320277	750	16.97472536947982	0.0	400322	4634.684744950507	0.75
20879.6447619665	750	18.240416605749356	0.0	369834	2734.308763730464	0.75
20882.257050461365	750	19.628128110882752	0.0	412837	2612.2884948666033	0.75
20885.130060791707	750	20.755117780540182	0.0	401088	2873.0103303425703	0.75
20887.719346874666	750	22.165831697582718	0.0	365161	2589.2860829574633	0.75
20891.917699414233	750	21.967479158016964	0.0	321064	4198.352539565755	0.75
20896.755288758523	750	21.129889813724578	0.0	361565	4837.589344292386	0.75
20899.1745071886	750	22.710671383647146	0.0	378327	2419.2184300774315	0.75
20901.595870801964	750	24.289307770284335	0.0	390680	2421.363613362809	0.75
20903.405931596542	750	26.479246975702416	0.0	345516	1810.060794581921	0.75
20910.423426688583	1850	23.461751883664125	0.0	1025005	7017.495092038291	0.75
20916.474750972968	1850	21.410427599278584	0.0	886255	6051.3242843855405	1.85
20922.58670984924	1850	19.298468723003495	0.0	973972	6111.95887627509	1.85
20932.70128405394	1850	13.18389451830469	0.0	958994	10114.574204698803	1.85
20938.761082283712	750	11.124096288533107	0.0	393804	6059.7982297715835	-0.3500000000000001
20942.849073427256	750	11.036105144989742	0.0	331053	4087.991143543365	0.75
20947.93631586447	750	9.948862707777579	0.0	314107	5087.242437212164	0.75

