19343.783811684458	750	4.0	6.650702047500183	450283	6650.702047500184	-27.84801880425079
19346.992143725834	300	4.7916679586228605	0.0	155580	3208.33204137714	-0.15000000000000002
19349.745241504803	300	6.038570179654275	0.0	139857	2753.0977789685853	0.3
19353.334730832023	300	6.449080852435839	0.0	155432	3589.4893272184354	0.3
19356.829054097154	300	6.9547575873057905	0.0	163442	3494.323265130049	0.3
19358.38461617281	300	9.399195511649754	0.0	126289	1555.5620756560363	0.3
19360.638204877185	300	11.145606807272678	0.0	153295	2253.5887043770767	0.3
19363.21343868895	300	12.570372995509178	0.0	173849	2575.233811763499	0.3
19365.623136708728	300	14.16067497572826	0.0	150710	2409.6980197809194	0.3
19368.151087269904	300	15.632724414555573	0.0	139105	2527.950561172686	0.3
19370.877835480664	300	16.905976203793937	0.0	141840	2726.7482107616383	0.3
19373.7571587517	300	18.02665293275635	0.0	156148	2879.3232710375887	0.3
19375.789576813873	300	19.99423487058342	0.0	160746	2032.4180621729286	0.3
19378.23358055775	300	21.550231126707583	0.0	179801	2444.003743875837	0.3
19380.178030218998	300	23.605781465455838	0.0	140051	1944.4496612517448	0.3
19384.364659553106	750	23.419152131350156	0.0	366214	4186.629334105685	0.3
19388.37379844315	750	23.41001324130564	0.0	360831	4009.138890044513	0.75
19392.848167762226	750	22.935643922228962	0.0	372963	4474.36931907668	0.75
19397.607089702997	750	22.176721981459774	0.0	405596	4758.921940769188	0.75
19402.44444031356	750	21.339371370898043	0.0	350713	4837.350610561729	0.75
19407.391203897027	750	20.392607787432578	0.0	386472	4946.763583465463	0.75
19411.060497065795	750	20.723314618664258	0.0	399894	3669.29316876832	0.75
19414.528503546208	750	21.25530813824843	0.0	401853	3468.006480415827	0.75
19417.70827384603	750	22.075537838427124	0.0	343800	3179.770299821305	0.75
19422.61688920181	750	21.166922482649216	0.0	359903	4908.615355777907	0.75
19427.54463184773	750	20.239179836728084	0.0	379700	4927.742645921135	0.75
19431.199829845464	750	20.58398183899465	0.0	425781	3655.1979977334327	0.75
19433.706938177223	750	22.076873507232104	0.0	277716	2507.1083317625466	0.75
19438.87937863226	750	20.904433052197447	0.0	400396	5172.4404550346535	0.75
19444.983547403965	750	18.80026428049071	0.0	400508	6104.16877170674	0.75
19451.56390934706	750	16.21990233739611	0.0	358218	6580.361943094598	0.75
19454.647036420138	750	17.136775264319024	0.0	400322	3083.1270730770825	0.75
19458.334410496012	750	17.449401188442817	0.0	369834	3687.374075876208	0.75
19465.03416865481	750	14.749643029642648	0.0	412837	6699.758158800171	0.75
19473.69577142768	750	10.088040256774137	0.0	401088	8661.602772868511	0.75
19481.394098942023	750	6.389712742430749	0.0	365161	7698.3275143433875	0.75
19482.873090050314	300	8.910721634140744	0.0	131610	1478.9911082900064	-0.15000000000000002
19484.16781216902	300	11.615999515434666	0.0	124011	1294.7221187060795	0.3
19485.660820083733	300	14.122991600718818	0.0	144254	1493.0079147158463	0.3
19489.204356643808	750	14.579455040645856	0.0	390680	3543.536560072962	0.3
19491.820501942315	750	15.963309742139726	0.0	345516	2616.145298506129	0.75
19494.758626192106	750	17.02518549234724	0.0	384505	2938.1242497924845	0.75
19498.013850529955	750	17.76996115450176	0.0	372093	3255.224337845481	0.75
19510.273545796892	1200	9.510265887563321	0.0	634861	12259.69526693844	0.75
19519.49949021591	750	4.284321468548538	0.0	398987	9225.944419014782	0.3
19522.536423438334	300	5.247388246123359	0.0	160064	3036.93322242518	-0.15000000000000002
19524.269504633416	300	7.514307051042479	0.0	137507	1733.0811950808795	0.3
19525.540849379548	300	10.242962304910586	0.0	118421	1271.3447461318926	0.3

