6063.295683331422	750	4.0	8.215266709904062	450283	8215.266709904063	-34.57564685258747
6066.3247451778425	300	4.97093815357864	0.0	155580	3029.0618464213608	-0.15000000000000002
6068.77841195971	300	6.517271371711869	0.0	139857	2453.6667818667706	0.3
6070.934361653564	300	8.361321677856907	0.0	155432	2155.9496938549614	0.3
6073.063766366255	300	10.231916965167043	0.0	163442	2129.404712689864	0.3
6074.637532761523	300	12.658150569897952	0.0	126289	1573.7663952690905	0.3
6076.002849978472	300	15.292833352949737	0.0	153295	1365.3172169482154	0.3
6077.582069669362	300	17.713613662059643	0.0	173849	1579.2196908900933	0.3
6080.700786968509	750	18.594896362911854	0.0	374758	3118.717299147789	0.3
6083.976127721845	750	19.319555609576163	0.0	362795	3275.340753335689	0.75
6087.266346017492	750	20.02933731392961	0.0	353220	3290.218295646555	0.75
6092.308626155972	750	18.987057175450214	0.0	405134	5042.280138479394	0.75
6095.5319731676655	750	19.76371016375691	0.0	386351	3223.3470116933063	0.75
6099.270782524308	750	20.02490080711356	0.0	434409	3738.8093566433495	0.75
6103.729845778871	750	19.565837552550022	0.0	337059	4459.06325456354	0.75
6107.256903780936	750	20.0387795504847	0.0	366214	3527.0580020653206	0.75
6110.105961229828	750	21.189722101593595	0.0	360831	2849.057448891107	0.75
6113.2312958622715	750	22.064387469149025	0.0	372963	3125.3346324445693	0.75
6117.866537075818	750	21.42914625560203	0.0	405596	4635.241213546994	0.75
6121.358835897119	750	21.93684743430206	0.0	350713	3492.2988212999685	0.75
6126.394142549343	1200	20.901540782077156	0.0	601738	5035.3066522249055	0.75
6132.271048504513	1200	19.024634826908127	0.0	616206	5876.905955169024	1.2
6140.095271037125	1200	15.200412294295504	0.0	656471	7824.222532612625	1.2
6147.875064727612	1200	11.4206186038089	0.0	536667	7779.793690486604	1.2
6151.156198310618	750	12.13948502080354	0.0	359903	3281.1335830053595	0.3
6154.152114849587	750	13.14356848183373	0.0	379700	2995.9165389698096	0.75
6157.820413563927	750	13.475269767494138	0.0	425781	3668.2987143395912	0.75
6160.562053492816	750	14.73362983860459	0.0	277716	2741.639928889548	0.75
6164.637460010371	750	14.658223321049165	0.0	400396	4075.4065175554265	0.75
6168.196668959074	750	15.099014372346957	0.0	400508	3559.2089487022076	0.75
6171.4031095347655	750	15.892573796655132	0.0	358218	3206.4405756918263	0.75
6175.021392536143	750	16.274290795278013	0.0	400322	3618.283001377118	0.75
6180.662762273323	1200	14.632921058098397	0.0	584349	5641.369737179617	0.75
6188.047663726693	1200	11.248019604728157	0.0	670129	7384.901453370238	1.2
6194.76666701146	1200	8.529016319960872	0.0	690253	6719.003284767285	1.2
6203.455906309911	1200	4.0	0.16022297848980088	598727	8689.239298450673	0.5110411924938562
6205.799428344696	300	5.6564779652148145	0.0	131610	2343.5220347851855	-0.6000000000000001
6206.961872935831	300	8.494033374079635	0.0	124011	1162.4445911351793	0.3
6208.29613499765	300	11.159771312260643	0.0	144254	1334.262061818991	0.3
6210.021780363051	300	13.434125946859407	0.0	149991	1725.645365401237	0.3
6212.043634213268	300	15.412272096642647	0.0	147968	2021.8538502167587	0.3
6213.677542043071	300	17.778364266838995	0.0	161857	1633.9078298036513	0.3
6217.810704971665	750	17.645201338245887	0.0	372093	4133.162928593109	0.3
6224.35144993722	750	15.104456372689455	0.0	438281	6540.74496555643	0.75
6227.6487498569595	750	15.807156452951242	0.0	398987	3297.2999197382146	0.75
6232.273978332977	1200	15.181927976933661	0.0	638661	4625.228476017581	0.75
6236.422513205019	1200	15.03339310489136	0.0	538612	4148.534872042301	1.2
6252.743989359939	2850	4.0	1.2880830500292086	1364537	16321.476154920569	-4.338757115125596

