10866.102960823675	750	4.0	2.287148895543779	450283	2287.148895543779	-9.084740250838248
10867.129636100639	300	6.973324723036945	0.0	155580	1026.6752769630546	-0.15000000000000002
10868.011160489463	300	10.09180033421328	0.0	139857	881.5243888236656	0.3
10870.152062809088	750	11.950898014589086	0.0	382355	2140.9023196241947	0.3
10872.235580181274	750	13.867380642402324	0.0	411561	2083.517372186761	0.75
10873.726259392786	750	16.376701430889703	0.0	318564	1490.679211512622	0.75
10875.481972005899	750	18.62098881777776	0.0	352642	1755.7126131119398	0.75
10883.015698287556	1850	15.087262536120416	0.0	1060487	7533.726281657344	0.75
10895.812250462974	1850	6.2907103607021275	0.0	852833	12796.55217541829	1.85
10898.871328256006	300	7.231632567670716	0.0	139105	3059.0777930314116	-1.25
10903.120094848204	300	6.9828659754718885	0.0	141840	4248.766592198827	0.3
10906.113416859098	300	7.989543964578752	0.0	156148	2993.322010893136	0.3
10908.92281444843	300	9.180146375247606	0.0	160746	2809.397589331145	0.3
10911.850632578697	300	10.252328244979118	0.0	179801	2927.8181302684884	0.3
10914.125884265499	300	11.977076558177577	0.0	140051	2275.251686801542	0.3
10916.060094615403	300	14.042866208273272	0.0	138313	1934.210349904306	0.3
10918.068352313585	300	16.0346085100917	0.0	143509	2008.2576981815703	0.3
10922.961293161583	750	15.141667662095427	0.0	372963	4892.940847996273	0.3
10929.529258396098	750	12.573702427579097	0.0	405596	6567.96523451633	0.75
10937.315351497391	750	8.787609326287104	0.0	350713	7786.093101291993	0.75
10940.829020892379	300	9.273939931297926	0.0	157671	3513.6693949891787	-0.15000000000000002
10943.912755830075	300	10.190204993602743	0.0	157812	3083.7349376951815	0.3
10947.774439073584	300	10.328521750092747	0.0	163927	3861.6832435099973	0.3
10951.33788800291	300	10.765072820767287	0.0	137654	3563.448929325459	0.3
10954.670123818056	300	11.432837005619948	0.0	146754	3332.2358151473395	0.3
10957.416572587852	300	12.686388235825598	0.0	153938	2746.44876979435	0.3
10959.083015279217	300	15.019945544460823	0.0	181901	1666.4426913647746	0.3
10961.470444032819	750	16.63251679085878	0.0	277716	2387.4287536020447	0.3
10964.31070334965	750	17.79225747402788	0.0	400396	2840.2593168309018	0.75
10967.023747407182	750	19.079213416496213	0.0	400508	2713.0440575316684	0.75
10969.322982584277	750	20.779978239399416	0.0	358218	2299.2351770967953	0.75
10971.75407701317	750	22.348883810506038	0.0	400322	2431.0944288933792	0.75
10973.937768950265	750	24.165191873412244	0.0	369834	2183.691937093792	0.75
10976.276064024014	750	25.8268967996635	0.0	412837	2338.2950737487445	0.75
10984.851476650012	1850	21.251484173665972	0.0	1026056	8575.41262599753	0.75
10993.318755451483	1850	16.784205372197736	0.0	943942	8467.27880146824	1.85
10999.95933157027	1850	14.143629253409417	0.0	728962	6640.576118788319	1.85
11007.502081844677	1850	10.600878979001632	0.0	938587	7542.750274407787	1.85
11012.26759265253	750	9.8353681711506	0.0	378327	4765.510807851031	-0.3500000000000001
11017.491372508206	750	8.611588315474163	0.0	390680	5223.779855676436	0.75
11020.481329460925	300	9.621631362755013	0.0	147968	2989.9569527191525	-0.15000000000000002
11023.471141121998	300	10.63181970168068	0.0	161857	2989.811661074331	0.3
11026.238515395777	300	11.86444542790096	0.0	145210	2767.3742737797197	0.3
11028.729888262245	300	13.373072561431558	0.0	172312	2491.372866469402	0.3
11031.836302994761	300	14.26665782891614	0.0	167025	3106.414732515419	0.3
11034.939276621995	300	15.163684201683123	0.0	160064	3102.9736272330156	0.3
11040.527031978949	750	13.575928844730532	0.0	331053	5587.755356952592	0.3
11042.935913315287	750	15.167047508391693	0.0	314107	2408.881336338837	0.75

