17334.066021141723	750	4.0	5.105653885378062	450283	5105.653885378062	-21.204311707125665
17338.221722881382	300	4.0	0.15570173966025685	155580	4155.701739660257	-0.8195174805391044
17340.67835631135	300	5.543366570032065	0.0	139857	2456.6334299679343	0.3
17341.964785446842	300	8.256937434542367	0.0	155432	1286.4291354896984	0.3
17342.952505294747	300	11.26921758663774	0.0	163442	987.7198479046284	0.3
17344.216902363558	750	14.004820517826547	0.0	318564	1264.397068811193	0.3
17345.72697373873	750	16.49474914265435	0.0	352642	1510.0713751721992	0.75
17347.646524959346	750	18.575197922038473	0.0	437162	1919.551220615874	0.75
17351.42349138402	1850	18.798231497363364	0.0	852833	3776.96642467511	0.75
17354.73336244891	1850	19.488360432467694	0.0	913888	3309.871064895675	1.85
17357.92052715534	1850	20.301195726041378	0.0	939819	3187.1647064263175	1.85
17360.9287381557	1850	21.29298472567942	0.0	917428	3008.211000361956	1.85
17363.962878103677	1850	22.258844777702535	0.0	946851	3034.1399479768825	1.85
17367.3561769841	1850	22.865545897279663	0.0	1036454	3393.298880422875	1.85
17370.123982822257	1850	24.097740059124124	0.0	821631	2767.8058381555393	1.85
17375.265361630405	1850	22.95636125097568	0.0	923170	5141.378808148447	1.85
17378.717667046854	1850	23.50405583452469	0.0	966699	3452.30541645099	1.85
17381.884432531657	1850	24.337290349721922	0.0	885714	3166.7654848027673	1.85
17385.40740743182	1850	24.81431544956307	0.0	987708	3522.974900158854	1.85
17389.331595840482	1850	24.890127040900992	0.0	923755	3924.1884086620776	1.85
17397.28002141394	1850	20.941701467442776	0.0	891604	7948.425573458215	1.85
17404.41680560985	1850	17.804917271532126	0.0	955231	7136.78419591065	1.85
17413.177342810584	1850	13.044380070794984	0.0	968026	8760.53720073714	1.85
17418.875209426464	750	11.346513454919785	0.0	343800	5697.8666158752	-0.3500000000000001
17422.135681248034	750	12.086041633347508	0.0	359903	3260.471821572276	0.75
17425.9952488722	750	12.22647400918126	0.0	379700	3859.5676241662486	0.75
17429.884772811034	750	12.336950070351111	0.0	425781	3889.5239388301484	0.75
17432.62993936756	750	13.591783513819832	0.0	277716	2745.166556531279	0.75
17436.583476324045	750	13.638246557339484	0.0	400396	3953.536956480347	0.75
17439.715011143908	750	14.506711737476282	0.0	400508	3131.5348198632028	0.75
17443.41481486145	750	14.806908019935323	0.0	358218	3699.80371754096	0.75
17446.815200646037	750	15.406522235351787	0.0	400322	3400.385784583536	0.75
17449.599917962965	750	16.621804918423017	0.0	369834	2784.717316928771	0.75
17453.39688022297	750	16.824842658417293	0.0	412837	3796.9622600057282	0.75
17456.386793760095	750	17.834929121290227	0.0	401088	2989.913537127063	0.75
17458.67109873862	750	19.550624142762274	0.0	365161	2284.3049785279522	0.75
17461.88814418379	750	20.33357869759172	0.0	321064	3217.0454451705555	0.75
17465.635305596246	750	20.586417285137472	0.0	361565	3747.161412454247	0.75
17470.37352724885	750	19.848195632537937	0.0	378327	4738.2216525995345	0.75
17475.33336569306	750	18.88835718832647	0.0	390680	4959.838444211466	0.75
17477.850440181617	750	20.371282699766745	0.0	345516	2517.074488559728	0.75
17480.27994001764	750	21.941782863741356	0.0	384505	2429.4998360253867	0.75
17483.162482227286	750	23.059240654096953	0.0	372093	2882.5422096444036	0.75
17487.514470772363	750	22.70725210901916	0.0	438281	4351.9885450777965	0.75
17491.115178659078	750	23.10654422230474	0.0	398987	3600.7078867144155	0.75
17493.624263029677	750	24.597459851706827	0.0	393804	2509.0843705979178	0.75
17502.5897659605	1850	19.631956920882228	0.0	830730	8965.5029308246	0.75
17513.06433883543	1850	13.157384045952018	0.0	846370	10474.57287493021	1.85

