11569.624054702428	750	4.0	2.1451274043719923	450283	2145.1274043719923	-8.474047838799567
11570.190633892764	300	7.433420809663336	0.0	155580	566.5791903366634	-0.15000000000000002
11572.971336133854	750	8.65271856857198	0.0	350812	2780.702241091355	0.3
11578.986269139983	750	6.637785562444141	0.0	382355	6014.933006127841	0.75
11580.788615341522	300	8.83543936090474	0.0	163442	1802.3462015394002	-0.15000000000000002
11581.887911595677	300	11.736143106750568	0.0	126289	1099.2962541541729	0.3
11583.173783293098	300	14.450271409328245	0.0	153295	1285.8716974223232	0.3
11586.688058145519	750	14.935996556906483	0.0	437162	3514.274852421762	0.3
11590.323111645104	750	15.30094305732204	0.0	374758	3635.053499584443	0.75
11593.403791988301	750	16.220262714123933	0.0	362795	3080.680343198109	0.75
11596.338404552595	750	17.285650149832495	0.0	353220	2934.6125642914385	0.75
11599.592638459013	750	18.031416243412707	0.0	405134	3254.233906419787	0.75
11603.745373450975	750	17.878681251452704	0.0	386351	4152.73499196	0.75
11607.461682243047	750	18.16237245937973	0.0	434409	3716.308792072978	0.75
11611.559959453918	750	18.06409524850912	0.0	337059	4098.277210870609	0.75
11615.995915846197	750	17.628138856230667	0.0	366214	4435.95639227845	0.75
11619.198594665088	750	18.42546003733919	0.0	360831	3202.678818891478	0.75
11622.28368517745	750	19.340369524978186	0.0	372963	3085.090512361003	0.75
11625.277204064652	750	20.346850637775074	0.0	405596	2993.5188872031094	0.75
11628.118563383576	750	21.50549131885254	0.0	350713	2841.359318922536	0.75
11631.183036005858	750	22.44101869656906	0.0	386472	3064.4726222834806	0.75
11634.328584856648	750	23.295469845779195	0.0	399894	3145.548850789862	0.75
11637.66109765434	750	23.96295704808827	0.0	401853	3332.512797690923	0.75
11640.456873302093	750	25.167181400334126	0.0	343800	2795.775647754146	0.75
11643.374785052441	750	26.24926964998657	0.0	359903	2917.9117503475577	0.75
11646.502259298535	750	27.121795403891742	0.0	379700	3127.474246094829	0.75
11656.527020583115	1850	21.097034119311584	0.0	1076599	10024.761284580161	0.75
11662.99692077528	1850	18.627133927148265	0.0	758197	6469.900192163317	1.85
11669.697016171061	1850	15.927038531364415	0.0	972798	6700.095395783851	1.85
11677.078917613719	1850	12.545137088708367	0.0	975811	7381.901442656048	1.85
11683.89992168484	1850	9.724133017586405	0.0	873429	6821.004071121961	1.85
11687.454251386853	750	10.169803315574951	0.0	400322	3554.329702011455	-0.3500000000000001
11690.51239411216	750	11.111660590267249	0.0	369834	3058.1427253077027	0.75
11695.030594195166	750	10.59346050726137	0.0	412837	4518.2000830058805	0.75
11700.120223351008	750	9.503831351418896	0.0	401088	5089.629155842474	0.75
11704.525643786392	750	9.098410916036345	0.0	365161	4405.420435382551	0.75
11705.993717951218	300	11.630336751210624	0.0	131610	1468.0741648257215	-0.15000000000000002
11707.345496780546	300	14.278557921881497	0.0	124011	1351.7788293291278	0.3
11711.023274070605	750	14.600780631822301	0.0	378327	3677.777290059196	0.3
11715.152147105855	750	14.47190759657115	0.0	390680	4128.873035251152	0.75
11719.162997248806	750	14.461057453620528	0.0	345516	4010.8501429506223	0.75
11724.593131549149	750	13.030923153276557	0.0	384505	5430.134300343971	0.75
11729.649982837813	750	11.974071864613506	0.0	372093	5056.851288663051	0.75
11742.06066458321	750	4.0	0.4366098807837188	438281	12410.681745397225	-1.1274224873699907
11748.389589391401	300	4.0	2.328924808191776	167025	6328.924808191776	-10.164376675224634
11754.181873353344	300	4.0	1.7922839619424358	160064	5792.283961942436	-7.406821036352474
11758.457122197677	300	4.0	0.27524884433323316	137507	4275.248844333233	-0.8835700306329024
11761.586252931014	300	4.870869266662188	0.0	118421	3129.1307333378118	0.3

