8552.451030849023	750	4.0	2.100206826790785	450283	2100.2068267907853	-8.280889355200376
8554.96915695476	750	5.481873894263046	0.0	398865	2518.126105736954	0.75
8555.872764267417	300	8.578266581605257	0.0	139857	903.6073126577874	-0.15000000000000002
8557.887891921848	750	10.563138927174048	0.0	382355	2015.1276544312095	0.3
8559.605319213608	750	12.84571163541366	0.0	411561	1717.427291760388	0.75
8563.102018090703	1850	13.34901275832026	0.0	801058	3496.6988770934004	0.75
8567.083351638734	1850	13.367679210288468	0.0	905515	3981.333548031791	1.85
8569.694168947828	750	14.756861901194414	0.0	437162	2610.8173090940545	-0.3500000000000001
8571.474323086168	750	16.976707762854268	0.0	374758	1780.154138340145	0.75
8573.07090287628	750	19.380127972743544	0.0	362795	1596.579790110726	0.75
8574.62851862749	750	21.822512221533493	0.0	353220	1557.61575121005	0.75
8577.882808126451	1850	22.56822272257316	0.0	917428	3254.2894989603287	0.75
8581.125043507229	1850	23.325987341794214	0.0	946851	3242.235380778949	1.85
8584.996504300547	1850	23.4545265484778	0.0	1036454	3871.4607933164116	1.85
8588.774743143393	1850	23.6762877056302	0.0	821631	3778.238842847601	1.85
8592.586834421212	1850	23.864196427810302	0.0	923170	3812.091277819899	1.85
8596.790475833499	1850	23.660555015522434	0.0	966699	4203.641412287872	1.85
8600.830503421865	1850	23.62052742715605	0.0	885714	4040.0275883663844	1.85
8604.185171841254	1850	24.265859007767272	0.0	987708	3354.668419388778	1.85
8608.705862527775	1850	23.745168321247935	0.0	923755	4520.690686519339	1.85
8613.710936336412	1850	22.74009451260899	0.0	891604	5005.073808638944	1.85
8617.119480139087	1850	23.33155070993668	0.0	955231	3408.5438026723145	1.85
8620.444088609132	1850	24.006942239890027	0.0	968026	3324.6084700466504	1.85
8624.079137266055	1850	24.371893582967633	0.0	874175	3635.048656922392	1.85
8628.02505740965	1850	24.425973439373053	0.0	897976	3945.9201435945793	1.85
8631.809643173314	1850	24.641387675708756	0.0	905935	3784.5857636642963	1.85
8642.378628161145	1850	18.0724026878785	0.0	1076599	10568.984987830256	1.85
8652.542710120506	1850	11.90832072851755	0.0	758197	10164.08195936095	1.85
8655.478665801731	750	12.972365047292348	0.0	400396	2935.955681225204	-0.3500000000000001
8657.679081488808	750	14.77194936021545	0.0	400508	2200.415687076898	0.75
8663.183634020312	1850	13.267396828713181	0.0	873429	5504.552531502268	0.75
8667.680509665452	1850	12.770521183572564	0.0	954453	4496.875645140616	1.85
8671.91210238444	1850	12.538928464584336	0.0	885062	4231.592718988228	1.85
8675.478769774287	1850	12.972261074739238	0.0	1035329	3566.667389845098	1.85
8676.638025664119	750	15.813005184905702	0.0	401088	1159.2558898335365	-0.3500000000000001
8679.66801782679	1850	16.78301302223542	0.0	943942	3029.992162670284	0.75
8682.248598702528	1850	18.202432146498634	0.0	728962	2580.580875736783	1.85
8685.47003081905	1850	18.981000029977796	0.0	938587	3221.4321165208394	1.85
8688.248399679687	1850	20.2026311693393	0.0	908665	2778.3688606384953	1.85
8692.035030759083	1850	20.416000089943932	0.0	930577	3786.6310793953653	1.85
8695.78644030457	1850	20.664590544457003	0.0	858450	3751.40954548693	1.85
8700.570025396068	1850	19.881005452958362	0.0	1025005	4783.58509149864	1.85
8704.18651128928	1850	20.264519559745743	0.0	886255	3616.48589321262	1.85
8708.123066675533	1850	20.327964173492116	0.0	973972	3936.555386253624	1.85
8712.490944747871	1850	19.960086101154047	0.0	958994	4367.8780723380705	1.85
8716.21158930889	1850	20.23944154013601	0.0	982064	3720.6445610180367	1.85
8719.29307256934	1850	21.157958279685452	0.0	830730	3081.4832604505555	1.85
8722.953589256702	1850	21.49744159232475	0.0	846370	3660.5166873606995	1.85

