176.951020029187	750	4.0	5.84241140162946	450283	5842.41140162946	-24.372369027006677
178.6843007749182	300	6.266719254268797	0.0	155580	1733.2807457312028	-0.15000000000000002
179.88558884399836	300	9.065431185188647	0.0	139857	1201.2880690801505	0.3
181.18680281878522	300	11.76421721040178	0.0	155432	1301.2139747868682	0.3
184.349272985392	750	12.601747043795015	0.0	411561	3162.4701666067635	0.3
186.51327536504533	750	14.437744664141679	0.0	318564	2164.002379653336	0.75
188.96757296972189	750	15.983447059465101	0.0	352642	2454.2976046765775	0.75
191.79539774392416	750	17.155622285262858	0.0	437162	2827.824774202245	0.75
194.10125364135666	750	18.849766387830336	0.0	374758	2305.8558974325206	0.75
196.13453127979136	750	20.81648874939564	0.0	362795	2033.2776384346978	0.75
198.5556016848014	750	22.395418344385593	0.0	353220	2421.070405010041	0.75
201.15565005393688	750	23.79536997525013	0.0	405134	2600.048369135468	0.75
203.43566099623044	750	25.515359032956564	0.0	386351	2280.0109422935643	0.75
210.35214985290713	1850	22.59887017627986	0.0	1036454	6916.488856676704	0.75
221.49649268693233	1850	15.454527342254684	0.0	821631	11144.342834025176	1.85
227.8511552068749	750	13.099864822312135	0.0	366214	6354.662519942549	-0.3500000000000001
233.73231528397838	750	11.218704745208646	0.0	360831	5881.160077103488	0.75
237.29282388528	750	11.658196143907023	0.0	372963	3560.508601301622	0.75
241.5027086607098	750	11.448311368477237	0.0	405596	4209.884775429788	0.75
245.05958731795064	750	11.891432711236368	0.0	350713	3556.878657240868	0.75
248.8084224368216	750	12.14259759236542	0.0	386472	3748.83511887095	0.75
251.66555321201437	750	13.285466817172624	0.0	399894	2857.130775192794	0.75
254.1107883479076	750	14.840231681279404	0.0	401853	2445.235135893221	0.75
256.3666263271202	750	16.58439370206683	0.0	343800	2255.837979212574	0.75
258.5149524198776	750	18.4360676093094	0.0	359903	2148.326092757431	0.75
261.295439840614	750	19.655580188573037	0.0	379700	2780.4874207363646	0.75
263.9665775067179	750	20.984442522469124	0.0	425781	2671.1376661039126	0.75
265.3382871958262	750	23.612732833360813	0.0	277716	1371.7096891083088	0.75
270.64477120001504	1850	22.30624882917197	0.0	972798	5306.484004188842	0.75
278.4843377493499	1850	18.466682279837116	0.0	975811	7839.566549334857	1.85
285.231367440406	1850	15.719652588781019	0.0	873429	6747.0296910560955	1.85
292.96101639603637	1850	11.99000363315067	0.0	954453	7729.6489556303495	1.85
298.627099428889	1850	10.323920600298043	0.0	885062	5666.083032852626	1.85
301.6857784772078	750	11.265241551979235	0.0	412837	3058.6790483188065	-0.3500000000000001
304.8116214067694	750	12.1393986224177	0.0	401088	3125.8429295615365	0.75
307.25909330684	750	13.69192672234709	0.0	365161	2447.47190007061	0.75
309.0638670807112	750	15.887152948475917	0.0	321064	1804.7737738711712	0.75
311.7437698751988	750	17.2072501539883	0.0	361565	2679.9027944876143	0.75
315.03317025180127	750	17.91784977738581	0.0	378327	3289.400376602489	0.75
319.03583560334795	750	17.91518442583914	0.0	390680	4002.665351546672	0.75
323.53359875999155	750	17.41742126919554	0.0	345516	4497.7631566435975	0.75
326.6300800860353	750	18.32093994315178	0.0	384505	3096.481326043757	0.75
328.8847413106281	750	20.066278718559026	0.0	372093	2254.6612245927545	0.75
331.53136308381625	750	21.41965694537088	0.0	438281	2646.6217731881493	0.75
333.85609403651733	750	23.09492599266983	0.0	398987	2324.7309527010493	0.75
336.1749500368932	750	24.77606999229388	0.0	393804	2318.8560003759503	0.75
340.8791083559525	1850	24.07191167323463	0.0	830730	4704.158319059251	0.75
346.4650703443147	1850	22.485949684872402	0.0	846370	5585.961988362227	1.85

