15036.74068675436	750	4.0	7.229722006325715	450283	7229.722006325715	-30.337804627200573
15039.223254721104	300	5.517432033254713	0.0	155580	2482.567966745287	-0.15000000000000002
15041.473932697108	300	7.266754057251941	0.0	139857	2250.6779760027725	0.3
15044.757747301188	300	7.982939453173061	0.0	155432	3283.8146040788806	0.3
15048.658689801015	300	8.081996953345817	0.0	163442	3900.9424998272434	0.3
15051.475474952225	300	9.265211802135669	0.0	126289	2816.785151210147	0.3
15054.722672150745	300	10.018014603615459	0.0	153295	3247.1971985202117	0.3
15057.284378954766	300	11.456307799592997	0.0	173849	2561.706804022462	0.3
15059.208259575984	300	13.532427178375375	0.0	150710	1923.8806212176214	0.3
15061.00438174572	300	15.736305008638867	0.0	139105	1796.1221697365083	0.3
15064.82154559037	750	15.919141163988439	0.0	353220	3817.1638446504267	0.3
15067.880681702616	750	16.86000505174326	0.0	405134	3059.136112245178	0.75
15070.80868783541	750	17.931998918948164	0.0	386351	2928.0061327950984	0.75
15075.89130800633	750	16.84937874802917	0.0	434409	5082.620170918991	0.75
15078.7875246351	750	17.953162119259897	0.0	337059	2896.2166287692758	0.75
15081.574196725027	750	19.1664900293311	0.0	366214	2786.672089928798	0.75
15084.829783941877	750	19.9109028124799	0.0	360831	3255.587216851199	0.75
15088.3173856326	750	20.4233011217584	0.0	372963	3487.6016907215026	0.75
15094.006504448082	750	18.73418230627482	0.0	405596	5689.1188154835745	0.75
15099.55872037738	750	17.181966376977805	0.0	350713	5552.2159292970155	0.75
15107.171427390811	750	13.569259363548571	0.0	386472	7612.7070134292335	0.75
15110.953866172285	750	13.786820582072435	0.0	399894	3782.4387814761353	0.75
15114.771317126651	750	13.969369627706065	0.0	401853	3817.450954366371	0.75
15119.752400780482	750	12.988285973876852	0.0	343800	4981.0836538292115	0.75
15127.92592112375	750	8.814765630609953	0.0	359903	8173.520343266901	0.75
15131.185223830193	300	9.555462924165939	0.0	153938	3259.3027064440143	-0.15000000000000002
15133.6829320924	300	11.05775466195825	0.0	181901	2497.7082622076878	0.3
15135.385804286183	300	13.354882468175347	0.0	111155	1702.8721937829037	0.3
15138.150723103952	300	14.589963650407634	0.0	153605	2764.918817767712	0.3
15140.288638271295	300	16.452048483065163	0.0	149029	2137.915167342475	0.3
15143.834056728358	750	16.906630026001988	0.0	358218	3545.418457063174	0.3
15147.477867714037	750	17.262819040323407	0.0	400322	3643.8109856785823	0.75
15151.856756201541	750	16.883930552817873	0.0	369834	4378.888487505533	0.75
15156.318906310149	750	16.4217804442108	0.0	412837	4462.150108607075	0.75
15159.667117664563	750	17.0735690897963	0.0	401088	3348.211354414499	0.75
15164.016264228556	750	16.72442252580162	0.0	365161	4349.146563994676	0.75
15169.578138133666	750	15.162548620693054	0.0	321064	5561.87390510857	0.75
15175.86721863645	750	12.873468117908638	0.0	361565	6289.080502784414	0.75
15184.342193188088	750	8.398493566269401	0.0	378327	8474.974551639238	0.75
15187.076246655006	300	9.664440099351243	0.0	149991	2734.053466918157	-0.15000000000000002
15188.962379621671	300	11.778307132685997	0.0	147968	1886.132966665245	0.3
15191.02618820678	300	13.714498547576355	0.0	161857	2063.8085851096416	0.3
15192.916434319153	300	15.824252435202908	0.0	145210	1890.2461123734463	0.3
15197.006757910262	750	15.733928844096207	0.0	438281	4090.3235911067018	0.3
15199.957155663402	750	16.783531090954252	0.0	398987	2950.397753141951	0.75
15202.875335789253	750	17.865350965104742	0.0	393804	2918.18012584951	0.75
15207.527150762367	750	17.213535991988582	0.0	331053	4651.814973116159	0.75
15209.967866789066	750	18.77281996529126	0.0	314107	2440.71602669732	0.75

