9263.987943067856	750	4.0	1.5823407749373364	450283	1582.3407749373364	-6.054065332230546
9265.576495070954	750	6.411447996900855	0.0	398865	1588.5520030991447	0.75
9267.234112412236	750	8.75383065561924	0.0	350812	1657.617341281615	0.75
9268.648744908458	750	11.339198159398642	0.0	382355	1414.632496220598	0.75
9270.062267987178	750	13.925675080678698	0.0	411561	1413.5230787199455	0.75
9271.472388232967	750	16.515554834888565	0.0	318564	1410.1202457901313	0.75
9275.00747004963	1850	16.9804730182259	0.0	905515	3535.0818166626646	0.75
9278.12453187257	1200	17.86341119528438	0.0	709534	3117.061822941521	0.5499999999999999
9281.43458917514	1850	18.553353892714526	0.0	852833	3310.0573025698563	1.2000000000000002
9284.930747792147	1850	19.057195275708448	0.0	913888	3496.1586170060805	1.85
9289.006353359877	1850	18.981589707979932	0.0	939819	4075.605567728514	1.85
9292.755033768897	1850	19.23290929895837	0.0	917428	3748.6804090215624	1.85
9297.072379529001	1850	18.91556353885466	0.0	946851	4317.345760103712	1.85
9301.491481741106	1850	18.496461326749262	0.0	1036454	4419.102212105393	1.85
9305.2735685807	1850	18.71437448715478	0.0	821631	3782.0868395944794	1.85
9309.202687099261	1850	18.78525596859435	0.0	923170	3929.1185185604318	1.85
9312.943241596015	1850	19.04470147184119	0.0	966699	3740.5544967531623	1.85
9317.540817805002	1850	18.447125262855593	0.0	885714	4597.576208985597	1.85
9324.097542519932	1850	15.89040054792429	0.0	987708	6556.7247149313025	1.85
9328.328383289396	1850	15.659559778462906	0.0	923755	4230.840769461383	1.85
9333.465736162852	1850	14.522206905005744	0.0	891604	5137.352873457163	1.85
9341.451231469355	1850	10.536711598502439	0.0	955231	7985.495306503305	1.85
9344.313675884216	750	11.674267183641975	0.0	401853	2862.4444148604657	-0.3500000000000001
9348.307499971364	750	11.680443096494237	0.0	343800	3993.824087147738	0.75
9351.37748302138	750	12.610460046477128	0.0	359903	3069.9830500171074	0.75
9354.288643835598	750	13.699299232258737	0.0	379700	2911.1608142183927	0.75
9357.926801005371	750	14.061142062487088	0.0	425781	3638.157169771648	0.75
9359.918128175219	750	16.069814892637602	0.0	277716	1991.3271698494852	0.75
9362.929049412127	750	17.058893655728735	0.0	400396	3010.9212369088687	0.75
9369.22580764331	750	14.76213542454631	0.0	400508	6296.758231182424	0.75
9376.30954643048	750	11.67839663737674	0.0	358218	7083.738787169569	0.75
9380.579051486098	750	11.408891581757471	0.0	400322	4269.50505561927	0.75
9384.451133408113	750	11.53680965974446	0.0	369834	3872.0819220130106	0.75
9389.803284740776	750	10.184658327080507	0.0	412837	5352.151332663952	0.75
9392.67738637706	750	11.310556690797469	0.0	401088	2874.1016362830374	0.75
9394.996018645115	750	12.991924422742017	0.0	365161	2318.6322680554536	0.75
9396.651876327109	750	15.336066740748588	0.0	321064	1655.8576819934274	0.75
9398.819306633106	750	17.16863643475216	0.0	361565	2167.4303059964304	0.75
9401.58453669548	750	18.4034063723766	0.0	378327	2765.230062375556	0.75
9405.02017361585	750	18.967769452006447	0.0	390680	3435.6369203701524	0.75
9407.689381833265	750	20.29856123459233	0.0	345516	2669.2082174141196	0.75
9410.394102044647	750	21.59384102320898	0.0	384505	2704.7202113833464	0.75
9412.564211359366	750	23.423731708492507	0.0	372093	2170.10931471647	0.75
9418.108735544094	1850	21.879207523763412	0.0	973972	5544.524184729096	0.75
9424.387082994212	1850	19.600860073647425	0.0	958994	6278.347450115985	1.85
9431.036854088034	1850	16.95108897982372	0.0	982064	6649.771093823705	1.85
9435.728430580395	1850	16.259512487464637	0.0	830730	4691.576492359084	1.85
9442.223670997158	1850	13.764272070701614	0.0	846370	6495.240416763021	1.85

