1089.9206053871685	750	4.0	6.308048004947866	450283	6308.0480049478665	-26.374606421275825
1092.950263097126	300	4.9703422900424306	0.0	155580	3029.6577099575693	-0.15000000000000002
1094.5578416161545	300	7.362763771014124	0.0	139857	1607.5785190283066	0.3
1096.51878148763	300	9.401823899538504	0.0	155432	1960.9398714756198	0.3
1098.9121876779757	300	11.008417709192697	0.0	163442	2393.406190345805	0.3
1100.3468363880968	300	13.573768999071778	0.0	126289	1434.6487101209204	0.3
1101.8257568975123	300	16.094848489656087	0.0	153295	1478.92050941569	0.3
1108.3024934470425	750	13.618111940125937	0.0	437162	6476.736549530151	0.3
1115.671836578089	750	10.248768809079676	0.0	374758	7369.343131046261	0.75
1118.2301343958536	300	11.690470991314834	0.0	139105	2558.297817764842	-0.15000000000000002
1120.4584539207206	300	13.462151466447922	0.0	141840	2228.3195248669135	0.3
1122.303306491486	300	15.617298895682396	0.0	156148	1844.8525707655267	0.3
1126.5189975574185	750	15.401607829750064	0.0	386351	4215.691065932331	0.3
1132.5759393202618	750	13.344666066906582	0.0	434409	6056.941762843483	0.75
1135.219921382729	750	14.700684004439335	0.0	337059	2643.982062467246	0.75
1137.617950566557	750	16.302654820611213	0.0	366214	2398.0291838281214	0.75
1139.9288635492064	750	17.991741837961758	0.0	360831	2310.9129826494554	0.75
1143.8962927774915	750	18.024312609676628	0.0	372963	3967.4292282851306	0.75
1147.7437608358998	750	18.176844551268427	0.0	405596	3847.468058408204	0.75
1150.472380399281	750	19.448224987887073	0.0	350713	2728.619563381354	0.75
1153.74126843854	750	20.17933694862835	0.0	386472	3268.8880392587203	0.75
1156.5705045086656	750	21.350100878502705	0.0	399894	2829.236070125649	0.75
1159.3523253539877	750	22.568280033180486	0.0	401853	2781.8208453222164	0.75
1162.2689328392244	750	23.65167254794391	0.0	343800	2916.607485236575	0.75
1164.9114039627311	750	25.009201424437038	0.0	359903	2642.4711235068735	0.75
1167.71782977119	750	26.202775615978165	0.0	379700	2806.4258084588714	0.75
1176.913208123583	1850	21.00739726358513	0.0	1076599	9195.37835239303	0.75
1183.6035799904123	1850	18.31702539675565	0.0	758197	6690.3718668294805	1.85
1191.3545880820684	1850	14.566017305099555	0.0	972798	7751.0080916560955	1.85
1197.5239563680818	1850	12.396649019086087	0.0	975811	6169.368286013467	1.85
1200.515123951897	750	13.405481435270847	0.0	358218	2991.167583815241	-0.3500000000000001
1203.747532244217	750	14.173073142951084	0.0	400322	3232.4082923197625	0.75
1206.7202528303096	750	15.200352556858364	0.0	369834	2972.720586092721	0.75
1209.8204978869858	750	16.100107500182055	0.0	412837	3100.24505667631	0.75
1213.3520336281604	750	16.568571759007494	0.0	401088	3531.5357411745617	0.75
1216.3881719018689	750	17.532433485298874	0.0	365161	3036.138273708616	0.75
1219.6217421090594	750	18.298863278108335	0.0	321064	3233.5702071905407	0.75
1222.877703972101	750	19.04290141506662	0.0	361565	3255.9618630417162	0.75
1226.3411029506328	750	19.579502436534806	0.0	378327	3463.3989785318136	0.75
1230.9224947986122	750	18.99811058855519	0.0	390680	4581.39184797962	0.75
1237.3062047449957	750	16.614400642171585	0.0	345516	6383.709946383601	0.75
1243.4006812971181	750	14.51992409004938	0.0	384505	6094.476552122208	0.75
1249.5627025682666	750	12.357902818900824	0.0	372093	6162.021271148556	0.75
1256.4434908248793	750	9.477114562287909	0.0	438281	6880.7882566129165	0.75
1258.3817479559857	300	11.538857431181615	0.0	167025	1938.2571311062927	-0.15000000000000002
1259.7720183391418	300	14.148587048025503	0.0	160064	1390.270383156112	0.3
1261.0015806974009	300	16.91902468976623	0.0	137507	1229.5623582592766	0.3
1263.0987785337734	750	18.821826853393645	0.0	314107	2097.197836372583	0.3

