12017.093060176663	750	4.0	4.3779972098671385	450283	4377.997209867139	-18.075388002428696
12018.351337940576	300	6.741722236087304	0.0	155580	1258.2777639126964	-0.15000000000000002
12019.396313773912	300	9.696746402752327	0.0	139857	1044.975833334976	0.3
12024.079372398075	1200	9.01368777858972	0.0	617681	4683.058624162607	0.29999999999999993
12029.108075745993	1200	7.984984430672345	0.0	652874	5028.703347917375	1.2
12031.551246364159	750	9.541813812505193	0.0	318564	2443.1706181671507	0.3
12035.277134971591	1200	9.81592520507387	0.0	561791	3725.8886074313227	0.75
12040.147011648403	1200	8.946048528261377	0.0	709534	4869.876676812494	1.2
12042.993659945945	750	10.099400230721063	0.0	374758	2846.648297540314	0.3
12048.143076015773	1200	8.949984160893019	0.0	560821	5149.416069828046	0.75
12051.47999215195	750	9.613068024714925	0.0	353220	3336.916136178093	0.3
12056.827856089352	1200	8.265204087312364	0.0	594078	5347.863937402561	0.75
12060.908518692138	750	8.184541484526916	0.0	386351	4080.662602785449	0.3
12066.885839814251	750	6.207220362413191	0.0	434409	5977.3211221137235	0.75
12068.42378967541	300	8.669270501254754	0.0	140051	1537.9498611584374	-0.15000000000000002
12071.580119121612	750	9.512941055050502	0.0	366214	3156.3294462042527	0.3
12076.903977792419	1200	8.189082384243209	0.0	617242	5323.858670807293	0.75
12080.033005773408	750	9.06005440325403	0.0	372963	3129.027980989178	0.3
12085.385550793211	1200	7.7075093834503186	0.0	639204	5352.545019803712	0.75
12088.397658056218	750	8.695402120444692	0.0	350713	3012.1072630056265	0.3
12091.523838475767	750	9.569221700895742	0.0	386472	3126.1804195489512	0.75
12096.02902842459	1200	9.064031752074449	0.0	616206	4505.189948821293	0.75
12101.508726738766	1200	7.584333437897102	0.0	656471	5479.698314177347	1.2
12105.241042295678	750	7.852017880985888	0.0	343800	3732.3155569112128	0.3
12108.137733076837	750	8.95532709982743	0.0	359903	2896.6907811584574	0.75
12110.779754127796	750	10.313306048867611	0.0	379700	2642.0210509598205	0.75
12116.226558563298	1200	8.866501613367651	0.0	696376	5446.804435499959	0.75
12118.693367866075	750	10.3996923105909	0.0	277716	2466.8093027767495	0.3
12124.633310119249	1200	8.459750057417104	0.0	622896	5939.942253173796	0.75
12128.85942716857	750	8.233633008096104	0.0	400508	4226.117049320999	0.3
12132.584499396327	750	8.508560780339598	0.0	358218	3725.072227756507	0.75
12136.493597704195	750	8.599462472472991	0.0	400322	3909.0983078666063	0.75
12140.339645795619	750	8.753414381048719	0.0	369834	3846.048091424272	0.75
12144.61418741739	750	8.478872759278623	0.0	412837	4274.541621770095	0.75
12148.231458604738	750	8.861601571930166	0.0	401088	3617.271187348459	0.75
12151.472905373648	750	9.620154803019897	0.0	365161	3241.4467689102685	0.75
12155.636236545883	1200	9.456823630785443	0.0	487812	4163.331172234453	0.75
12160.907521871875	1200	8.185538304791729	0.0	575591	5271.285325993715	1.2
12164.54470806395	750	8.54835211271832	0.0	378327	3637.1861920734095	0.3
12167.920838377662	750	9.172221799005136	0.0	390680	3376.130313713183	0.75
12174.972166238347	1200	6.120893938320981	0.0	566904	7051.327860684155	0.75
12178.184017643505	300	6.909042533161865	0.0	161857	3211.8514051591155	-0.6000000000000001
12180.949886745195	300	8.143173431473675	0.0	145210	2765.8691016881903	0.3
12185.286807526452	750	7.80625265021543	0.0	438281	4336.920781258245	0.3
12188.582844109007	750	8.51021606766207	0.0	398987	3296.036582553361	0.75
12192.13409810052	750	8.958962076148968	0.0	393804	3551.253991513101	0.75
12194.662216650344	750	10.430843526323827	0.0	331053	2528.118549825142	0.75
12199.26367677391	1200	9.829383402759335	0.0	550906	4601.460123564491	0.75

