11943.948940676375	750	4.0	2.005422751396268	450283	2005.4227513962683	-7.873317831003952
11946.182978198889	750	5.765962477485412	0.0	398865	2234.037522514588	0.75
11948.28566697971	750	7.663273696664623	0.0	350812	2102.6887808207885	0.75
11950.496327788222	750	9.452612888153697	0.0	382355	2210.6608085109256	0.75
11954.02114827736	1200	9.927792399015026	0.0	652874	3524.820489138672	0.75
11957.07438682455	1200	10.874553851824821	0.0	520315	3053.238547190204	1.2
11959.89947346767	1200	12.049467208704549	0.0	561791	2825.0866431202726	1.2
11964.65260652629	1200	11.296334150085025	0.0	709534	4753.133058619524	1.2
11967.850088465164	1200	12.098852211209937	0.0	584846	3197.4819388750875	1.2
11970.350917380616	1200	13.598023295757033	0.0	560821	2500.828915452904	1.2
11973.05937941514	1200	14.889561261232716	0.0	607410	2708.4620345243166	1.2
11977.122892370318	1850	14.82604830605409	0.0	917428	4063.5129551786263	1.2000000000000002
11981.57330904653	1850	14.375631629843069	0.0	946851	4450.416676211021	1.85
11987.02834668423	1850	12.920593992141649	0.0	1036454	5455.03763770142	1.85
11991.81244033896	1850	12.13650033741277	0.0	821631	4784.093654728879	1.85
11997.45894308158	1850	10.489997594793357	0.0	923170	5646.502742619413	1.85
12002.647670761988	1850	9.301269914385971	0.0	966699	5188.727680407385	1.85
12009.646497011394	1850	6.302443664979994	0.0	885714	6998.826249405978	1.85
12018.16821700844	1200	4.0	2.219276332066809	639204	8521.719997046803	-8.99288822788728
12020.192016608906	300	5.976200399534659	0.0	140881	2023.7996004653405	-0.6000000000000001
12022.510326680544	300	7.657890327896788	0.0	157671	2318.310071637871	0.3
12024.944576734455	300	9.22364027398432	0.0	157812	2434.2500539124685	0.3
12027.143976195988	300	11.024240812453131	0.0	163927	2199.399461531187	0.3
12028.211439547882	300	13.956777460558255	0.0	137654	1067.463351894877	0.3
12029.388897708674	300	16.779319299766012	0.0	146754	1177.4581607922423	0.3
12030.747340498316	300	19.420876510123453	0.0	153938	1358.4427896425605	0.3
12034.193880638204	750	19.974336370234475	0.0	425781	3446.540139888978	0.3
12036.474587027946	750	21.693629980492993	0.0	277716	2280.706389741485	0.75
12043.230756167759	1200	18.937460840681634	0.0	622896	6756.169139811359	0.75
12050.068244261209	1200	16.09997274723142	0.0	641447	6837.488093450213	1.2
12055.311003465033	1200	14.857213543407338	0.0	570392	5242.759203824081	1.2
12061.036287502528	1200	13.131929505912966	0.0	620283	5725.284037494374	1.2
12065.20166938077	750	12.966547627668817	0.0	369834	4165.381878244148	0.3
12072.824128794615	750	9.344088213825883	0.0	412837	7622.459413842935	0.75
12081.224828675184	750	4.943388333256405	0.0	401088	8400.699880569477	0.75
12085.03663751338	300	5.131579495060498	0.0	159914	3811.8088381959083	-0.15000000000000002
12087.128852692284	300	7.03936431615658	0.0	131610	2092.215178903918	0.3
12088.394549132532	300	9.773667875909462	0.0	124011	1265.6964402471178	0.3
12089.57416292586	300	12.594054082580163	0.0	144254	1179.6137933292973	0.3
12090.757592138641	300	15.410624869800403	0.0	149991	1183.4292127797626	0.3
12091.936693927635	300	18.23152308080602	0.0	147968	1179.1017889943796	0.3
12094.89525191887	750	19.27296508957071	0.0	384505	2958.55799123531	0.3
12097.467424187176	750	20.70079282126467	0.0	372093	2572.1722683060443	0.75
12101.081526704293	750	21.086690304147943	0.0	438281	3614.102517116728	0.75
12104.641103339829	750	21.527113668612184	0.0	398987	3559.5766355357605	0.75
12112.794386433874	1850	17.373830574567254	0.0	982064	8153.2830940449285	0.75
12120.258433509785	1850	13.909783498655747	0.0	830730	7464.047075911509	1.85
12135.37482762422	2850	4.0	1.206610615778569	1364537	15116.394114434315	-3.338425647847846

