20465.118135276964	750	4.0	2.855960794164828	450283	2855.9607941648283	-11.530631414908761
20465.927147261165	300	7.1909880157968455	0.0	155580	809.011984203154	-0.15000000000000002
20467.099881163194	750	10.018254113766275	0.0	350812	1172.7339020305694	0.3
20471.590954739855	1850	9.527180537108276	0.0	933276	4491.073576658	0.75
20477.191059100493	1850	7.927076176468734	0.0	996749	5600.1043606395415	1.85
20481.841161723085	1850	7.276973553878732	0.0	801058	4650.102622590002	1.85
20483.265969175325	750	9.85216610163834	0.0	352642	1424.8074522403901	-0.3500000000000001
20484.807933248707	750	12.310202028256496	0.0	437162	1541.964073381845	0.75
20488.446889510706	1850	12.67124576625719	0.0	852833	3638.9562619993044	0.75
20491.44995916003	1850	13.668176116932635	0.0	913888	3003.0696493245564	1.85
20495.267356413453	1850	13.85077886350741	0.0	939819	3817.397253425224	1.85
20497.0459807188	750	16.072154558157653	0.0	405134	1778.6243053497585	-0.3500000000000001
20498.898427416327	750	18.219707860632663	0.0	386351	1852.4466975249863	0.75
20501.422800251985	750	19.695335024979357	0.0	434409	2524.372835653309	0.75
20503.409914634747	750	21.708220642215643	0.0	337059	1987.1143827637159	0.75
20505.618544324432	750	23.49959095252832	0.0	366214	2208.6296896873214	0.75
20510.429569346285	1850	22.68856593067483	0.0	966699	4811.025021853489	0.75
20515.72122929041	1850	21.39690598655013	0.0	885714	5291.659944124703	1.85
20522.824439923537	1850	18.29369535342493	0.0	987708	7103.210633125201	1.85
20528.759681224255	1850	16.35845405270415	0.0	923755	5935.241300720778	1.85
20533.505803882883	1850	15.612331394080748	0.0	891604	4746.122658623404	1.85
20541.957971125998	1850	11.160164150965404	0.0	955231	8452.167243115344	1.85
20544.9558646055	750	12.16227067146163	0.0	401853	2997.893479503773	-0.3500000000000001
20548.057065416775	750	13.061069860186093	0.0	343800	3101.2008112755384	0.75
20551.7369699527	750	13.381165324260284	0.0	359903	3679.904535925809	0.75
20555.161533858463	750	13.956601418498249	0.0	379700	3424.563905762035	0.75
20559.612474845206	750	13.505660431758002	0.0	425781	4450.940986740246	0.75
20562.80455977318	750	14.313575503783358	0.0	277716	3192.084927974643	0.75
20566.366476355375	750	14.751658921588458	0.0	400396	3561.916582194901	0.75
20569.588196666973	750	15.529938609987678	0.0	400508	3221.720311600781	0.75
20571.734775264813	750	17.383360012148444	0.0	358218	2146.5785978392314	0.75
20573.82464955678	750	19.293485720185007	0.0	400322	2089.8742919634396	0.75
20586.195853181325	1850	10.922282095639074	0.0	885062	12371.203624545931	0.75
20588.823618284492	750	12.294516992470683	0.0	412837	2627.7651031683918	-0.3500000000000001
20591.036335601042	750	14.081799675921522	0.0	401088	2212.71731654916	0.75
20592.97968487304	750	16.138450403924985	0.0	365161	1943.3492719965354	0.75
20594.762906549033	750	18.355228727934286	0.0	321064	1783.2216759906996	0.75
20596.441509753193	750	20.676625523773836	0.0	361565	1678.6032041604471	0.75
20599.695727219714	1850	21.422408057251165	0.0	908665	3254.217466522673	0.75
20602.879081561878	1850	22.23905371509009	0.0	930577	3183.3543421610752	1.85
20605.88341336854	1850	23.234721908425758	0.0	858450	3004.33180666433	1.85
20609.03299102635	1850	24.085144250616914	0.0	1025005	3149.577657808844	1.85
20611.46994185284	1850	25.64819342412309	0.0	886255	2436.9508264938277	1.85
20613.961404777066	1850	27.156730499900362	0.0	973972	2491.462924222726	1.85
20616.959109017705	1850	28.159026259262184	0.0	958994	2997.7042406381756	1.85
20620.45939953049	1850	28.65873574647518	0.0	982064	3500.2905127870026	1.85
20623.732926742843	1850	29.385208534120345	0.0	830730	3273.527212354835	1.85
20626.937237438564	1850	30.180897838403034	0.0	846370	3204.31069571731	1.85

