14849.029270307221	750	4.0	1.6132241480558394	450283	1613.2241480558394	-6.186863836640109
14849.649427375649	300	7.379842931572882	0.0	155580	620.1570684271185	-0.15000000000000002
14851.143675468904	750	9.885594838317614	0.0	350812	1494.2480932552664	0.3
14853.929780475673	1200	11.099489831547082	0.0	617681	2786.1050067705337	0.75
14858.330977563364	1850	10.6982927438563	0.0	996749	4401.197087690782	1.2000000000000002
14860.534121743696	1200	12.495148563525683	0.0	520315	2203.144180330616	0.5499999999999999
14863.3136374009	1850	13.715632906322899	0.0	905515	2779.515657202784	1.2000000000000002
14868.454802250715	2850	12.574468056507827	0.0	1638769	5141.164849815071	1.85
14872.299681740442	1850	12.72958856677998	0.0	852833	3844.8794897278467	0.8500000000000001
14876.402270248249	1850	12.627000058972392	0.0	913888	4102.58850780759	1.85
14882.544664526986	1850	10.484605780236361	0.0	939819	6142.39427873603	1.85
14886.91217724663	1200	10.117093060592808	0.0	594078	4367.512719643552	0.5499999999999999
14891.803550492887	1200	9.225719814336808	0.0	624282	4891.373246256001	1.2
14898.270083082725	1200	6.759187224498506	0.0	687371	6466.532589838302	1.2
14899.554119287686	300	9.475151019535616	0.0	140051	1284.0362049628895	-0.6000000000000001
14903.881904876947	1200	9.1473654302748	0.0	587876	4327.785589260817	0.29999999999999993
14907.394872895067	1200	9.634397412154073	0.0	617242	3512.9680181207277	1.2
14910.436621875593	1200	10.592648431628016	0.0	581493	3041.748980526057	1.2
14913.54823973915	1200	11.481030568070965	0.0	639204	3111.6178635570504	1.2
14923.830422824098	1850	5.198847483122702	0.0	923755	10282.183084948263	1.2000000000000002
14925.564022881568	300	7.465247425653868	0.0	157671	1733.6000574688328	-1.25
14928.943939649598	750	8.085330657623361	0.0	399894	3379.9167680305077	0.3
14931.730517892405	750	9.298752414817514	0.0	401853	2786.578242805846	0.75
14935.669790164915	1200	9.35948014230615	0.0	536667	3939.2722725113636	0.75
14938.583044419402	1200	10.446225887820205	0.0	587236	2913.254254485946	1.2
14940.538047096114	1200	12.491223211110404	0.0	590335	1955.0026767098009	1.2
14944.311364284178	1850	12.717906023045405	0.0	1076599	3773.317188064999	1.2000000000000002
14946.907919404377	1850	14.121350902848055	0.0	758197	2596.5551201973494	1.85
14950.947887996259	2850	14.081382310966127	0.0	1498470	4039.968591881926	1.85
14954.910610652116	2850	14.118659655109438	0.0	1561263	3962.7226558566904	2.85
14959.40313295086	2850	13.62613735636573	0.0	1341201	4492.522298743709	2.85
14965.893272257312	2850	11.135998049913072	0.0	1497683	6490.139306452657	2.85
14973.23465346243	1850	7.794616844794068	0.0	885062	7341.381205119004	0.8500000000000001
14975.766968352356	750	9.262301954867697	0.0	412837	2532.314889926371	-0.3500000000000001
14979.804012100421	1200	9.225258206804588	0.0	690253	4037.043748063108	0.75
14982.186072874212	1200	10.843197433013426	0.0	598727	2382.0607737911637	1.2
14984.900059988397	1200	12.129210318829985	0.0	487812	2713.98711418344	1.2
14988.79461803187	1850	12.234652275354804	0.0	938587	3894.5580434751782	1.2000000000000002
14992.98375862007	1850	12.045511687155217	0.0	908665	4189.140588199587	1.85
14996.83277590149	1850	12.196494405735098	0.0	930577	3849.0172814201205	1.85
15000.357537362488	1850	12.671732944738174	0.0	858450	3524.7614609969232	1.85
15004.450335602609	1850	12.578934704616413	0.0	1025005	4092.798240121761	1.85
15007.887791847454	1850	13.14147845977165	0.0	886255	3437.456244844763	1.85
15013.485264685847	2850	11.54400562137985	0.0	1587250	5597.472838391802	1.85
15016.922491992887	1850	12.106778314339822	0.0	958994	3437.227307040025	0.8500000000000001
15019.933322079785	1850	13.095948227441458	0.0	982064	3010.830086898366	1.85
15023.655352947877	2850	13.373917359349058	0.0	1231456	3722.0308680923986	1.85
15027.47295587885	2850	13.556314428377057	0.0	1364537	3817.602930972002	2.85

