8541.332416385108	750	4.0	2.100206826790785	450283	2100.2068267907853	-8.280889355200376
8542.395102133296	300	6.937314251812226	0.0	155580	1062.6857481877737	-0.15000000000000002
8543.315603123063	300	10.016813262044606	0.0	139857	920.5009897676201	0.3
8544.31679012012	300	13.01562626498846	0.0	155432	1001.1869970561445	0.3
8546.51905646766	750	14.813359917448837	0.0	411561	2202.266347539625	0.3
8547.971838764739	750	17.36057762036948	0.0	318564	1452.7822970793575	0.75
8549.531238053145	750	19.80117833196358	0.0	352642	1559.3992884059032	0.75
8554.021174928133	1850	19.31124145697495	0.0	1060487	4489.936874988625	0.75
8558.507557259645	1850	18.82485912546461	0.0	852833	4486.382331510343	1.85
8562.56195037584	1850	18.77046600926957	0.0	913888	4054.393116195038	1.85
8566.045846207191	1850	19.28657017791985	0.0	939819	3483.8958313497196	1.85
8569.247214992205	1850	20.085201392905542	0.0	917428	3201.368785014308	1.85
8572.48367779436	1850	20.8487385907508	0.0	946851	3236.462802154744	1.85
8577.147795188275	1850	20.18462119683413	0.0	1036454	4664.117393916671	1.85
8580.529809139096	1850	20.802607246015132	0.0	821631	3382.0139508189964	1.85
8584.597848314099	1850	20.734568071011164	0.0	923170	4068.0391750039716	1.85
8589.001862459272	1850	20.330553925837396	0.0	966699	4404.014145173765	1.85
8592.072123722513	1850	21.26029266259559	0.0	885714	3070.261263241809	1.85
8596.539039745807	1850	20.79337663930176	0.0	987708	4466.91602329383	1.85
8601.542320733792	1850	19.79009565131838	0.0	923755	5003.280987983378	1.85
8605.154472260012	1850	20.177944125098687	0.0	891604	3612.1515262196945	1.85
8608.318916752534	1850	21.013499632575854	0.0	955231	3164.444492522831	1.85
8612.235333678038	1850	21.097082707071237	0.0	968026	3916.4169255046186	1.85
8616.133823588048	1850	21.198592797061043	0.0	874175	3898.4899100101934	1.85
8619.848952025643	1850	21.48346435946735	0.0	897976	3715.1284375936934	1.85
8626.93750659744	1850	18.394909787670013	0.0	905935	7088.5545717973355	1.85
8641.153373412319	1850	8.179042972792686	0.0	1076599	14215.866814877329	1.85
8643.249982746944	750	10.082433638167204	0.0	277716	2096.609334625481	-0.3500000000000001
8645.727711949865	750	11.604704435245766	0.0	400396	2477.729202921436	0.75
8647.742522274912	750	13.589894110199037	0.0	400508	2014.81032504673	0.75
8649.707112788636	750	15.625303596474343	0.0	358218	1964.5905137246941	0.75
8653.03017718375	750	16.302239201361274	0.0	400322	3323.064395113069	0.75
8654.919481487255	750	18.41293489785573	0.0	369834	1889.3043035055418	0.75
8656.601468507062	750	20.73094787804912	0.0	412837	1681.9870198066126	0.75
8661.361157361605	1850	19.971259023504864	0.0	1026056	4759.688854544258	0.75
8664.565523080199	1850	20.76689330491321	0.0	943942	3204.3657185916536	1.85
8666.759007509207	1850	22.57340887590303	0.0	728962	2193.48442901018	1.85
8669.94057721745	1850	23.391839167659846	0.0	938587	3181.5697082431843	1.85
8672.795692139616	1850	24.53672424549317	0.0	908665	2855.1149221666797	1.85
8676.086863361956	1850	25.24555302315205	0.0	930577	3291.171222341121	1.85
8679.110410762987	1850	26.22200562212085	0.0	858450	3023.547401031199	1.85
8683.25187430264	1850	26.080542082470682	0.0	1025005	4141.463539650169	1.85
8687.496495577714	1850	25.835920807395553	0.0	886255	4244.62127507513	1.85
8691.926180141072	1850	25.40623624403556	0.0	973972	4429.684563359991	1.85
8695.535402995487	1850	25.79701338962011	0.0	958994	3609.2228544154514	1.85
8699.907607586556	1850	25.424808798551826	0.0	982064	4372.204591068283	1.85
8702.612074229823	1850	26.720342155283628	0.0	830730	2704.466643268197	1.85
8706.778164652533	1850	26.554251732574553	0.0	846370	4166.090422709076	1.85

