7131.57363917127	750	4.0	2.7931852023610926	450283	2793.1852023610927	-11.260696370152697
7132.2130018243515	300	7.360637346917347	0.0	155580	639.3626530826534	-0.15000000000000002
7133.5145358218015	750	10.05910334946829	0.0	350812	1301.5339974490587	0.3
7134.782808499913	750	12.790830671356966	0.0	382355	1268.2726781113224	0.75
7136.178288527327	750	15.395350643943255	0.0	411561	1395.4800274137108	0.75
7137.517492426528	750	18.05614674474106	0.0	318564	1339.2038992021935	0.75
7138.9343190106765	750	20.63932016059247	0.0	352642	1416.8265841485922	0.75
7143.574872444296	1850	19.998766726973944	0.0	1060487	4640.5534336185265	0.75
7147.022789334303	1850	20.55084983696676	0.0	852833	3447.9168900071854	1.85
7152.928235698113	1850	18.645403473156666	0.0	913888	5905.446363810093	1.85
7166.165294866492	1850	9.408344304777579	0.0	939819	13237.059168379086	1.85
7168.238028645124	300	11.335610526145565	0.0	156148	2072.7337786320136	-1.25
7169.460129396395	300	14.113509774875087	0.0	160746	1222.1007512704784	0.3
7172.540982706805	750	15.032656464465441	0.0	434409	3080.853310409646	0.3
7174.4085240875265	750	17.165115083743206	0.0	337059	1867.541380722236	0.75
7176.200247611511	750	19.373391559758335	0.0	366214	1791.7235239848696	0.75
7182.442366652736	1850	17.13127251853305	0.0	966699	6242.119041225288	0.75
7186.141064167548	1850	17.432575003721787	0.0	885714	3698.697514811261	1.85
7190.1821522380915	1850	17.391486933178026	0.0	987708	4041.088070543764	1.85
7193.068639818248	1850	18.504999353021457	0.0	923755	2886.487580156567	1.85
7195.572324633206	1850	20.001314538063365	0.0	891604	2503.6848149580896	1.85
7198.963465468047	1850	20.61017370322333	0.0	955231	3391.140834840032	1.85
7202.220008652652	1850	21.35363051861815	0.0	968026	3256.5431846051847	1.85
7204.925519240913	1850	22.648119930356472	0.0	874175	2705.510588261679	1.85
7208.598484216922	1850	22.97515495434733	0.0	897976	3672.9649760091406	1.85
7212.415168985193	1850	23.158470186075782	0.0	905935	3816.6847682715475	1.85
7217.49486026019	1850	22.078778911080178	0.0	1076599	5079.691274995602	1.85
7220.660952596423	1850	22.912686574846543	0.0	758197	3166.092336233637	1.85
7224.453582326101	1850	23.120056845169007	0.0	972798	3792.6297296775383	1.85
7228.99142054191	1850	22.582218629360938	0.0	975811	4537.838215808068	1.85
7231.394967897496	1850	24.178671273774288	0.0	873429	2403.547355586649	1.85
7235.795212920379	1850	23.778426250891144	0.0	954453	4400.245022883144	1.85
7239.4679738027435	1850	24.105665368526733	0.0	885062	3672.760882364412	1.85
7243.618148495547	1850	23.95549067572352	0.0	1035329	4150.1746928032135	1.85
7247.556656665059	1850	24.01698250621142	0.0	1026056	3938.5081695121016	1.85
7251.363086662975	1850	24.210552508296043	0.0	943942	3806.429997915376	1.85
7256.208871380249	1850	23.36476779102104	0.0	728962	4845.784717275003	1.85
7259.791622853502	1850	23.782016317767457	0.0	938587	3582.7514732535815	1.85
7262.788666566123	1850	24.784972605147942	0.0	908665	2997.043712619518	1.85
7265.814323517361	1850	25.759315653909297	0.0	930577	3025.656951238644	1.85
7268.892781865669	1850	26.68085730560024	0.0	858450	3078.458348309053	1.85
7271.966066551813	1850	27.607572619456565	0.0	1025005	3073.284686143676	1.85
7274.45481169115	1850	29.118827480119826	0.0	886255	2488.745139336736	1.85
7277.874415804608	1850	29.699223366661183	0.0	973972	3419.604113458644	1.85
7283.950845280542	1850	27.6227938907275	0.0	958994	6076.429475933679	1.85
7288.813905220609	1850	26.75973395066069	0.0	982064	4863.059940066815	1.85
7294.057353931551	1850	25.51628523971901	0.0	830730	5243.448710941678	1.85
7297.177327549724	1850	26.396311621544747	0.0	846370	3119.9736181742614	1.85

