1754.8101675929404	750	4.0	3.5333118074124745	450283	3533.3118074124745	-14.44324077187364
1756.3050764306558	300	6.5050911622846534	0.0	155580	1494.9088377153469	-0.15000000000000002
1757.880904132467	300	8.929263460473335	0.0	139857	1575.827701811319	0.3
1759.905708959501	300	10.904458633439283	0.0	155432	2024.804827034051	0.3
1761.4093120296084	300	13.400855563331891	0.0	163442	1503.6030701073907	0.3
1764.3331305036274	750	14.477037089312617	0.0	318564	2923.8184740192764	0.3
1767.2767731175409	750	15.53339447539914	0.0	352642	2943.642613913476	0.75
1774.0107315290627	750	12.799436063877424	0.0	437162	6733.958411521715	0.75
1778.0601573684673	750	12.750010224472604	0.0	374758	4049.425839404822	0.75
1781.4053013357398	750	13.404866257200457	0.0	362795	3345.1439672721476	0.75
1786.0411989101253	750	12.76896868281493	0.0	353220	4635.897574385526	0.75
1793.241514367969	750	9.568653224971273	0.0	405134	7200.315457843657	0.75
1794.6272553435692	300	12.182912249370988	0.0	160746	1385.7409756002855	-0.15000000000000002
1796.6932048268259	300	14.11696276611436	0.0	179801	2065.949483256627	0.3
1799.4303816023676	750	15.379785990572588	0.0	337059	2737.176775541773	0.3
1802.2427113435263	750	16.567456249414096	0.0	366214	2812.329741158491	0.75
1805.2948346997066	750	17.51533289323351	0.0	360831	3052.123356180585	0.75
1808.3916520977932	750	18.4185154951469	0.0	372963	3096.8173980866127	0.75
1811.6710724711606	750	19.139095121779548	0.0	405596	3279.4203733673485	0.75
1814.542301093352	750	20.267866499588088	0.0	350713	2871.2286221914615	0.75
1817.722253435627	750	21.087914157313172	0.0	386472	3179.9523422749144	0.75
1821.9109018838824	750	20.89926570905766	0.0	399894	4188.648448255512	0.75
1825.3456850095354	750	21.464482583404635	0.0	401853	3434.7831256530244	0.75
1827.8861605714303	750	22.924007021509706	0.0	343800	2540.4755618949316	0.75
1831.0498824658375	750	23.760285127102435	0.0	359903	3163.7218944072706	0.75
1834.6329130380814	750	24.17725455485877	0.0	379700	3583.030572243664	0.75
1838.7021052986881	750	24.108062294251823	0.0	425781	4069.192260606945	0.75
1845.379108616047	1850	21.431058976892817	0.0	758197	6677.003317359005	0.75
1853.4099834345166	1850	17.400184158423418	0.0	972798	8030.8748184694	1.85
1862.7928161551763	1850	12.01735143776358	0.0	975811	9382.832720659837	1.85
1872.5601712515706	1850	6.249996341369302	0.0	873429	9767.355096394278	1.85
1877.4401070749313	750	5.370060518008695	0.0	400322	4879.935823360607	-0.3500000000000001
1878.7375892835857	300	8.072578309354077	0.0	143881	1297.4822086546196	-0.15000000000000002
1880.1441380112171	300	10.66602958172283	0.0	163444	1406.5487276312454	0.3
1882.1952158382014	300	12.61495175473864	0.0	179328	2051.0778269841912	0.3
1887.8887670950905	750	10.921400497849307	0.0	365161	5693.551256889332	0.3
1893.2191205676559	750	9.591047025283977	0.0	321064	5330.353472565331	0.75
1894.30646286	300	12.503704732939738	0.0	124011	1087.3422923442388	-0.15000000000000002
1898.0370542091632	750	12.773113383776582	0.0	378327	3730.591349163155	0.3
1901.0555076168278	750	13.754659976112135	0.0	390680	3018.453407664447	0.75
1903.8292023263903	750	14.980965266549733	0.0	345516	2773.694709562403	0.75
1906.9875395147983	750	15.822628078141738	0.0	384505	3158.3371884079934	0.75
1910.1880837622614	750	16.622083830678516	0.0	372093	3200.544247463223	0.75
1913.5857076581926	750	17.224459934747326	0.0	438281	3397.6238959311886	0.75
1916.929600950285	750	17.88056664265493	0.0	398987	3343.893292092397	0.75
1920.9097220576043	750	17.90044553533573	0.0	393804	3980.121107319198	0.75
1923.9398424607284	750	18.870325132211452	0.0	331053	3030.120403124278	0.75
1926.3196086920777	750	20.49055890086233	0.0	314107	2379.7662313491232	0.75

