17153.367137346966	750	4.0	4.236019030700693	450283	4236.019030700693	-17.46488183201298
17154.509846364548	300	6.857290982416554	0.0	155580	1142.7090175834455	-0.15000000000000002
17155.987776432754	300	9.379360914208803	0.0	139857	1477.9300682077526	0.3
17157.68814678284	300	11.678990564121813	0.0	155432	1700.37035008699	0.3
17159.23275225908	300	14.134385087878595	0.0	163442	1544.605476243219	0.3
17161.282145448964	750	16.084991897994126	0.0	318564	2049.393189884467	0.3
17164.843019990734	750	16.524117356222924	0.0	352642	3560.8745417712034	0.75
17170.91847481931	750	14.44866252764875	0.0	437162	6075.454828574172	0.75
17178.228549213156	750	11.138588133801541	0.0	374758	7310.07439384721	0.75
17180.96620514487	300	12.400932202090543	0.0	139105	2737.655931710999	-0.15000000000000002
17182.709136889192	300	14.658000457765171	0.0	141840	1742.9317443253703	0.3
17185.383089842246	300	15.984047504713256	0.0	156148	2673.9529530519135	0.3
17192.750413477144	750	12.616723869811523	0.0	386351	7367.323634901733	0.3
17195.097953112945	300	14.269184234010757	0.0	179801	2347.539635800767	-0.15000000000000002
17197.548359980345	750	15.818777366612775	0.0	337059	2450.4068673979814	0.3
17200.086776492342	750	17.280360854614308	0.0	366214	2538.4165119984655	0.75
17202.491050635796	750	18.87608671115981	0.0	360831	2404.274143454497	0.75
17204.305863399506	750	21.061273947449664	0.0	372963	1814.8127637101497	0.75
17211.149660286723	1850	18.21747706023159	0.0	987708	6843.79688721807	0.75
17218.99407101276	1850	14.373066334199917	0.0	923755	7844.410726031674	1.85
17226.785125753515	1850	10.582011593442695	0.0	891604	7791.054740757221	1.85
17231.953378693182	750	9.413758653774206	0.0	399894	5168.25293966849	-0.3500000000000001
17235.28395776135	750	10.083179585609608	0.0	401853	3330.579068164598	0.75
17237.155179692963	750	12.211957653990194	0.0	343800	1871.2219316194157	0.75
17238.71432671544	750	14.652810631514479	0.0	359903	1559.147022475716	0.75
17240.25105766981	750	17.1160796771435	0.0	379700	1536.7309543709803	0.75
17245.843007604773	1850	15.524129742180822	0.0	1076599	5591.949934962677	0.75
17251.19103628669	1850	14.176101060266802	0.0	758197	5348.028681914019	1.85
17260.01119341714	1850	9.355943929816823	0.0	972798	8820.157130449981	1.85
17263.01706724904	750	10.350070097920034	0.0	400508	3005.873831896788	-0.3500000000000001
17266.960196698492	750	10.406940648467058	0.0	358218	3943.1294494529766	0.75
17268.659749379436	300	12.707387967520303	0.0	157488	1699.5526809467556	-0.15000000000000002
17269.97338179491	300	15.393755552047026	0.0	143881	1313.6324154732777	0.3
17271.533708374016	300	17.833428972940563	0.0	163444	1560.326579106463	0.3
17280.72048708197	750	12.646650264985146	0.0	401088	9186.778707955418	0.3
17291.67058241569	750	5.6965549312682615	0.0	365161	10950.095333716885	0.75
17295.986273369483	300	5.380863977471853	0.0	131610	4315.690953796408	-0.15000000000000002
17300.161299208296	300	5.205838138659795	0.0	124011	4175.025838812058	0.3
17304.62651837801	300	4.7406189689464195	0.0	144254	4465.219169713375	0.3
17309.45804549191	300	4.0	0.09090814495139603	149991	4831.527113897816	-0.09090502329100292
17313.752661873405	300	4.0	0.2946163814954325	147968	4294.6163814954325	-0.9668504404303597
17318.520355031327	300	4.0	0.7676931579206412	161857	4767.693157920641	-3.0010805790587574
17322.660215761298	300	4.0	0.13986072997099835	145210	4139.860729970998	-0.3014011388752929
17327.622693221234	300	4.0	0.9624774599374141	172312	4962.477459937414	-3.8386530777308803
17332.54947941391	300	4.0	0.9267861926738232	167025	4926.786192673823	-3.6851806284974398
17337.030243960155	300	4.0	0.48076454624354303	160064	4480.764546243543	-1.767287548847235
17339.182115240703	300	5.848128719449073	0.0	137507	2151.8712805509276	0.3
17340.475679349107	300	8.554564611047804	0.0	118421	1293.56410840127	0.3

