24503.833699780447	750	4.0	3.974865311257283	450283	3974.865311257283	-16.341920838406317
24505.01081880387	300	6.822880976576757	0.0	155580	1177.1190234232433	-0.15000000000000002
24505.893008626823	300	9.94069115362493	0.0	139857	882.1898229518268	0.3
24508.153005076223	750	11.680694704223905	0.0	382355	2259.9964494010264	0.3
24510.086008207913	750	13.74769157253356	0.0	411561	1933.0031316903444	0.75
24511.540620972784	750	16.29307880766205	0.0	318564	1454.6127648715108	0.75
24513.205016240692	750	18.628683539755016	0.0	352642	1664.3952679070355	0.75
24519.430422041783	1850	16.403277738664364	0.0	1060487	6225.405801090652	0.75
24523.008734028506	1850	16.824965751943527	0.0	852833	3578.3119867208393	1.85
24527.619440077204	1850	16.21425970324473	0.0	913888	4610.706048698799	1.85
24532.027225708673	1850	15.806474071777364	0.0	939819	4407.785631467364	1.85
24537.066477314394	1850	14.767222466053799	0.0	917428	5039.251605723566	1.85
24541.969007410553	1850	13.864692369895286	0.0	946851	4902.530096158513	1.85
24546.49996642186	1850	13.333733358585116	0.0	1036454	4530.9590113101685	1.85
24550.232633575968	1850	13.601066204477695	0.0	821631	3732.66715410742	1.85
24554.994225426242	1850	12.839474354205018	0.0	923170	4761.591850272676	1.85
24559.99921138859	1850	11.834488391859125	0.0	966699	5004.985962345892	1.85
24563.95650220704	1850	11.877197573409484	0.0	885714	3957.290818449641	1.85
24567.911490353046	1850	11.92220942739913	0.0	987708	3954.9881460103547	1.85
24570.92506075647	1850	12.908639023975802	0.0	923755	3013.5704034233277	1.85
24574.343462488796	1850	13.490237291651669	0.0	891604	3418.4017323241333	1.85
24578.14279904345	1850	13.690900736997776	0.0	955231	3799.3365546538935	1.85
24581.852194537074	1850	13.981505243373327	0.0	968026	3709.395493624448	1.85
24586.17025254519	1850	13.663447235254715	0.0	874175	4318.058008118613	1.85
24590.922663707697	1850	12.911036072751074	0.0	897976	4752.411162503639	1.85
24594.776491288445	1850	13.057208492002648	0.0	905935	3853.827580748426	1.85
24599.494470535163	1850	12.3392292452855	0.0	1076599	4717.979246717147	1.85
24604.142985281527	1850	11.690714498922869	0.0	758197	4648.51474636263	1.85
24613.445095740466	1850	6.3886040399829325	0.0	972798	9302.110458939937	1.85
24615.85547251632	750	7.9782272641290835	0.0	400508	2410.376775853849	-0.3500000000000001
24618.20651343676	750	9.627186343692333	0.0	358218	2351.0409204367506	0.75
24620.435661662865	750	11.398038117582653	0.0	400322	2229.1482261096808	0.75
24622.523367145215	750	13.310332635233506	0.0	369834	2087.705482349148	0.75
24625.006449774326	750	14.827250006123547	0.0	412837	2483.0826291099593	0.75
24627.46270521467	750	16.370994565775142	0.0	401088	2456.255440348407	0.75
24630.1783339881	750	17.655365792346696	0.0	365161	2715.628773428444	0.75
24632.614034274964	750	19.219665505481426	0.0	321064	2435.7002868652694	0.75
24636.10562136535	750	19.728078415096576	0.0	361565	3491.5870903848504	0.75
24642.406268201405	750	17.427431579043006	0.0	378327	6300.646836053575	0.75
24645.733152137953	750	18.100547642493442	0.0	390680	3326.8839365495614	0.75
24648.41303705938	750	19.4206627210641	0.0	345516	2679.8849214293386	0.75
24651.345872613427	750	20.48782716702032	0.0	384505	2932.8355540437815	0.75
24654.672461833612	750	21.161237946836636	0.0	372093	3326.589220183687	0.75
24660.95452847081	750	18.87917130963709	0.0	438281	6282.066637199544	0.75
24665.54367070436	750	18.29002907608916	0.0	398987	4589.142233547933	0.75
24668.604988879077	750	19.22871090136779	0.0	393804	3061.3181747213694	0.75
24670.992446759454	750	20.841253020991324	0.0	331053	2387.4578803764653	0.75
24672.98960952488	750	22.844090255567114	0.0	314107	1997.1627654242127	0.75

