8194.257571074759	750	4.0	5.460500454044817	450283	5460.500454044817	-22.730151952392713
8195.557125700358	300	6.700445374400823	0.0	155580	1299.5546255991767	-0.15000000000000002
8196.69461540333	300	9.562955671427938	0.0	139857	1137.489702972886	0.3
8197.888927765325	300	12.368643309431896	0.0	155432	1194.3123619960415	0.3
8200.658900022852	750	13.598671051905258	0.0	411561	2769.972257526638	0.3
8203.455578887513	750	14.801992187243327	0.0	318564	2796.678864661932	0.75
8205.847131654895	750	16.410439419862005	0.0	352642	2391.5527673813217	0.75
8209.060988542575	750	17.196582532181797	0.0	437162	3213.8568876802074	0.75
8212.272717518601	750	17.984853556156335	0.0	374758	3211.7289760254657	0.75
8214.971125434235	750	19.286445640522405	0.0	362795	2698.407915633928	0.75
8217.553727942803	750	20.703843131954525	0.0	353220	2582.6025085678802	0.75
8222.77042872691	750	19.48714234784706	0.0	405134	5216.7007841074665	0.75
8228.407043762392	750	17.850527312365422	0.0	386351	5636.6150354816355	0.75
8234.521992529284	750	15.735578545474386	0.0	434409	6114.948766891038	0.75
8237.339529352203	750	16.918041722554552	0.0	337059	2817.5368229198343	0.75
8241.834916575417	750	16.422654499339302	0.0	366214	4495.387223215248	0.75
8246.010864551676	750	16.246706523081365	0.0	360831	4175.947976257938	0.75
8251.443485728007	750	14.814085346750417	0.0	372963	5432.621176330948	0.75
8254.665315178934	750	15.592255895823158	0.0	405596	3221.8294509272578	0.75
8258.051650225812	750	16.20592084894615	0.0	350713	3386.3350468770104	0.75
8264.515260606324	750	13.742310468433622	0.0	386472	6463.610380512526	0.75
8269.507861400545	750	12.749709674212456	0.0	399894	4992.600794221168	0.75
8273.306187172644	750	12.951383902113587	0.0	401853	3798.3257720988695	0.75
8277.136182205166	750	13.12138886959217	0.0	343800	3829.9950325214168	0.75
8280.246526989311	750	14.011044085447892	0.0	359903	3110.344784144278	0.75
8282.74469160008	750	15.512879474677323	0.0	379700	2498.1646107705683	0.75
8285.438100264415	750	16.819470810342672	0.0	425781	2693.408664334652	0.75
8287.195074877694	750	19.062496197062245	0.0	277716	1756.9746132804262	0.75
8289.715669212474	750	20.54190186228393	0.0	400396	2520.5943347783186	0.75
8292.529139786388	750	21.72843128837013	0.0	400508	2813.4705739138	0.75
8294.782839300686	750	23.474731774072076	0.0	358218	2253.699514298053	0.75
8297.463130896875	750	24.794440177883715	0.0	400322	2680.29159618836	0.75
8303.381890756296	1850	22.875680318461818	0.0	885062	5918.7598594219	0.75
8309.172284370086	1850	21.085286704670967	0.0	1035329	5790.393613790853	1.85
8316.83260501765	1850	17.42496605710925	0.0	1026056	7660.320647561715	1.85
8322.010841370777	1850	16.24672970398069	0.0	943942	5178.236353128558	1.85
8326.479089586504	1850	15.778481488254277	0.0	728962	4468.248215726414	1.85
8332.17276947207	1850	14.084801602687715	0.0	938587	5693.679885566561	1.85
8340.665096577179	1850	9.592474497579529	0.0	908665	8492.327105108187	1.85
8344.54761216182	750	9.709958912938214	0.0	390680	3882.515584641315	-0.3500000000000001
8347.915364184983	750	10.342206889774848	0.0	345516	3367.752023163366	0.75
8351.497282776238	750	10.760288298520157	0.0	384505	3581.918591254692	0.75
8355.01293806309	750	11.244633011668276	0.0	372093	3515.6552868518825	0.75
8358.50761380304	750	11.749957271718952	0.0	438281	3494.6757399493235	0.75
8360.932486913325	750	13.32508416143424	0.0	398987	2424.87311028471	0.75
8363.342182518052	750	14.9153885567069	0.0	393804	2409.695604727342	0.75
8365.428202155705	750	16.8293689190531	0.0	331053	2086.019637653801	0.75
8367.372616215249	750	18.884954859510042	0.0	314107	1944.414059543059	0.75

