759.4469971389478	750	4.0	6.8100179178166504	450283	6810.017917816651	-28.533077046611595
760.6113124392667	300	6.835684699681131	0.0	155580	1164.3153003188686	-0.15000000000000002
761.5694459906885	300	9.877551148259398	0.0	139857	958.1335514217336	0.3
762.6985094335781	300	12.748487705369673	0.0	155432	1129.0634428897242	0.3
763.9932865722327	300	15.453710566715028	0.0	163442	1294.7771386546447	0.3
764.9598751378942	300	18.48712200105353	0.0	126289	966.5885656614953	0.3
768.8518599006069	1200	18.595137238340854	0.0	561791	3891.9847627126783	0.29999999999999993
773.928447854495	1200	17.51854928445289	0.0	709534	5076.587953887961	1.2
778.9958200625325	1200	16.451177076415252	0.0	584846	5067.372208037638	1.2
783.3270676360323	1200	16.11992950291548	0.0	560821	4331.247573499776	1.2
788.1390489040945	1200	15.307948234853297	0.0	607410	4811.981268062182	1.2
792.8368041024322	1200	14.610193036515524	0.0	594078	4697.755198337772	1.2
798.6605460892592	1200	12.786451049688575	0.0	624282	5823.741986826951	1.2
807.5824104857528	1200	7.864586653194949	0.0	687371	8921.864396493625	1.2
810.5554344217721	750	8.89156271717562	0.0	337059	2973.023936019328	0.3
814.0713326595481	750	9.375664479399562	0.0	366214	3515.898237776059	0.75
817.6968312864656	750	9.750165852482164	0.0	360831	3625.4986269173987	0.75
821.5130510502356	750	9.933946088712064	0.0	372963	3816.2197637700997	0.75
825.2632832242887	750	10.183713914659002	0.0	405596	3750.2321740530615	0.75
828.6590309997499	750	10.787966139197865	0.0	350713	3395.747775461137	0.75
832.0495492821547	750	11.397447856793079	0.0	386472	3390.5182824047856	0.75
835.8739996512517	750	11.572997487695998	0.0	399894	3824.45036909708	0.75
842.0548169183891	750	9.392180220558698	0.0	401853	6180.817267137302	0.75
845.7571862428423	750	9.68981089610542	0.0	343800	3702.3693244532774	0.75
847.473317071169	300	11.97368006777871	0.0	146754	1716.1308283267088	-0.15000000000000002
849.1829900079243	300	14.26400713102336	0.0	153938	1709.6729367553505	0.3
851.1019270459823	300	16.34507009296535	0.0	181901	1918.937038058007	0.3
852.4203502289198	300	19.02664691002795	0.0	111155	1318.423182937401	0.3
856.6490901880744	750	18.797906950873358	0.0	400396	4228.739959154591	0.3
864.4050476127977	750	15.04194952615006	0.0	400508	7755.957424723299	0.75
872.4609525238429	750	10.9860446151048	0.0	358218	8055.90491104526	0.75
875.1677351869715	300	12.27926195197627	0.0	157488	2706.7826631285293	-0.15000000000000002
877.0363539134395	300	14.410643225508334	0.0	143881	1868.6187264679352	0.3
878.111282524082	300	17.335714614865793	0.0	163444	1074.928610642542	0.3
879.4197977903916	300	20.027199348556184	0.0	179328	1308.515266309608	0.3
880.5075398849592	300	22.9394572539885	0.0	159914	1087.7420945676818	0.3
884.1368911299687	750	23.31010600897899	0.0	321064	3629.35124500951	0.3
887.1926618842476	750	24.25433525470001	0.0	361565	3055.7707542789794	0.75
891.1247513762542	1200	24.32224576269352	0.0	605884	3932.0894920064893	0.75
894.5417059478809	1200	24.905291191066695	0.0	587506	3416.954571626827	1.2
898.1702102691315	1200	25.276786869816092	0.0	566904	3628.5043212506034	1.2
903.2995932098871	1200	24.147403929060545	0.0	641452	5129.382940755549	1.2
908.2094039634255	1200	23.237593175522182	0.0	599477	4909.810753538361	1.2
916.6976767178845	1850	18.749320421063192	0.0	973972	8488.27275445899	1.2000000000000002
924.6903458664304	1850	14.75665127251721	0.0	958994	7992.669148545982	1.85
932.65736175385	1850	10.789635385097602	0.0	982064	7967.015887419608	1.85
938.8733028561406	1850	8.573694282807006	0.0	830730	6215.941102290596	1.85
945.0589156648032	1850	6.3880814741444	0.0	846370	6185.612808662606	1.85

