1424.2126898803272	750	4.0	1.9602828539084163	450283	1960.2828539084162	-7.67921627180619
1425.1705451456078	300	7.042144734719407	0.0	155580	957.8552652805936	-0.15000000000000002
1425.9731859972326	300	10.239503883094654	0.0	139857	802.6408516247513	0.3
1427.732886554696	750	12.479803325631064	0.0	382355	1759.7005574635896	0.3
1429.3378435722295	750	14.874846308097682	0.0	411561	1604.9570175333834	0.75
1430.5822204499623	750	17.630469430365025	0.0	318564	1244.3768777326547	0.75
1434.8206252310215	1850	17.392064649305652	0.0	905515	4238.404781059373	0.75
1438.9698963762364	1850	17.24279350409089	0.0	1060487	4149.27114521476	1.85
1442.4607098953252	1850	17.751979985002176	0.0	852833	3490.813519088715	1.85
1449.0526231672234	1850	15.16006671310402	0.0	913888	6591.913271898156	1.85
1456.8487700782305	1850	11.363919802096898	0.0	939819	7796.146911007122	1.85
1459.9906916842497	750	12.22199819607785	0.0	405134	3141.9216060190474	-0.3500000000000001
1463.3045518539193	750	12.908138026407988	0.0	386351	3313.860169669863	0.75
1467.528794121075	750	12.683895759252389	0.0	434409	4224.242267155598	0.75
1470.6989763114932	750	13.513713568834032	0.0	337059	3170.182190418357	0.75
1473.2608435324832	750	14.951846347843821	0.0	366214	2561.8672209902097	0.75
1475.6597785379897	750	16.552911342337268	0.0	360831	2398.9350055065497	0.75
1477.6295378918835	750	18.583151988443795	0.0	372963	1969.7593538934743	0.75
1479.3308769084701	750	20.881812971856995	0.0	405596	1701.3390165868009	0.75
1480.863386019849	750	23.349303860478173	0.0	350713	1532.509111378821	0.75
1485.0850183203754	1850	23.12767155995185	0.0	891604	4221.632300526323	0.75
1490.0307054855318	1850	22.18198439479547	0.0	955231	4945.687165156379	1.85
1495.1120986763851	1850	21.10059120394217	0.0	968026	5081.393190853301	1.85
1499.791886526898	1850	20.42080335342921	0.0	874175	4679.78785051296	1.85
1503.6530143510347	1850	20.55967552929248	0.0	897976	3861.1278241367327	1.85
1507.7795838865688	1850	20.4331059937583	0.0	905935	4126.569535534177	1.85
1513.7727353087118	1850	18.439954571615342	0.0	1076599	5993.151422142961	1.85
1518.2192123356917	1850	17.993477544635457	0.0	758197	4446.477026979882	1.85
1522.6109224817328	1850	17.601767398594358	0.0	972798	4391.710146041099	1.85
1526.1996880423765	1850	18.01300183795074	0.0	975811	3588.7655606436188	1.85
1529.7255548089968	1850	18.487135071330208	0.0	873429	3525.8667666205283	1.85
1532.528071819485	1850	19.68461806084216	0.0	954453	2802.517010488048	1.85
1535.8389002403235	1850	20.373789640003654	0.0	885062	3310.8284208385026	1.85
1540.2060023126276	1850	20.006687567699494	0.0	1035329	4367.102072304162	1.85
1543.0784221343802	1850	21.13426774594705	0.0	1026056	2872.419821752442	1.85
1544.6430204563082	1850	23.5696694240189	0.0	943942	1564.5983219281477	1.85
1546.6890918199604	1850	25.52359806036676	0.0	728962	2046.0713636521432	1.85
1549.3702076724562	1850	26.84248220787076	0.0	938587	2681.115852496001	1.85
1551.6833387080503	1850	28.529351172276627	0.0	908665	2313.13103559413	1.85
1554.3154618139483	1850	29.897228066378585	0.0	930577	2632.1231058980397	1.85
1556.8385809989627	1850	31.37410888136426	0.0	858450	2523.1191850143246	1.85
1559.663411274285	1850	32.549278606042066	0.0	1025005	2824.8302753221947	1.85
1562.0381973735284	1850	34.174492506798735	0.0	886255	2374.786099243334	1.85
1564.4097911664767	1850	35.80289871385053	0.0	973972	2371.593792948203	1.85
1569.7971975798202	4300	34.415492300507026	0.0	2124950	5387.4064133435095	1.8499999999999996
1574.5026231926652	4300	33.7100666876621	0.0	2246506	4705.425612844931	4.3
1580.599133175406	4300	31.613556704921315	0.0	1961140	6096.50998274078	4.3
1586.060068518672	4300	30.152621361655036	0.0	2155012	5460.935343266277	4.3

