23141.921737715875	750	4.0	3.0006457348380566	450283	3000.645734838057	-12.152776659803642
23143.164475820202	300	6.757261895671289	0.0	155580	1242.7381043287116	-0.15000000000000002
23144.05616825127	300	9.865569464602235	0.0	139857	891.6924310690526	0.3
23148.416552921743	1200	9.505184794132042	0.0	617681	4360.384670470195	0.29999999999999993
23155.609351892763	1200	6.312385823112515	0.0	652874	7192.798971019526	1.2
23156.97474681905	300	8.94699089682399	0.0	126289	1365.394926288525	-0.6000000000000001
23159.29003822366	750	10.631699492215072	0.0	352642	2315.2914046089195	0.3
23163.96516551261	1200	9.956572203264049	0.0	709534	4675.127288951023	0.75
23168.56808487207	1200	9.35365284380524	0.0	584846	4602.919359458809	1.2
23173.682528203124	1200	8.239209512754751	0.0	560821	5114.443331050489	1.2
23175.511880360446	750	10.409857355431722	0.0	353220	1829.3521573230291	0.3
23178.21062609474	1200	11.711111621138821	0.0	594078	2698.745734292902	0.75
23182.34177862868	1850	11.57995908719901	0.0	946851	4131.152533939812	1.2000000000000002
23186.912309541483	1850	11.009428174399238	0.0	1036454	4570.530912799772	1.85
23190.371098446878	1850	11.55063926900069	0.0	821631	3458.788905398548	1.85
23195.687575571574	1850	10.234162144306929	0.0	923170	5316.477124693762	1.85
23199.36142331202	1200	10.560314403860646	0.0	617242	3673.847740446283	0.5499999999999999
23203.898502328775	1200	10.023235387105364	0.0	581493	4537.079016755283	1.2
23210.29438042082	1200	7.6273572950641	0.0	639204	6395.878092041264	1.2
23213.858496472832	750	8.063241243051587	0.0	350713	3564.1160520125122	0.3
23216.399698832047	750	9.522038883836023	0.0	386472	2541.2023592155647	0.75
23219.41609485742	1200	10.505642858461908	0.0	616206	3016.3960253741157	0.75
23222.90317517996	1200	11.018562535923445	0.0	656471	3487.0803225384625	1.2
23227.488613577254	1850	10.433124138627498	0.0	874175	4585.438397295948	1.2000000000000002
23230.505055743557	1200	11.416681972325328	0.0	587236	3016.44216630217	0.5499999999999999
23235.613103501822	1850	10.308634214057614	0.0	905935	5108.047758267714	1.2000000000000002
23239.251905167584	1200	10.66983254829717	0.0	696376	3638.801665760445	0.5499999999999999
23241.712261734334	1200	12.209475981546781	0.0	487160	2460.3565667503894	1.2
23246.506824485066	1850	11.414913230814024	0.0	972798	4794.562750732757	1.2000000000000002
23253.81200976826	1850	8.10972794762285	0.0	975811	7305.185283191172	1.85
23256.704085520094	750	9.217652195787924	0.0	358218	2892.075751834928	-0.3500000000000001
23263.2379169476	1200	6.683820768282611	0.0	620283	6533.831427505313	0.75
23263.890593924913	300	10.03114379097029	0.0	143881	652.6769773123198	-0.6000000000000001
23267.198451669265	1200	10.723286046618789	0.0	670129	3307.857744351502	0.29999999999999993
23271.027214657664	1200	10.89452305822085	0.0	690253	3828.762988397938	1.2
23273.797941885015	1200	12.12379583087001	0.0	598727	2770.727227350838	1.2
23277.047611399033	1850	12.874126316854003	0.0	728962	3249.669514016008	1.2000000000000002
23282.602681500026	1850	11.319056215862178	0.0	938587	5555.070100991825	1.85
23294.901848600974	1850	4.0	0.9801108850851032	908665	12299.167100947281	-2.364476805865944
23296.977742420877	300	5.9241061800954835	0.0	149991	2075.893819904517	-1.25
23298.247762246152	300	8.654086354821622	0.0	147968	1270.0198252738612	0.3
23300.343241794933	750	10.558606806039494	0.0	384505	2095.4795487821284	0.3
23303.19460660802	1200	11.707241992955307	0.0	599477	2851.364813084186	0.75
23307.488652333803	1850	11.413196267170578	0.0	973972	4294.045725784728	1.2000000000000002
23313.20572221362	1850	9.69612638735009	0.0	958994	5717.0698798204885	1.85
23319.634411584168	1200	7.267437016804971	0.0	638661	6428.689370545119	0.5499999999999999
23324.454781491142	750	6.447067109831123	0.0	331053	4820.369906973848	0.3
23325.012953246922	300	9.888895354051634	0.0	118421	558.1717557794902	-0.15000000000000002

