21025.386365703467	750	4.0	7.947206251782381	450283	7947.2062517823815	-33.42298688266424
21028.144758227634	300	5.241607475832228	0.0	155580	2758.392524167771	-0.15000000000000002
21031.31180686962	300	6.07455883384848	0.0	139857	3167.048641983749	0.3
21035.8376858621	300	5.548679841364558	0.0	155432	4525.878992483921	0.3
21038.552125881415	300	6.834239822051922	0.0	163442	2714.4400193126367	0.3
21041.09335428988	300	8.293011413587552	0.0	126289	2541.2284084643697	0.3
21044.334575733443	300	9.051789970024087	0.0	153295	3241.2214435634646	0.3
21047.718957877565	300	9.667407825900725	0.0	173849	3384.3821441233636	0.3
21050.501439181866	300	10.88492652160276	0.0	150710	2782.481304297964	0.3
21053.91683240071	300	11.469533302755298	0.0	139105	3415.39321884746	0.3
21058.502695137442	300	10.883670566026595	0.0	141840	4585.862736728704	0.3
21062.786066458222	300	10.600299245246603	0.0	156148	4283.371320779992	0.3
21067.906268104965	300	9.48009759850249	0.0	160746	5120.2016467441135	0.3
21072.901718144934	300	8.484647558536341	0.0	179801	4995.4500399661465	0.3
21076.111625115533	300	9.274740587940252	0.0	140051	3209.9069705960896	0.3
21078.403663016445	300	10.982702687027935	0.0	138313	2292.037900912317	0.3
21079.887225078488	300	13.499140624984948	0.0	143509	1483.5620620429872	0.3
21081.867270040108	300	15.51909566336796	0.0	150616	1980.0449616169876	0.3
21085.047293711883	300	16.339071991592878	0.0	165384	3180.0236717750818	0.3
21088.018332509586	300	17.36803319389052	0.0	140881	2971.0387977023593	0.3
21091.28427669406	300	18.102089009415828	0.0	157671	3265.9441844746907	0.3
21094.339997096915	300	19.04636860655997	0.0	157812	3055.7204028558604	0.3
21097.04819243804	300	20.338173265434783	0.0	163927	2708.1953411251857	0.3
21098.65973064019	300	22.726635063288555	0.0	137654	1611.5382021462294	0.3
21100.20052443912	300	25.1858412643585	0.0	146754	1540.793798930055	0.3
21101.67922379093	300	27.707141912550142	0.0	153938	1478.6993518083589	0.3
21105.599068570795	750	27.78729713268073	0.0	425781	3919.8447798694124	0.3
21108.29311262562	750	29.09325307786046	0.0	277716	2694.0440548202714	0.75
21116.010645631668	1200	25.37572007181203	0.0	622896	7717.533006048431	0.75
21123.986901992987	1200	21.399463710491325	0.0	641447	7976.256361320706	1.2
21132.57647555586	1200	16.80989014762089	0.0	570392	8589.573562870433	1.2
21136.709876546996	750	16.676489156483022	0.0	400322	4133.400991137871	0.3
21139.736931326745	750	17.649434376736863	0.0	369834	3027.054779746158	0.75
21144.396390119007	750	16.989975584470404	0.0	412837	4659.45879226646	0.75
21151.041470713033	750	14.344894990445129	0.0	401088	6645.080594025277	0.75
21155.565133908418	750	13.821231795063103	0.0	365161	4523.663195382027	0.75
21159.405082703004	750	13.981283000473049	0.0	321064	3839.948794590053	0.75
21162.827057689967	750	14.559308013510377	0.0	361565	3421.974986962672	0.75
21166.007197572224	750	15.379168131253413	0.0	378327	3180.139882256965	0.75
21168.673199712008	750	16.71316599147013	0.0	390680	2666.0021397832807	0.75
21171.40562902802	750	17.980736675455603	0.0	345516	2732.429316014528	0.75
21178.16277384451	750	15.223591858966662	0.0	384505	6757.144816488941	0.75
21185.831406435216	750	11.554959268257669	0.0	372093	7668.632590708992	0.75
21194.9525811092	750	6.433784594277224	0.0	438281	9121.174673980446	0.75
21198.511694314268	300	6.874671389210564	0.0	167025	3559.1132050666592	-0.15000000000000002
21201.35671411449	300	8.029651588989534	0.0	160064	2845.01980022103	0.3
21204.183186649065	300	9.203179054410924	0.0	137507	2826.4725345786096	0.3
21207.14894970099	300	10.237416002485832	0.0	118421	2965.7630519250915	0.3

