3604.15405458942	750	4.0	4.594934407378574	450283	4594.934407378574	-19.008217951727868
3605.1375173009037	300	7.016537288516239	0.0	155580	983.462711483761	-0.15000000000000002
3607.7644681186	750	8.38958647082037	0.0	350812	2626.950817695868	0.3
3612.801969954345	750	7.352084635074738	0.0	382355	5037.501835745632	0.75
3616.1598250118586	750	7.994229577561267	0.0	411561	3357.85505751347	0.75
3620.234825584222	750	7.919229005197752	0.0	318564	4075.000572363515	0.75
3625.153437830635	750	7.0006167587847425	0.0	352642	4918.61224641301	0.75
3634.592025520655	750	4.0	2.4379709312358218	437162	9438.587690020564	-9.733275004314033
3637.2073562373703	300	5.384669283285062	0.0	150710	2615.330716714938	-0.15000000000000002
3638.8429212963933	300	7.749104224261451	0.0	139105	1635.5650590236107	0.3
3640.121077686466	300	10.470947834189069	0.0	141840	1278.1563900723825	0.3
3641.4736692980114	300	13.118356222643378	0.0	156148	1352.5916115456903	0.3
3642.8430971207254	300	15.748928399928985	0.0	160746	1369.4278227143936	0.3
3646.6386144017947	750	15.953411118860066	0.0	434409	3795.5172810689196	0.3
3650.2649397821338	750	16.3270857385209	0.0	337059	3626.325380339165	0.75
3654.8129242358436	750	15.779101284811272	0.0	366214	4547.984453709629	0.75
3658.4534924292266	750	16.138533091428066	0.0	360831	3640.568193383205	0.75
3665.388523127772	750	13.203502392882937	0.0	372963	6935.030698545128	0.75
3677.5016639157047	750	5.090361604949967	0.0	405596	12113.14078793297	0.75
3681.4719393121763	300	5.120086208478779	0.0	140881	3970.2753964711887	-0.15000000000000002
3686.64768833822	300	4.0	0.055662817565139446	157671	5175.749026043918	0.060649884469900384
3689.8088553523576	300	4.83883298586272	0.0	157812	3161.1670141372792	0.3
3691.38541019916	300	7.262278139060083	0.0	163927	1576.5548468026375	0.3
3692.510805289935	300	10.13688304828546	0.0	137654	1125.3950907746216	0.3
3693.710130404416	300	12.937557933804205	0.0	146754	1199.325114481254	0.3
3695.0250899726925	300	15.622598365527738	0.0	153938	1314.9595682764686	0.3
3696.6096040259663	300	18.038084312253968	0.0	181901	1584.5140532737694	0.3
3698.905921990685	750	19.741766347535755	0.0	277716	2296.3179647182133	0.3
3704.4177079418237	750	18.22998039639675	0.0	400396	5511.785951139004	0.75
3706.9764299226226	750	19.67125841559766	0.0	400508	2558.7219807990928	0.75
3709.4321679973955	750	21.215520340824792	0.0	358218	2455.7380747728675	0.75
3712.184486824277	750	22.463201513943474	0.0	400322	2752.318826881319	0.75
3714.5428072920927	750	24.104881046127655	0.0	369834	2358.320467815817	0.75
3719.1444010141668	1200	23.503287324053506	0.0	670129	4601.59372207415	0.75
3725.628532360952	1850	21.019155977268646	0.0	1026056	6484.13134678486	1.2000000000000002
3730.6209425111733	1850	20.02674582704709	0.0	943942	4992.410150221554	1.85
3735.688425343868	1850	18.95926299435275	0.0	728962	5067.48283269434	1.85
3741.9369118311406	1850	16.71077650708019	0.0	938587	6248.486487272558	1.85
3747.6256758816203	1850	15.022012456600104	0.0	908665	5688.764050480088	1.85
3753.5756984763343	1850	13.071989861886653	0.0	930577	5950.02259471345	1.85
3759.1841071313997	1850	11.463581206820855	0.0	858450	5608.4086550657985	1.85
3765.2535455605444	1850	9.394142777676185	0.0	1025005	6069.43842914467	1.85
3771.1212927785687	1850	7.526395559651843	0.0	886255	5867.747218024342	1.85
3778.197347950276	1850	4.450340387944843	0.0	973972	7076.055171706999	1.85
3780.3927307089566	750	6.25495762926398	0.0	398987	2195.3827586808634	-0.3500000000000001
3782.7513489409293	750	7.896339397291254	0.0	393804	2358.618231972725	0.75
3790.259426209917	1850	4.388262128303812	0.0	830730	7508.077268987442	0.75
3794.779841142389	1200	4.0	0.13215280416830139	550906	4520.414932472114	-0.01825705792369603

