1865.7149443829408	750	4.0	3.5333118074124745	450283	3533.3118074124745	-14.44324077187364
1867.209853220656	300	6.5050911622846534	0.0	155580	1494.9088377153469	-0.15000000000000002
1868.7856809224672	300	8.929263460473335	0.0	139857	1575.827701811319	0.3
1872.7976073234536	750	8.917337059487153	0.0	382355	4011.926400986181	0.3
1876.3105587445139	750	9.404385638426705	0.0	411561	3512.951421060447	0.75
1882.8291994496099	1200	6.885744933330535	0.0	520315	6518.64070509617	0.75
1885.370642786709	300	8.344301596231713	0.0	153295	2541.443337098822	-0.6000000000000001
1889.753569008374	750	7.961375374566635	0.0	437162	4382.926221665079	0.3
1893.5248914288902	750	8.190052954050245	0.0	374758	3771.32242051639	0.75
1899.67208831461	750	6.042856068330558	0.0	362795	6147.196885719687	0.75
1902.3238027174016	300	7.391141665538632	0.0	141840	2651.7144027919257	-0.15000000000000002
1906.6092534695056	750	7.105690913434684	0.0	405134	4285.450752103948	0.3
1909.985000223163	750	7.729944159777263	0.0	386351	3375.7467536574213	0.75
1913.3412118656302	750	8.373732517310021	0.0	434409	3356.2116424672417	0.75
1916.1853628429276	750	9.52958154001253	0.0	337059	2844.150977297493	0.75
1921.0774209770227	1200	8.63752340591743	0.0	587876	4892.058134095099	0.75
1923.8651300241042	750	9.849814358835916	0.0	360831	2787.709047081512	0.3
1928.651203509609	1200	9.063740873330806	0.0	581493	4786.0734855051105	0.75
1934.9120134755162	1200	6.802930907423593	0.0	639204	6260.809965907212	1.2
1936.1055305712466	300	9.609413811693459	0.0	140881	1193.517095730134	-0.6000000000000001
1940.8653525740613	1200	8.849591808878554	0.0	601738	4759.822002814906	0.29999999999999993
1944.5893783374038	750	9.125566045536122	0.0	399894	3724.0257633424326	0.3
1950.7583460237747	1200	6.956598359165058	0.0	656471	6168.967686371063	0.75
1952.0061514336878	300	9.708792949251787	0.0	137654	1247.8054099132714	-0.6000000000000001
1957.117766467591	1200	8.597177915348645	0.0	587236	5111.615033903141	0.29999999999999993
1960.1929324864625	750	9.522011896477379	0.0	379700	3075.1660188712667	0.3
1966.012814106301	1200	7.702130276638953	0.0	696376	5819.881619838427	0.75
1968.888410186809	750	8.82653419613084	0.0	277716	2875.5960805081113	0.3
1973.0207257743416	750	8.694218608598456	0.0	400396	4132.315587532385	0.75
1976.3967207060357	750	9.318223676904445	0.0	400508	3375.9949316940115	0.75
1984.0223664699229	1200	5.692577913017224	0.0	570392	7625.645763887222	0.75
1986.290948505409	300	7.423995877531092	0.0	157488	2268.582035486131	-0.6000000000000001
1989.7591760089472	750	7.955768373993065	0.0	369834	3468.227503538026	0.3
1994.000711310041	750	7.714233072899296	0.0	412837	4241.53530109377	0.75
2001.4157519112316	750	4.299192471708625	0.0	401088	7415.040601190671	0.75
2003.5790422004482	300	6.135902182491857	0.0	159914	2163.2902892167676	-0.15000000000000002
2004.8570881443547	300	8.85785623858535	0.0	131610	1278.045943906505	0.3
2008.4833166799738	750	9.231627702966254	0.0	361565	3626.228535619097	0.3
2013.079434873223	1200	8.635509509717158	0.0	605884	4596.118193249095	0.75
2016.3481524447977	750	9.366791938142203	0.0	390680	3268.717571574954	0.3
2021.0800486534938	1200	8.634895729446031	0.0	566904	4731.896208696173	0.75
2024.0608673702936	750	9.65407701264614	0.0	384505	2980.818716799891	0.3
2028.982901959277	1200	8.732042423662907	0.0	599477	4922.034588983231	0.75
2033.6066100055896	750	8.108334377350207	0.0	438281	4623.7080463127	0.3
2036.7555398779125	750	8.95940450502738	0.0	398987	3148.929872322828	0.75
2039.9332224042212	750	9.78172197871877	0.0	393804	3177.68252630861	0.75
2044.8665330165977	1200	8.848411366342141	0.0	538612	4933.310612376629	0.75
2047.7916502044252	750	9.923294178514443	0.0	314107	2925.117187827698	0.3

