16349.137793968155	750	4.0	1.9120480482224669	450283	1912.0480482224668	-7.471806607356607
16349.86838314835	300	7.2694108198065255	0.0	155580	730.5891801934749	-0.15000000000000002
16351.519588470846	750	9.618205497310392	0.0	350812	1651.2053224961335	0.3
16355.851298478987	1200	9.28649548916979	0.0	617681	4331.710008140603	0.75
16365.16559441948	1200	4.0	0.02780045132366831	652874	9314.295940493457	1.0804580593082262
16366.140485577454	300	7.025108842025739	0.0	126289	974.8911579742605	-0.6000000000000001
16369.039872565432	750	8.12572185404831	0.0	352642	2899.386987977429	0.3
16373.251226736069	750	7.914367683411678	0.0	437162	4211.354170636632	0.75
16375.469404476707	750	9.696189942771898	0.0	374758	2218.17774063978	0.75
16378.702176770128	1200	10.46341764935209	0.0	560821	3232.7722934198073	0.75
16381.54042158184	1200	11.625172837639544	0.0	607410	2838.2448117125464	1.2
16386.224699889375	1850	10.940894530102987	0.0	917428	4684.278307536557	1.2000000000000002
16391.190247808852	1200	9.97534661062884	0.0	624282	4965.547919474147	0.5499999999999999
16397.67033251297	1200	7.4952619065087545	0.0	687371	6480.084704120085	1.2
16402.654096084545	750	6.511498334933429	0.0	337059	4983.763571575326	0.3
16405.94805645418	300	7.217537965297558	0.0	138313	3293.960369635871	-0.15000000000000002
16414.107814441908	750	4.0	0.9422200224296439	360831	8159.757987727202	-3.751546096447469
16416.363790226183	300	5.744024215726216	0.0	150616	2255.9757842737836	-0.15000000000000002
16418.317194920495	300	7.79061952141226	0.0	165384	1953.4046943139558	0.3
16421.099985328194	750	9.007829113712733	0.0	350713	2782.7904076995283	0.3
16425.668508295585	1200	8.439306146319911	0.0	601738	4568.522967392822	0.75
16429.659949722667	750	8.44786471923729	0.0	399894	3991.4414270826223	0.3
16435.998185934328	750	6.109628507577287	0.0	401853	6338.236211660003	0.75
16437.530184247247	300	8.577630194658205	0.0	137654	1531.9983129190819	-0.15000000000000002
16441.434001528865	750	8.673812913039736	0.0	359903	3903.8172816184688	0.3
16444.199669462876	750	9.908144979030007	0.0	379700	2765.667934009729	0.75
16447.499369964098	1200	10.608444477807524	0.0	696376	3299.7005012224845	0.75
16449.69278413102	1200	12.415030310882909	0.0	487160	2193.414166924615	1.2
16454.46443544925	1850	11.643378992656897	0.0	972798	4771.6513182260105	1.2000000000000002
16458.47196300076	1850	11.635851441142808	0.0	975811	4007.52755151409	1.85
16462.051154620396	1850	12.056659821506834	0.0	873429	3579.1916196359734	1.85
16466.119951117238	1850	11.98786332466654	0.0	954453	4068.796496840294	1.85
16469.96983722785	1850	12.137977214055878	0.0	885062	3849.886110610662	1.85
16474.534480068978	1850	11.573334372924736	0.0	1035329	4564.642841131143	1.85
16488.361584155162	1850	4.0	2.2537697132574777	1026056	13827.104086182213	-7.841209767007154
16490.320238329623	300	6.041345825537242	0.0	159914	1958.6541744627586	-1.25
16491.76012114995	300	8.601463005213624	0.0	131610	1439.8828203236171	0.3
16495.117587364948	750	9.243996790212972	0.0	361565	3357.466215000652	0.3
16498.395352101106	1200	9.966232054055302	0.0	605884	3277.7647361576687	0.75
16501.632377672493	1200	10.72920648266883	0.0	587506	3237.025571386472	1.2
16504.642486626955	1200	11.71909752820561	0.0	566904	3010.1089544632214	1.2
16509.67764880859	1850	10.683935346572424	0.0	1025005	5035.162181633186	1.2000000000000002
16512.44609263015	1200	11.915491525011888	0.0	599477	2768.4438215605355	0.5499999999999999
16518.0391840866	1850	10.322400068561631	0.0	973972	5593.091456450258	1.2000000000000002
16521.519926407476	1200	10.841657747685055	0.0	630203	3480.742320876575	0.5499999999999999
16525.003870682584	1200	11.357713472580551	0.0	638661	3483.9442751045035	1.2
16530.016831710996	1850	10.34475244416755	0.0	830730	5012.961028413001	1.2000000000000002
16533.00870688872	1200	11.35287726644336	0.0	550906	2991.87517772419	0.5499999999999999

