21579.39215250582	750	4.0	2.855960794164828	450283	2855.9607941648283	-11.530631414908761
21580.950333309185	750	6.441819196637774	0.0	398865	1558.1808033622256	0.75
21583.326188382613	1200	8.065964123209678	0.0	571051	2375.855073428097	0.75
21586.570193269188	1200	8.821959236635807	0.0	617681	3244.0048865738686	1.2
21590.383614698938	1200	9.008537806886999	0.0	652874	3813.4214297488106	1.2
21593.92160429915	1200	9.470548206674032	0.0	520315	3537.9896002129667	1.2
21596.53109211816	1200	10.861060387666246	0.0	561791	2609.4878190077843	1.2
21599.097763803657	1200	12.294388702167696	0.0	709534	2566.67168549855	1.2
21601.663349484323	1200	13.728803021500157	0.0	584846	2565.585680667539	1.2
21603.783883969158	1200	15.60826853666639	0.0	560821	2120.534484833768	1.2
21606.948333847453	1850	16.443818658371	0.0	939819	3164.4498782953883	1.2000000000000002
21610.85298137635	1850	16.53917112947128	0.0	917428	3904.6475288997217	1.85
21615.736972402014	1850	15.655180103808764	0.0	946851	4883.991025662517	1.85
21621.52556393454	1850	13.866588571280555	0.0	1036454	5788.591532528208	1.85
21625.524442126112	1850	13.86771037970731	0.0	821631	3998.8781915732457	1.85
21631.637113621775	1850	11.755038884045705	0.0	923170	6112.671495661604	1.85
21638.321466535508	1850	9.070685970312185	0.0	966699	6684.352913733521	1.85
21642.221209170097	1200	9.170943335726664	0.0	581493	3899.7426345855206	0.5499999999999999
21645.729608281676	1200	9.662544224145057	0.0	639204	3508.3991115816075	1.2
21649.326028767002	1200	10.06612373881811	0.0	586839	3596.420485326945	1.2
21655.290517878566	1200	8.101634627254455	0.0	601738	5964.489111563655	1.2
21659.78691855575	1200	7.605233950067484	0.0	616206	4496.400677186972	1.2
21666.142865812235	1200	5.2492866935828895	0.0	656471	6355.947256484595	1.2
21669.245168662157	750	6.146983843660537	0.0	343800	3102.3028499223524	0.3
21672.87269007762	750	6.519462428195063	0.0	359903	3627.5214154654736	0.75
21677.239388106074	750	6.1527643997429005	0.0	379700	4366.698028452163	0.75
21680.959707497663	750	6.4324450081514986	0.0	425781	3720.319391591401	0.75
21683.24686405497	750	8.145288450843747	0.0	277716	2287.156557307751	0.75
21685.7131526839	750	9.678999821914442	0.0	400396	2466.2886289293056	0.75
21687.80763289468	750	11.58451961113404	0.0	400508	2094.4802107804026	0.75
21697.09602967182	1200	6.296122833996571	0.0	570392	9288.396777137468	0.75
21699.229669214852	300	8.162483290963591	0.0	157488	2133.63954303298	-0.6000000000000001
21700.239693049945	300	11.152459455871648	0.0	143881	1010.0238350919432	0.3
21701.34037442213	300	14.051778083688026	0.0	163444	1100.6813721836215	0.3
21702.54094962128	300	16.851202884534185	0.0	179328	1200.575199153843	0.3
21703.54546081242	300	19.846691693396867	0.0	159914	1004.5111911373185	0.3
21705.342286867435	750	22.049865638381767	0.0	321064	1796.8260550150978	0.3
21707.25449858265	750	24.13765392316904	0.0	361565	1912.2117152127273	0.75
21711.479987494986	1850	23.912165010833572	0.0	908665	4225.488912335471	0.75
21714.87304981063	1850	24.519102695192515	0.0	930577	3393.0623156410543	1.85
21717.6993509087	1850	25.69280159712021	0.0	858450	2826.3010980723084	1.85
21721.196884263743	1850	26.195268242079628	0.0	1025005	3497.533355040582	1.85
21725.144122520112	2850	26.248029985709422	0.0	1343002	3947.238256370203	1.85
21729.271597888193	2850	26.120554617628258	0.0	1587250	4127.475368081161	2.85
21736.706297107743	4300	22.685855398082715	0.0	2124950	7434.699219545542	2.8499999999999996
21746.903412056014	4300	16.48874044980885	0.0	2246506	10197.114948273866	4.3
21757.448329334944	4300	9.943823170878195	0.0	1961140	10544.917278930656	4.3
21769.358757101258	4300	4.0	1.9666045954340643	2155012	11910.42776631226	-4.156399760366477

