16631.475987660797	750	4.0	2.148641230861048	450283	2148.641230861048	-8.489157292702506
16632.5626803898	300	6.913307270993737	0.0	155580	1086.6927290062629	-0.15000000000000002
16633.393509827438	300	10.082477833357409	0.0	139857	830.8294376363284	0.3
16635.366264041237	750	12.109723619556958	0.0	382355	1972.7542138004515	0.3
16639.13151979096	750	12.344467869832197	0.0	411561	3765.2557497247594	0.75
16641.66244548406	750	13.813542176735323	0.0	318564	2530.9256930968727	0.75
16643.334363249047	750	16.141624411745283	0.0	352642	1671.9177649900398	0.75
16645.402757095533	750	18.073230565259816	0.0	437162	2068.393846485469	0.75
16650.450442845307	1850	17.025544815485606	0.0	852833	5047.6857497742085	0.75
16654.471370779247	1850	17.00461688154589	0.0	913888	4020.927933939718	1.85
16658.434318822525	1850	17.041668838269402	0.0	939819	3962.948043276487	1.85
16662.44065632982	1850	17.035331330973005	0.0	917428	4006.3375072963972	1.85
16666.791777130038	1850	16.684210530755877	0.0	946851	4351.120800217127	1.85
16671.30058866559	1850	16.17539899520393	0.0	1036454	4508.811535551946	1.85
16674.79407933384	1850	16.68190832695514	0.0	821631	3493.4906682487945	1.85
16680.568076744334	1850	14.907910916457698	0.0	923170	5773.997410497439	1.85
16685.818643390485	1850	13.657344270307698	0.0	966699	5250.566646150001	1.85
16688.6677278224	1850	14.808259838390345	0.0	885714	2849.0844319173525	1.85
16693.160211855535	1850	14.315775805254757	0.0	987708	4492.484033135587	1.85
16697.498601256724	1850	13.977386404068143	0.0	923755	4338.389401186615	1.85
16700.3552022098	1850	15.120785450988842	0.0	891604	2856.6009530793017	1.85
16704.11757145441	1850	15.358416206377843	0.0	955231	3762.369244610999	1.85
16708.55817619196	1850	14.917811468830092	0.0	968026	4440.604737547749	1.85
16713.4540248269	1850	14.021962833891623	0.0	874175	4895.84863493847	1.85
16720.002780742427	1850	11.473206918364674	0.0	897976	6548.755915526949	1.85
16724.022303333386	750	11.453684327405965	0.0	379700	4019.5225909587098	-0.3500000000000001
16726.536486133922	750	12.93950152686811	0.0	425781	2514.182800537855	0.75
16729.127866630974	750	14.348121029815532	0.0	277716	2591.3804970525766	0.75
16733.366091681608	750	14.109895979182152	0.0	400396	4238.22505063338	0.75
16741.23950662801	750	10.236481032781045	0.0	400508	7873.414946401109	0.75
16742.321572659417	300	13.15441500137611	0.0	157421	1082.0660314049342	-0.15000000000000002
16744.53688657578	750	14.939101085009083	0.0	400322	2215.313916367027	0.3
16746.043444696785	750	17.432542964008128	0.0	369834	1506.558121000954	0.75
16747.94065632043	750	19.535331340365666	0.0	412837	1897.2116236424629	0.75
16749.123189576578	750	22.352798084215333	0.0	401088	1182.5332561503305	0.75
16755.214766419704	1850	20.261221241088016	0.0	943942	6091.576843127319	0.75
16759.69205588509	1850	19.783931775702293	0.0	728962	4477.2894653857265	1.85
16761.917684756023	1850	21.558302904772418	0.0	938587	2225.6288709298706	1.85
16764.458764824994	1850	23.017222835798222	0.0	908665	2541.0800689741977	1.85
16766.761583545955	1850	24.714404114839745	0.0	930577	2302.818720958475	1.85
16769.22783165827	1850	26.248156002521778	0.0	858450	2466.2481123179664	1.85
16772.89197918615	1850	26.584008474640076	0.0	1025005	3664.1475278817015	1.85
16782.73537489803	1850	20.74061276276107	0.0	886255	9843.395711879004	1.85
16792.50982546865	1850	14.966162192144699	0.0	973972	9774.45057061637	1.85
16807.904199764158	1850	4.0	0.4282121033660987	958994	15394.374295510797	0.008687955525775726
16808.911607665555	300	6.992592098603093	0.0	160064	1007.4079013969067	-1.25
16810.574734623373	750	9.32946514078314	0.0	331053	1663.1269578199533	0.3
16811.98265800934	750	11.921541754818362	0.0	314107	1407.9233859647802	0.75

