14111.341588201612	750	4.0	1.6132241480558394	450283	1613.2241480558394	-6.186863836640109
14112.90304000385	750	6.438548197762211	0.0	398865	1561.4518022377888	0.75
14114.600487505053	750	8.741100696558858	0.0	350812	1697.4475012033529	0.75
14116.272677943205	750	11.068910258404797	0.0	382355	1672.1904381540605	0.75
14118.184071261503	750	13.15751694010805	0.0	411561	1911.3933182967492	0.75
14119.564285797325	750	15.777302404284576	0.0	318564	1380.2145358234743	0.75
14121.261330118448	750	18.080258083163127	0.0	352642	1697.0443211214485	0.75
14123.041849289004	750	20.29973891260742	0.0	437162	1780.5191705557106	0.75
14125.67129757061	1850	21.670290631000523	0.0	852833	2629.4482816068953	0.75
14128.389393593907	1850	22.952194607702864	0.0	913888	2718.096023297659	1.85
14131.64878232645	1850	23.692805875159827	0.0	939819	3259.38873254304	1.85
14135.866682891005	1850	23.474905310605994	0.0	917428	4217.900564553833	1.85
14140.293698496462	1850	23.047889705149046	0.0	946851	4427.015605456949	1.85
14147.75764115256	1850	19.583947049049232	0.0	1036454	7463.942656099815	1.85
14154.017435963744	1850	17.324152237866098	0.0	821631	6259.794811183131	1.85
14162.523666607009	1850	12.817921594601463	0.0	923170	8506.230643264636	1.85
14165.472998353542	750	13.86858984806944	0.0	360831	2949.3317465320206	-0.3500000000000001
14167.379619580815	750	15.961968620795286	0.0	372963	1906.6212272741561	0.75
14169.87046558591	750	17.471122615699834	0.0	405596	2490.846005095451	0.75
14171.79792713243	750	19.543661069179542	0.0	350713	1927.4615465202908	0.75
14176.126481091957	1850	19.215107109653786	0.0	891604	4328.553959525756	0.75
14187.168539589793	1850	12.173048611817542	0.0	955231	11042.058497836244	1.85
14190.70739672836	750	12.634191473250826	0.0	401853	3538.857138566715	-0.3500000000000001
14192.971768712912	750	14.36981948869896	0.0	343800	2264.3719845518663	0.75
14195.583285242763	750	15.758302958848317	0.0	359903	2611.516529850643	0.75
14198.393863131609	750	16.947725070002605	0.0	379700	2810.5778888457107	0.75
14200.585053859208	750	18.75653434240329	0.0	425781	2191.190727599312	0.75
14201.687335652461	750	21.65425254914944	0.0	277716	1102.2817932538483	0.75
14204.719591702553	1850	22.62199649905791	0.0	972798	3032.256050091532	0.75
14208.2987857745	1850	23.042802427111624	0.0	975811	3579.1940719462864	1.85
14211.078238154045	1850	24.263350047566735	0.0	873429	2779.452379544889	1.85
14213.525635322801	1850	25.815952878809647	0.0	954453	2447.397168757088	1.85
14215.650432314009	1850	27.691155887602704	0.0	885062	2124.7969912069434	1.85
14218.736000039891	1850	28.605588161720384	0.0	1035329	3085.5677258823216	1.85
14222.265671877025	1850	29.075916324586682	0.0	1026056	3529.6718371337015	1.85
14226.29162624113	1850	29.049961960480932	0.0	943942	4025.9543641057544	1.85
14230.367447523198	1850	28.974140678412336	0.0	728962	4075.821282068594	1.85
14237.628105155347	1850	25.7134830462636	0.0	938587	7260.6576321487355	1.85
14242.797597197474	1850	24.54399100413704	0.0	908665	5169.49204212656	1.85
14247.145812859395	1850	24.195775342214866	0.0	930577	4348.215661922173	1.85
14250.881034049331	1850	24.46055415228002	0.0	858450	3735.221189934843	1.85
14255.391496306476	1850	23.950091895133266	0.0	1025005	4510.462257146757	1.85
14259.09364920382	1850	24.247938997790268	0.0	886255	3702.1528973429954	1.85
14263.105610357628	1850	24.23597784398084	0.0	973972	4011.9611538094296	1.85
14266.920762586418	1850	24.4208256151916	0.0	958994	3815.1522287892417	1.85
14270.733948593243	1850	24.60763960836814	0.0	982064	3813.186006823461	1.85
14273.65490439078	1850	25.6866838108301	0.0	830730	2920.955797538039	1.85
14276.65597456513	1850	26.68561363648118	0.0	846370	3001.0701743489235	1.85

