16590.56642298502	750	4.0	2.148641230861048	450283	2148.641230861048	-8.489157292702506
16591.653115714023	300	6.913307270993737	0.0	155580	1086.6927290062629	-0.15000000000000002
16592.48394515166	300	10.082477833357409	0.0	139857	830.8294376363284	0.3
16594.45669936546	750	12.109723619556958	0.0	382355	1972.7542138004515	0.3
16598.221955115183	750	12.344467869832197	0.0	411561	3765.2557497247594	0.75
16600.752880808282	750	13.813542176735323	0.0	318564	2530.9256930968727	0.75
16602.42479857327	750	16.141624411745283	0.0	352642	1671.9177649900398	0.75
16604.493192419755	750	18.073230565259816	0.0	437162	2068.393846485469	0.75
16609.54087816953	1850	17.025544815485606	0.0	852833	5047.6857497742085	0.75
16613.56180610347	1850	17.00461688154589	0.0	913888	4020.927933939718	1.85
16617.524754146747	1850	17.041668838269402	0.0	939819	3962.948043276487	1.85
16621.53109165404	1850	17.035331330973005	0.0	917428	4006.3375072963972	1.85
16625.88221245426	1850	16.684210530755877	0.0	946851	4351.120800217127	1.85
16630.39102398981	1850	16.17539899520393	0.0	1036454	4508.811535551946	1.85
16633.88451465806	1850	16.68190832695514	0.0	821631	3493.4906682487945	1.85
16639.658512068556	1850	14.907910916457698	0.0	923170	5773.997410497439	1.85
16644.909078714707	1850	13.657344270307698	0.0	966699	5250.566646150001	1.85
16647.758163146624	1850	14.808259838390345	0.0	885714	2849.0844319173525	1.85
16652.250647179757	1850	14.315775805254757	0.0	987708	4492.484033135587	1.85
16656.589036580943	1850	13.977386404068143	0.0	923755	4338.389401186615	1.85
16659.445637534023	1850	15.120785450988842	0.0	891604	2856.6009530793017	1.85
16663.208006778634	1850	15.358416206377843	0.0	955231	3762.369244610999	1.85
16667.648611516182	1850	14.917811468830092	0.0	968026	4440.604737547749	1.85
16672.544460151123	1850	14.021962833891623	0.0	874175	4895.84863493847	1.85
16679.09321606665	1850	11.473206918364674	0.0	897976	6548.755915526949	1.85
16686.52562025431	1850	8.040802730704577	0.0	905935	7432.404187660098	1.85
16690.438486381077	750	8.127936603934078	0.0	425781	3912.8661267704983	-0.3500000000000001
16695.95799239792	750	6.608430587088564	0.0	277716	5519.506016845515	0.75
16698.92939128676	300	7.637031698250067	0.0	153605	2971.3988888384965	-0.15000000000000002
16700.50836041827	300	10.058062566742915	0.0	149029	1578.9691315071516	0.3
16701.575018508247	300	12.991404476763524	0.0	157421	1066.6580899793914	0.3
16703.73962487474	750	14.826798110270705	0.0	400322	2164.6063664928197	0.3
16705.245877331	750	17.320545654011045	0.0	369834	1506.2524562596595	0.75
16707.111904494515	750	19.45451849049588	0.0	412837	1866.0271635151678	0.75
16710.752269630633	1850	19.814153354379915	0.0	1026056	3640.3651361159646	0.75
16718.48687925816	1850	16.07954372685444	0.0	943942	7734.6096275254795	1.85
16720.319581019954	1850	18.246841965059822	0.0	728962	1832.7017617946162	1.85
16722.752912778185	1850	19.813510206826198	0.0	938587	2433.331758233622	1.85
16725.139715654506	1850	21.426707330506666	0.0	908665	2386.802876319534	1.85
16727.528580671813	1850	23.037842313198407	0.0	930577	2388.86501730826	1.85
16730.457625207244	1850	24.1087977777675	0.0	858450	2929.0445354309054	1.85
16737.857254727183	1850	20.709168257826242	0.0	1025005	7399.62951994126	1.85
16747.765491062582	1850	14.800931922428934	0.0	886255	9908.236335397307	1.85
16754.275926329552	750	12.290496655460052	0.0	438281	6510.4352669688815	-0.3500000000000001
16763.883679293027	750	6.682743691983856	0.0	398987	9607.752963476196	0.75
16765.266751416566	300	9.29967156844523	0.0	160064	1383.0721235386268	-0.15000000000000002
16766.26227459502	300	12.304148389990594	0.0	137507	995.5231784546353	0.3
16768.20711774303	750	14.35930524198311	0.0	314107	1944.8431480074846	0.3

