4253.1754532992645	750	4.0	2.009934342455404	450283	2009.9343424554038	-7.892717672558236
4255.903697051915	750	5.271756247349612	0.0	398865	2728.243752650388	0.75
4257.250343901955	300	7.925109397309487	0.0	139857	1346.6468500401252	-0.15000000000000002
4260.296975098487	300	8.878478200777268	0.0	155432	3046.631196532218	0.3
4261.692633472206	300	11.482819827057853	0.0	163442	1395.6583737194155	0.3
4262.626274158204	300	14.549179141059794	0.0	126289	933.6406859980589	0.3
4265.303987193719	750	15.871466105545503	0.0	352642	2677.71303551429	0.3
4267.51387005779	750	17.661583241474563	0.0	437162	2209.8828640709403	0.75
4269.24818518088	750	19.92726811838439	0.0	374758	1734.3151230901744	0.75
4272.970617690222	1850	20.204835609043183	0.0	913888	3722.432509341206	0.75
4277.054623946129	1850	20.12082935313533	0.0	939819	4084.0062559078533	1.85
4280.846119181128	1850	20.329334118136895	0.0	917428	3791.495234998435	1.85
4284.811322780666	1850	20.364130518599517	0.0	946851	3965.203599537382	1.85
4289.185036051035	1850	19.990417248230163	0.0	1036454	4373.713270369354	1.85
4292.632233232776	1850	20.543220066488836	0.0	821631	3447.1971817413237	1.85
4296.227165301907	1850	20.948287997358744	0.0	923170	3594.932069130094	1.85
4300.180839520641	1850	20.99461377862457	0.0	966699	3953.6742187341783	1.85
4303.685781540257	1850	21.489671759008417	0.0	885714	3504.942019616152	1.85
4307.716075763578	1850	21.459377535687146	0.0	987708	4030.294223321271	1.85
4311.462443204651	1850	21.713010094614184	0.0	923755	3746.367441072961	1.85
4315.723065846139	1850	21.452387453126608	0.0	891604	4260.622641487574	1.85
4321.247792759833	1850	19.927660539433255	0.0	955231	5524.726913693355	1.85
4330.377228749572	1850	14.798224549693636	0.0	968026	9129.435989739619	1.85
4334.836803412658	1850	14.338649886607548	0.0	874175	4459.574663086086	1.85
4339.552031348269	1850	13.62342195099637	0.0	897976	4715.22793561118	1.85
4344.274674604276	1850	12.900778694989345	0.0	905935	4722.643256007023	1.85
4350.316703568891	1850	10.858749730373614	0.0	1076599	6042.028964615732	1.85
4354.503493930935	1850	10.6719593683299	0.0	758197	4186.790362043714	1.85
4360.959593400345	1850	8.21585989892051	0.0	972798	6456.099469409389	1.85
4363.271252067273	750	9.904201231991001	0.0	400508	2311.658666929508	-0.3500000000000001
4365.044880781236	750	12.130572518028426	0.0	358218	1773.6287139625742	0.75
4366.789839254471	750	14.385614044792833	0.0	400322	1744.9584732355925	0.75
4368.438170864745	750	16.737282434519365	0.0	369834	1648.3316102734668	0.75
4372.7008428324625	1850	16.4746104668015	0.0	1035329	4262.671967717866	0.75
4378.047653385302	1850	15.127799913962393	0.0	1026056	5346.810552839105	1.85
4384.011440610127	1850	13.164012689137625	0.0	943942	5963.787224824769	1.85
4388.1941999986375	1850	12.98125330062622	0.0	728962	4182.759388511405	1.85
4393.085646889733	1850	12.089806409530341	0.0	938587	4891.4468910958785	1.85
4400.286330366744	1850	8.889122932519962	0.0	908665	7200.68347701038	1.85
4405.03725045916	750	8.138202840104183	0.0	390680	4750.920092415779	-0.3500000000000001
4407.563866058927	300	9.611587240337265	0.0	147968	2526.615599766918	-0.15000000000000002
4409.148623446491	300	12.02682985277385	0.0	161857	1584.757387563413	0.3
4410.1733700658315	300	15.002083233433183	0.0	145210	1024.746619340669	0.3
4412.555389077992	750	16.620064221272145	0.0	438281	2382.019012161039	0.3
4414.810242070197	750	18.36521122906713	0.0	398987	2254.852992205013	0.75
4417.119712512347	750	20.05574078691707	0.0	393804	2309.470442150057	0.75
4419.718158680424	750	21.457294618841182	0.0	331053	2598.446168075889	0.75
4422.327436514399	750	22.848016784865113	0.0	314107	2609.2778339760653	0.75

