22208.816171119615	750	4.0	1.8471370276969283	450283	1847.1370276969283	-7.192689219096792
22210.755381509756	750	6.060789609862291	0.0	398865	1939.2103901377081	0.75
22212.494027332166	750	8.322143787449836	0.0	350812	1738.6458224124558	0.75
22214.1539010982	750	10.662270021413521	0.0	382355	1659.8737660363154	0.75
22215.96657196485	750	12.849599154763846	0.0	411561	1812.670866649674	0.75
22217.35088033364	750	15.465290785977238	0.0	318564	1384.3083687866076	0.75
22219.173614487456	750	17.64255663216143	0.0	352642	1822.7341538158068	0.75
22221.095923982015	750	19.72024713759806	0.0	437162	1922.3094945633695	0.75
22224.013308945658	1850	20.80286217395851	0.0	852833	2917.3849636395507	0.75
22227.7408449386	1850	21.075326181014297	0.0	913888	3727.535992944214	1.85
22231.872121440825	1850	20.944049678787675	0.0	939819	4131.276502226621	1.85
22236.53004522571	1850	20.28612589390344	0.0	917428	4657.923784884237	1.85
22240.380246383276	1850	20.435924736338645	0.0	946851	3850.201157564792	1.85
22244.58383346804	1850	20.232337651572813	0.0	1036454	4203.587084765833	1.85
22247.835525316597	1850	20.98064580301973	0.0	821631	3251.691848553085	1.85
22250.83487766981	1850	21.981293449806014	0.0	923170	2999.352353213717	1.85
22254.71879095088	1850	22.097380168736542	0.0	966699	3883.9132810694737	1.85
22257.98954983816	1850	22.826621281456728	0.0	885714	3270.758887279815	1.85
22261.60561720541	1850	23.21055391420921	0.0	987708	3616.0673672475154	1.85
22265.003856655272	1850	23.812314464341977	0.0	923755	3398.239449867233	1.85
22268.979568402836	1850	23.836602716781098	0.0	891604	3975.71174756088	1.85
22273.223548687925	1850	23.592622431690387	0.0	955231	4243.980285090711	1.85
22277.913942273623	1850	22.902228845990024	0.0	968026	4690.3935857003635	1.85
22282.036093072194	1850	22.780078047420428	0.0	874175	4122.1507985695935	1.85
22286.118991975894	1850	22.697179143717126	0.0	897976	4082.8989037033016	1.85
22290.185380633022	1850	22.630790486590328	0.0	905935	4066.388657126798	1.85
22294.731908755497	1850	22.084262364115173	0.0	1076599	4546.528122475157	1.85
22298.37645996526	1850	22.43971115435075	0.0	758197	3644.5512097644246	1.85
22302.818499216395	1850	21.997671903212048	0.0	972798	4442.039251138701	1.85
22308.414944830485	1850	20.401226289122434	0.0	975811	5596.445614089615	1.85
22316.09515428726	1850	16.721016832348763	0.0	873429	7680.20945677367	1.85
22330.78410326323	1850	6.032067856377686	0.0	954453	14688.948975971078	1.85
22331.994743473264	300	8.82142764634568	0.0	143881	1210.6402100320038	-1.25
22333.278823543034	300	11.537347576576503	0.0	163444	1284.0800697691768	0.3
22334.74655408698	300	14.069617032626242	0.0	179328	1467.730543950262	0.3
22337.98151756079	750	14.8346535588174	0.0	365161	3234.9634738088416	0.3
22342.453524164535	750	14.362646955073062	0.0	321064	4472.00660374434	0.75
22346.10881816323	750	14.707352956378772	0.0	361565	3655.293998694289	0.75
22349.285118771408	750	15.531052348202866	0.0	378327	3176.300608175907	0.75
22352.068710577332	750	16.74746054228017	0.0	390680	2783.591805922698	0.75
22354.7284219177	750	18.087749201910498	0.0	345516	2659.711340369671	0.75
22357.932312160683	750	18.883858958929842	0.0	384505	3203.8902429806562	0.75
22360.375417392977	750	20.440753726634224	0.0	372093	2443.1052322956198	0.75
22363.314470725272	750	21.501700394338236	0.0	438281	2939.0533322959873	0.75
22366.0382690313	750	22.77790208830718	0.0	398987	2723.7983060310585	0.75
22369.779360339486	750	23.03681078012344	0.0	393804	3741.0913081837384	0.75
22372.735132133937	750	24.081038985670986	0.0	331053	2955.7717944524566	0.75
22375.7208403283	750	25.0953307913091	0.0	314107	2985.708194361888	0.75

