21900.7767379243	750	4.0	1.8710689380755445	450283	1871.0689380755446	-7.295596433724841
21902.379751836095	750	6.396986088206931	0.0	398865	1603.0139117930696	0.75
21903.51250461455	750	9.264233309752525	0.0	350812	1132.7527784544063	0.75
21904.57595445967	750	12.200783464630447	0.0	382355	1063.449845122077	0.75
21905.733354777687	750	15.043383146614369	0.0	411561	1157.400318016078	0.75
21907.795728696514	1850	16.98100922778753	0.0	801058	2062.373918826839	0.75
21910.481067853394	1850	18.295670070906414	0.0	905515	2685.3391568811157	1.85
21915.53453907569	1850	17.242198848615207	0.0	1060487	5053.471222291207	1.85
21918.313613064653	1850	18.46312485964688	0.0	852833	2779.0739889683286	1.85
21921.137518424996	1850	19.639219499306257	0.0	913888	2823.9053603406232	1.85
21923.576839945563	1850	21.199897978738083	0.0	939819	2439.321520568177	1.85
21926.474628584387	1850	22.302109339916985	0.0	917428	2897.788638821096	1.85
21929.7960563766	1850	22.980681547701447	0.0	946851	3321.427792215538	1.85
21932.942465400632	1850	23.834272523665902	0.0	1036454	3146.4090240355445	1.85
21935.120240643344	1850	25.656497280955215	0.0	821631	2177.775242710691	1.85
21938.27778752348	1850	26.498950400820597	0.0	923170	3157.546880134616	1.85
21941.630268252404	1850	27.146469671896494	0.0	966699	3352.480728924104	1.85
21944.96372087384	1850	27.813017050457965	0.0	885714	3333.4526214385314	1.85
21949.119857290854	1850	27.656880633443713	0.0	987708	4156.136417014252	1.85
21953.11413739261	1850	27.662600531686493	0.0	923755	3994.280101757221	1.85
21956.86633248027	1850	27.91040544402608	0.0	891604	3752.195087660414	1.85
21963.955351675828	1850	24.821386248470045	0.0	955231	7089.019195556035	1.85
21970.44239743174	1850	22.334340492557537	0.0	968026	6487.045755912504	1.85
21981.219910373162	1850	15.556827551133782	0.0	874175	10777.512941423756	1.85
21988.971128185993	1850	11.805609738304186	0.0	897976	7751.217812829595	1.85
21992.172397282724	750	12.604340641573474	0.0	379700	3201.269096730713	-0.3500000000000001
21995.78644640236	750	12.990291521936797	0.0	425781	3614.0491196366756	0.75
21997.95157168647	750	14.825166237828089	0.0	277716	2165.125284108708	0.75
22002.28712118066	750	14.48961674363652	0.0	400396	4335.5494941915695	0.75
22005.64106806805	750	15.135669856247812	0.0	400508	3353.946887388707	0.75
22010.027042231162	750	14.74969569313629	0.0	358218	4385.974163111521	0.75
22014.735072676434	750	14.041665247862975	0.0	400322	4708.030445273316	0.75
22017.97826987602	750	14.798468048277195	0.0	369834	3243.197199585781	0.75
22021.170949227024	750	15.605788697277033	0.0	412837	3192.6793510001603	0.75
22024.326798112168	750	16.44993981213381	0.0	401088	3155.8488851432244	0.75
22027.143762768552	750	17.632975155751964	0.0	365161	2816.964656381844	0.75
22029.822331150513	750	18.954406773790083	0.0	321064	2678.5683819618794	0.75
22032.7356107066	750	20.041127217700655	0.0	361565	2913.2795560894315	0.75
22035.884066230716	750	20.8926716935889	0.0	378327	3148.4555241117573	0.75
22038.97472956492	750	21.80200835938178	0.0	390680	3090.6633342071195	0.75
22041.763902269187	750	23.012835655114305	0.0	345516	2789.172704267475	0.75
22044.998432677545	750	23.778305246758734	0.0	384505	3234.5304083555725	0.75
22047.831894608098	750	24.94484331620528	0.0	372093	2833.4619305534557	0.75
22052.39659157581	750	24.38014634849532	0.0	438281	4564.6969677099605	0.75
22056.57730823634	750	24.19942968796338	0.0	398987	4180.716660531939	0.75
22063.57894320959	1850	21.19779471471163	0.0	982064	7001.634973251748	0.75
22069.549368594766	1850	19.22736932953647	0.0	830730	5970.425385175165	1.85
22076.11788998323	1850	16.658847941071368	0.0	846370	6568.521388465099	1.85

