7984.184409121206	750	4.0	4.948165992489615	450283	4948.165992489616	-20.527113767705345
7985.591194927801	300	6.593214193405611	0.0	155580	1406.7858065943897	-0.15000000000000002
7986.6038392656665	300	9.580569855539265	0.0	139857	1012.6443378663465	0.3
7987.7562893329205	300	12.428119788285638	0.0	155432	1152.4500672536267	0.3
7989.1772885609125	300	15.007120560293167	0.0	163442	1420.9992279924695	0.3
7994.233399406805	1200	13.95100971440104	0.0	520315	5056.110845892128	0.29999999999999993
8001.955742803248	1200	10.228666317958341	0.0	561791	7722.3433964426995	1.2
8008.141011426628	750	8.043397694576981	0.0	437162	6185.26862338136	0.3
8011.685686214551	750	8.498722906653809	0.0	374758	3544.6747879231725	0.75
8014.898617823187	750	9.285791298017555	0.0	362795	3212.9316086362546	0.75
8018.218893515545	750	9.965515605660158	0.0	353220	3320.2756923573957	0.75
8019.716116574477	300	12.468292546727996	0.0	156148	1497.2230589321632	-0.15000000000000002
8021.2600057348745	300	14.924403386330543	0.0	160746	1543.8891603974532	0.3
8030.078671921526	1200	10.105737199679254	0.0	687371	8818.66618665129	0.29999999999999993
8036.428938846726	750	7.755470274479756	0.0	337059	6350.266925199498	0.3
8037.912047051344	300	10.272362069861426	0.0	138313	1483.1082046183292	-0.15000000000000002
8039.187866730168	300	12.996542391036831	0.0	143509	1275.8196788245955	0.3
8040.4605150040625	300	15.723894117143052	0.0	150616	1272.6482738937802	0.3
8041.862645290313	300	18.321763830892404	0.0	165384	1402.1302862506486	0.3
8042.943917450289	300	21.240491670916605	0.0	140881	1081.272159975799	0.3
8047.386764797012	1200	20.797644324192976	0.0	601738	4442.847346723625	0.29999999999999993
8052.851094367198	1200	19.333314754007432	0.0	616206	5464.329570185546	1.2
8059.52429653714	1200	16.66011258406586	0.0	656471	6673.20216994157	1.2
8064.983839090523	1200	15.200570030681586	0.0	536667	5459.5425533842745	1.2
8073.134448434794	1200	11.049960686411216	0.0	587236	8150.60934427037	1.2
8077.97336644211	750	10.211042679093786	0.0	379700	4838.918007317428	0.3
8086.916807706693	750	5.267601414510958	0.0	425781	8943.441264582829	0.75
8088.208680416473	300	7.9757287047307495	0.0	111155	1291.8727097802093	-0.15000000000000002
8089.722515161201	300	10.46189396000212	0.0	153605	1513.834744728629	0.3
8091.376953806498	300	12.807455314705733	0.0	149029	1654.4386452963888	0.3
8093.017568377847	300	15.16684074335719	0.0	157421	1640.6145713485419	0.3
8094.428904821065	300	17.755504300138558	0.0	157488	1411.3364432186358	0.3
8097.5467601967075	750	18.63764892449672	0.0	369834	3117.8553756418364	0.3
8101.063073369947	750	19.1213357512571	0.0	412837	3516.3131732396214	0.75
8106.67086338323	1200	17.513545737974034	0.0	690253	5607.790013283067	0.75
8111.13077315728	1200	17.05363596392484	0.0	598727	4459.909774049192	1.2
8114.522854016085	1200	17.66155510511939	0.0	487812	3392.0808588054483	1.2
8118.503183102814	1200	17.681226018390756	0.0	575591	3980.329086728633	1.2
8122.809632568464	1200	17.374776552740396	0.0	605884	4306.449465650361	1.2
8126.530799949242	1200	17.653609171962497	0.0	587506	3721.1673807778993	1.2
8130.714132096472	1200	17.470277024732532	0.0	566904	4183.332147229964	1.2
8135.186717469779	1200	16.997691651426344	0.0	641452	4472.58537330619	1.2
8139.612455852193	1200	16.571953269011885	0.0	599477	4425.738382414456	1.2
8144.928837778934	1200	15.255571342271308	0.0	634861	5316.381926740578	1.2
8150.5803527447515	1200	13.604056376454349	0.0	630203	5651.514965816961	1.2
8157.02837412097	1200	11.156035000236981	0.0	638661	6448.021376217365	1.2
8162.070100358705	1200	10.114308762501311	0.0	538612	5041.72623773567	1.2
8168.342235271478	1850	7.842173849728501	0.0	846370	6272.13491277281	1.2000000000000002

