10496.684416938133	750	4.0	6.865112348267744	450283	6865.112348267744	-28.7699830975513
10498.744992855698	300	5.939424082436076	0.0	155580	2060.575917563924	-0.15000000000000002
10500.528547059983	300	8.155869878150016	0.0	139857	1783.5542042860604	0.3
10502.386484754654	300	10.297932183479393	0.0	155432	1857.9376946706218	0.3
10504.243708051014	300	12.440708887119614	0.0	163442	1857.2232963597808	0.3
10505.553807756132	300	15.130609182001447	0.0	126289	1310.099705118168	0.3
10508.980098915266	750	15.704318022866609	0.0	352642	3426.2911591348357	0.3
10513.755162517218	750	14.929254420914987	0.0	437162	4775.063601951622	0.75
10518.394009679261	750	14.29040725887106	0.0	374758	4638.847162043927	0.75
10523.424575064915	750	13.259841873218098	0.0	362795	5030.565385652963	0.75
10528.83846956916	750	11.8459473689727	0.0	353220	5413.894504245398	0.75
10541.604873025257	750	4.0	0.9204560871253415	405134	12766.403456098042	-3.2079611746389687
10547.482389919562	300	4.0	1.8775168943053369	160746	5877.516894305337	-8.22332264551295
10553.68127674786	300	4.0	2.1988868282977028	179801	6198.886828297703	-9.15521336168012
10557.742196634039	300	4.0	0.06091988618005052	140051	4060.9198861800505	0.03804448942578276
10561.713066351333	300	4.029130282708226	0.0	138313	3970.8697172917737	0.3
10566.916328755055	300	4.0	1.1741321210151172	143509	5203.262403723344	-4.748768120365004
10570.377346675428	300	4.538982079626962	0.0	150616	3461.017920373038	0.3
10573.300344381305	300	5.61598437374933	0.0	165384	2922.9977058776312	0.3
10575.871952576914	300	7.044376178141027	0.0	140881	2571.608195608304	0.3
10578.787218998197	300	8.129109756856787	0.0	157671	2915.26642128424	0.3
10582.739389203049	300	8.176939552004725	0.0	157812	3952.1702048520615	0.3
10587.246330560101	300	7.669998194952845	0.0	163927	4506.941357051881	0.3
10590.721149023913	300	8.195179731140346	0.0	137654	3474.8184638124985	0.3
10594.51691305358	300	8.399415701474247	0.0	146754	3795.764029666099	0.3
10598.437257824053	300	8.479070931002356	0.0	153938	3920.344770471892	0.3
10600.22249832897	300	10.693830426083755	0.0	181901	1785.2405049185998	0.3
10600.76574413097	300	14.150584624086068	0.0	111155	543.2458019976875	0.3
10602.072504665597	750	16.843824089458636	0.0	400396	1306.7605346274365	0.3
10603.043967457543	750	19.87236129751223	0.0	400508	971.462791946402	0.75
10605.091368455065	1850	21.824960299988874	0.0	873429	2047.4009975233555	0.75
10607.031372342048	1850	23.884956413006655	0.0	954453	1940.0038869822185	1.85
10608.981317392265	1850	25.935011362789503	0.0	885062	1949.9450502171492	1.85
10611.302653313282	1850	27.6136754417733	0.0	1035329	2321.3359210162057	1.85
10613.702097547268	1850	29.21423120778524	0.0	1026056	2399.4442339880598	1.85
10615.759239834953	1850	31.157088920100033	0.0	943942	2057.1422876852066	1.85
10620.066085815868	4300	30.85024293918535	0.0	1919781	4306.845980914681	1.8499999999999996
10624.605469419124	4300	30.310859335930047	0.0	2147467	4539.3836032553045	4.3
10628.95763366106	4300	29.958695093992503	0.0	2133870	4352.164241937542	4.3
10633.769302600263	4300	29.147026154790478	0.0	2146120	4811.668939202026	4.3
10638.937952029462	4300	27.978376725589417	0.0	2108491	5168.64942920106	4.3
10643.874910486924	4300	27.041418268129558	0.0	2184571	4936.95845745986	4.3
10648.585686893957	4300	26.330641861096375	0.0	2121928	4710.776407033185	4.3
10653.44137526549	4300	25.47495348956521	0.0	2219102	4855.688371531165	4.3
10658.66182081805	4300	24.254507937003222	0.0	2124950	5220.445552561989	4.3
10664.370704376546	4300	22.54562437850622	0.0	2246506	5708.883558497002	4.3
10668.42722722094	4300	22.489101534112702	0.0	1961140	4056.5228443935166	4.3
10675.463395307606	4300	19.45293344744552	0.0	2155012	7036.168086667181	4.3

