21493.253045016932	750	4.0	6.3928079957343495	450283	6392.80799573435	-26.7390743816577
21494.322132626672	300	6.93091239026107	0.0	155580	1069.0876097389298	-0.15000000000000002
21495.807907343158	300	9.445137673777062	0.0	139857	1485.7747164840077	0.3
21497.85146669894	300	11.40157831799436	0.0	155432	2043.559355782702	0.3
21499.886977552454	300	13.366067464480084	0.0	163442	2035.5108535142779	0.3
21500.858285578368	300	16.39475943856815	0.0	126289	971.3080259119344	0.3
21503.382166601827	750	17.870878415109228	0.0	352642	2523.881023458921	0.3
21506.619144119406	750	18.633900897529248	0.0	437162	3236.97751757998	0.75
21509.83666491695	750	19.416380099981666	0.0	374758	3217.520797547581	0.75
21513.3189605853	750	19.934084431633032	0.0	362795	3482.295668348635	0.75
21515.891241447836	750	21.36180356909513	0.0	353220	2572.280862537902	0.75
21518.854665818453	750	22.398379198478192	0.0	405134	2963.4243706169377	0.75
21521.610413316397	750	23.642631700533972	0.0	386351	2755.747497944219	0.75
21525.838804661984	750	23.414240354947946	0.0	434409	4228.391345586028	0.75
21528.504875218503	750	24.74816979843201	0.0	337059	2666.0705565159383	0.75
21530.747113846217	750	26.50593117071783	0.0	366214	2242.238627714178	0.75
21537.177386296622	1850	24.075658720313157	0.0	966699	6430.2724504046755	0.75
21546.354473164407	1850	18.89857185253097	0.0	885714	9177.086867782184	1.85
21552.793767933952	1850	16.459277082984382	0.0	987708	6439.294769546588	1.85
21559.92132619907	1850	13.331718817866532	0.0	923755	7127.55826511785	1.85
21565.70675549002	1850	11.546289526914908	0.0	891604	5785.429290951625	1.85
21568.998689354037	750	12.254355662900634	0.0	399894	3291.933864014274	-0.3500000000000001
21571.108429173866	750	14.144615843071062	0.0	401853	2109.7398198295723	0.75
21573.150025664072	750	16.103019352861423	0.0	343800	2041.596490209641	0.75
21575.668026405245	750	17.585018611689403	0.0	359903	2518.000741172017	0.75
21577.438412854284	750	19.81463216265116	0.0	379700	1770.3864490382448	0.75
21579.356152712327	750	21.896892304609715	0.0	425781	1917.7398580414447	0.75
21583.36610923813	1200	21.886935778808677	0.0	487160	4009.9565258010375	0.75
21593.917439129054	1850	15.335605887881886	0.0	972798	10551.329890926792	1.2000000000000002
21600.104729676	1850	13.148315340934959	0.0	975811	6187.290546946929	1.85
21606.801438364135	1850	10.451606652801344	0.0	873429	6696.7086881336145	1.85
21617.950740382945	1850	4.0	0.6976953660077743	954453	11149.302018809118	-1.1500900738334292
21621.739113950975	300	4.211626431968802	0.0	143881	3788.373568031199	-1.25
21626.064002899195	300	4.0	0.11326251625353416	163444	4324.888948222336	-0.18702881989019687
21629.99095648242	300	4.073046416776312	0.0	179328	3926.953583223688	0.3
21632.43149607184	300	5.632506827354102	0.0	159914	2440.5395894222106	0.3
21633.691576613084	300	8.37242628611237	0.0	131610	1260.0805412417321	0.3
21634.88883005092	300	11.175172848277104	0.0	124011	1197.2534378352677	0.3
21636.28190768474	300	13.782095214456556	0.0	144254	1393.077633820546	0.3
21639.797005447825	750	14.266997451372108	0.0	390680	3515.0977630844486	0.3
21642.65149290532	750	15.412509993878448	0.0	345516	2854.487457493661	0.75
21645.49103511439	750	16.57296778480403	0.0	384505	2839.542209074418	0.75
21648.297259946317	750	17.766742952879806	0.0	372093	2806.224831924225	0.75
21651.11393251327	750	18.950070385926093	0.0	438281	2816.6725669537113	0.75
21653.107091717207	750	20.956911181991213	0.0	398987	1993.159203934878	0.75
21657.828316505722	1850	20.23568639347304	0.0	982064	4721.224788518174	0.75
21662.435602080433	1850	19.628400818759715	0.0	830730	4607.285574713325	1.85
21668.33612471138	1850	17.727878187815094	0.0	846370	5900.52263094462	1.85

