5832.652375093135	750	4.0	6.08032816050688	450283	6080.3281605068805	-25.395411090179586
5835.007326593533	300	5.645048499601703	0.0	155580	2354.951500398297	-0.15000000000000002
5837.280405407181	300	7.371969685954002	0.0	139857	2273.078813647701	0.3
5843.704734137413	750	4.947640955721775	0.0	382355	6424.328730232226	0.3
5846.644230513733	300	6.008144579400799	0.0	163442	2939.496376320977	-0.15000000000000002
5849.281934354471	300	7.370440738663925	0.0	126289	2637.703840736873	0.3
5853.403124115826	750	7.249250977308151	0.0	352642	4121.189761355774	0.3
5857.606034980099	750	7.046340113035859	0.0	437162	4202.910864272292	0.75
5860.790009786964	750	7.86236530617021	0.0	374758	3183.9748068656495	0.75
5863.85575063727	750	8.796624455865047	0.0	362795	3065.740850305164	0.75
5866.979246319541	750	9.673128773593751	0.0	353220	3123.4956822712957	0.75
5872.997527720716	1200	7.654847372418682	0.0	594078	6018.28140117507	0.75
5877.417453555095	750	7.234921538039928	0.0	386351	4419.925834378753	0.3
5884.902272689553	750	4.0	0.24989759641820455	434409	7484.819134458133	-0.32455966459827956
5887.079175949832	300	5.823096739721453	0.0	140051	2176.9032602785474	-0.15000000000000002
5888.84546313409	300	8.056809555462578	0.0	138313	1766.2871842588743	0.3
5894.344497260778	750	6.557775428775666	0.0	360831	5499.034126686912	0.3
5897.601020238714	300	7.301252450838779	0.0	150616	3256.5229779368874	-0.15000000000000002
5902.669500273763	750	6.232772415790168	0.0	405596	5068.48003504861	0.3
5905.556336646759	300	7.345936042794112	0.0	140881	2886.8363729960565	-0.15000000000000002
5911.576461364647	750	5.3258113249052474	0.0	386472	6020.124717888864	0.3
5914.129752561428	300	6.772520128123899	0.0	157812	2553.2911967813484	-0.15000000000000002
5916.690017023695	300	8.212255665857649	0.0	163927	2560.26446226625	0.3
5920.871883457946	750	8.030389231606298	0.0	343800	4181.866434251351	0.3
5924.203433072932	750	8.698839616619487	0.0	359903	3331.54961498681	0.75
5928.117689951705	750	8.784582737847053	0.0	379700	3914.256878772434	0.75
5935.516100617037	750	5.386172072514742	0.0	425781	7398.4106653323115	0.75
5937.942999576161	300	6.95927311339134	0.0	111155	2426.8989591234017	-0.15000000000000002
5941.952507520514	300	6.949765169038275	0.0	153605	4009.5079443530644	0.3
5944.706426465128	300	8.195846224424185	0.0	149029	2753.9189446140895	0.3
5952.00690673754	750	4.895365952011764	0.0	358218	7300.480272412422	0.3
5955.847342651022	300	5.054930038529623	0.0	157488	3840.435913482141	-0.15000000000000002
5959.365610346176	300	5.536662343374231	0.0	143881	3518.267695155392	0.3
5962.220219879105	300	6.682052810446466	0.0	163444	2854.609532927765	0.3
5965.4383526999045	300	7.463919989646345	0.0	179328	3218.13282080012	0.3
5972.455587301941	750	4.446685387610209	0.0	365161	7017.234602036136	0.3
5975.338254553073	300	5.5640181364781505	0.0	131610	2882.6672511320594	-0.15000000000000002
5977.12824211104	300	7.774030578510575	0.0	124011	1789.9875579675745	0.3
5982.296779637004	750	6.605493052546307	0.0	378327	5168.537525964269	0.3
5984.663037398357	300	8.239235291193866	0.0	149991	2366.25776135244	-0.15000000000000002
5990.3675504870225	750	6.534722202528173	0.0	345516	5704.513088665693	0.3
5993.116606577732	300	7.785666111818896	0.0	161857	2749.0560907092768	-0.15000000000000002
5999.552344867368	750	5.349927822182301	0.0	372093	6435.738289636596	0.3
6001.59277965075	300	7.309493038800102	0.0	172312	2040.4347833821992	-0.15000000000000002
6005.570128559546	750	7.332144130004645	0.0	398987	3977.348908795457	0.3
6009.016782246392	750	7.885490443158186	0.0	393804	3446.653686846459	0.75
6011.864052437173	750	9.03822025237701	0.0	331053	2847.2701907811743	0.75
6016.662561612778	1200	8.23971107677315	0.0	550906	4798.509175603861	0.75

