13936.706401897329	750	4.0	3.478694088168143	450283	3478.694088168143	-14.208384579123015
13937.911529065046	300	6.794872832282032	0.0	155580	1205.1271677179675	-0.15000000000000002
13938.718722202775	300	9.987679694553293	0.0	139857	807.1931377287391	0.3
13940.795762519892	750	11.910639377436901	0.0	382355	2077.0403171163925	0.3
13943.428815640034	750	13.277586257294944	0.0	411561	2633.0531201419562	0.75
13945.354678678463	750	15.351723218866276	0.0	318564	1925.8630384286682	0.75
13948.315678438257	750	16.390723459071705	0.0	352642	2960.9997597945694	0.75
13952.260251545451	750	16.44615035187843	0.0	437162	3944.5731071932755	0.75
13957.54367692778	750	15.16272496954974	0.0	374758	5283.42538232869	0.75
13963.448476518306	750	13.25792537902301	0.0	362795	5904.799590526732	0.75
13968.443143573857	750	12.263258323471229	0.0	353220	4994.66705555178	0.75
13975.901446511842	750	8.804955385486574	0.0	405134	7458.302937984655	0.75
13978.771932716994	300	9.934469180335068	0.0	160746	2870.4862051515065	-0.15000000000000002
13980.10949405149	300	12.596907845838942	0.0	179801	1337.5613344961264	0.3
13982.196948071527	750	14.509453825802666	0.0	337059	2087.454020036275	0.3
13984.59643775435	750	16.10996414297857	0.0	366214	2399.4896828240967	0.75
13989.443961539591	750	15.26244035773779	0.0	360831	4847.52378524078	0.75
13994.642484734419	750	14.063917162910123	0.0	372963	5198.523194827668	0.75
13998.093814857102	750	14.612587040225476	0.0	405596	3451.3301226846465	0.75
14001.804922085874	750	14.90147981145431	0.0	350713	3711.107228771165	0.75
14006.583537094188	750	14.122864803141116	0.0	386472	4778.615008313194	0.75
14009.928936192542	750	14.777465704785667	0.0	399894	3345.3990983554495	0.75
14013.163637760292	750	15.542764137036851	0.0	401853	3234.7015677488153	0.75
14016.159148340646	750	16.54725355668187	0.0	343800	2995.5105803549814	0.75
14018.95815929562	750	17.74824260170808	0.0	359903	2799.010954973791	0.75
14022.843049944515	750	17.86335195281466	0.0	379700	3884.890648893418	0.75
14026.759886258422	750	17.946515638908174	0.0	425781	3916.836313906484	0.75
14029.342128881839	750	19.364273015491097	0.0	277716	2582.2426234170803	0.75
14032.865813931841	750	19.840587965488275	0.0	400396	3523.6850500028245	0.75
14036.529004389824	750	20.177397507505724	0.0	400508	3663.1904579825473	0.75
14040.079348760719	750	20.62705313661216	0.0	358218	3550.344370893564	0.75
14043.629091627166	750	21.07731027016449	0.0	400322	3549.742866447671	0.75
14047.104470798313	750	21.60193109901623	0.0	369834	3475.3791711482577	0.75
14051.89209830973	750	20.814303587599646	0.0	412837	4787.627511416583	0.75
14056.091892466977	750	20.614509430353735	0.0	401088	4199.794157245913	0.75
14059.826575134462	750	20.87982676286851	0.0	365161	3734.6826674852246	0.75
14063.365642308172	750	21.340759589158665	0.0	321064	3539.067173709846	0.75
14067.464667916243	750	21.241733981087076	0.0	361565	4099.025608071587	0.75
14071.112387315328	750	21.594014582000934	0.0	378327	3647.7193990861433	0.75
14075.039509142085	750	21.66689275524373	0.0	390680	3927.121826757203	0.75
14079.017838409689	750	21.688563487642103	0.0	345516	3978.3292676016263	0.75
14082.488255742212	750	22.21814615511942	0.0	384505	3470.4173325226852	0.75
14085.663264220866	750	23.043137676464507	0.0	372093	3175.0084786549137	0.75
14095.577635057849	1850	17.12876683948035	0.0	973972	9914.37083698416	0.75
14098.478956563762	750	18.227445333568262	0.0	398987	2901.321505912083	-0.3500000000000001
14101.449578797437	750	19.256823099891683	0.0	393804	2970.622233676577	0.75
14105.241897199705	750	19.464504697623706	0.0	331053	3792.318402267977	0.75
14109.728364053557	750	18.97803784377225	0.0	314107	4486.466853851455	0.75

