16234.983393001598	750	4.0	2.752351768226307	450283	2752.351768226307	-11.085112603373119
16236.003292780291	300	6.980100221306277	0.0	155580	1019.8997786937232	-0.15000000000000002
16237.125251843376	300	9.858141158220798	0.0	139857	1121.959063085479	0.3
16238.356195390375	300	12.627197611221074	0.0	155432	1230.943546999725	0.3
16240.649827167948	750	14.33356583364831	0.0	411561	2293.6317775727634	0.3
16241.41179855733	750	17.571594444266378	0.0	318564	761.9713893819307	0.75
16250.308012947426	1850	12.675380054171857	0.0	905515	8896.214390094521	0.75
16256.093616150105	750	10.889776851492554	0.0	437162	5785.603202679304	-0.3500000000000001
16258.68868365368	750	12.294709347919927	0.0	374758	2595.067503572627	0.75
16262.442840033424	750	12.540552968176033	0.0	362795	3754.1563797438944	0.75
16267.12739550192	750	11.855997499678681	0.0	353220	4684.555468497353	0.75
16272.794690962946	750	10.188702038652668	0.0	405134	5667.295461026013	0.75
16273.690287617934	300	13.293105383665514	0.0	160746	895.596654987154	-0.15000000000000002
16275.190903846973	750	15.792489154624054	0.0	434409	1500.61622904146	0.3
16276.828148237908	750	18.155244763690195	0.0	337059	1637.244390933858	0.75
16284.02235531618	1850	14.961037685419804	0.0	923170	7194.207078270391	0.75
16291.0976110252	1850	11.885781976398649	0.0	966699	7075.255709021157	1.85
16301.75853153697	1850	5.224861464627314	0.0	885714	10660.920511771334	1.85
16304.31855501746	750	6.664837984137792	0.0	405596	2560.023480489522	-0.3500000000000001
16305.263958410556	300	9.719434591043214	0.0	140881	945.4033930945766	-0.15000000000000002
16307.740660095578	300	11.24273290602029	0.0	157671	2476.7016850229247	0.3
16310.421919607194	300	12.561473394403444	0.0	157812	2681.2595116168454	0.3
16312.449879989912	300	14.533513011684882	0.0	163927	2027.960382718563	0.3
16314.194502072078	300	16.78889092951993	0.0	137654	1744.6220821649517	0.3
16318.448869341233	750	16.534523660363803	0.0	359903	4254.367269156124	0.3
16324.13724931534	750	14.84614368625822	0.0	379700	5688.3799741055855	0.75
16328.181850154138	750	14.801542847459201	0.0	425781	4044.600838799019	0.75
16330.955982950589	750	16.02741005101024	0.0	277716	2774.1327964489615	0.75
16333.553682985515	750	17.429710016083064	0.0	400396	2597.7000349271766	0.75
16336.795573275434	750	18.187819726165028	0.0	400508	3241.8902899180334	0.75
16338.959273398614	750	20.024119602985127	0.0	358218	2163.7001231798986	0.75
16341.39127277533	750	21.59212022626939	0.0	400322	2431.9993767157353	0.75
16345.170223606718	750	21.81316939488288	0.0	369834	3778.950831386511	0.75
16348.718619168845	750	22.26477383275374	0.0	412837	3548.3955621291375	0.75
16351.554789499567	750	23.428603502031983	0.0	401088	2836.170330721756	0.75
16355.14447736229	750	23.838915639310045	0.0	365161	3589.687862721938	0.75
16357.293377457645	750	25.690015543954903	0.0	321064	2148.9000953551454	0.75
16365.985836792614	1850	20.997556208984605	0.0	938587	8692.459334970295	0.75
16372.820168993036	1850	18.163224008563134	0.0	908665	6834.332200421473	1.85
16379.120431581992	1850	15.862961419605552	0.0	930577	6300.262588957583	1.85
16388.26430094485	1850	10.719092056746423	0.0	858450	9143.86936285913	1.85
16392.295394704644	750	10.687998296954657	0.0	384505	4031.093759791765	-0.3500000000000001
16395.514984403104	750	11.46840859849366	0.0	372093	3219.5896984609963	0.75
16399.78802031309	750	11.195372688507465	0.0	438281	4273.035909986195	0.75
16406.637316076733	750	8.34607692486557	0.0	398987	6849.295763641894	0.75
16409.9480483243	300	9.035344677301303	0.0	160064	3310.7322475642673	-0.15000000000000002
16411.444876732483	300	11.53851626911553	0.0	137507	1496.828408185775	0.3
16412.330095556183	300	14.653297445416236	0.0	118421	885.2188236992935	0.3

