13353.030893701269	750	4.0	1.26305294249572	450283	1263.05294249572	-4.681127652731596
13353.471798646247	300	7.559095055021564	0.0	155580	440.9049449784362	-0.15000000000000002
13354.37726569187	750	10.653628009398217	0.0	350812	905.4670456233465	0.3
13356.454086274089	1200	12.576807427180025	0.0	617681	2076.820582218191	0.75
13360.633795210499	1850	12.397098490770496	0.0	996749	4179.70893640953	1.2000000000000002
13363.479444240156	1850	13.55144946111281	0.0	801058	2845.6490296576844	1.85
13368.350759822471	2850	12.680133878798138	0.0	1388403	4871.315582314672	1.85
13371.906400807844	1850	13.124492893424131	0.0	1060487	3555.6409853740083	0.8500000000000001
13376.957425149374	2850	12.07346855189524	0.0	1348011	5051.02434152889	1.85
13380.475051380898	1850	12.555842320371966	0.0	913888	3517.6262315232766	0.8500000000000001
13384.5204246839	1850	12.510469017368528	0.0	939819	4045.3733030034364	1.85
13388.289393163543	1850	12.741500537725434	0.0	917428	3768.9684796430943	1.85
13391.971933467003	1850	13.058960234265589	0.0	946851	3682.5403034598457	1.85
13397.852254716288	2850	11.178638984980642	0.0	1578343	5880.321249284947	1.85
13400.65633809278	1850	12.374555608488455	0.0	821631	2804.083376492187	0.8500000000000001
13403.944946702451	1850	13.085946998815517	0.0	923170	3288.6086096729377	1.85
13409.253249847347	2850	11.777643853920868	0.0	1491626	5308.3031448946485	1.85
13413.370392961426	1850	11.660500739841368	0.0	885714	4117.143114079501	0.8500000000000001
13417.291014179855	1850	11.739879521410819	0.0	987708	3920.6212184305477	1.85
13420.375254844903	1850	12.655638856364554	0.0	923755	3084.2406650462653	1.85
13423.137102161312	1850	13.893791539954602	0.0	891604	2761.847316409952	1.85
13428.099956162125	2850	12.93093753914241	0.0	1468126	4962.854000812192	1.85
13433.383676557145	1850	11.647217144122507	0.0	968026	5283.720395019905	0.8500000000000001
13436.697681029214	1850	12.333212672052268	0.0	874175	3314.00447207024	1.85
13440.05858422898	1850	12.972309472286208	0.0	897976	3360.90319976606	1.85
13444.845439357943	1850	12.185454343322588	0.0	905935	4786.85512896362	1.85
13450.246174616535	1850	10.784719084729742	0.0	1076599	5400.735258592846	1.85
13453.239352255972	1200	11.79154144529418	0.0	487160	2993.177639435562	0.5499999999999999
13456.555912696365	1850	12.474981004900256	0.0	972798	3316.560440393925	1.2000000000000002
13460.932373889378	1850	12.098519811889073	0.0	975811	4376.461193011181	1.85
13465.455678962506	1850	11.575214738759577	0.0	873429	4523.305073129495	1.85
13469.503188181043	1850	11.5277055202225	0.0	954453	4047.509218537078	1.85
13472.981138824047	1850	12.049754877218039	0.0	885062	3477.950643004463	1.85
13476.541291563886	1850	12.489602137379146	0.0	1035329	3560.1527398388916	1.85
13480.116742160539	1850	12.914151540727392	0.0	1026056	3575.450596651753	1.85
13483.587859254223	1850	13.443034447043743	0.0	943942	3471.11709368365	1.85
13489.246918295823	2850	11.783975405443037	0.0	1139291	5659.059041600704	1.85
13493.416785934218	1850	11.614107767048935	0.0	938587	4169.867638394101	0.8500000000000001
13497.356878200422	1850	11.674015500842936	0.0	908665	3940.092266206001	1.85
13500.867461155136	1850	12.163432546130903	0.0	930577	3510.5829547120343	1.85
13504.28668239603	1850	12.744211305236526	0.0	858450	3419.2212408943756	1.85
13507.02384846856	1850	14.00704523270779	0.0	1025005	2737.166072528735	1.85
13511.059591815216	2850	13.971301886049858	0.0	1343002	4035.7433466579328	1.85
13515.578392638945	2850	13.452501062321732	0.0	1587250	4518.800823728127	2.85
13519.815282452595	2850	13.215611248670486	0.0	1464921	4236.889813651245	2.85
13525.608125473485	2850	11.422768227778572	0.0	1483527	5792.843020891915	2.85
13529.230802767343	1850	11.800090933923585	0.0	830730	3622.6772938549866	0.8500000000000001
13531.697473675444	1850	13.333420025822235	0.0	846370	2466.670908101349	1.85

