23321.491598390152	750	4.0	3.998697299309292	450283	3998.697299309292	-16.444398387029956
23322.87357698324	300	6.61802140691262	0.0	155580	1381.9785930873804	-0.15000000000000002
23324.312921683184	300	9.178676706968677	0.0	139857	1439.3446999439418	0.3
23325.60265211927	300	11.888946270885826	0.0	155432	1289.730436082851	0.3
23326.83806841934	300	14.65352997081187	0.0	163442	1235.416300073955	0.3
23330.59472265109	750	14.896875739060945	0.0	318564	3756.6542317509243	0.3
23339.260221907076	750	10.23137648307479	0.0	352642	8665.499255986157	0.75
23342.796036885527	300	10.695561504625188	0.0	173849	3535.8149784496018	-0.15000000000000002
23344.983380285983	300	12.50821810417022	0.0	150710	2187.3434004549663	0.3
23346.79272769703	300	14.698870693124219	0.0	139105	1809.3474110460002	0.3
23348.85552477361	300	16.636073616542937	0.0	141840	2062.7970765812834	0.3
23354.06688102855	750	15.424717361608739	0.0	405134	5211.356254934199	0.3
23355.95140814943	300	17.540190240724634	0.0	160746	1884.5271208841048	-0.15000000000000002
23361.200832338007	750	16.2907660521511	0.0	434409	5249.4241885735355	0.3
23364.32379014019	750	17.16780824996376	0.0	337059	3122.9578021873394	0.75
23367.929084671592	750	17.56251371856466	0.0	366214	3605.2945313991013	0.75
23370.916454470134	750	18.575143920021297	0.0	360831	2987.3697985433646	0.75
23375.05840502189	750	18.433193368266846	0.0	372963	4141.95055175445	0.75
23379.496438667746	750	17.995159722413014	0.0	405596	4438.033645853833	0.75
23383.22120577982	750	18.270392610335733	0.0	350713	3724.76711207728	0.75
23387.14419916524	750	18.34739922491777	0.0	386472	3922.993385417964	0.75
23392.061845127206	750	17.429753262953156	0.0	399894	4917.645961964611	0.75
23399.59141286452	750	13.900185525636637	0.0	401853	7529.56773731652	0.75
23405.396048103474	750	12.095550286682844	0.0	343800	5804.6352389537915	0.75
23409.496872510244	750	11.994725879912973	0.0	359903	4100.82440676987	0.75
23415.892803540053	750	9.598794850100727	0.0	379700	6395.931029812246	0.75
23418.420420432674	300	11.071177957480012	0.0	181901	2527.6168926207133	-0.15000000000000002
23419.652731427133	300	13.838866963023763	0.0	111155	1232.3109944562489	0.3
23421.269327164242	300	16.222271225917208	0.0	153605	1616.5957371065538	0.3
23426.197283641195	750	15.294314748961579	0.0	400508	4927.956476955631	0.3
23429.381072648357	750	16.110525741799474	0.0	358218	3183.789007162107	0.75
23433.13789505665	750	16.353703333508463	0.0	400322	3756.8224082910115	0.75
23436.29968959766	750	17.19190879249432	0.0	369834	3161.794541014141	0.75
23442.3230637812	750	15.168534608955136	0.0	412837	6023.374183539183	0.75
23447.253805779805	750	14.237792610351914	0.0	401088	4930.741998603223	0.75
23450.032038660403	750	15.459559729751511	0.0	365161	2778.2328806004025	0.75
23452.44951650355	750	17.042081886602936	0.0	321064	2417.477843148573	0.75
23454.88619882032	750	18.605399569833367	0.0	361565	2436.682316769568	0.75
23457.243664997546	750	20.24793339260594	0.0	378327	2357.466177227426	0.75
23460.227842389268	750	21.26375600088593	0.0	390680	2984.17739172001	0.75
23463.12526217312	750	22.36633621703302	0.0	345516	2897.41978385291	0.75
23466.064311451693	750	23.42728693845941	0.0	384505	2939.0492785736105	0.75
23472.96350052737	1850	20.528097862782438	0.0	886255	6899.189075676972	0.75
23481.464129681055	1850	16.02746870909708	0.0	973972	8500.629153685357	1.85
23488.133479512722	1850	13.358118877428574	0.0	958994	6669.349831668507	1.85
23495.42213214872	1850	10.069466241430911	0.0	982064	7288.6526359976615	1.85
23498.753831550177	750	10.73776683997324	0.0	331053	3331.6994014576726	-0.3500000000000001
23502.808364919292	750	10.683233470855068	0.0	314107	4054.5333691181713	0.75

