16901.44375687487	750	4.0	2.572266498290951	450283	2572.266498290951	-10.310745942651089
16902.45282703256	300	6.990929842309494	0.0	155580	1009.0701576905071	-0.15000000000000002
16903.205693325977	300	10.238063548894877	0.0	139857	752.8662934146156	0.3
16913.086419616222	1200	4.35733725865196	0.0	617681	9880.726290242917	0.29999999999999993
16916.012254350506	300	5.431502524367698	0.0	163442	2925.834734284262	-0.6000000000000001
16918.20683050977	300	7.236926365103916	0.0	126289	2194.5761592637814	0.3
16925.40983409622	750	4.033922778653576	0.0	352642	7203.003586450341	0.3
16928.657390438108	300	4.786366436767573	0.0	173849	3247.5563418860015	-0.15000000000000002
16931.91882455775	300	5.524932317122917	0.0	150710	3261.4341196446567	0.3
16935.044783524783	300	6.398973350093911	0.0	139105	3125.9589670290065	0.3
16937.663214642092	300	7.780542232784056	0.0	141840	2618.431117309855	0.3
16942.768184480403	750	6.675572394473153	0.0	405134	5104.9698383109035	0.3
16944.849159911286	300	8.594596963591295	0.0	160746	2080.9754308818583	-0.15000000000000002
16949.47941029054	750	7.964346584339849	0.0	434409	4630.250379251446	0.3
16951.969927028647	750	9.473829846229274	0.0	337059	2490.516738110575	0.75
16955.154779261404	1200	10.288977613476414	0.0	587876	3184.85223275286	0.75
16957.82244989802	1200	11.621306976860017	0.0	617242	2667.670636616397	1.2
16967.027802630204	1850	6.415954244673593	0.0	885714	9205.352732186426	1.2000000000000002
16970.53403734708	300	6.909719527799813	0.0	165384	3506.2347168737797	-1.25
16972.524649649487	300	8.919107225390622	0.0	140881	1990.61230240919	0.3
16978.791597190513	750	6.6521596843619815	0.0	386472	6266.94754102864	0.3
16982.378043094803	300	7.065713780071739	0.0	157812	3586.445904290243	-0.15000000000000002
16989.31301128673	750	4.130745588144741	0.0	401853	6934.968191926998	0.3
16991.264900019098	300	6.1788568557737245	0.0	137654	1951.8887323710167	-0.15000000000000002
16993.17015818839	300	8.273598686479357	0.0	146754	1905.2581692943681	0.3
16997.662062962907	750	7.781693911962094	0.0	379700	4491.904774517262	0.3
17001.770886159575	750	7.672870715294337	0.0	425781	4108.823196667757	0.75
17004.104130502208	750	9.339626372661632	0.0	277716	2333.2443426327045	0.75
17012.506705265343	1200	4.937051609526681	0.0	622896	8402.574763134951	0.75
17014.173833453653	300	7.269923421218636	0.0	149029	1667.1281883080442	-0.6000000000000001
17017.012535187583	750	8.431221687288126	0.0	358218	2838.701733930511	0.3
17022.38083874816	750	7.062918126715614	0.0	400322	5368.303560572512	0.75
17025.35513397275	750	8.088622902123818	0.0	369834	2974.2952245917963	0.75
17027.99361848462	750	9.45013839025169	0.0	412837	2638.484511872128	0.75
17032.831222771605	1200	8.612534103267576	0.0	690253	4837.604286984115	0.75
17035.357977321764	750	10.085779553110294	0.0	365161	2526.7545501572804	0.3
17039.096120327074	1200	10.347636547797993	0.0	487812	3738.1430053123026	0.75
17042.400767018065	1200	11.042989856806447	0.0	575591	3304.6466909915457	1.2
17047.676860736166	1850	9.766896138707803	0.0	908665	5276.093718098644	1.2000000000000002
17051.92661495396	1200	9.517141920909944	0.0	587506	4249.754217797859	0.5499999999999999
17057.624267177984	1200	7.8194896968857135	0.0	566904	5697.65222402423	1.2
17066.69744935113	750	4.0	1.2536924762565942	384505	9073.182173142308	-5.090877647903355
17068.841195554753	300	5.856253796375046	0.0	145210	2143.746203624954	-0.15000000000000002
17071.822525662985	300	6.874923688143994	0.0	172312	2981.3301082310513	0.3
17074.91502333418	300	7.782426016947952	0.0	167025	3092.4976711960417	0.3
17079.20610251402	750	7.49134683710428	0.0	393804	4291.079179843672	0.3
17082.010094764213	750	8.687354586909773	0.0	331053	2803.992250194508	0.75
17085.049559894356	750	9.647889456765428	0.0	314107	3039.4651301443446	0.75

