3024.8026016392705	750	4.0	1.384287999087403	450283	1384.287999087403	-5.202438396075833
3026.076822649587	750	6.725778989683334	0.0	398865	1274.2210103166653	0.75
3027.566203788953	750	9.236397850317369	0.0	350812	1489.3811393659653	0.75
3029.008029895133	750	11.794571744137407	0.0	382355	1441.8261061799628	0.75
3030.411863500737	750	14.390738138532942	0.0	411561	1403.8336056044654	0.75
3031.576484002319	750	17.226117636951464	0.0	318564	1164.6205015814764	0.75
3034.527737278022	1850	18.27486436124831	0.0	905515	2951.2532757031545	0.75
3038.1776122203805	1850	18.624989418889957	0.0	1060487	3649.874942358356	1.85
3040.665145878137	1850	20.1374557611333	0.0	852833	2487.5336577566545	1.85
3043.481213847413	1850	21.321387791857006	0.0	913888	2816.0679692762915	1.85
3046.7865934810125	1850	22.016008158257804	0.0	939819	3305.379633599201	1.85
3051.2233972464774	1850	21.579204392793027	0.0	917428	4436.803765464778	1.85
3054.29560247321	1850	22.506999166060822	0.0	946851	3072.2052267322074	1.85
3059.1526155483393	1850	21.649986090931314	0.0	1036454	4857.013075129509	1.85
3066.5574963366466	1850	18.24510530262365	0.0	821631	7404.880788307667	1.85
3076.6485376441533	1850	12.154063995116864	0.0	923170	10091.041307506783	1.85
3080.1304747741324	750	12.672126865137667	0.0	360831	3481.937129979199	-0.3500000000000001
3083.811276766713	750	12.991324872556985	0.0	372963	3680.8019925806816	0.75
3088.0137475213573	750	12.788854117912942	0.0	405596	4202.470754644043	0.75
3092.191690600114	750	12.61091103915627	0.0	350713	4177.943078756671	0.75
3096.1901000004596	750	12.612501638810356	0.0	386472	3998.4094003459154	0.75
3099.0173488993782	750	13.785252739891511	0.0	399894	2827.2488989188437	0.75
3101.956872723213	750	14.845728916057118	0.0	401853	2939.5238238343936	0.75
3104.3412195496453	750	16.461382089624752	0.0	343800	2384.3468264323647	0.75
3106.633846719391	750	18.16875491987922	0.0	359903	2292.6271697455345	0.75
3108.9847886492385	750	19.81781299003147	0.0	379700	2350.9419298477483	0.75
3111.1151688076748	750	21.687432831595338	0.0	425781	2130.38015843613	0.75
3112.85494205195	750	23.947659587320175	0.0	277716	1739.7732442751649	0.75
3119.6340208945926	1850	21.168580744677417	0.0	972798	6779.078842642756	0.75
3127.011540422645	1850	17.791061216625	0.0	975811	7377.5195280524185	1.85
3135.34359674613	1850	13.459004893139939	0.0	873429	8332.05632348506	1.85
3138.2346137130476	750	14.567987926222248	0.0	400322	2891.016966917692	-0.3500000000000001
3140.8589175507236	750	15.94368408854629	0.0	369834	2624.3038376759573	0.75
3143.385107902262	750	17.417493737008154	0.0	412837	2526.190351538134	0.75
3145.9113292491024	750	18.891272390167494	0.0	401088	2526.2213468406594	0.75
3147.9820388126564	750	20.82056282661386	0.0	365161	2070.7095635536343	0.75
3151.807124881827	1850	20.99547675744347	0.0	728962	3825.0860691703892	0.75
3157.2076341333222	1850	19.594967505948173	0.0	938587	5400.509251495298	1.85
3161.556900928674	1850	19.245700710596104	0.0	908665	4349.266795352069	1.85
3167.534875210873	1850	17.26772642839737	0.0	930577	5977.974282198733	1.85
3172.07578222493	1850	16.72681941433974	0.0	858450	4540.907014057631	1.85
3178.690228224066	1850	14.112373415204708	0.0	1025005	6614.445999135033	1.85
3185.745459307216	1850	11.05714233205436	0.0	886255	7055.231083150347	1.85
3188.591732510905	750	12.210869128365768	0.0	438281	2846.273203688591	-0.3500000000000001
3190.955453535063	750	13.847148104207184	0.0	398987	2363.721024158583	0.75
3192.917963692565	750	15.884637946705205	0.0	393804	1962.5101575019794	0.75
3194.345948950705	750	18.456652688564862	0.0	331053	1427.9852581403418	0.75
3198.241294187146	1850	18.561307452123852	0.0	846370	3895.345236441013	0.75

