6424.665348680553	750	4.0	12.266701258043659	450283	12266.701258043659	-51.99681540958773
6429.297269210813	300	4.0	0.6319205302601922	155580	4631.920530260192	-2.867258280118827
6432.345100877146	300	4.952168333667658	0.0	139857	3047.8316663323417	0.3
6435.614577314384	300	5.682691896429397	0.0	155432	3269.4764372382615	0.3
6438.971852735191	300	6.325416475623024	0.0	163442	3357.275420806372	0.3
6441.099618200239	300	8.19765101057458	0.0	126289	2127.765465048444	0.3
6443.304944668398	300	9.99232454241477	0.0	153295	2205.326468159809	0.3
6445.501305734072	300	11.795963476741463	0.0	173849	2196.3610656733085	0.3
6447.3093120640315	300	13.987957146781996	0.0	150710	1808.006329959466	0.3
6448.98105026709	300	16.316218943722877	0.0	139105	1671.7382030591195	0.3
6452.518044832117	750	16.77922437869561	0.0	353220	3536.9945650272653	0.3
6456.693526509096	750	16.60374270171658	0.0	405134	4175.48167697903	0.75
6461.1138290322415	750	16.183440178570997	0.0	386351	4420.302523145583	0.75
6466.303194277864	750	14.994074932948617	0.0	434409	5189.365245622378	0.75
6471.238679725926	750	14.058589484886525	0.0	337059	4935.4854480620925	0.75
6475.2177579161735	750	14.079511294638632	0.0	366214	3979.078190247893	0.75
6479.20864078726	750	14.088628423551462	0.0	360831	3990.8828710871694	0.75
6483.418009281173	750	13.879259929638918	0.0	372963	4209.368493912545	0.75
6489.865162453169	750	11.43210675764283	0.0	405596	6447.15317199609	0.75
6492.883316891993	750	12.413952318819094	0.0	350713	3018.154438823735	0.75
6495.478829570792	750	13.818439640018568	0.0	386472	2595.512678800527	0.75
6498.580590669326	750	14.716678541485225	0.0	399894	3101.761098533343	0.75
6501.283728937111	750	16.013540273699803	0.0	401853	2703.1382677854217	0.75
6503.7526338385105	750	17.54463537230026	0.0	343800	2468.9049013995414	0.75
6506.6614354288595	750	18.635833781950964	0.0	359903	2908.8015903492956	0.75
6508.907028753655	750	20.390240457155375	0.0	379700	2245.59332479559	0.75
6511.867939986102	750	21.429329224707864	0.0	425781	2960.91123244751	0.75
6513.695582606785	750	23.601686604024867	0.0	277716	1827.642620682997	0.75
6516.609445856003	750	24.68782335480723	0.0	400396	2913.863249217639	0.75
6523.090998239362	1850	22.206270971447477	0.0	975811	6481.552383359751	0.75
6528.654333826486	1850	20.64293538432384	0.0	873429	5563.335587123634	1.85
6534.713047722658	1850	18.584221488151556	0.0	954453	6058.713896172284	1.85
6540.670316817907	1850	16.626952392901746	0.0	885062	5957.2690952498115	1.85
6549.283774235623	1850	12.013494975186308	0.0	1035329	8613.457417715437	1.85
6552.007536671079	750	13.28973253973057	0.0	401088	2723.762435455738	-0.3500000000000001
6557.206869825937	750	12.090399384872244	0.0	365161	5199.333154858326	0.75
6561.064305091658	750	12.23296411915155	0.0	321064	3857.435265720695	0.75
6563.3138599981385	750	13.983409212671013	0.0	361565	2249.554906480537	0.75
6565.528942773655	750	15.768326437154734	0.0	378327	2215.0827755162795	0.75
6567.941653715856	750	17.355615494954094	0.0	390680	2412.710942200642	0.75
6569.841445634233	750	19.455823576575778	0.0	345516	1899.791918378314	0.75
6572.038832444564	750	21.25843676624606	0.0	384505	2197.386810329718	0.75
6577.161100128477	750	20.136169082331886	0.0	372093	5122.267683914173	0.75
6584.6314430737275	750	16.66582613708255	0.0	438281	7470.342945249335	0.75
6592.364554706854	750	12.932714503955696	0.0	398987	7733.111633126854	0.75
6595.408524000971	750	13.888745209838484	0.0	393804	3043.9692941172125	0.75
6599.115125673129	750	14.182143537680012	0.0	331053	3706.6016721584715	0.75
6603.6064789548755	750	13.69079025593313	0.0	314107	4491.353281746882	0.75

