11992.5545462225	750	4.0	3.3429362672757508	450283	3342.9362672757507	-13.624625949285727
11993.742667879618	300	6.811878342882704	0.0	155580	1188.1216571172963	-0.15000000000000002
11994.845828712183	300	9.708717510318698	0.0	139857	1103.160832564006	0.3
11996.159918090652	300	12.394628131848688	0.0	155432	1314.0893784700106	0.3
11999.150340228116	750	13.404205994384537	0.0	411561	2990.4221374641515	0.3
12001.70940585275	750	14.845140369751302	0.0	318564	2559.065624633234	0.75
12004.173765433543	750	16.380780788959626	0.0	352642	2464.359580791676	0.75
12006.401280681366	750	18.15326554113666	0.0	437162	2227.515247822967	0.75
12008.450296606465	750	20.104249616037656	0.0	374758	2049.0159250990046	0.75
12013.006505125713	1850	19.548041096788825	0.0	913888	4556.208519248831	0.75
12017.285068823163	1850	19.269477399339827	0.0	939819	4278.563697448998	1.85
12021.060572401277	1850	19.49397382122681	0.0	917428	3775.5035781130164	1.85
12025.6823490921	1850	18.872197130402927	0.0	946851	4621.776690823879	1.85
12033.463732716067	1850	15.090813506435333	0.0	1036454	7781.383623967594	1.85
12042.841872404519	1850	9.712673817982417	0.0	821631	9378.139688452917	1.85
12046.750803784535	750	9.803742437968342	0.0	366214	3908.9313800140753	-0.3500000000000001
12048.318209280416	300	12.236336942087059	0.0	143509	1567.405495881284	-0.15000000000000002
12053.245216043171	750	11.309330179332513	0.0	372963	4927.006762754547	0.3
12058.89515693138	750	9.659389291122464	0.0	405596	5649.940888210047	0.75
12061.18287389963	300	11.371672322873607	0.0	140881	2287.7169682488584	-0.15000000000000002
12063.976706689002	300	12.577839533500388	0.0	157671	2793.8327893732185	0.3
12066.653974687508	300	13.900571534994521	0.0	157812	2677.2679985058676	0.3
12069.846770275708	750	14.70777594679404	0.0	401853	3192.7955882004812	0.3
12071.912485848969	750	16.64206037353257	0.0	343800	2065.715573261473	0.75
12074.214146700182	750	18.340399522318513	0.0	359903	2301.660851214057	0.75
12076.656530689552	750	19.898015532948687	0.0	379700	2442.3839893698246	0.75
12079.539241324099	750	21.015304898401972	0.0	425781	2882.710634546715	0.75
12081.457437217212	750	23.097109005290136	0.0	277716	1918.1958931118406	0.75
12086.632535349205	1850	21.92201087329622	0.0	972798	5175.098131993916	0.75
12091.110844252751	1850	21.44370196975015	0.0	975811	4478.308903546067	1.85
12095.179841702466	1850	21.374704520036	0.0	873429	4068.9974497141525	1.85
12099.573415654975	1850	20.981130567525803	0.0	954453	4393.5739525102	1.85
12105.672895747051	1850	18.881650475450478	0.0	885062	6099.4800920753205	1.85
12117.749250754332	1850	10.805295468168044	0.0	1035329	12076.355007282435	1.85
12122.714509361043	750	9.84003686145672	0.0	401088	4965.2586067113225	-0.3500000000000001
12125.245205885189	300	11.309340337312184	0.0	159914	2530.6965241445387	-0.15000000000000002
12127.487746733916	300	13.066799488586668	0.0	131610	2242.5408487255145	0.3
12129.512565575387	300	15.041980647114247	0.0	124011	2024.8188414724204	0.3
12131.628630494808	300	16.925915727692868	0.0	144254	2116.064919421378	0.3
12136.0092816235	750	16.54526459900205	0.0	390680	4380.651128690816	0.3
12141.180393073837	750	15.374153148664439	0.0	345516	5171.111450337612	0.75
12144.58443518969	750	15.970111032810927	0.0	384505	3404.042115853512	0.75
12147.451625357638	750	17.102920864861723	0.0	372093	2867.1901679492016	0.75
12150.627738524185	750	17.92680769831439	0.0	438281	3176.113166547335	0.75
12153.537298138213	750	19.017248084285598	0.0	398987	2909.559614028792	0.75
12156.615403775935	750	19.939142446563775	0.0	393804	3078.105637721821	0.75
12158.913458013409	750	21.641088209091176	0.0	331053	2298.054237472601	0.75
12162.041362084257	750	22.51318413824302	0.0	314107	3127.904070848154	0.75

