17887.54226727076	750	4.0	2.54228302815134	450283	2542.28302815134	-10.181817021050762
17888.381688097335	300	7.160579173426026	0.0	155580	839.4208265739742	-0.15000000000000002
17889.016830285906	300	10.525436984853442	0.0	139857	635.1421885725827	0.3
17890.44156810429	750	13.10069916646988	0.0	382355	1424.7378183835626	0.3
17892.264581901025	750	15.277685369733023	0.0	411561	1823.0137967368564	0.75
17893.978295705467	750	17.563971565292334	0.0	318564	1713.7138044406884	0.75
17896.25820568343	1200	19.284061587329564	0.0	561791	2279.909977962768	0.75
17900.509722938074	1850	19.03254433268711	0.0	1060487	4251.517254642455	1.2000000000000002
17909.231657618675	1850	14.31060965208424	0.0	852833	8721.93468060287	1.85
17917.708798770833	750	9.833468499925013	0.0	362795	8477.141152159227	-0.3500000000000001
17920.42664904803	300	11.115618222727795	0.0	141840	2717.850277197218	-0.15000000000000002
17922.662274143266	300	12.879993127491755	0.0	156148	2235.6250952360415	0.3
17924.047889996527	300	15.494377274230825	0.0	160746	1385.6158532609306	0.3
17927.858930334518	750	15.683336936238565	0.0	434409	3811.0403379922604	0.3
17931.611120314818	750	15.931146955941374	0.0	337059	3752.1899802971902	0.75
17934.88590410678	750	16.656363163976756	0.0	366214	3274.783791964618	0.75
17937.376049558887	750	18.16621771187253	0.0	360831	2490.1454521042247	0.75
17940.340873023124	750	19.201394247635996	0.0	372963	2964.8234642365373	0.75
17943.496180293965	750	20.046086976791376	0.0	405596	3155.307270844618	0.75
17945.91561856728	750	21.6266487034779	0.0	350713	2419.4382733134735	0.75
17949.30276112967	750	22.239506141087375	0.0	386472	3387.1425623905275	0.75
17952.7386257785	750	22.80364149225608	0.0	399894	3435.8646488312947	0.75
17956.307565668474	750	23.234701602279976	0.0	401853	3568.9398899761027	0.75
17959.138719747953	750	24.403547522800938	0.0	343800	2831.154079479039	0.75
17965.253552189075	1850	22.288715081681367	0.0	897976	6114.832441119573	0.75
17972.734144678656	1850	18.808122592098474	0.0	905935	7480.592489582896	1.85
17978.88024883078	1200	16.66201843997262	0.0	696376	6146.104152125854	0.5499999999999999
17985.01147737854	1850	14.530789892214205	0.0	758197	6131.228547758415	1.2000000000000002
17990.503680820206	1850	13.038586450550353	0.0	972798	5492.203441663852	1.85
17998.16394259436	1850	9.378324676392419	0.0	975811	7660.261774157933	1.85
17999.906801145375	750	11.635466125378512	0.0	358218	1742.8585510139046	-0.3500000000000001
18001.385885508476	750	14.156381762274416	0.0	400322	1479.0843631040968	0.75
18004.51418067604	1850	15.028086594712262	0.0	885062	3128.295167562153	0.75
18007.942801305202	1850	15.59946596555019	0.0	1035329	3428.620629162072	1.85
18011.421091907916	1850	16.12117536283511	0.0	1026056	3478.2906027150802	1.85
18015.15503020107	1850	16.38723706968001	0.0	943942	3733.9382931551	1.85
18019.08026671187	1850	16.462000558879918	0.0	728962	3925.236510800094	1.85
18024.454816481662	1850	15.087450789086997	0.0	938587	5374.549769792921	1.85
18030.386543876753	1850	13.155723393996258	0.0	908665	5931.72739509074	1.85
18039.95868835481	1850	7.583578915937744	0.0	930577	9572.144478058513	1.85
18042.62192833524	750	8.920338935509506	0.0	345516	2663.2399804282372	-0.3500000000000001
18045.325856392345	750	10.216410878404053	0.0	384505	2703.9280571054533	0.75
18048.952825390323	750	10.589441880425357	0.0	372093	3626.9689979786967	0.75
18051.07204553305	750	12.470221737700392	0.0	438281	2119.220142724964	0.75
18052.93965941267	750	14.602607858079336	0.0	398987	1867.6138796210562	0.75
18054.927148454903	750	16.61511881585024	0.0	393804	1987.4890422290935	0.75
18056.585489151235	750	18.95677811951645	0.0	331053	1658.34069633379	0.75
18060.6882275364	1850	18.854039734351808	0.0	846370	4102.738385164642	0.75

