15755.487398006122	750	4.0	2.7039540741785544	450283	2703.9540741785545	-10.877002518967783
15756.347624882737	300	7.139773123385195	0.0	155580	860.2268766148045	-0.15000000000000002
15757.104921481761	300	10.382476524359733	0.0	139857	757.2965990254636	0.3
15757.90414355101	300	13.583254455111563	0.0	155432	799.222069248169	0.3
15759.74946425887	750	15.737933747252242	0.0	411561	1845.3207078593198	0.3
15761.25523094738	750	18.232167058742743	0.0	318564	1505.7666885094986	0.75
15763.683478789451	750	19.803919216671318	0.0	352642	2428.247842071427	0.75
15767.567034018293	750	19.9203639878282	0.0	437162	3883.555228843117	0.75
15770.058957397185	750	21.428440608936288	0.0	374758	2491.9233788919114	0.75
15774.599623854236	750	20.887774151885957	0.0	362795	4540.6664570503335	0.75
15777.652458964592	750	21.834939041528656	0.0	353220	3052.8351103572963	0.75
15780.282019098358	750	23.205378907763166	0.0	405134	2629.5601337654925	0.75
15785.730466835059	1850	21.756931171062593	0.0	946851	5448.447736700576	0.75
15790.690985528106	1850	20.79641247801507	0.0	1036454	4960.51869304752	1.85
15794.458549402805	1850	21.02884860331666	0.0	821631	3767.563874698412	1.85
15800.956359402173	1850	18.53103860394926	0.0	923170	6497.8099993673995	1.85
15808.103548990994	1850	15.383849015128215	0.0	966699	7147.189588821044	1.85
15813.126367345501	1850	14.361030660619905	0.0	885714	5022.81835450831	1.85
15826.558080943021	1850	4.929317063098984	0.0	987708	13431.71359752092	1.85
15827.532792246537	300	7.954605759583517	0.0	140881	974.7113035154665	-1.25
15831.520341490537	750	7.967056515584408	0.0	386472	3987.5492439991085	0.3
15833.496951877905	300	9.990446128215526	0.0	157812	1976.6103873688821	-0.15000000000000002
15834.576062428245	300	12.911335577874953	0.0	163927	1079.110550340575	0.3
15835.55613407907	300	15.931263927049454	0.0	137654	980.0716508254999	0.3
15838.070470607923	750	17.41692739819712	0.0	359903	2514.336528852333	0.3
15840.586625357686	750	18.90077264843416	0.0	379700	2516.154749762961	0.75
15843.32812745486	750	20.159270551259404	0.0	425781	2741.502097174752	0.75
15845.537045972036	750	21.950352034082584	0.0	277716	2208.918517176818	0.75
15847.677463904778	750	23.809934101341145	0.0	400396	2140.4179327414377	0.75
15850.656098186824	750	24.831299819294596	0.0	400508	2978.634282046552	0.75
15856.430823652996	1850	23.05657435312423	0.0	873429	5774.7254661703655	0.75
15864.521827315702	1850	18.96557069041722	0.0	954453	8091.003662707013	1.85
15870.826693682106	1850	16.660704324014077	0.0	885062	6304.866366403141	1.85
15876.756351948265	1850	14.731046057856124	0.0	1035329	5929.658266157951	1.85
15890.451722753605	1850	5.03567525251685	0.0	1026056	13695.370805339275	1.85
15892.858409040107	300	6.6289889660158225	0.0	159914	2406.6862865010276	-1.25
15894.528873010295	300	8.958524995827087	0.0	131610	1670.4639701887365	0.3
15896.524892167148	300	10.962505838971738	0.0	124011	1996.0191568553498	0.3
15898.415576330799	300	13.071821675321937	0.0	144254	1890.6841636498013	0.3
15900.233386345653	300	15.254011660469263	0.0	149991	1817.8100148526746	0.3
15901.841584030904	300	17.64581397521846	0.0	147968	1608.1976852508053	0.3
15905.247077641106	750	18.24032036501442	0.0	384505	3405.4936102040397	0.3
15907.98338540835	750	19.504012597772512	0.0	372093	2736.307767241909	0.75
15910.646260936126	750	20.841137069994872	0.0	438281	2662.875527777641	0.75
15912.981069202637	750	22.506328803484063	0.0	398987	2334.808266510808	0.75
15917.916649430243	1850	21.570748575878937	0.0	982064	4935.580227605125	0.75
15921.944875776897	1850	21.542522229226847	0.0	830730	4028.22634665209	1.85
15925.80054407636	1850	21.686853929762066	0.0	846370	3855.668299464782	1.85

