10702.710991810416	750	4.0	4.799754461958953	450283	4799.754461958953	-19.888944186423497
10704.132982038196	300	6.578009772220171	0.0	155580	1421.9902277798294	-0.15000000000000002
10705.334990727106	300	9.376001083309369	0.0	139857	1202.0086889108015	0.3
10711.159332645018	1200	7.5516591653970675	0.0	617681	5824.341917912302	0.29999999999999993
10718.859969497376	750	4.0	0.1489776869630041	411561	7700.636852360071	-0.3406040539409176
10722.001974932009	300	4.857994565367751	0.0	126289	3142.005434632248	-0.15000000000000002
10725.247874708593	300	5.612094788784019	0.0	153295	3245.8997765837325	0.3
10728.42279477806	300	6.437174719316655	0.0	173849	3174.9200694673646	0.3
10730.556814145548	300	8.303155351828	0.0	150710	2134.0193674886546	0.3
10734.26237768955	750	8.597591807824527	0.0	362795	3705.5635440034725	0.3
10738.969894641692	750	7.890074855683361	0.0	353220	4707.516952141166	0.75
10745.816539142912	750	5.0434303544633305	0.0	405134	6846.64450122003	0.75
10749.306827187596	300	5.553142309779754	0.0	160746	3490.2880446835757	-0.15000000000000002
10752.478244129712	300	6.381725367664667	0.0	179801	3171.4169421150873	0.3
10755.578092285079	300	7.28187721229646	0.0	140051	3099.848155368207	0.3
10761.662191080608	750	5.197778416768967	0.0	366214	6084.098795527493	0.3
10764.019489037595	300	6.840480459780864	0.0	143509	2357.2979569881027	-0.15000000000000002
10766.790634991432	300	8.069334505945864	0.0	150616	2771.145953835	0.3
10772.286721732	750	6.573247765377467	0.0	405596	5496.0867405683975	0.3
10773.948888760833	300	8.911080736544584	0.0	140881	1662.1670288328837	-0.15000000000000002
10777.900251252126	750	8.959718245250821	0.0	386472	3951.362491293762	0.3
10783.060998022533	750	7.798971474844149	0.0	399894	5160.746770406672	0.75
10787.527464832889	750	7.332504664487672	0.0	401853	4466.466810356476	0.75
10791.1511678267	750	7.708801670676572	0.0	343800	3623.7029938111	0.75
10795.221464656712	750	7.638504840662794	0.0	359903	4070.2968300137777	0.75
10799.031388359435	750	7.828581137939911	0.0	379700	3809.923702722883	0.75
10802.61458698067	750	8.245382516705833	0.0	425781	3583.1986212340776	0.75
10807.016502416174	750	7.843467081199634	0.0	277716	4401.915435506199	0.75
10813.649168097247	750	5.210801400128508	0.0	400396	6632.665681071126	0.75
10816.227359664246	300	6.632609833128105	0.0	149029	2578.191567000404	-0.15000000000000002
10819.047967135875	300	7.812002361500499	0.0	157421	2820.6074716276053	0.3
10824.573090928869	750	6.28687856850539	0.0	400322	5525.123792995109	0.3
10826.111913199124	300	8.748056298252582	0.0	143881	1538.8222702528076	-0.15000000000000002
10829.65701873068	750	9.202950766693506	0.0	412837	3545.1055315590766	0.3
10838.844025238368	1200	4.015944259006447	0.0	690253	9187.00650768706	0.75
10840.667912340565	300	6.192057156811358	0.0	159914	1823.8871021950881	-0.6000000000000001
10842.359878808775	300	8.500090688601079	0.0	131610	1691.9664682102814	0.3
10848.744749785568	750	6.115219711805695	0.0	361565	6384.870976795383	0.3
10851.330222306124	300	7.529747191251987	0.0	144254	2585.472520553708	-0.15000000000000002
10857.256273942827	750	5.60369555454899	0.0	390680	5926.051636702997	0.3
10859.353443305037	300	7.506526192336787	0.0	147968	2097.1693622122025	-0.15000000000000002
10864.630269922114	750	6.229699575259132	0.0	384505	5276.826617077655	0.3
10865.702591083646	300	9.15737841372759	0.0	145210	1072.3211615315417	-0.15000000000000002
10869.90251991145	1200	8.957449585924259	0.0	634861	4199.928827803331	0.29999999999999993
10873.037182095015	750	9.82278740235773	0.0	398987	3134.6621835665296	0.3
10878.90187728866	1200	7.958092208712425	0.0	638661	5864.695193645305	0.75
10881.311984744096	750	9.54798475327667	0.0	331053	2410.1074554357538	0.3
10885.767848691543	1200	9.092120805829197	0.0	550906	4455.863947447476	0.75

