18766.719051470594	750	4.0	6.579692689023528	450283	6579.692689023527	-27.542678562801168
18767.70583938674	300	7.013212083850239	0.0	155580	986.7879161497615	-0.15000000000000002
18769.65402543885	300	9.065026031742615	0.0	139857	1948.1860521076244	0.3
18773.6601492046	300	9.058902265989714	0.0	155432	4006.1237657529027	0.3
18777.753695757267	300	8.965355713323753	0.0	163442	4093.546552665962	0.3
18779.862266946206	300	10.856784524387702	0.0	126289	2108.57118893605	0.3
18782.03854682182	300	12.680504648772505	0.0	153295	2176.2798756151965	0.3
18785.452339762243	300	13.26671170834403	0.0	173849	3413.7929404284755	0.3
18788.306305587725	300	14.412745882862826	0.0	150710	2853.965825481205	0.3
18790.841891609554	300	15.877159861034803	0.0	139105	2535.5860218280227	0.3
18792.344424504266	300	18.374626966323696	0.0	141840	1502.5328947111045	0.3
18793.569140016585	300	21.149911454003995	0.0	156148	1224.7155123197024	0.3
18794.77561259582	300	23.943438874768944	0.0	160746	1206.4725792350514	0.3
18797.290414945637	750	25.428636524952058	0.0	434409	2514.8023498168886	0.3
18799.61898376212	750	27.100067708467382	0.0	337059	2328.568816484677	0.75
18802.157563215667	750	28.561488254921045	0.0	366214	2538.579453546337	0.75
18804.35244485578	750	30.366606614807083	0.0	360831	2194.8816401139643	0.75
18807.59417322657	1200	31.124878244014287	0.0	581493	3241.7283707927963	0.75
18814.692711959528	1850	28.02633951106111	0.0	987708	7098.538732953175	1.2000000000000002
18821.4925977568	1850	25.22645371378708	0.0	923755	6799.885797274028	1.85
18825.63847466613	1850	25.08057680445541	0.0	891604	4145.876909331669	1.85
18829.890640324025	1850	24.82841114655713	0.0	955231	4252.16565789828	1.85
18833.64768090761	1850	25.071370562975396	0.0	968026	3757.040583581731	1.85
18837.399755320243	1850	25.31929615033836	0.0	874175	3752.0744126370364	1.85
18842.199556768428	1850	24.519494702152876	0.0	897976	4799.801448185485	1.85
18848.230507521628	1850	22.488543948952035	0.0	905935	6030.950753200839	1.85
18854.77862299992	1850	19.940428470663676	0.0	1076599	6548.115478288359	1.85
18864.033169954968	1850	14.68588151561643	0.0	758197	9254.546955047246	1.85
18880.623548267682	1200	4.0	1.9044967970984634	622896	16590.378312714893	-7.639336227523393
18883.27532504074	300	5.348223226943299	0.0	149029	2651.7767730567016	-0.6000000000000001
18888.13317651521	300	4.4903717524720985	0.0	157421	4857.8514744712	0.3
18891.159971452715	300	5.463576814971276	0.0	157488	3026.794937500823	0.3
18895.07449451422	300	5.54905375346152	0.0	143881	3914.5230615097557	0.3
18898.20479820992	300	6.418750057762567	0.0	163444	3130.303695698953	0.3
18899.920533860844	300	8.703014406841012	0.0	179328	1715.735650921556	0.3
18900.85798025154	300	11.765568016140069	0.0	159914	937.4463907009435	0.3
18901.58567764273	300	15.037870624951605	0.0	131610	727.6973911884627	0.3
18902.25919005107	300	18.36435821661445	0.0	124011	673.5124083371588	0.3
18904.294089503168	750	20.329458764515227	0.0	378327	2034.8994520992226	0.3
18907.346819770934	1200	21.276728496750753	0.0	587506	3052.730267764477	0.75
18916.595093775733	1200	16.02845449194863	0.0	566904	9248.27400480212	1.2
18921.874127429386	1200	14.749420838297711	0.0	641452	5279.03365365092	1.2
18924.49974136795	750	16.123806899735538	0.0	372093	2625.6139385621714	0.3
18928.17312724977	750	16.450421017912205	0.0	438281	3673.385881823333	0.75
18930.98870862638	750	17.63483964129922	0.0	398987	2815.581376612986	0.75
18933.050654316903	750	19.572893950778184	0.0	393804	2061.9456905210345	0.75
18938.960962307465	2850	17.662585960214805	0.0	1231456	5910.307990563379	0.75
18945.37739557181	2850	15.246152695871654	0.0	1364537	6416.433264343153	2.85

