11644.077364375018	750	4.0	4.751626329382562	450283	4751.626329382562	-19.681993216345017
11645.721819291719	300	6.35554508329921	0.0	155580	1644.4549167007901	-0.15000000000000002
11647.156679324293	300	8.920685050724277	0.0	139857	1434.860032574934	0.3
11650.459772322907	750	9.617592052110366	0.0	382355	3303.09299861391	0.3
11655.30477011031	1200	8.77259426470899	0.0	652874	4844.997787401376	0.75
11658.395301033634	750	9.682063341385653	0.0	318564	3090.530923323336	0.3
11666.10614033407	1200	5.971224040947987	0.0	561791	7710.839300437668	0.75
11668.489642071316	300	7.5877223037017325	0.0	173849	2383.5017372462535	-0.6000000000000001
11671.816266693526	750	8.26109768149352	0.0	374758	3326.6246222082127	0.3
11674.124228241537	750	9.953136133481605	0.0	362795	2307.961548011915	0.75
11680.195236448293	1200	7.8821279267246105	0.0	607410	6071.008206756994	0.75
11684.35028884981	750	7.727075525208216	0.0	405134	4155.052401516396	0.3
11687.743982328277	750	8.333382046741832	0.0	386351	3393.693478466384	0.75
11691.974439817503	750	8.102924557515323	0.0	434409	4230.45748922651	0.75
11695.428760385068	750	8.648603989949502	0.0	337059	3454.320567565822	0.75
11699.072901948935	750	9.004462426080632	0.0	366214	3644.141563868868	0.75
11704.760079034048	1200	7.3172853409705745	0.0	617242	5687.177085110057	0.75
11707.77111583328	750	8.306248541736387	0.0	372963	3011.0367992341867	0.3
11711.178390303456	750	8.898974071561929	0.0	405596	3407.274470174459	0.75
11714.145890839163	750	9.931473535853758	0.0	350713	2967.5005357081704	0.75
11719.867736493134	1200	8.209627881884801	0.0	601738	5721.845653968958	0.75
11723.562991128732	750	8.514373246285405	0.0	399894	3695.254635599395	0.3
11731.643408712935	750	4.433955662082574	0.0	401853	8080.417584202833	0.75
11736.18459884838	300	4.0	0.10723447336200843	137654	4541.190135444582	-0.6111082354566363
11740.526768786734	300	4.0	0.3421699383545656	146754	4342.169938354566	-1.171330734924632
11744.035097725427	300	4.491671061307571	0.0	153938	3508.328938692429	0.3
11746.96854623939	300	5.558222547344898	0.0	181901	2933.4485139626727	0.3
11748.225360738168	300	8.30140804856621	0.0	111155	1256.814498778688	0.3
11754.20837330765	750	6.318395479082389	0.0	400396	5983.012569483821	0.3
11757.396519830247	300	7.13024895648661	0.0	149029	3188.146522595778	-0.15000000000000002
11763.420758822042	750	5.106009964693943	0.0	358218	6024.238991792668	0.3
11765.424132440145	300	7.102636346589987	0.0	157488	2003.373618103955	-0.15000000000000002
11770.453299753171	750	6.073469033561701	0.0	369834	5029.167313028286	0.3
11773.710374350982	300	6.816394435751762	0.0	163444	3257.07459780994	-0.15000000000000002
11777.401298162491	300	7.125470624243306	0.0	179328	3690.923811508455	0.3
11781.664055203573	750	6.862713583160376	0.0	365161	4262.757041082929	0.3
11782.70145922709	300	9.825309559643403	0.0	131610	1037.404023516974	-0.15000000000000002
11788.001134429796	1200	8.525634356938397	0.0	575591	5299.675202705007	0.29999999999999993
11791.047928507503	750	9.478840279230706	0.0	378327	3046.7940777076915	0.3
11797.108476645282	1200	7.418292141452232	0.0	587506	6060.548137778474	0.75
11800.074991238203	750	8.451777548531181	0.0	345516	2966.514592921051	0.3
11803.21276202307	750	9.314006763665994	0.0	384505	3137.7707848651876	0.75
11809.205418151005	1200	7.321350635730604	0.0	599477	5992.656127935389	0.75
11814.028360876935	750	6.4984079097994805	0.0	438281	4822.942725931123	0.3
11815.46147078394	300	9.06529800279376	0.0	167025	1433.1099070057198	-0.15000000000000002
11821.965311625325	1200	6.5614571614086366	0.0	638661	6503.840841385125	0.29999999999999993
11823.621447547563	300	8.905321239170927	0.0	137507	1656.1359222377082	-0.6000000000000001
11827.006331324506	750	9.520437462225908	0.0	314107	3384.883776945018	0.3

