3796.2141179557357	750	4.0	1.4342768133466879	450283	1434.276813346688	-5.4173902973907575
3797.574279213832	750	6.6398387419037395	0.0	398865	1360.16125809626	0.75
3799.7420375870215	1200	8.472080368714712	0.0	571051	2167.758373189028	0.75
3801.6425171428873	1200	10.57160081284919	0.0	617681	1900.4795558655226	1.2
3805.880631110876	1850	10.33348684486061	0.0	996749	4238.11396798858	1.2000000000000002
3809.663534954402	1850	10.550583001334422	0.0	801058	3782.903843526188	1.85
3814.218016600929	1850	9.996101354807688	0.0	905515	4554.481646526734	1.85
3822.455531681134	1850	5.75858627460249	0.0	1060487	8237.515080205198	1.85
3824.7297940842277	1200	7.48432387150895	0.0	584846	2274.26240309354	0.5499999999999999
3827.0531244236004	1200	9.160993532136342	0.0	560821	2323.33033937261	1.2
3829.5272849611115	1200	10.6868329946251	0.0	607410	2474.1605375112413	1.2
3832.215305608117	1200	11.99881234761941	0.0	594078	2688.0206470056896	1.2
3836.2672809994074	1200	11.94683695632937	0.0	624282	4051.975391290039	1.2
3840.456645887273	1200	11.757472068463176	0.0	687371	4189.364887866196	1.2
3842.9495817401753	1200	13.264536215561082	0.0	526950	2492.9358529020933	1.2
3845.943259254133	1200	14.270858701603748	0.0	587876	2993.6775139573347	1.2
3848.8573855474924	1200	15.356732408244236	0.0	617242	2914.1262933595126	1.2
3851.5149664483124	1200	16.699151507423913	0.0	581493	2657.580900820321	1.2
3859.256921252309	1850	12.957196703427682	0.0	987708	7741.954803996233	1.2000000000000002
3871.9419236946073	1850	4.272194261129453	0.0	923755	12685.00244229823	1.85
3873.7224759099727	300	6.4916420457643556	0.0	157671	1780.5522153650975	-1.25
3875.098381167432	300	9.115736788305101	0.0	157812	1375.9052574592547	0.3
3876.4686372034616	300	11.745480752275245	0.0	163927	1370.2560360298567	0.3
3877.6188903274187	300	14.595227628317968	0.0	137654	1150.2531239572786	0.3
3878.9901513946297	300	17.223966561106604	0.0	146754	1371.2610672113624	0.3
3880.5474843152074	300	19.66663364052938	0.0	153938	1557.3329205772234	0.3
3883.5564120098325	750	20.657705945903952	0.0	425781	3008.9276946254276	0.3
3885.537459730383	750	22.676658225353222	0.0	277716	1981.04772055073	0.75
3888.040133743046	1200	24.17398421268999	0.0	622896	2502.6740126632317	0.75
3889.8877082871672	1200	26.326409668569053	0.0	641447	1847.5745441209372	1.2
3892.912270155022	1850	27.301847800714654	0.0	873429	3024.5618678543965	1.2000000000000002
3896.524817251463	1850	27.689300704273588	0.0	954453	3612.547096441068	1.85
3899.24263316812	1850	28.971484787616593	0.0	885062	2717.8159166569967	1.85
3902.362114473339	1850	29.852003482397805	0.0	1035329	3119.4813052187865	1.85
3907.380107592057	1850	28.8340103636797	0.0	1026056	5017.993118718108	1.85
3912.697993675953	1850	27.516124279783515	0.0	943942	5317.886083896183	1.85
3915.584200713168	1850	28.629917242568716	0.0	728962	2886.2070372147973	1.85
3923.385045119497	2850	24.829072836239792	0.0	1499009	7800.844406328923	1.85
3930.941539980519	2850	21.27257797521782	0.0	1427478	7556.494861021971	2.85
3934.604735532217	1850	21.609382423519815	0.0	930577	3663.1955516980047	0.8500000000000001
3937.7649934043943	1850	22.449124551342706	0.0	858450	3160.2578721771083	1.85
3942.2858114148858	1850	21.928306540851175	0.0	1025005	4520.81801049153	1.85
3946.239995717826	1850	21.974122237911093	0.0	886255	3954.1843029400825	1.85
3953.26217813604	2850	18.95193981969683	0.0	1587250	7022.182418214262	1.85
3965.700375955043	2850	10.513742000694046	0.0	1464921	12438.197819002782	2.85
3969.4948584595913	1850	10.719259496145419	0.0	982064	3794.482504548627	0.8500000000000001
3972.81084725998	1850	11.403270695756484	0.0	830730	3315.9888003889355	1.85
3977.955201841939	2850	10.25891611379743	0.0	1364537	5144.354581959054	1.85

