1879.9596473709546	750	4.0	3.5333118074124745	450283	3533.3118074124745	-14.44324077187364
1881.4545562086698	300	6.5050911622846534	0.0	155580	1494.9088377153469	-0.15000000000000002
1883.030383910481	300	8.929263460473335	0.0	139857	1575.827701811319	0.3
1885.0551887375152	300	10.904458633439283	0.0	155432	2024.804827034051	0.3
1886.5587918076224	300	13.400855563331891	0.0	163442	1503.6030701073907	0.3
1887.7636680818778	300	16.19597928907646	0.0	126289	1204.8762742554352	0.3
1890.7414240061657	750	17.218223364788564	0.0	352642	2977.7559242878933	0.3
1895.8377698041863	750	16.121877566767754	0.0	437162	5096.345798020809	0.75
1901.5537385386706	750	14.405908832283618	0.0	374758	5715.968734484138	0.75
1904.7151082786388	750	15.24453909231529	0.0	362795	3161.3697399683283	0.75
1908.4833263809383	750	15.476320990015923	0.0	353220	3768.2181022993673	0.75
1915.955347968017	750	12.004299402937221	0.0	405134	7472.021587078703	0.75
1920.1329449334316	750	11.82670243752258	0.0	386351	4177.596965414638	0.75
1924.1342890642525	750	11.825358306701679	0.0	434409	4001.344130820902	0.75
1926.7425835217866	750	13.217063849167632	0.0	337059	2608.294457534048	0.75
1929.7804292233354	750	14.179218147618904	0.0	366214	3037.8457015487274	0.75
1932.7423392897158	750	15.217308081238412	0.0	360831	2961.9100663804916	0.75
1935.874812941993	750	16.084834428960956	0.0	372963	3132.473652277457	0.75
1939.0603482953154	750	16.899299075638584	0.0	405596	3185.5353533223715	0.75
1944.0074860113573	1200	15.952161359596817	0.0	586839	4947.137716041767	0.75
1949.8418236232746	1200	14.117823747679367	0.0	601738	5834.33761191745	1.2
1954.6770219179368	1200	13.282625453017083	0.0	616206	4835.198294662285	1.2
1960.609786717029	1200	11.349860653924912	0.0	656471	5932.7647990921705	1.2
1965.7332584128617	1200	10.226388958092189	0.0	536667	5123.471695832722	1.2
1970.8504492923066	1200	9.109198078647424	0.0	587236	5117.190879444766	1.2
1975.8813362022393	1200	8.078311168714759	0.0	590335	5030.886909932664	1.2
1981.6340245018537	1200	6.325622869100186	0.0	696376	5752.688299614573	1.2
1986.8174198113195	1200	5.142227559634324	0.0	487160	5183.395309465862	1.2
1990.2836757404116	750	5.675971630542401	0.0	400396	3466.2559290919235	0.3
1994.6059700434546	750	5.3536773274994465	0.0	400508	4322.294303042954	0.75
2000.3169527798718	750	4.0	0.35730540891789586	358218	5710.9827364173425	-0.7864132583469521
2002.0255657403793	300	6.291387039492657	0.0	157488	1708.612960507343	-0.15000000000000002
2003.3364154036815	300	8.98053737619042	0.0	143881	1310.849663302238	0.3
2004.772531115376	300	11.544421664495815	0.0	163444	1436.1157116946044	0.3
2006.6141994897532	300	13.702753290118727	0.0	179328	1841.6683743770884	0.3
2008.536305750131	300	15.780647029740734	0.0	159914	1922.1062603779912	0.3
2014.3190684877477	750	13.997884292124006	0.0	321064	5782.762737616728	0.3
2019.1895892196403	750	13.12736356023156	0.0	361565	4870.520731892449	0.75
2022.9461934440696	750	13.370759335802104	0.0	378327	3756.6042244294554	0.75
2025.971219791974	750	14.34573298789787	0.0	390680	3025.026347904233	0.75
2028.7044786169315	750	15.612474162940295	0.0	345516	2733.258824957576	0.75
2031.8620776424714	750	16.454875137400464	0.0	384505	3157.599025539828	0.75
2035.0981875934738	750	17.21876518639798	0.0	372093	3236.1099510024824	0.75
2040.1474822582438	1200	16.169470521628075	0.0	634861	5049.294664769907	0.75
2045.9907017173525	1200	14.326251062519246	0.0	630203	5843.219459108828	1.2
2051.274275283266	1200	13.042677496605688	0.0	638661	5283.57356591356	1.2
2058.461122844843	1850	9.855829935028764	0.0	830730	7186.847561576923	1.2000000000000002
2070.710638148063	2850	4.0	2.3936853681910435	1364537	12249.515303219807	-8.442847083221487

