14482.409899638255	750	4.0	0.9321555281170851	450283	932.1555281170852	-3.2582687709034657
14483.194440690884	750	7.2154589473707595	0.0	398865	784.541052629241	0.75
14483.850341051715	750	10.55955858654001	0.0	350812	655.9003608307488	0.75
14484.530594002335	750	13.879305635918225	0.0	382355	680.2529506217857	0.75
14485.338106491356	750	17.071793146899918	0.0	411561	807.5124890183112	0.75
14486.771312549503	1850	19.638587088751354	0.0	801058	1433.206058148561	0.75
14488.41960964792	1850	21.990289990334634	0.0	905515	1648.297098416721	1.85
14490.267590988806	1850	24.14230864944989	0.0	1060487	1847.9813408847456	1.85
14491.74924235329	1850	26.660657284965936	0.0	852833	1481.6513644839529	1.85
14496.14971384291	4300	26.260185795346494	0.0	2169201	4400.47148961944	1.8499999999999996
14500.864080433956	4300	25.545819204301456	0.0	2173522	4714.366591045036	4.3
14505.492977766216	4300	24.916921872041335	0.0	2102452	4628.897332260125	4.3
14509.72172620195	4300	24.688173436308126	0.0	2209463	4228.748435733208	4.3
14513.888293799035	4300	24.521605839222655	0.0	2275376	4166.567597085474	4.3
14517.744599653297	4300	24.665299984961784	0.0	2005399	3856.3058542608705	4.3
14522.167895326782	4300	24.242004311475853	0.0	2152483	4423.295673485932	4.3
14526.820655253536	4300	23.589244384722033	0.0	2289689	4652.75992675382	4.3
14530.547523413788	4300	23.862376224469095	0.0	2059512	3726.868160252935	4.3
14534.622215636326	4300	23.787684001932437	0.0	2220726	4074.6922225366575	4.3
14538.62960688599	4300	23.78029275226827	0.0	2156729	4007.391249664167	4.3
14542.340638572445	4300	24.069261065812608	0.0	2039773	3711.031686455664	4.3
14546.308823528012	4300	24.10107611024557	0.0	2176469	3968.1849555670337	4.3
14550.431938334817	4300	23.977961303440427	0.0	2221506	4123.114806805144	4.3
14554.044116659847	4300	24.36578297841074	0.0	2044075	3612.1783250296903	4.3
14558.06022785705	4300	24.34967178120741	0.0	2186790	4016.11119720333	4.3
14562.155846698035	4300	24.25405294022218	0.0	2105231	4095.6188409852307	4.3
14566.911029589886	4300	23.49887004837121	0.0	2395588	4755.182891850973	4.3
14570.544918409814	4300	23.86498122844133	0.0	1972048	3633.8888199298767	4.3
14574.916250769893	4300	23.49364886836453	0.0	2134614	4371.3323600768035	4.3
14578.870833599134	4300	23.539066039124013	0.0	2164140	3954.582829240517	4.3
14582.571425476082	4300	23.83847416217514	0.0	2113193	3700.591876948875	4.3
14586.838642778775	4300	23.571256859482528	0.0	2147852	4267.217302692609	4.3
14590.735091408222	4300	23.67480823003682	0.0	2191074	3896.4486294457106	4.3
14594.877757490181	4300	23.532142148076076	0.0	2286761	4142.6660819607405	4.3
14598.87692604423	4300	23.532973594028224	0.0	2307787	3999.1685540478534	4.3
14602.616825800284	4300	23.79307383797452	0.0	2143948	3739.8997560537036	4.3
14606.693848938672	4300	23.716050699585708	0.0	1919781	4077.023138388814	4.3
14611.385069637738	4300	23.024830000520307	0.0	2147467	4691.2206990654	4.3
14616.075839730971	4300	22.33405990728805	0.0	2133870	4690.770093232256	4.3
14620.058986491387	4300	22.350913146871278	0.0	2146120	3983.146760416773	4.3
14623.924115770202	4300	22.485783868056515	0.0	2108491	3865.1292788147625	4.3
14628.129976330247	4300	22.27992330801165	0.0	2184571	4205.8605600448645	4.3
14632.636162567176	4300	21.773737071082166	0.0	2121928	4506.186236929484	4.3
14636.946644240881	4300	21.463255397376788	0.0	2219102	4310.4816737053825	4.3
14640.820036735053	4300	21.589862903204104	0.0	2124950	3873.3924941726846	4.3
14644.975241503016	4300	21.43465813523854	0.0	2246506	4155.204767965562	4.3
14648.628141727075	4300	21.78175791118118	0.0	1961140	3652.90022405736	4.3
14652.531318904434	4300	21.8785807338227	0.0	2155012	3903.1771773584765	4.3

