11975.259615037772	750	4.0	3.3429362672757508	450283	3342.9362672757507	-13.624625949285727
11976.44773669489	300	6.811878342882704	0.0	155580	1188.1216571172963	-0.15000000000000002
11977.550897527455	300	9.708717510318698	0.0	139857	1103.160832564006	0.3
11978.864986905925	300	12.394628131848688	0.0	155432	1314.0893784700106	0.3
11981.855409043388	750	13.404205994384537	0.0	411561	2990.4221374641515	0.3
11984.414474668023	750	14.845140369751302	0.0	318564	2559.065624633234	0.75
11986.878834248815	750	16.380780788959626	0.0	352642	2464.359580791676	0.75
11989.106349496638	750	18.15326554113666	0.0	437162	2227.515247822967	0.75
11993.890808831755	1850	17.368806206019983	0.0	852833	4784.459335116679	0.75
11997.892550657427	1850	17.367064380348996	0.0	913888	4001.741825670984	1.85
12002.063054551467	1850	17.19656048630878	0.0	939819	4170.503894040217	1.85
12006.012514268059	1850	17.247100769717118	0.0	917428	3949.4597165916593	1.85
12011.676156060415	1850	15.583458977360245	0.0	946851	5663.641792356875	1.85
12022.133843813019	1850	9.125771224757319	0.0	1036454	10457.687752602926	1.85
12025.485724820957	750	9.77389021681939	0.0	337059	3351.8810079379273	-0.3500000000000001
12029.376201320998	750	9.88341371677761	0.0	366214	3890.476500041781	0.75
12033.478562959534	750	9.781052078242732	0.0	360831	4102.361638534878	0.75
12038.533449207478	750	8.726165830299115	0.0	372963	5054.8862479436175	0.75
12041.135802436553	300	10.123812601222943	0.0	165384	2602.3532290761723	-0.15000000000000002
12043.427425125263	300	11.832189912512574	0.0	140881	2291.622688710369	0.3
12046.17112236	300	13.088492677776564	0.0	157671	2743.697234736007	0.3
12048.889588079042	300	14.370026958734794	0.0	157812	2718.465719041772	0.3
12050.987527976355	300	16.27208706142367	0.0	163927	2097.9398973111247	0.3
12053.057066128065	750	18.20254890971218	0.0	343800	2069.5381517114874	0.3
12055.301133343326	750	19.9584816944525	0.0	359903	2244.067215259683	0.75
12057.695218359311	750	21.56439667846559	0.0	379700	2394.085015986909	0.75
12060.480357981509	750	22.77925705626949	0.0	425781	2785.1396221961045	0.75
12062.394994598593	750	24.864620439185245	0.0	277716	1914.6366170842448	0.75
12065.036949278834	750	26.22266575894486	0.0	400396	2641.9546802403843	0.75
12067.194242885877	750	28.065372151902174	0.0	400508	2157.293607042685	0.75
12071.663620717223	1850	27.5959943205546	0.0	873429	4469.377831347573	0.75
12075.642429726076	1850	27.61718531170199	0.0	954453	3978.809008852608	1.85
12080.084613884621	1850	27.17500115315882	0.0	885062	4442.184158543173	1.85
12085.228198705576	1850	26.031416332203108	0.0	1035329	5143.584820955713	1.85
12093.864192300864	1850	21.395422736915158	0.0	1026056	8635.99359528795	1.85
12107.85677702412	1850	11.402838013658997	0.0	943942	13992.584723256163	1.85
12112.997370302064	750	10.262244735715027	0.0	321064	5140.59327794397	-0.3500000000000001
12117.41322251536	750	9.846392522418437	0.0	361565	4415.85221329659	0.75
12122.670093260234	750	8.589521777546269	0.0	378327	5256.870744872169	0.75
12124.465730574912	300	10.793884462868702	0.0	149991	1795.637314677566	-0.15000000000000002
12125.856921022843	300	13.402694014937186	0.0	147968	1391.1904479315167	0.3
12128.866890342395	750	14.39272469538415	0.0	384505	3009.9693195530363	0.3
12131.773482104927	750	15.486132932851886	0.0	372093	2906.5917625322636	0.75
12134.813089215873	750	16.44652582190687	0.0	438281	3039.6071109450163	0.75
12137.938714525179	750	17.320900512600804	0.0	398987	3125.625309306064	0.75
12140.733721303204	750	18.52589373457429	0.0	393804	2795.006778026516	0.75
12143.623577646757	750	19.636037391022676	0.0	331053	2889.856343551613	0.75
12146.863370885587	750	20.39624415219371	0.0	314107	3239.793238828965	0.75

