18836.305707218085	750	4.0	2.8598146493896546	450283	2859.8146493896547	-11.547202992375514
18837.18193874858	300	7.123768469505115	0.0	155580	876.2315304948851	-0.15000000000000002
18837.85181140443	300	10.45389581365579	0.0	139857	669.8726558493264	0.3
18839.565906788703	750	12.73980042938143	0.0	382355	1714.0953842743581	0.3
18841.719865333802	750	14.585841884281523	0.0	411561	2153.9585450999075	0.75
18843.315073889433	750	16.99063332864881	0.0	318564	1595.2085556327143	0.75
18844.99433364295	750	19.31137357513358	0.0	352642	1679.2597535152272	0.75
18846.803669523593	750	21.50203769448762	0.0	437162	1809.335880645961	0.75
18848.07848733033	750	24.227219887749197	0.0	374758	1274.8178067384213	0.75
18849.246190125177	750	27.059517092901913	0.0	362795	1167.702794847282	0.75
18850.558886372342	750	29.746820845736774	0.0	353220	1312.6962471651418	0.75
18853.910266007566	1850	30.39544121051376	0.0	917428	3351.3796352230115	0.75
18858.56540250503	1850	29.740304713046108	0.0	946851	4655.136497467651	1.85
18863.461451594063	1850	28.84425562401826	0.0	1036454	4896.049089027849	1.85
18868.33930984555	1850	27.96639737253139	0.0	821631	4877.858251486872	1.85
18873.29458277077	1850	27.011124447311246	0.0	923170	4955.272925220143	1.85
18878.762817225223	1850	25.54288999285771	0.0	966699	5468.234454453539	1.85
18882.55244315821	1850	25.753264059871668	0.0	885714	3789.62593298604	1.85
18886.522773230103	1850	25.782933987978222	0.0	987708	3970.3300718934483	1.85
18890.812316041003	1850	25.493391177075058	0.0	923755	4289.542810903164	1.85
18895.612706626613	1850	24.69300059146565	0.0	891604	4800.390585609407	1.85
18900.19660247844	1850	24.109104739639058	0.0	955231	4583.8958518265945	1.85
18904.24481880307	1850	24.060888415012386	0.0	968026	4048.216324626673	1.85
18908.165264341755	1850	24.140442876326855	0.0	874175	3920.4455386855307	1.85
18911.644642025018	1850	24.66106519306478	0.0	897976	3479.377683262077	1.85
18915.30947084069	1850	24.996236377393043	0.0	905935	3664.8288156717376	1.85
18918.96263571969	1850	25.34307149839073	0.0	1076599	3653.1648790023105	1.85
18922.35532792863	1850	25.95037928944897	0.0	758197	3392.692208941759	1.85
18926.252121638478	1850	26.05358557960308	0.0	972798	3896.793709845889	1.85
18930.16769514862	1850	26.138012069462228	0.0	975811	3915.573510140854	1.85
18933.67067670333	1850	26.635030514747655	0.0	873429	3502.9815547145718	1.85
18937.046514956954	1850	27.259192261121413	0.0	954453	3375.838253626239	1.85
18940.70874860139	1850	27.596958616685054	0.0	885062	3662.233644436362	1.85
18945.383529754028	1850	26.922177464048765	0.0	1035329	4674.781152636289	1.85
18950.036595737067	1850	26.269111481009585	0.0	1026056	4653.065983039179	1.85
18952.844406701046	1850	27.461300517029244	0.0	943942	2807.810963980341	1.85
18955.785404060352	1850	28.520303157724403	0.0	728962	2940.99735930484	1.85
18960.309049006893	1850	27.996658211181217	0.0	938587	4523.644946543188	1.85
18963.64112302518	1850	28.6645841928965	0.0	908665	3332.074018284717	1.85
18967.11086694879	1850	29.194840269283397	0.0	930577	3469.7439236131027	1.85
18970.595901572502	1850	29.70980564557291	0.0	858450	3485.0346237104864	1.85
18975.454410853326	1850	28.85129636474958	0.0	1025005	4858.509280823332	1.85
18980.39470687294	1850	27.911000345135996	0.0	886255	4940.296019613582	1.85
18985.427499627425	1850	26.87820759064983	0.0	973972	5032.792754486165	1.85
18990.91986731505	1850	25.385839903026625	0.0	958994	5492.367687623202	1.85
18997.996048683468	1850	22.309658534609778	0.0	982064	7076.181368416846	1.85
19009.054756939116	1850	15.2509502789604	0.0	830730	11058.708255649379	1.85
19012.912827849206	1850	15.39287936887246	0.0	846370	3858.070910087939	1.85

