24439.618522692195	750	4.0	3.998697299309292	450283	3998.697299309292	-16.444398387029956
24441.000501285285	300	6.61802140691262	0.0	155580	1381.9785930873804	-0.15000000000000002
24442.43984598523	300	9.178676706968677	0.0	139857	1439.3446999439418	0.3
24448.061419859434	1200	7.557102832761504	0.0	617681	5621.5738742071735	0.29999999999999993
24458.06295986908	750	4.0	2.444437176883239	411561	10001.540009644743	-10.211079860597927
24460.64164898542	300	5.421310883658436	0.0	126289	2578.6891163415635	-0.15000000000000002
24462.878037620623	300	7.184922248455143	0.0	153295	2236.3886352032937	0.3
24468.80788324169	750	5.255076627386236	0.0	437162	5929.845621068906	0.3
24470.78433909634	300	7.278620772738355	0.0	150710	1976.4558546478809	-0.15000000000000002
24475.17580698398	750	6.887152885093108	0.0	362795	4391.467887645248	0.3
24477.100335270963	300	8.962624598109175	0.0	141840	1924.5282869839339	-0.15000000000000002
24480.837953112314	750	9.225006756757427	0.0	405134	3737.6178413517464	0.3
24486.817012139374	1200	7.245947729700812	0.0	624282	5979.059027056616	0.75
24491.056359948503	750	7.006599920568708	0.0	434409	4239.347809132104	0.3
24494.71691612911	750	7.346043739965673	0.0	337059	3660.5561806030346	0.75
24498.680507453068	750	7.382452416003502	0.0	366214	3963.591323962172	0.75
24502.547494754595	750	7.515465114476973	0.0	360831	3866.9873015265293	0.75
24506.52035580751	750	7.542604061558137	0.0	372963	3972.8610529188354	0.75
24512.147575720028	750	5.915384149042637	0.0	405596	5627.219912515499	0.75
24514.901381770524	300	7.161578098543581	0.0	140881	2753.8060504990567	-0.15000000000000002
24522.03340067651	750	4.029559192556915	0.0	386472	7132.018905986666	0.3
24524.321585766316	300	5.741374102752314	0.0	157812	2288.1850898046014	-0.15000000000000002
24526.31034619482	300	7.752613674250661	0.0	163927	1988.7604285016535	0.3
24530.579913317986	750	7.483046551083757	0.0	343800	4269.567123166903	0.3
24536.572328202703	750	5.490631666367424	0.0	359903	5992.414884716333	0.75
24538.232138246385	300	7.830821622684261	0.0	153938	1659.810043683164	-0.15000000000000002
24543.3237236371	750	6.739236231968586	0.0	425781	5091.585390715675	0.3
24544.532754247877	300	9.530205621189372	0.0	111155	1209.030610779214	-0.15000000000000002
24550.28505583038	1200	7.777904038687801	0.0	622896	5752.301582501572	0.29999999999999993
24553.28365913185	750	8.779300737217916	0.0	400508	2998.603301469884	0.3
24558.28581727042	750	7.777142598648873	0.0	358218	5002.158138569043	0.75
24564.1944992804	750	5.868460588669829	0.0	400322	5908.682009979044	0.75
24565.42891916222	300	8.634040706849294	0.0	143881	1234.4198818205343	-0.15000000000000002
24568.542460196462	750	9.520499672604391	0.0	412837	3113.5410342449054	0.3
24573.245047003085	1200	8.817912865978885	0.0	690253	4702.586806625505	0.75
24575.585521158922	750	10.477438710144101	0.0	365161	2340.4741558347837	0.3
24579.648967650563	1200	10.41399221850424	0.0	487812	4063.4464916398597	0.75
24583.954523150205	1200	10.108436718861729	0.0	575591	4305.555499642513	1.2
24588.812759407352	1200	9.250200461714575	0.0	605884	4858.236257147154	1.2
24593.507252546675	1200	8.5557073223908	0.0	587506	4694.493139323776	1.2
24596.84077012418	750	9.22218974488368	0.0	345516	3333.5175775071198	0.3
24601.812728015037	1200	8.250231854032194	0.0	641452	4971.957890851486	0.75
24604.477194738683	750	9.585765130385088	0.0	372093	2664.4667236471064	0.3
24608.81440887848	1200	9.24855099059011	0.0	634861	4337.214139794979	0.75
24613.712611710005	1200	8.350348159063548	0.0	630203	4898.202831526561	1.2
24617.915117922083	750	8.147841946986148	0.0	393804	4202.506212077402	0.3
24622.308201666725	750	7.754758202344743	0.0	331053	4393.083744641405	0.75
24628.34987353536	750	5.71308633370844	0.0	314107	6041.671868636302	0.75

