2301.891714549569	750	4.0	2.731225734575557	450283	2731.225734575557	-10.994270658674894
2302.855171443706	300	7.036543105862896	0.0	155580	963.4568941371031	-0.15000000000000002
2303.766691511473	300	10.125023038096328	0.0	139857	911.5200677665691	0.3
2306.319834476456	750	11.571880073113196	0.0	382355	2553.142964983131	0.3
2313.125011283041	750	8.766703266528388	0.0	411561	6805.176806584809	0.75
2316.8148759272335	750	9.07683862233582	0.0	318564	3689.8646441925675	0.75
2322.1946760044025	750	7.69703854516731	0.0	352642	5379.800077168512	0.75
2323.8642251601004	300	10.02748938946932	0.0	173849	1669.5491556979903	-0.15000000000000002
2325.2091986645355	300	12.682515885034642	0.0	150710	1344.9735044346783	0.3
2328.0319603334933	750	13.859754216076507	0.0	362795	2822.761668958135	0.3
2330.358349890478	750	15.533364659092205	0.0	353220	2326.389556984301	0.75
2333.3201358357246	750	16.571578713845824	0.0	405134	2961.785945246382	0.75
2336.7723659958797	750	17.119348553690447	0.0	386351	3452.2301601553777	0.75
2340.113557668306	750	17.778156881264398	0.0	434409	3341.191672426051	0.75
2342.2223066782963	750	19.66940787127417	0.0	337059	2108.7490099902234	0.75
2345.604091120638	750	20.287623428932292	0.0	366214	3381.7844423418783	0.75
2349.8493660212407	750	20.042348528329544	0.0	360831	4245.274900602746	0.75
2352.4289570481874	750	21.462757501382843	0.0	372963	2579.5910269467017	0.75
2354.97329818972	750	22.9184163598501	0.0	405596	2544.341141532742	0.75
2357.188513156221	750	24.703201393349435	0.0	350713	2215.214966500664	0.75
2359.7873862882293	750	26.10432826134066	0.0	386472	2598.873132008773	0.75
2364.752972243702	1850	25.138742305867787	0.0	955231	4965.585955472878	0.75
2370.4228837539076	1850	23.468830795662637	0.0	968026	5669.9115102051455	1.85
2376.0634950707586	1850	21.828219478811395	0.0	874175	5640.611316851242	1.85
2380.9860773060414	1850	20.905637243528805	0.0	897976	4922.582235282593	1.85
2385.9503115032444	1850	19.941403046325526	0.0	905935	4964.234197203277	1.85
2390.7041407866877	1850	19.18757376288215	0.0	1076599	4753.829283443377	1.85
2394.264044091866	1850	19.62767045770429	0.0	758197	3559.9033051778592	1.85
2398.2830069045744	1850	19.608707644995402	0.0	972798	4018.9628127088918	1.85
2402.1811523302576	1850	19.71056221931246	0.0	975811	3898.145425682938	1.85
2405.585061062125	1850	20.306653487444738	0.0	873429	3403.9087318677225	1.85
2409.701930058654	1850	20.189784490916058	0.0	954453	4116.868996528683	1.85
2412.878723064082	1850	21.01299148548821	0.0	885062	3176.7930054278436	1.85
2416.5454740929754	1850	21.34624045659468	0.0	1035329	3666.751028893532	1.85
2421.133831016916	1850	20.75788353265418	0.0	1026056	4588.356923940498	1.85
2425.639027906927	1850	20.25268664264299	0.0	943942	4505.196890011194	1.85
2430.2166445291728	1850	19.675070020397012	0.0	728962	4577.616622245974	1.85
2434.8071405450933	1850	19.084574004476405	0.0	938587	4590.496015920607	1.85
2439.5506742238726	1850	18.34104032569717	0.0	908665	4743.533678779237	1.85
2443.550713941074	1850	18.341000608495918	0.0	930577	4000.039717201254	1.85
2449.5073896260888	1850	16.384324923481394	0.0	858450	5956.675685014522	1.85
2454.9603900818092	1850	14.931324467760463	0.0	1025005	5453.000455720931	1.85
2459.1917703395643	1850	14.699944210005581	0.0	886255	4231.38025775488	1.85
2464.0573662282136	1850	13.8343483213564	0.0	973972	4865.5958886491835	1.85
2469.344722525138	1850	12.546992024432123	0.0	958994	5287.356296924276	1.85
2474.6230654424658	1850	11.268649107104258	0.0	982064	5278.342917327865	1.85
2478.826922558904	1850	11.064791990666478	0.0	830730	4203.857116437781	1.85
2481.973655061856	1850	11.918059487714226	0.0	846370	3146.7325029522503	1.85

