25775.37976501144	750	4.0	3.8635903273045304	450283	3863.5903273045305	-15.863438407409479
25776.620102417688	300	6.759662593753583	0.0	155580	1240.3374062464177	-0.15000000000000002
25779.719876568706	750	7.659888442736641	0.0	350812	3099.7741510169417	0.3
25782.576355435252	750	8.803409576187992	0.0	382355	2856.4788665486485	0.75
25786.15452032412	750	9.225244687322967	0.0	411561	3578.1648888650257	0.75
25788.5281500493	750	10.851614962143197	0.0	318564	2373.6297251797714	0.75
25791.244539008047	750	12.135226003393255	0.0	352642	2716.3889587499407	0.75
25797.156977740728	1200	10.222787270713917	0.0	709534	5912.438732679338	0.75
25802.783643955387	1200	8.59612105605436	0.0	584846	5626.666214659559	1.2
25808.01441859848	1200	7.365346412961277	0.0	560821	5230.774643093081	1.2
25815.60749357019	1200	4.0	0.22772855874870765	607410	7593.074971709985	0.22076719738055706
25819.328228812945	300	4.279264757246748	0.0	156148	3720.735242753252	-0.6000000000000001
25822.794544920034	300	4.812948650155491	0.0	160746	3466.316107091257	0.3
25827.42866588523	300	4.178827684961728	0.0	179801	4634.1209651937625	0.3
25830.76246413353	300	4.8450294366606546	0.0	140051	3333.7982483010737	0.3
25834.539692657203	300	5.067800912987476	0.0	138313	3777.2285236731786	0.3
25837.821296976752	300	5.7861965934361175	0.0	143509	3281.604319551359	0.3
25841.427190945433	300	6.1803026247571795	0.0	150616	3605.893968678938	0.3
25844.98646819273	300	6.621025377456961	0.0	165384	3559.277247300219	0.3
25847.8278142589	300	7.779679311287937	0.0	140881	2841.3460661690233	0.3
25852.26642549871	300	7.341068071477236	0.0	157671	4438.6112398107025	0.3
25857.211508729215	300	6.395984840970547	0.0	157812	4945.083230506689	0.3
25861.01342120365	300	6.594072366535911	0.0	163927	3801.912474434635	0.3
25862.681471067488	300	8.926022502697606	0.0	137654	1668.049863838305	0.3
25864.220089193364	300	11.38740437682487	0.0	146754	1538.6181258727368	0.3
25865.69991318464	300	13.907580385547435	0.0	153938	1479.8239912774352	0.3
25867.638736151388	300	15.968757418796253	0.0	181901	1938.8229667511816	0.3
25869.092140541197	300	18.51535302898943	0.0	111155	1453.4043898068226	0.3
25878.07430908617	750	13.533184484014635	0.0	400396	8982.168544974795	0.3
25888.853971720015	750	6.753521850170157	0.0	400508	10779.662633844478	0.75
25892.849440639984	300	6.758052930198397	0.0	157421	3995.46891997176	-0.15000000000000002
25896.75165639283	300	6.855837177355544	0.0	157488	3902.2157528428534	0.3
25900.79121550005	300	6.816278070134034	0.0	143881	4039.559107221509	0.3
25905.29218032503	300	6.31531324515492	0.0	163444	4500.964824979114	0.3
25908.372270862412	300	7.235222707769126	0.0	179328	3080.0905373857945	0.3
25911.263472579536	300	8.34402099064402	0.0	159914	2891.2017171251046	0.3
25914.41979822443	300	9.18769534574761	0.0	131610	3156.3256448964116	0.3
25916.60141269831	300	11.006080871870076	0.0	124011	2181.614473877535	0.3
25919.658999448962	300	11.948494121218955	0.0	144254	3057.5867506511204	0.3
25923.379407626944	300	12.22808594323752	0.0	149991	3720.4081779814355	0.3
25927.451112015755	300	12.156381554427805	0.0	147968	4071.704388809716	0.3
25931.163992357076	300	12.443501213107794	0.0	161857	3712.8803413200094	0.3
25934.21863219388	300	13.388861376303558	0.0	145210	3054.639836804237	0.3
25937.0218345061	300	14.585659064080579	0.0	172312	2803.202312222978	0.3
25939.421790678884	300	16.185702891297908	0.0	167025	2399.956172782672	0.3
25941.631268422272	300	17.97622514790893	0.0	160064	2209.477743388974	0.3
25947.30989079957	750	16.297602770609704	0.0	331053	5678.622377299229	0.3
25958.62275862432	1850	8.984734945859898	0.0	846370	11312.867824749805	0.75

