8541.013417471228	750	4.0	2.100206826790785	450283	2100.2068267907853	-8.280889355200376
8542.076103219417	300	6.937314251812226	0.0	155580	1062.6857481877737	-0.15000000000000002
8542.996604209182	300	10.016813262044606	0.0	139857	920.5009897676201	0.3
8543.997791206239	300	13.01562626498846	0.0	155432	1001.1869970561445	0.3
8546.200057553779	750	14.813359917448837	0.0	411561	2202.266347539625	0.3
8547.652839850858	750	17.36057762036948	0.0	318564	1452.7822970793575	0.75
8549.212239139264	750	19.80117833196358	0.0	352642	1559.3992884059032	0.75
8553.702176014254	1850	19.31124145697495	0.0	1060487	4489.936874988625	0.75
8558.188558345764	1850	18.82485912546461	0.0	852833	4486.382331510343	1.85
8562.24295146196	1850	18.77046600926957	0.0	913888	4054.393116195038	1.85
8565.72684729331	1850	19.28657017791985	0.0	939819	3483.8958313497196	1.85
8568.928216078324	1850	20.085201392905542	0.0	917428	3201.368785014308	1.85
8572.16467888048	1850	20.8487385907508	0.0	946851	3236.462802154744	1.85
8576.828796274396	1850	20.18462119683413	0.0	1036454	4664.117393916671	1.85
8580.210810225215	1850	20.802607246015132	0.0	821631	3382.0139508189964	1.85
8584.278849400218	1850	20.734568071011164	0.0	923170	4068.0391750039716	1.85
8588.682863545391	1850	20.330553925837396	0.0	966699	4404.014145173765	1.85
8591.753124808634	1850	21.26029266259559	0.0	885714	3070.261263241809	1.85
8596.220040831928	1850	20.79337663930176	0.0	987708	4466.91602329383	1.85
8601.22332181991	1850	19.79009565131838	0.0	923755	5003.280987983378	1.85
8604.835473346131	1850	20.177944125098687	0.0	891604	3612.1515262196945	1.85
8607.999917838653	1850	21.013499632575854	0.0	955231	3164.444492522831	1.85
8611.916334764159	1850	21.097082707071237	0.0	968026	3916.4169255046186	1.85
8615.81482467417	1850	21.198592797061043	0.0	874175	3898.4899100101934	1.85
8619.529953111762	1850	21.48346435946735	0.0	897976	3715.1284375936934	1.85
8626.61850768356	1850	18.394909787670013	0.0	905935	7088.5545717973355	1.85
8640.834374498438	1850	8.179042972792686	0.0	1076599	14215.866814877329	1.85
8641.773358739216	300	11.240058732014646	0.0	111155	938.9842407780401	-1.25
8644.646218955093	750	12.367198516138663	0.0	400396	2872.860215875985	0.3
8646.67528074763	750	14.33813672360148	0.0	400508	2029.0617925371826	0.75
8648.391451438854	750	16.621966032378484	0.0	358218	1716.1706912229972	0.75
8651.62784060418	750	17.385576867051306	0.0	400322	3236.38916532718	0.75
8653.751944571475	750	19.261472899757802	0.0	369834	2124.103967293503	0.75
8655.70121321676	750	21.312204254473443	0.0	412837	1949.2686452843598	0.75
8660.40968394838	1850	20.60373352285415	0.0	1026056	4708.470731619296	0.75
8663.765404156291	1850	21.248013314942174	0.0	943942	3355.720207911974	1.85
8665.903564064538	1850	23.10985340669552	0.0	728962	2138.159908246654	1.85
8669.016409016534	1850	23.99700845469912	0.0	938587	3112.8449519964006	1.85
8671.975746693715	1850	25.037670777518528	0.0	908665	2959.3376771805915	1.85
8675.296150421002	1850	25.717267050233332	0.0	930577	3320.4037272851974	1.85
8678.030534713887	1850	26.982882757348342	0.0	858450	2734.3842928849886	1.85
8682.248429243115	1850	26.76498822812122	0.0	1025005	4217.894529227123	1.85
8686.50427558617	1850	26.50914188506477	0.0	886255	4255.846343056448	1.85
8690.978284958304	1850	26.035132512930588	0.0	973972	4474.009372134185	1.85
8694.502439385424	1850	26.510978085811235	0.0	958994	3524.1544271193534	1.85
8698.787152368517	1850	26.226265102717925	0.0	982064	4284.712983093313	1.85
8701.837611032523	1850	27.17580643871175	0.0	830730	3050.458664006177	1.85
8705.845262067425	1850	27.168155403809497	0.0	846370	4007.6510349022487	1.85

