6058.425088755859	750	4.0	6.240793125191714	450283	6240.793125191714	-26.08541043832437
6061.033302288253	300	5.39178646760646	0.0	155580	2608.2135323935404	-0.15000000000000002
6063.561481579257	300	6.863607176602174	0.0	139857	2528.179291004286	0.3
6065.846938535667	300	8.578150220191981	0.0	155432	2285.456956410193	0.3
6069.359759455488	300	9.065329300370701	0.0	163442	3512.820919821281	0.3
6071.721047055248	300	10.704041700610226	0.0	126289	2361.2875997604747	0.3
6074.268112622262	300	12.156976133596313	0.0	153295	2547.065567013914	0.3
6077.206136820575	300	13.218951935283304	0.0	173849	2938.024198313009	0.3
6080.293985765621	300	14.131102990237448	0.0	150710	3087.848945045855	0.3
6083.262386580844	300	15.162702175014754	0.0	139105	2968.400815222695	0.3
6089.8293102718	750	12.59577848405866	0.0	353220	6566.923690956093	0.3
6098.502917833146	750	7.922170922712563	0.0	405134	8673.607561346098	0.75
6101.582550239971	300	8.842538515887256	0.0	160746	3079.632406825308	-0.15000000000000002
6104.448968194809	300	9.976120561049328	0.0	179801	2866.4179548379293	0.3
6106.461151227557	300	11.963937528301187	0.0	140051	2012.1830327481407	0.3
6108.557478749888	300	13.86761000596998	0.0	138313	2096.3275223312094	0.3
6110.952094816011	300	15.472993939847852	0.0	143509	2394.6160661221274	0.3
6113.622401428542	300	16.80268732731615	0.0	150616	2670.3066125316996	0.3
6119.371802571711	750	15.053286184146854	0.0	405596	5749.401143169295	0.3
6123.831493150343	750	14.593595605514544	0.0	350713	4459.690578632312	0.75
6130.284424046256	750	12.140664709601005	0.0	386472	6452.930895913539	0.75
6135.287440508713	750	11.137648247144472	0.0	399894	5003.016462456532	0.75
6138.717640436168	750	11.707448319689444	0.0	401853	3430.199927455028	0.75
6141.879781800288	750	12.545306955569384	0.0	343800	3162.1413641200597	0.75
6145.827351229643	750	12.597737526214347	0.0	359903	3947.5694293550378	0.75
6151.470108406876	750	10.954980348981694	0.0	379700	5642.757177232651	0.75
6153.654984731498	300	12.770104024358574	0.0	181901	2184.8763246231215	-0.15000000000000002
6159.81613857785	750	10.608950178005868	0.0	277716	6161.153846352706	0.3
6162.637268243024	300	11.787820512832177	0.0	153605	2821.12966517369	-0.15000000000000002
6164.97611825538	300	13.448970500475419	0.0	149029	2338.85001235676	0.3
6168.547350228237	300	13.877738527619107	0.0	157421	3571.2319728563107	0.3
6180.874098969651	750	5.550989786205278	0.0	400322	12326.748741413829	0.3
6185.351711397616	300	5.07337735823989	0.0	143881	4477.612427965389	-0.15000000000000002
6189.539172983433	300	4.885915772422954	0.0	163444	4187.461585816936	0.3
6195.643745900187	300	4.0	1.218657144331157	179328	6104.57291675411	-4.940225720623975
6201.424679676452	300	4.0	1.7809337762637851	159914	5780.933776263785	-7.358015237934276
6204.787615173048	300	4.637064503403679	0.0	131610	3362.9354965963207	0.3
6207.862088878465	300	5.562590797987106	0.0	124011	3074.4737054165726	0.3
6211.377779759809	300	6.046899916643153	0.0	144254	3515.6908813439527	0.3
6214.685482364632	300	6.7391973118190505	0.0	149991	3307.702604824102	0.3
6217.364823491861	300	8.059856184590245	0.0	147968	2679.3411272288054	0.3
6220.245160732474	300	9.179518943977312	0.0	161857	2880.337240612933	0.3
6222.233485078417	300	11.1911945980341	0.0	145210	1988.3243459432113	0.3
6224.517898436447	300	12.906781240004976	0.0	172312	2284.413358029123	0.3
6227.80340563507	300	13.621274041381646	0.0	167025	3285.50719862333	0.3
6231.654476541203	300	13.770203135249439	0.0	160064	3851.070906132207	0.3
6235.168755385336	300	14.255924291115923	0.0	137507	3514.278844133517	0.3
6237.140141239414	300	16.28453843703822	0.0	118421	1971.385854077705	0.3

