3726.1671708946483	750	4.0	2.6661221575738243	450283	2666.122157573824	-10.714325277567443
3727.443237222928	300	6.723933671720184	0.0	155580	1276.066328279816	-0.15000000000000002
3729.1144803135826	300	9.052690581065232	0.0	139857	1671.2430906549514	0.3
3732.2093012521127	300	9.957869642535126	0.0	155432	3094.820938530105	0.3
3735.6713920836232	300	10.495778811024305	0.0	163442	3462.09083151082	0.3
3738.241424710788	300	11.925746183859326	0.0	126289	2570.0326271649787	0.3
3740.5742709738784	300	13.592899920769002	0.0	153295	2332.8462630903255	0.3
3742.343047780982	300	15.824123113665133	0.0	173849	1768.7768071038674	0.3
3745.634297552961	750	16.532873341686326	0.0	374758	3291.2497719788066	0.3
3749.406434017977	750	16.76073687667023	0.0	362795	3772.1364650160945	0.75
3755.8774824748757	750	14.289688419771982	0.0	353220	6471.048456898248	0.75
3757.9638329959157	750	16.203337898731768	0.0	405134	2086.3505210402163	0.75
3759.551507585771	750	18.615663308876762	0.0	386351	1587.674589855003	0.75
3765.163626832132	1850	17.00354406251537	0.0	1036454	5612.119246361392	0.75
3772.0666311234822	1850	14.100539771165401	0.0	821631	6903.00429134997	1.85
3775.7373133735955	1850	14.429857521052186	0.0	923170	3670.682250113214	1.85
3780.313237794645	1850	13.853933100002726	0.0	966699	4575.924421049462	1.85
3786.7100216864947	1850	11.45714920815308	0.0	885714	6396.783891849645	1.85
3793.078898874009	1850	9.088272020638957	0.0	987708	6368.877187514124	1.85
3794.341359029758	750	11.825811864889767	0.0	350713	1262.4601557491897	-0.3500000000000001
3795.9750564136107	750	14.192114481037684	0.0	386472	1633.697383852082	0.75
3797.669609312389	750	16.497561582259106	0.0	399894	1694.5528987785758	0.75
3799.6724814038535	750	18.494689490795064	0.0	401853	2002.8720914640412	0.75
3806.966839792213	1850	15.200331102435321	0.0	874175	7294.358388359741	0.75
3819.932729541893	1850	6.234441352754911	0.0	897976	12965.88974968041	1.85
3821.4312256183925	300	8.735945276255167	0.0	153938	1498.4960764997445	-1.25
3823.12851671344	300	11.03865418120803	0.0	181901	1697.2910950471376	0.3
3824.052371326003	300	14.11479956864474	0.0	111155	923.8546125632887	0.3
3831.57948846567	750	10.587682428978608	0.0	400396	7527.117139666129	0.3
3832.6640886494456	300	13.503082245202638	0.0	149029	1084.6001837759698	-0.15000000000000002
3834.3095943001995	750	15.857576594448876	0.0	358218	1645.5056507537633	0.3
3835.9372166204253	750	18.22995427422292	0.0	400322	1627.6223202259557	0.75
3840.884871478139	1850	17.28229941650915	0.0	885062	4947.654857713771	0.75
3848.798597431511	1850	13.368573463136814	0.0	1035329	7913.725953372337	1.85
3852.6942240037924	1850	13.472946890855805	0.0	1026056	3895.62657228101	1.85
3857.5237731731227	1850	12.643397721525393	0.0	943942	4829.549169330412	1.85
3863.601981826089	1850	10.565189068559365	0.0	728962	6078.208652966027	1.85
3867.044165792245	750	11.123005102403233	0.0	361565	3442.183966156131	-0.3500000000000001
3868.623971611248	750	13.54319928339974	0.0	378327	1579.805819003491	0.75
3870.0063496826206	750	16.16082121202754	0.0	390680	1382.3780713722017	0.75
3871.3647674226822	750	18.802403471966112	0.0	345516	1358.4177400614233	0.75
3875.9480538623766	1850	18.219117032271452	0.0	1025005	4583.286439694659	0.75
3884.0886736192015	1850	14.0784972754466	0.0	886255	8140.619756824853	1.85
3897.18824049215	1850	4.978930402498142	0.0	973972	13099.566872948459	1.85
3898.825555735193	300	7.341615159454733	0.0	167025	1637.3152430434084	-1.25
3900.204022004099	300	9.963148890548695	0.0	160064	1378.466268906037	0.3
3902.576333239694	300	11.59083765495344	0.0	137507	2372.3112355952558	0.3
3905.3810753739745	300	12.786095520672786	0.0	118421	2804.742134280652	0.3

