24993.476200667683	750	4.0	4.492096968258112	450283	4492.096968258112	-18.56601696350988
24994.87467750721	300	6.6015231604739535	0.0	155580	1398.4768395260464	-0.15000000000000002
24996.058016394352	300	9.418184273333548	0.0	139857	1183.3388871404063	0.3
24997.377031742468	300	12.09916892521706	0.0	155432	1319.0153481164841	0.3
25000.93674029744	750	12.539460370249705	0.0	411561	3559.7085549673566	0.3
25003.875654677297	750	13.600545990389577	0.0	318564	2938.914379860127	0.75
25006.867452941573	750	14.608747726113574	0.0	352642	2991.798264276003	0.75
25010.694311780553	750	14.781888887135977	0.0	437162	3826.8588389775955	0.75
25013.986200913005	750	15.489999754684757	0.0	374758	3291.88913245122	0.75
25017.049348573146	750	16.426852094546426	0.0	362795	3063.1476601383315	0.75
25020.81723588087	750	16.658964786818885	0.0	353220	3767.8873077275425	0.75
25025.392913257925	750	16.083287409762008	0.0	405134	4575.677377056877	0.75
25030.244334689516	750	15.231865978173822	0.0	386351	4851.421431588185	0.75
25036.124454541623	750	13.351746126067553	0.0	434409	5880.119852106269	0.75
25042.74149783947	750	10.734702828220533	0.0	337059	6617.043297847023	0.75
25046.822827055712	750	10.653373611979282	0.0	366214	4081.32921624125	0.75
25048.393198515496	300	13.083002152195156	0.0	143509	1570.3714597841251	-0.15000000000000002
25050.145792212094	300	15.330408455597484	0.0	150616	1752.593696597673	0.3
25055.157189271456	750	14.319011396233648	0.0	405596	5011.397059363835	0.3
25059.93844097396	750	13.537759693732749	0.0	350713	4781.2517025009	0.75
25065.874615062465	750	11.601585605229184	0.0	386472	5936.174088503565	0.75
25072.578110143448	750	8.898090524243116	0.0	399894	6703.4950809860675	0.75
25075.903858216163	300	9.572342451528629	0.0	163927	3325.748072714489	-0.15000000000000002
25077.93880594451	300	11.53739472318119	0.0	137654	2034.9477283474366	0.3
25079.707959245796	300	13.76824142189443	0.0	146754	1769.153301286761	0.3
25081.394812717634	300	16.08138795005682	0.0	153938	1686.85347183761	0.3
25085.449148132804	750	16.027052534888703	0.0	425781	4054.335415168116	0.3
25087.80665883315	750	17.66954183454506	0.0	277716	2357.510700343642	0.75
25091.19588719758	750	18.280313470113594	0.0	400396	3389.228364431468	0.75
25094.738678496517	750	18.737522171177464	0.0	400508	3542.7912989361303	0.75
25098.555712894595	750	18.92048777309698	0.0	358218	3817.0343980804873	0.75
25102.373921315288	750	19.10227935240714	0.0	400322	3818.208420689836	0.75
25106.027543028766	750	19.448657638928626	0.0	369834	3653.621713478515	0.75
25109.387496835447	750	20.088703832245855	0.0	412837	3359.9538066827713	0.75
25112.94654915259	750	20.529651515103865	0.0	401088	3559.0523171419886	0.75
25116.27318855699	750	21.203012110706112	0.0	365161	3326.6394043977525	0.75
25119.033159287057	750	22.443041380637688	0.0	321064	2759.9707300684245	0.75
25122.13766692788	750	23.338533739814	0.0	361565	3104.5076408236905	0.75
25125.44800170962	750	24.028198958073155	0.0	378327	3310.3347817408453	0.75
25128.85677873805	750	24.619421929646954	0.0	390680	3408.7770284262024	0.75
25132.64077897715	750	24.835421690544162	0.0	345516	3784.0002391027924	0.75
25137.06928484687	750	24.406915820824644	0.0	384505	4428.5058697195145	0.75
25141.6995678267	750	23.77663284099815	0.0	372093	4630.282979826493	0.75
25147.892605552162	750	21.583595115536074	0.0	438281	6193.037725462074	0.75
25155.032063425057	750	18.44413724264322	0.0	398987	7139.457872892858	0.75
25159.21013204253	750	18.26606862516734	0.0	393804	4178.068617475878	0.75
25162.914961541464	750	18.56123912623565	0.0	331053	3704.829498931689	0.75
25167.077007741216	750	18.39919292648045	0.0	314107	4162.046199755202	0.75

