11085.183975792666	750	4.0	4.751626329382562	450283	4751.626329382562	-19.681993216345017
11086.828430709367	300	6.35554508329921	0.0	155580	1644.4549167007901	-0.15000000000000002
11088.263290741943	300	8.920685050724277	0.0	139857	1434.860032574934	0.3
11089.710245493936	300	11.473730298731356	0.0	155432	1446.95475199292	0.3
11091.142576751492	300	14.041399041173666	0.0	163442	1432.3312575576906	0.3
11093.289591450533	750	15.894384342133536	0.0	318564	2147.0146990401277	0.3
11096.110817691722	750	17.073158100943562	0.0	352642	2821.2262411899746	0.75
11100.558820478209	750	16.62515531445796	0.0	437162	4448.002786485603	0.75
11105.772304037038	750	15.411671755627657	0.0	374758	5213.483558830304	0.75
11110.665928208457	750	14.51804758420864	0.0	362795	4893.624171419016	0.75
11113.44503077273	750	15.738945019937855	0.0	353220	2779.1025642707846	0.75
11115.979305116301	750	17.204670676365673	0.0	405134	2534.2743435721823	0.75
11120.147092173105	750	17.036883619562374	0.0	386351	4167.787056803299	0.75
11124.72756447811	750	16.456411314558814	0.0	434409	4580.472305003563	0.75
11127.851592707595	750	17.332383085072877	0.0	337059	3124.0282294859367	0.75
11131.226644064747	750	17.957331727920703	0.0	366214	3375.0513571521756	0.75
11134.79971636929	750	18.384259423377863	0.0	360831	3573.072304542842	0.75
11138.485304250178	750	18.69867154248814	0.0	372963	3685.587880889719	0.75
11142.56660775129	750	18.617368041375972	0.0	405596	4081.303501112167	0.75
11145.615064272359	750	19.568911520307516	0.0	350713	3048.456521068456	0.75
11148.870334767897	750	20.31364102476969	0.0	386472	3255.270495537823	0.75
11152.222542099315	750	20.961433693352067	0.0	399894	3352.2073314176214	0.75
11155.633590900572	750	21.550384892093284	0.0	401853	3411.0488012587857	0.75
11159.088675505485	750	22.095300287180283	0.0	343800	3455.084604913001	0.75
11162.315135070277	750	22.868840722388608	0.0	359903	3226.4595647916713	0.75
11166.063517141116	750	23.12045865154871	0.0	379700	3748.3820708398994	0.75
11176.976021423457	750	16.20795436920839	0.0	425781	10912.50428234032	0.75
11180.495943859285	300	16.688031933381595	0.0	111155	3519.9224358267943	-0.15000000000000002
11188.366476208199	750	12.8174995844669	0.0	400396	7870.532348914693	0.3
11193.719696583506	750	11.46427920915968	0.0	400508	5353.22037530722	0.75
11196.628619023822	300	12.555356768843486	0.0	157421	2908.922440316192	-0.15000000000000002
11200.03193771346	300	13.152038079204278	0.0	157488	3403.3186896392094	0.3
11202.652249772587	300	14.53172602007755	0.0	143881	2620.312059126728	0.3
11204.984138074942	300	16.19983771772348	0.0	163444	2331.888302354069	0.3
11209.741240543883	750	15.442735248781554	0.0	401088	4757.102468941925	0.3
11216.932237086094	750	12.251738706571944	0.0	365161	7190.996542209612	0.75
11221.823515665186	750	11.360460127477976	0.0	321064	4891.278579093967	0.75
11222.875692818274	300	14.308282974389746	0.0	124011	1052.177153088231	-0.15000000000000002
11224.007324929988	300	17.176650862676656	0.0	144254	1131.6321117130901	0.3
11227.681386495326	750	17.502589297338535	0.0	390680	3674.0615653381215	0.3
11230.581235503307	750	18.60274028935751	0.0	345516	2899.8490079810254	0.75
11234.035473839469	750	19.14850195319511	0.0	384505	3454.238336162398	0.75
11237.956464280456	750	19.227511512208753	0.0	372093	3920.990440986359	0.75
11241.753420058347	750	19.430555734317835	0.0	438281	3796.9557778909175	0.75
11245.228732235357	750	19.955243557307877	0.0	398987	3475.3121770099547	0.75
11249.046369556103	750	20.137606236561986	0.0	393804	3817.6373207458905	0.75
11257.433583788885	1850	15.750392003780007	0.0	830730	8387.21423278198	0.75
11266.436666896678	1850	10.747308895987208	0.0	846370	9003.0831077928	1.85

