20274.020167113315	750	4.0	1.7282306058808998	450283	1728.2306058809	-6.681391605287869
20275.81435939783	750	6.205807715481606	0.0	398865	1794.1922845183947	0.75
20277.565403553494	750	8.454763559820275	0.0	350812	1751.0441556613293	0.75
20279.223536818725	750	10.796630294589859	0.0	382355	1658.1332652304168	0.75
20281.90958384227	1200	12.110583271045456	0.0	652874	2686.0470235444027	0.75
20283.037055844903	1200	14.983111268412848	0.0	520315	1127.4720026326063	1.2
20284.75534044001	1850	17.26482667330791	0.0	905515	1718.284595104944	1.2000000000000002
20287.023791612828	1850	18.996375500492242	0.0	1060487	2268.4511728156663	1.85
20290.049907173667	2850	19.970259939650592	0.0	1348011	3026.1155608416475	1.85
20293.09959028223	2850	20.920576831090038	0.0	1429765	3049.683108560554	2.85
20297.16121649086	4300	20.858950622460736	0.0	2173522	4061.6262086293013	2.8499999999999996
20301.06249767851	4300	20.957669434806295	0.0	2102452	3901.28118765444	4.3
20305.82924538052	4300	20.190921732801463	0.0	2209463	4766.747702004832	4.3
20311.65118338574	4300	18.368983727577767	0.0	2275376	5821.938005223694	4.3
20316.644146708488	4300	17.37602040483205	0.0	2005399	4992.963322745716	4.3
20322.342783576114	4300	15.677383537206628	0.0	2152483	5698.636867625424	4.3
20328.57871790396	4300	13.441449209356767	0.0	2289689	6235.934327849859	4.3
20333.100932997313	4300	12.919234116006672	0.0	2059512	4522.215093350096	4.3
20341.922648022846	4300	8.097519090474366	0.0	2220726	8821.715025532305	4.3
20345.235516908237	2850	8.784650205085677	0.0	1336050	3312.8688853886883	1.4000000000000001
20348.595342381584	2850	9.424824731734494	0.0	1415116	3359.825473351185	2.85
20351.729520646724	2850	10.29064646659598	0.0	1468126	3134.178265138513	2.85
20354.835848166014	2850	11.184318947305266	0.0	1505760	3106.3275192907145	2.85
20357.506451397017	2850	12.513715716304231	0.0	1323990	2670.6032310010346	2.85
20360.415514301112	2850	13.604652812207862	0.0	1383735	2909.06290409637	2.85
20366.488497283324	4300	11.531669829997172	0.0	2105231	6072.98298221069	2.8499999999999996
20372.91789614486	4300	9.102270968463715	0.0	2395588	6429.398861533457	4.3
20377.780034079464	4300	8.240133033861369	0.0	1972048	4862.137934602345	4.3
20381.61309105136	2850	8.407076061966606	0.0	1498470	3833.056971894764	1.4000000000000001
20386.188311935894	2850	7.831855177432229	0.0	1561263	4575.220884534377	2.85
20392.572951021433	2850	5.447216091892764	0.0	1341201	6384.639085539465	2.85
20396.31910841148	1850	5.70105870184437	0.0	954453	3746.1573900483936	0.8500000000000001
20399.985391969316	1200	6.034775144010054	0.0	584349	3666.283557834316	0.5499999999999999
20402.349699824867	1200	7.670467288459243	0.0	670129	2364.307855550812	1.2
20404.474860712686	1200	9.545306400639964	0.0	690253	2125.1608878192787	1.2
20405.77461045135	1200	12.24555666197744	0.0	598727	1299.749738662524	1.2
20407.07647564523	1200	14.943691468096807	0.0	487812	1301.865193880632	1.2
20409.61084437108	1850	16.409322742245532	0.0	938587	2534.368725851277	1.2000000000000002
20416.191703606914	2850	13.82846350641123	0.0	1427478	6580.8592358343	1.85
20427.631483905643	2850	6.388683207681978	0.0	1402287	11439.780298729253	2.85
20429.008237994185	750	9.011929119137342	0.0	345516	1376.7540885446365	-1.35
20430.878538909492	750	11.141628203832957	0.0	384505	1870.3009153043843	0.75
20432.619259296862	750	13.400907816462855	0.0	372093	1740.7203873701014	0.75
20434.50514506686	750	15.515022046461025	0.0	438281	1885.8857700018307	0.75
20436.139625242573	750	17.880541870749898	0.0	398987	1634.4801757111265	0.75
20439.004534789106	2850	19.015632324215805	0.0	1483527	2864.909546534093	0.75
20443.24449576363	4300	18.775671349693013	0.0	1961140	4239.96097452279	2.8499999999999996
20447.852537168223	4300	18.167629945099083	0.0	2155012	4608.041404593929	4.3

