5164.691267834263	750	4.0	11.415819972284071	450283	11415.81997228407	-48.338025880821505
5167.514356906638	300	5.176910927625635	0.0	155580	2823.0890723743646	-0.15000000000000002
5169.810759418563	300	6.880508415700065	0.0	139857	2296.4025119255693	0.3
5171.89309377217	300	8.798174062092835	0.0	155432	2082.334353607229	0.3
5174.856270106036	300	9.834997728226448	0.0	163442	2963.1763338663886	0.3
5178.096718179708	300	10.594549654555204	0.0	126289	3240.4480736712444	0.3
5180.76252644509	300	11.928741389173108	0.0	153295	2665.8082653820957	0.3
5185.254636575575	300	11.436631258687633	0.0	173849	4492.110130485475	0.3
5189.902190870396	300	10.78907696386657	0.0	150710	4647.554294821064	0.3
5194.654091840366	300	10.037175993896167	0.0	139105	4751.900969970405	0.3
5199.6103360093475	300	9.080931824913973	0.0	141840	4956.244168982194	0.3
5204.701415096148	300	7.9898527381139415	0.0	156148	5091.079086800031	0.3
5209.005302742228	300	7.685965092034298	0.0	160746	4303.887646079643	0.3
5215.128273991165	300	5.562993843097569	0.0	179801	6122.971248936729	0.3
5219.897100510491	300	4.794167323771426	0.0	140051	4768.826519326142	0.3
5224.495791519441	300	4.195476314822005	0.0	138313	4598.691008949421	0.3
5227.8802149763	300	4.811052857963363	0.0	143509	3384.423456858642	0.3
5230.143761539894	300	6.547506294370085	0.0	150616	2263.5465635932774	0.3
5231.730941267806	300	8.960326566457432	0.0	165384	1587.179727912654	0.3
5233.0911408198435	300	11.600127014419334	0.0	140881	1360.1995520380992	0.3
5234.3909548427655	300	14.30031299149726	0.0	157671	1299.814022922074	0.3
5237.247672129528	750	15.443595704735047	0.0	399894	2856.717286762212	0.3
5239.958942166825	750	16.73232566743804	0.0	401853	2711.270037297007	0.75
5242.119555831317	750	18.571712002945823	0.0	343800	2160.6136644922162	0.75
5244.465872718652	750	20.225395115610503	0.0	359903	2346.316887335322	0.75
5250.971670860282	1850	17.719596973979964	0.0	905935	6505.798141630537	0.75
5257.125186877684	1850	15.566080956577832	0.0	1076599	6153.516017402135	1.85
5260.613818703257	1850	16.07744913100603	0.0	758197	3488.6318255718024	1.85
5265.703121054697	1850	14.988146779566133	0.0	972798	5089.302351439895	1.85
5270.4472548086505	1850	14.244013025612261	0.0	975811	4744.133753953874	1.85
5274.4495214758335	1850	14.241746358428824	0.0	873429	4002.266667183438	1.85
5278.393758062545	1850	14.297509771717712	0.0	954453	3944.2365867111116	1.85
5282.049984639325	1850	14.641283194937877	0.0	885062	3656.226576779835	1.85
5286.903218677896	1850	13.788049156367219	0.0	1035329	4853.234038570659	1.85
5291.2201887652445	1850	13.471079069018698	0.0	1026056	4316.970087348519	1.85
5296.7381786648275	1850	11.953089169435577	0.0	943942	5517.989899583122	1.85
5301.255725396536	1850	11.435542437726966	0.0	728962	4517.54673170861	1.85
5306.989248733502	1850	9.702019100761664	0.0	938587	5733.523336965302	1.85
5310.908918810714	1850	9.782349023549706	0.0	908665	3919.670077211956	1.85
5314.831337715241	1850	9.859930119022314	0.0	930577	3922.418904527392	1.85
5318.684472343752	1850	10.006795490512541	0.0	858450	3853.1346285097725	1.85
5323.285655205389	1850	9.405612628874707	0.0	1025005	4601.1828616378325	1.85
5326.76835620974	1850	9.922911624524206	0.0	886255	3482.701004350501	1.85
5331.093819551082	1850	9.597448283182478	0.0	973972	4325.463341341726	1.85
5335.433618274638	1850	9.257649559625222	0.0	958994	4339.798723557259	1.85
5340.368133630222	1850	8.323134204041551	0.0	982064	4934.51535558367	1.85
5344.390754356796	1850	8.300513477467684	0.0	830730	4022.620726573867	1.85
5348.84007778093	1850	7.85119005333343	0.0	846370	4449.323424134254	1.85

