19694.99929435277	750	4.0	5.775321338143219	450283	5775.321338143219	-24.08388175401584
19696.316454097636	300	6.682840255133825	0.0	155580	1317.159744866175	-0.15000000000000002
19697.433585627798	300	9.565708724972165	0.0	139857	1117.1315301616603	0.3
19698.686250960734	300	12.313043392038171	0.0	155432	1252.6653329339927	0.3
19700.072650581773	300	14.926643770998389	0.0	163442	1386.3996210397818	0.3
19702.721675793506	750	16.277618559265385	0.0	318564	2649.0252117330056	0.3
19706.50319106373	750	16.49610328904393	0.0	352642	3781.515270221453	0.75
19710.838775401986	750	16.160518950786816	0.0	437162	4335.5843382571165	0.75
19714.225601390415	750	16.773692962359355	0.0	374758	3386.8259884274576	0.75
19718.62590990908	750	16.373384443696594	0.0	362795	4400.308518662761	0.75
19721.16181546905	750	17.83747888371956	0.0	353220	2535.905559977036	0.75
19724.982002678353	750	18.01729167441947	0.0	405134	3820.1872093000884	0.75
19727.58205744165	750	19.41723691112099	0.0	386351	2600.0547632984762	0.75
19730.881056564896	750	20.118237787874044	0.0	434409	3298.999123246948	0.75
19734.786415653754	750	20.21287869901742	0.0	337059	3905.3590888566237	0.75
19741.75533362213	750	17.243960730638648	0.0	366214	6968.9179683787725	0.75
19747.484674501342	750	15.514619851430867	0.0	360831	5729.340879207779	0.75
19751.41652283446	750	15.582771518310704	0.0	372963	3931.848333120165	0.75
19756.928845617695	750	14.070448735079623	0.0	405596	5512.3227832310795	0.75
19761.082271154064	750	13.917023198706486	0.0	350713	4153.425536373135	0.75
19766.980327175	750	12.018967177772607	0.0	386472	5898.05602093388	0.75
19770.94953067104	750	12.049763681728399	0.0	399894	3969.2034960442093	0.75
19775.03199687283	750	11.967297479943241	0.0	401853	4082.4662017851565	0.75
19781.26158939774	750	9.737704955028574	0.0	343800	6229.5925249146685	0.75
19783.54066164722	300	11.458632705553311	0.0	146754	2279.072249475263	-0.15000000000000002
19785.809685625183	300	13.189608727587945	0.0	153938	2269.0239779653657	0.3
19788.714692547714	300	14.284601805059038	0.0	181901	2905.006922528906	0.3
19793.320978114818	750	13.67831623795579	0.0	277716	4606.285567103248	0.3
19799.272461369703	750	11.726832983069311	0.0	400396	5951.48325488648	0.75
19806.238056860264	750	8.76123749250856	0.0	400508	6965.59549056075	0.75
19808.520840754623	300	10.478453598148556	0.0	157421	2282.783894360004	-0.15000000000000002
19810.77736112888	300	12.221933223894517	0.0	157488	2256.5203742540407	0.3
19812.636658755426	300	14.362635597347213	0.0	143881	1859.2976265473048	0.3
19814.84130710352	300	16.157987249250795	0.0	163444	2204.648348096419	0.3
19820.92925903177	750	14.070035321001045	0.0	401088	6087.951928249748	0.3
19824.903574007672	750	14.095720345100618	0.0	365161	3974.314975900427	0.75
19827.58935248988	750	15.409941862896297	0.0	321064	2685.7784822043227	0.75
19831.22109801225	750	15.778196340523898	0.0	361565	3631.7455223723973	0.75
19837.0832476808	750	13.916046671976957	0.0	378327	5862.149668546941	0.75
19845.30489918184	750	9.69439517093466	0.0	390680	8221.651501042297	0.75
19846.91594521331	300	12.083349139462483	0.0	147968	1611.0460314721768	-0.15000000000000002
19848.55867890239	300	14.440615450381097	0.0	161857	1642.7336890813867	0.3
19851.80792555265	750	15.191368800120296	0.0	372093	3249.2466502608017	0.3
19857.39923943804	750	13.600054914730759	0.0	438281	5591.313885389536	0.75
19861.946940236645	750	13.052354116125063	0.0	398987	4547.700798605696	0.75
19865.676226553747	750	13.323067799028038	0.0	393804	3729.286317097026	0.75
19869.25153327274	750	13.747761080031834	0.0	331053	3575.306718996204	0.75
19872.30393122192	750	14.695363130857357	0.0	314107	3052.3979491744785	0.75

