21360.05944175958	750	4.0	6.275717151967713	450283	6275.717151967713	-26.235583753461167
21362.234124477935	300	5.825317281643536	0.0	155580	2174.6827183564637	-0.15000000000000002
21364.320048982332	300	7.7393927772440305	0.0	139857	2085.924504399506	0.3
21368.247014818135	300	7.812426941441434	0.0	155432	3926.9658358025963	0.3
21370.052358807443	300	10.00708295213319	0.0	163442	1805.343989308242	0.3
21371.539864475944	300	12.519577283635904	0.0	126289	1487.5056684972856	0.3
21373.55352416139	300	14.505917598187823	0.0	153295	2013.6596854480813	0.3
21381.014903245585	750	11.044538513997027	0.0	437162	7461.379084190796	0.3
21383.44104359701	300	12.618398162569727	0.0	150710	2426.140351427301	-0.15000000000000002
21385.725491286485	300	14.333950473090878	0.0	139105	2284.44768947885	0.3
21387.803373008705	300	16.256068750873265	0.0	141840	2077.8817222176135	0.3
21392.567058262524	750	15.49238349705386	0.0	405134	4763.685253819406	0.3
21396.30488392142	750	15.754557838155518	0.0	386351	3737.825658898341	0.75
21401.27012578554	750	14.78931597403805	0.0	434409	4965.241864117468	0.75
21408.423162930783	750	11.636278828796764	0.0	337059	7153.037145241286	0.75
21416.219033246343	750	7.840408513235995	0.0	366214	7795.870315560768	0.75
21418.885125448367	300	9.174316311209695	0.0	143509	2666.0922020263	-0.15000000000000002
21422.21803217647	300	9.841409583107623	0.0	150616	3332.9067281020725	0.3
21426.158091656333	300	9.90135010325045	0.0	165384	3940.0594798571724	0.3
21429.5681881696	300	10.491253589981108	0.0	140881	3410.096513269342	0.3
21432.857228917044	300	11.202212842535294	0.0	157671	3289.040747445814	0.3
21435.500412270885	300	12.559029488693811	0.0	157812	2643.1833538414826	0.3
21437.945314855988	300	14.114126903590865	0.0	163927	2444.9025851029473	0.3
21440.695594481243	300	15.36384727833502	0.0	137654	2750.2796252558433	0.3
21443.87308485276	300	16.186356906821437	0.0	146754	3177.4903715135824	0.3
21452.202742902056	750	11.856698857523513	0.0	379700	8329.658049297925	0.3
21455.824646239977	300	12.234795519600127	0.0	181901	3621.903337923388	-0.15000000000000002
21458.767258263306	300	13.29218349627198	0.0	111155	2942.6120233281463	0.3
21461.37948211133	300	14.679959648247074	0.0	153605	2612.2238480249075	0.3
21463.283343550684	300	16.776098208897412	0.0	149029	1903.8614393496598	0.3
21466.887418752864	750	17.172023006716728	0.0	358218	3604.0752021806857	0.3
21471.266738394013	750	16.792703365566513	0.0	400322	4379.319641150212	0.75
21476.437127969297	750	15.622313790281492	0.0	369834	5170.389575285023	0.75
21484.892683748538	750	11.166758011041631	0.0	412837	8455.555779239861	0.75
21490.908729768977	750	9.150711990603883	0.0	401088	6016.04602043775	0.75
21494.186568615514	300	9.872873144063846	0.0	159914	3277.8388465400367	-0.15000000000000002
21497.097097717102	300	10.962344042475408	0.0	131610	2910.5291015884372	0.3
21499.269619798073	300	12.789821961506856	0.0	124011	2172.522080968552	0.3
21501.86036242935	300	14.19907933022769	0.0	144254	2590.742631279166	0.3
21504.473301370585	300	15.586140388994806	0.0	149991	2612.9389412328833	0.3
21509.407335300668	750	14.652106458910195	0.0	345516	4934.033930084612	0.3
21514.05508488842	750	14.004356871159477	0.0	384505	4647.749587750719	0.75
21518.343765242735	750	13.71567651684583	0.0	372093	4288.680354313647	0.75
21523.73659134439	750	12.322850415188059	0.0	438281	5392.82610165777	0.75
21528.771989874433	750	11.287451885144328	0.0	398987	5035.398530043731	0.75
21534.151681808708	750	9.90775995086993	0.0	393804	5379.691934274398	0.75
21536.400767861236	300	11.658673898339819	0.0	137507	2249.086052530112	-0.15000000000000002
21538.26089589652	300	13.798545863055955	0.0	118421	1860.1280352838642	0.3

