18433.984061260737	750	4.0	10.535228578788095	450283	10535.228578788096	-44.551482888788804
18435.374908209273	300	6.609153051467327	0.0	155580	1390.8469485326723	-0.15000000000000002
18437.05750014737	300	8.926561113369436	0.0	139857	1682.5919380978908	0.3
18439.337388226733	300	10.646673034004781	0.0	155432	2279.888079364655	0.3
18441.493228150823	300	12.490833109915867	0.0	163442	2155.8399240889144	0.3
18443.066028048244	300	14.918033212494962	0.0	126289	1572.7998974209063	0.3
18445.150657399918	300	16.833403860820415	0.0	153295	2084.629351674547	0.3
18451.17115124413	750	14.812910016610397	0.0	437162	6020.4938442100165	0.3
18458.390156577003	750	11.593904683737236	0.0	374758	7219.005332873161	0.75
18468.019058395916	750	5.965002864824477	0.0	362795	9628.901818912758	0.75
18470.87978034758	300	7.104280913161369	0.0	141840	2860.721951663109	-0.15000000000000002
18473.57097468689	300	8.413086573852494	0.0	156148	2691.194339308875	0.3
18476.444742206728	300	9.539319054012651	0.0	160746	2873.767519839843	0.3
18479.89068721764	300	10.093374043097027	0.0	179801	3445.945010915624	0.3
18482.260048249515	300	11.72401301122475	0.0	140051	2369.3610318722776	0.3
18484.666316187795	300	13.31774507294349	0.0	138313	2406.267938281261	0.3
18487.461231496298	300	14.52282976444265	0.0	143509	2794.915308500841	0.3
18490.846667769474	300	15.137393491268098	0.0	150616	3385.436273174551	0.3
18494.22225044865	300	15.761810812092902	0.0	165384	3375.5826791751956	0.3
18498.357777891313	750	15.626283369430169	0.0	350713	4135.527442662734	0.3
18502.184750840283	750	15.799310420457239	0.0	386472	3826.9729489729307	0.75
18508.202561960607	750	13.78149930013269	0.0	399894	6017.811120324547	0.75
18516.10258476147	750	9.881476499269455	0.0	401853	7900.022800863237	0.75
18518.383160995374	300	11.600900265366057	0.0	137654	2280.576233903397	-0.15000000000000002
18520.78244483127	300	13.201616429470938	0.0	146754	2399.2838358951194	0.3
18525.779676115886	750	12.204385144855493	0.0	379700	4997.231284615446	0.3
18530.27074278058	750	11.71331848016019	0.0	425781	4491.066664695304	0.75
18533.752653943317	750	12.231407317425461	0.0	277716	3481.911162734729	0.75
18542.983227477172	750	7.000833783567494	0.0	400396	9230.573533857967	0.75
18546.66581037377	300	7.318250886971909	0.0	149029	3682.5828965955843	-0.15000000000000002
18550.854288817627	300	7.129772443115292	0.0	157421	4188.478443856618	0.3
18554.555548521872	300	7.428512738867334	0.0	157488	3701.259704247959	0.3
18557.611572156184	300	8.372489104555827	0.0	143881	3056.0236343115066	0.3
18561.836151821783	300	8.147909438959445	0.0	163444	4224.579665596382	0.3
18567.7598966419	300	6.224164618841749	0.0	179328	5923.744820117695	0.3
18572.291361494426	300	5.692699766316424	0.0	159914	4531.464852525326	0.3
18575.32202225377	300	6.662039006972738	0.0	131610	3030.6607593436856	0.3
18577.86626559818	300	8.117795662563706	0.0	124011	2544.2433444090316	0.3
18581.00849947922	300	8.975561781523703	0.0	144254	3142.233881040003	0.3
18583.031484925792	300	10.952576334949601	0.0	149991	2022.9854465741037	0.3
18585.803182880958	300	12.180878379786318	0.0	147968	2771.6979551632835	0.3
18589.85575451133	300	12.128306749411188	0.0	161857	4052.5716303751306	0.3
18593.469820760896	300	12.514240499845531	0.0	145210	3614.066249565657	0.3
18597.3436402039	300	12.640421056839672	0.0	172312	3873.819443005859	0.3
18600.521999141387	300	13.462062119351637	0.0	167025	3178.358937488034	0.3
18602.964184438704	300	15.01987682203223	0.0	160064	2442.185297319408	0.3
18604.946387893666	300	17.037673367072053	0.0	137507	1982.2034549601785	0.3
18609.661309906427	750	16.32275135431065	0.0	314107	4714.9220127614035	0.3

