14239.867917848807	750	4.0	3.445995646227827	450283	3445.9956462278274	-14.067781278779655
14242.437416010662	750	5.430501838145294	0.0	398865	2569.4981618547067	0.75
14245.3640836691	750	6.503834179706132	0.0	350812	2926.6676584391616	0.75
14254.20856200477	750	4.0	2.3406441559638598	382355	8844.478335669992	-9.314769870644596
14258.401168538932	300	4.0	0.19260653416249535	163442	4192.606534162495	-0.9782080968987299
14261.719767916635	300	4.681400622296262	0.0	126289	3318.599377703739	0.3
14264.53119232317	300	5.869976215761307	0.0	153295	2811.424406534955	0.3
14267.806686499482	300	6.594482039447847	0.0	173849	3275.4941763134607	0.3
14270.90396034907	300	7.497208189860179	0.0	150710	3097.273849587668	0.3
14273.45840970475	300	8.942758834179495	0.0	139105	2554.4493556806838	0.3
14275.709161431223	300	10.692007107707632	0.0	141840	2250.7517264718617	0.3
14279.041842579392	300	11.359325959537559	0.0	156148	3332.6811481700734	0.3
14281.532435627241	300	12.868732911689959	0.0	160746	2490.5930478476002	0.3
14285.064356027935	300	13.33681251099639	0.0	179801	3531.9204006935693	0.3
14288.740317702104	300	13.660850836828192	0.0	140051	3675.9616741681966	0.3
14290.907177207006	300	15.493991331925058	0.0	138313	2166.859504903135	0.3
14292.484248081717	300	17.91692045721287	0.0	143509	1577.0708747121826	0.3
14294.151610040524	300	20.249558498404976	0.0	150616	1667.3619588078986	0.3
14296.95974682848	300	21.4414217104504	0.0	165384	2808.136787954577	0.3
14298.80716005744	300	23.59400848148974	0.0	140881	1847.4132289606578	0.3
14304.684266973474	750	21.716901565454407	0.0	386472	5877.106916035336	0.3
14309.09373801488	750	21.307430524048385	0.0	399894	4409.471041406022	0.75
14312.876347865295	750	21.52482067363459	0.0	401853	3782.6098504137954	0.75
14316.288282450423	750	22.112886088507178	0.0	343800	3411.93458512741	0.75
14320.379572056692	750	22.021596482237737	0.0	359903	4091.2896062694404	0.75
14325.1517604033	750	21.249408135630546	0.0	379700	4772.188346607189	0.75
14329.685690056891	750	20.715478482039277	0.0	425781	4533.929653591269	0.75
14332.186172581354	750	22.214995957575848	0.0	277716	2500.482524463429	0.75
14336.107236833088	750	22.293931705840983	0.0	400396	3921.0642517348633	0.75
14340.003452791583	750	22.397715747347103	0.0	400508	3896.215958493881	0.75
14345.582904784891	1200	20.818263754038785	0.0	570392	5579.451993308317	0.75
14352.045080209577	1200	18.356088329353412	0.0	620283	6462.1754246853725	1.2
14358.119200390514	1200	16.281968148416667	0.0	584349	6074.120180936747	1.2
14369.732929662254	1200	8.668238876677401	0.0	670129	11613.729271739265	1.2
14376.608353907373	750	5.792814631558776	0.0	401088	6875.4242451186265	0.3
14378.59767958277	300	7.803488956160196	0.0	159914	1989.3256753985797	-0.15000000000000002
14380.362793206961	300	10.03837533196896	0.0	131610	1765.1136241912368	0.3
14381.389747223773	300	13.011421315156294	0.0	124011	1026.9540168126643	0.3
14382.571277771396	300	15.829890767533147	0.0	144254	1181.530547623147	0.3
14383.796616329555	300	18.60455220937501	0.0	149991	1225.338558158134	0.3
14386.82484909321	750	19.576319445720355	0.0	345516	3028.2327636546574	0.3
14390.14153152915	750	20.259637009779162	0.0	384505	3316.6824359411917	0.75
14395.947521744798	1200	18.45364679413153	0.0	599477	5805.990215647636	0.75
14402.335308999458	1200	16.06585953947294	0.0	634861	6387.787254658588	1.2
14408.17441742942	1200	14.226751109511675	0.0	630203	5839.108429961265	1.2
14414.916513794758	1200	11.484654744171982	0.0	638661	6742.096365339694	1.2
14419.445799383573	1200	10.955369155357985	0.0	538612	4529.285588813997	1.2
14432.305855640398	2850	4.0	1.9046871014671942	1364537	12860.056256825179	-6.9901545363089355

