10519.924897666999	750	4.0	1.1482833162359447	450283	1148.2833162359448	-4.187618259814562
10520.37861606769	300	7.546281599307435	0.0	155580	453.71840069256433	-0.15000000000000002
10521.307266748923	750	10.617630918075324	0.0	350812	928.6506812321101	0.3
10523.313720580418	1200	12.61117708658201	0.0	617681	2006.453831493314	0.75
10528.758713631074	1850	11.166184035924587	0.0	996749	5444.993050657423	1.2000000000000002
10531.590293129042	1850	12.334604537958123	0.0	801058	2831.579497966465	1.85
10536.567765996817	1850	11.357131670182266	0.0	905515	4977.472867775857	1.85
10540.341298019213	1850	11.583599647785864	0.0	1060487	3773.5320223964004	1.85
10542.553133506799	1850	13.371764160200684	0.0	852833	2211.8354875851805	1.85
10546.225869819627	2850	13.699027847372115	0.0	1429765	3672.7363128285688	1.85
10551.974179604746	2850	11.950718062254516	0.0	1354548	5748.3097851176	2.85
10559.141295391044	1850	8.783602275956952	0.0	917428	7167.115786297565	0.8500000000000001
10563.951853280385	750	7.973044386617235	0.0	386351	4810.557889339717	-0.3500000000000001
10568.23769770417	750	7.687199962831445	0.0	434409	4285.844423785789	0.75
10571.279684415134	750	8.64521325186739	0.0	337059	3041.9867109640554	0.75
10572.748400473467	750	11.176497193534932	0.0	366214	1468.716058332459	0.75
10576.203801836693	1850	11.72109583030689	0.0	966699	3455.4013632280416	0.75
10578.937260163062	1850	12.987637503939425	0.0	885714	2733.4583263674654	1.85
10582.183385600993	1850	13.74151206600726	0.0	987708	3246.1254379321626	1.85
10586.750326321777	2850	13.174571345224027	0.0	1336050	4566.940720783233	1.85
10590.887576620082	2850	13.037321046919335	0.0	1415116	4137.2502983046925	2.85
10595.906298877353	2850	12.018598789647335	0.0	1468126	5018.722257271999	2.85
10599.563715843098	1850	12.36118182390258	0.0	968026	3657.4169657447546	0.8500000000000001
10602.65701976347	1850	13.26787790353174	0.0	874175	3093.303920370839	1.85
10606.307964885858	2850	13.6169327811422	0.0	1383735	3650.9451223895385	1.85
10609.645056469493	2850	14.279841197508295	0.0	1480464	3337.0915836339063	2.85
10613.90276896017	2850	14.02212870682962	0.0	1547572	4257.712490678677	2.85
10616.926936681419	2850	14.997960985580729	0.0	1141971	3024.16772124889	2.85
10621.464879008905	2850	14.46001865809663	0.0	1498470	4537.942327484099	2.85
10625.485239323065	2850	14.439658343936793	0.0	1561263	4020.3603141598355	2.85
10628.355157902437	2850	15.569739764565611	0.0	1341201	2869.9185793711817	2.85
10633.564223942407	4300	14.360673724595355	0.0	2147852	5209.066039970255	2.8499999999999996
10637.54135165879	2850	14.383546008210013	0.0	1358081	3977.1277163853433	1.4000000000000001
10641.337127025741	2850	14.587770641259638	0.0	1587293	3795.7753669503745	2.85
10646.16651775625	2850	13.75837991075277	0.0	1492672	4829.390730506867	2.85
10650.222291800379	2850	13.702605866622825	0.0	1439896	4055.774044129945	2.85
10653.834547596642	2850	14.0903500703608	0.0	1139291	3612.2557962620244	2.85
10660.986864747641	2850	10.938032919359364	0.0	1499009	7152.317151001435	2.85
10664.025728522849	1200	11.899169144153493	0.0	605884	3038.863775205871	-0.44999999999999996
10667.007957978281	1850	12.916939688720532	0.0	930577	2982.229455432961	1.2000000000000002
10669.685508910745	1850	14.239388756257602	0.0	858450	2677.550932462932	1.85
10674.197769959306	2850	13.727127707696651	0.0	1527299	4512.261048560952	1.85
10678.100727060319	2850	13.82417060668429	0.0	1343002	3902.95710101236	2.85
10683.685843196696	2850	12.239054470306499	0.0	1587250	5585.116136377792	2.85
10687.479381777386	1850	12.445515889616377	0.0	958994	3793.5385806901213	0.8500000000000001
10691.042485927705	1850	12.882411739296845	0.0	982064	3563.104150319532	1.85
10694.012542710982	1850	13.91235495602011	0.0	830730	2970.0567832767347	1.85
10697.911237348459	2850	14.013660318544892	0.0	1364537	3898.694637475219	1.85

