23119.093488193026	750	4.0	1.8710689380755445	450283	1871.0689380755446	-7.295596433724841
23120.696502104824	750	6.396986088206931	0.0	398865	1603.0139117930696	0.75
23122.39291125889	1200	8.700576934142545	0.0	571051	1696.4091540643856	0.75
23124.082999424303	1200	11.01048876872646	0.0	617681	1690.0881654160844	1.2
23126.727035802498	1850	12.36645239053454	0.0	996749	2644.036378191918	1.2000000000000002
23129.139590623454	1850	13.953897569578386	0.0	801058	2412.554820956155	1.85
23135.316066629417	2850	11.77742156361404	0.0	1388403	6176.476005964346	1.85
23140.116406758316	2850	10.97708143471605	0.0	1638769	4800.340128897989	2.85
23143.965088331675	2850	11.128399861354122	0.0	1348011	3848.681573361928	2.85
23148.853576850775	2850	10.239911342254533	0.0	1429765	4888.488519099588	2.85
23152.590735176975	2850	10.502753016056165	0.0	1354548	3737.1583261983697	2.85
23157.638285891775	2850	9.455202301253877	0.0	1519951	5047.550714802288	2.85
23162.76435992762	2850	8.329128265409285	0.0	1422919	5126.074035844593	2.85
23169.528551810796	2850	5.564936382232182	0.0	1578343	6764.191883177103	2.85
23172.84685564092	1850	6.24663255210695	0.0	821631	3318.3038301252313	0.8500000000000001
23177.716953395175	1850	5.376534797854907	0.0	923170	4870.097754252043	1.85
23186.07679438033	1850	4.0	2.983306187303133	966699	8359.84098515804	-10.978216605403471
23186.438497943363	300	7.638296436964495	0.0	150616	361.7035630355047	-1.25
23189.536642376213	750	8.540152004113626	0.0	405596	3098.1444328508683	0.3
23195.332381719974	750	6.744412660354549	0.0	350713	5795.739343759077	0.75
23197.165084408374	300	8.91170997195588	0.0	157671	1832.7026883986696	-0.15000000000000002
23198.43798795174	300	11.638806428586108	0.0	157812	1272.9035433697713	0.3
23199.850664864713	300	14.226129515615245	0.0	163927	1412.6769129708628	0.3
23201.07808978843	300	16.998704591899	0.0	137654	1227.4249237162446	0.3
23202.2972819128	300	19.77951246752956	0.0	146754	1219.192124369441	0.3
23205.617708576327	750	20.459085804004552	0.0	379700	3320.426663525005	0.3
23209.469755426846	750	20.60703895348524	0.0	425781	3852.046850519312	0.75
23213.51761723428	1200	20.559177146054317	0.0	487160	4047.861807430924	0.75
23219.229586764268	1200	18.847207616065788	0.0	622896	5711.969529988526	1.2
23225.143669701876	1200	16.933124678456966	0.0	641447	5914.082937608823	1.2
23232.2491269598	1200	13.82766742053273	0.0	570392	7105.457257924236	1.2
23237.601672218538	1200	12.47512216179441	0.0	620283	5352.54525873832	1.2
23241.998956768504	1200	12.077837611826329	0.0	584349	4397.284549968081	1.2
23247.329864007	1200	10.746930373331969	0.0	670129	5330.90723849436	1.2
23252.96418482935	1200	9.112609550979933	0.0	690253	5634.320822352036	1.2
23257.67301546165	1200	8.40377891867908	0.0	598727	4708.830632300852	1.2
23261.482771239946	1200	8.594023140385474	0.0	487812	3809.7557782936055	1.2
23266.17923163133	1200	7.897562748999592	0.0	575591	4696.460391385882	1.2
23272.542785090507	1200	5.534009289824549	0.0	605884	6363.553459175043	1.2
23276.39073636522	750	5.68605801510965	0.0	390680	3847.9512747149006	0.3
23279.0160182661	750	7.060776114232981	0.0	345516	2625.2819008766683	0.75
23281.278799555585	750	8.797994824743526	0.0	384505	2262.7812894894546	0.75
23283.878805024946	750	10.19798935538426	0.0	372093	2600.005469359264	0.75
23287.132214119236	750	10.94458026109293	0.0	438281	3253.4090942913303	0.75
23291.876498716363	1200	10.200295663966827	0.0	630203	4744.284597126105	0.75
23296.811660525662	1200	9.265133854668626	0.0	638661	4935.161809298201	1.2
23301.313383595945	1200	8.76341078438782	0.0	538612	4501.723070280805	1.2
23314.999828405264	2850	4.0	4.923034024932653	1364537	13686.444809320474	-19.9690463072104

