3054.613060945295	750	4.0	4.746018619318359	450283	4746.018619318359	-19.65788006306894
3055.9142160362867	300	6.698844909008274	0.0	155580	1301.1550909917264	-0.15000000000000002
3057.10210381371	300	9.510957131585016	0.0	139857	1187.8877774232599	0.3
3058.4879826257034	300	12.125078319591939	0.0	155432	1385.8788119930766	0.3
3059.887195770683	300	14.725865174612448	0.0	163442	1399.2131449794917	0.3
3060.915017564735	300	17.698043380560325	0.0	126289	1027.8217940521236	0.3
3065.4751408091356	1200	17.137920136159618	0.0	561791	4560.123244400708	0.29999999999999993
3071.0289494188905	1200	15.58411152640453	0.0	709534	5553.808609755086	1.2
3076.7907368682154	1200	13.822324077079877	0.0	584846	5761.787449324655	1.2
3082.461654416665	1200	12.151406528630309	0.0	560821	5670.917548449568	1.2
3086.6382534296936	1200	11.974807515601675	0.0	607410	4176.5990130286345	1.2
3090.6452365373093	1200	11.96782440798602	0.0	594078	4006.983107615655	1.2
3095.212962090826	1200	11.400098854469688	0.0	624282	4567.725553516331	1.2
3100.668442779496	1200	9.94461816579886	0.0	687371	5455.480688670828	1.2
3104.5454523655208	1200	10.067608579774271	0.0	526950	3877.009586024589	1.2
3109.7023485544437	1200	8.910712390851375	0.0	587876	5156.896188922897	1.2
3114.999939308819	1200	7.613121636475494	0.0	617242	5297.590754375881	1.2
3122.2803679700887	1200	4.3326929752065535	0.0	581493	7280.42866126894	1.2
3124.2843308850242	300	6.328730060270589	0.0	165384	2003.9629149359641	-0.6000000000000001
3126.052181818811	300	8.560879126484236	0.0	140881	1767.8509337863525	0.3
3127.9426189292362	300	10.670442016058804	0.0	157671	1890.4371104254337	0.3
3129.6553460236655	300	12.957714921629213	0.0	157812	1712.7270944295908	0.3
3131.240231165882	300	15.3728297794128	0.0	163927	1584.8851422164125	0.3
3134.6412773516754	750	15.971783593619278	0.0	343800	3401.046185793522	0.3
3138.6009203496874	750	16.012140595607722	0.0	359903	3959.6429980115568	0.75
3143.2335819278333	750	15.379479017461945	0.0	379700	4632.661578145776	0.75
3149.1222207884757	750	13.49084015681933	0.0	425781	5888.638860642615	0.75
3153.024584671709	750	13.588476273586028	0.0	277716	3902.363883233302	0.75
3166.439698363286	750	4.173362582009	0.0	400396	13415.113691577028	0.75
3172.0039691604748	300	4.0	1.3909082151796748	149029	5564.270797188675	-6.130905325272602
3177.5163565281505	300	4.0	1.5123873676756165	157421	5512.387367675617	-6.203265681005151
3182.393519819001	300	4.0	0.8771632908508891	157488	4877.163290850889	-3.471802150658823
3186.2714783962706	300	4.122041422730758	0.0	143881	3877.9585772692417	0.3
3192.0475671567647	300	4.0	1.654047337763637	163444	5776.0887604943955	-6.812403552383639
3196.3511637429624	300	4.0	0.3035965861975019	179328	4303.596586197502	-1.005465320649258
3198.9719873676104	300	5.379176375352015	0.0	159914	2620.8236246479846	0.3
3201.385465816781	300	6.9656979261816705	0.0	131610	2413.478449170345	0.3
3203.8130849369113	300	8.538078806051557	0.0	124011	2427.619120130113	0.3
3206.9595687853334	300	9.39159495762918	0.0	144254	3146.4838484223765	0.3
3211.6522698956437	300	8.698893847318818	0.0	149991	4692.701110310364	0.3
3215.268770722913	300	9.082393020049434	0.0	147968	3616.5008272693826	0.3
3220.3741004950634	300	7.977063247899494	0.0	161857	5105.32977214994	0.3
3223.3465493076665	300	9.00461443529627	0.0	145210	2972.448812603223	0.3
3225.1065403422476	300	11.244623400714763	0.0	172312	1759.9910345815076	0.3
3226.0669945527084	300	14.284169190254092	0.0	167025	960.4542104606725	0.3
3226.6844763250624	300	17.666687417899972	0.0	160064	617.4817723541174	0.3
3227.57246091143	750	20.778702831532417	0.0	331053	887.984586367555	0.3
3230.6782910665015	2850	21.672872676461207	0.0	1364537	3105.8301550712104	0.75

