7906.7059947256275	750	4.0	4.948165992489615	450283	4948.165992489616	-20.527113767705345
7908.112780532222	300	6.593214193405611	0.0	155580	1406.7858065943897	-0.15000000000000002
7909.125424870089	300	9.580569855539265	0.0	139857	1012.6443378663465	0.3
7914.412264977499	1200	8.293729748129142	0.0	617681	5286.840107410123	0.29999999999999993
7918.361457381437	750	8.344537344191066	0.0	411561	3949.192403938077	0.3
7923.073211417033	750	7.632783308594707	0.0	318564	4711.754035596358	0.75
7929.215439821918	750	5.490554903709838	0.0	352642	6142.228404884869	0.75
7931.021601804813	300	7.684392920814696	0.0	173849	1806.1619828951411	-0.15000000000000002
7934.577071052889	750	8.128923672739418	0.0	374758	3555.4692480752783	0.3
7937.710308306341	750	8.995686419287141	0.0	362795	3133.2372534522765	0.75
7941.070599211366	750	9.635395514261953	0.0	353220	3360.2909050251887	0.75
7947.466353241901	1200	7.239641483726964	0.0	594078	6395.7540305349885	0.75
7952.696015590565	750	6.009979135062178	0.0	386351	5229.662348664786	0.3
7956.041548492815	300	6.6644462328116685	0.0	179801	3345.5329022505093	-0.15000000000000002
7958.900938418712	300	7.805056306914697	0.0	140051	2859.3899258969723	0.3
7962.259416639502	750	8.446578086124928	0.0	366214	3358.4782207897692	0.3
7965.124814267048	750	9.581180458578379	0.0	360831	2865.397627546549	0.75
7969.312051177727	1200	9.393943547899969	0.0	581493	4187.236910678411	0.75
7975.038952986916	1200	7.667041738710439	0.0	639204	5726.9018091895305	1.2
7978.458659894546	750	8.247334831080837	0.0	350713	3419.7069076296025	0.3
7982.578161589584	750	8.127833136042728	0.0	386472	4119.501695038109	0.75
7986.688037387714	750	8.01795733791341	0.0	399894	4109.8757981293165	0.75
7991.475648990414	750	7.2303457352130645	0.0	401853	4787.611602700346	0.75
7996.540093635429	750	6.1659010901982905	0.0	343800	5064.444645014774	0.75
7998.392715922426	300	8.31327880320181	0.0	146754	1852.6222869964818	-0.15000000000000002
8005.573130227585	750	5.132864498042073	0.0	379700	7180.414305159736	0.3
8009.325975960134	300	5.380018765492645	0.0	181901	3752.845732549428	-0.15000000000000002
8010.6513961153005	300	8.05459861032664	0.0	111155	1325.420155166005	0.3
8014.709137306471	750	7.996857419155477	0.0	400396	4057.7411911711624	0.3
8018.213499399262	750	8.492495326363917	0.0	400508	3504.3620927915613	0.75
8021.252327862535	750	9.453666863091636	0.0	358218	3038.8284632722803	0.75
8026.57177674207	1200	8.134217983556647	0.0	620283	5319.448879534989	0.75
8029.378520772505	750	9.327473953121599	0.0	369834	2806.744030435049	0.3
8034.322716782372	1200	8.383277943255008	0.0	670129	4944.1960098665895	0.75
8037.102479370329	750	9.60351535529723	0.0	401088	2779.762587957778	0.3
8041.227012261117	1200	9.478982464509706	0.0	598727	4124.532890787525	0.75
8044.766857490381	1200	9.939137235245013	0.0	487812	3539.845229264693	1.2
8048.443651753737	1200	10.262342971889591	0.0	575591	3676.794263355421	1.2
8052.862078498323	1200	9.843916227302758	0.0	605884	4418.4267445868345	1.2
8056.979186322407	1200	9.726808403219103	0.0	587506	4117.107824083656	1.2
8061.062515693842	1200	9.643479031783993	0.0	566904	4083.3293714351094	1.2
8066.079242780922	1200	8.626751944704894	0.0	641452	5016.727087079099	1.2
8069.594392083053	750	9.111602642573809	0.0	372093	3515.149302131086	0.3
8075.507625701359	1200	7.198369024268294	0.0	634861	5913.233618305516	0.75
8079.712499365818	750	6.993495359809456	0.0	398987	4204.873664458837	0.3
8081.463158853914	300	9.242835871713071	0.0	160064	1750.6594880963862	-0.15000000000000002
8086.032131603192	1200	8.673863122435494	0.0	538612	4568.972749277576	0.29999999999999993
8088.30581786121	750	10.4001768644184	0.0	314107	2273.6862580170946	0.3

