24571.97489356295	750	4.0	3.974865311257283	450283	3974.865311257283	-16.341920838406317
24573.152012586375	300	6.822880976576757	0.0	155580	1177.1190234232433	-0.15000000000000002
24574.034202409326	300	9.94069115362493	0.0	139857	882.1898229518268	0.3
24575.040681980343	300	12.934211582611233	0.0	155432	1006.4795710136967	0.3
24577.239392627907	750	14.735500935048588	0.0	411561	2198.710647562646	0.3
24578.69508372042	750	17.27980984253595	0.0	318564	1455.6910925126379	0.75
24580.331428205656	750	19.64346535729707	0.0	352642	1636.344485238879	0.75
24585.527534344023	1850	18.447359218932714	0.0	1060487	5196.106138364356	0.75
24590.028267285124	1850	17.946626277829168	0.0	852833	4500.732941103546	1.85
24594.614960746596	1850	17.35993281635521	0.0	913888	4586.693461473955	1.85
24599.110107390246	1850	16.864786172705497	0.0	939819	4495.146643649717	1.85
24604.089259572727	1850	15.885633990225644	0.0	917428	4979.152182479852	1.85
24608.80359099798	1850	15.17130256497135	0.0	946851	4714.331425254293	1.85
24613.70913967177	1850	14.265753891181502	0.0	1036454	4905.548673789847	1.85
24617.388051525384	1850	14.586842037565333	0.0	821631	3678.911853616169	1.85
24621.868267212172	1850	14.106626350778454	0.0	923170	4480.215686786881	1.85
24627.187699844086	1850	12.787193718866686	0.0	966699	5319.432631911768	1.85
24631.22310044065	1850	12.751793122298821	0.0	885714	4035.400596567864	1.85
24635.256960946568	1850	12.717932616380876	0.0	987708	4033.860505917944	1.85
24638.362300654106	1850	13.612592908842661	0.0	923755	3105.339707538217	1.85
24641.646072078143	1850	14.328821484806578	0.0	891604	3283.7714240360815	1.85
24645.11985344909	1850	14.855040113858239	0.0	955231	3473.78137094834	1.85
24649.07434384511	1850	14.90054971783772	0.0	968026	3954.4903960205183	1.85
24653.36054708622	1850	14.614346476729194	0.0	874175	4286.203241108526	1.85
24657.866499545664	1850	14.10839401728753	0.0	897976	4505.952459441664	1.85
24661.920080500204	1850	14.054813062747732	0.0	905935	4053.580954539799	1.85
24666.910099399603	1850	13.064794163346603	0.0	1076599	4990.018899401128	1.85
24669.90757575524	1850	14.067317807712126	0.0	758197	2997.4763556344765	1.85
24680.507435705375	1850	7.467457857574647	0.0	972798	10599.85995013748	1.85
24682.59698209278	750	9.377911470170687	0.0	400508	2089.5463874039597	-0.3500000000000001
24684.977404985777	750	10.997488577170888	0.0	358218	2380.4228929998017	0.75
24687.317631025755	750	12.657262537194072	0.0	400322	2340.226039976815	0.75
24689.450444228147	750	14.524449334803094	0.0	369834	2132.8132023909784	0.75
24691.81003556604	750	16.164857996908637	0.0	412837	2359.591337894455	0.75
24694.019143818998	750	17.955749743949603	0.0	401088	2209.108252959034	0.75
24696.754459202875	750	19.220434360070456	0.0	365161	2735.315383879147	0.75
24698.98326575203	750	20.99162781091426	0.0	321064	2228.8065491561956	0.75
24702.094850419147	750	21.880043143797874	0.0	361565	3111.584667116386	0.75
24706.617637003284	750	21.3572565596635	0.0	378327	4522.786584134373	0.75
24712.26072671973	750	19.71416684321742	0.0	390680	5643.089716446081	0.75
24714.79482540474	750	21.18006815820696	0.0	345516	2534.098685010458	0.75
24718.004471404587	750	21.97042215836114	0.0	384505	3209.6459998458195	0.75
24720.54324712023	750	23.431646442717796	0.0	372093	2538.775715643344	0.75
24726.510278141195	750	21.464615421747236	0.0	438281	5967.031020970559	0.75
24736.271338091592	1850	15.703555471349889	0.0	958994	9761.059950397348	0.75
24739.06765296064	750	16.907240602304164	0.0	393804	2796.3148690457265	-0.3500000000000001
24741.17010039967	750	18.804793163272475	0.0	331053	2102.4474390316864	0.75
24743.215549534827	750	20.759344028119767	0.0	314107	2045.4491351527113	0.75

