18615.87367560155	750	4.0	6.212365695121308	450283	6212.365695121308	-25.963172489021623
18617.380764855563	300	6.492910745984942	0.0	155580	1507.089254015058	-0.15000000000000002
18618.950312356163	300	8.923363245387266	0.0	139857	1569.547500597674	0.3
18622.333293578766	300	9.54038202278418	0.0	155432	3382.981222603087	0.3
18624.73926662081	300	11.134408980739513	0.0	163442	2405.973042044665	0.3
18626.141095717423	300	13.732579884127976	0.0	126289	1401.8290966115378	0.3
18630.694449963015	750	13.179225638537906	0.0	352642	4553.35424559007	0.3
18636.124983819413	750	11.748691782139453	0.0	437162	5430.533856398452	0.75
18639.88958660969	750	11.984088991861318	0.0	374758	3764.602790278136	0.75
18642.136198956436	750	13.737476645113915	0.0	362795	2246.6123467474017	0.75
18644.858651040005	750	15.015024561545372	0.0	353220	2722.4520835685416	0.75
18648.1019465318	750	15.771729069752718	0.0	405134	3243.295491792654	0.75
18655.02479722655	750	12.848878375002602	0.0	386351	6922.8506947501155	0.75
18662.58709153702	750	9.28658406453	0.0	434409	7562.294310472604	0.75
18666.179529956804	300	9.694145644747874	0.0	140051	3592.438419782125	-0.15000000000000002
18669.658149486808	300	10.215526114745556	0.0	138313	3478.6195300023164	0.3
18673.436629727108	300	10.43704587444605	0.0	143509	3778.480240299509	0.3
18677.376381843264	300	10.497293758286622	0.0	150616	3939.7521161594264	0.3
18680.230248947773	300	11.643426653780145	0.0	165384	2853.8671045064757	0.3
18681.480400109544	300	14.39327549200938	0.0	140881	1250.151161770765	0.3
18684.877452668265	750	14.996222933290468	0.0	386472	3397.0525587189113	0.3
18688.202287323504	750	15.671388278049355	0.0	399894	3324.834655241114	0.75
18691.821456083202	750	16.052219518353905	0.0	401853	3619.1687596954507	0.75
18694.649753887297	750	17.223921714259635	0.0	343800	2828.2978040942694	0.75
18697.698074344942	750	18.175601256616613	0.0	359903	3048.3204576430217	0.75
18701.103784048715	750	18.76989155284207	0.0	379700	3405.7097037745434	0.75
18706.631247855545	750	17.2424277460119	0.0	425781	5527.46380683017	0.75
18712.623247222557	750	15.250428378997055	0.0	277716	5991.9993670148415	0.75
18724.857799098656	750	7.015876502899755	0.0	400396	12234.551876097301	0.75
18729.334698847826	300	6.538976753727344	0.0	149029	4476.89974917241	-0.15000000000000002
18733.556413971477	300	6.317261630078521	0.0	157421	4221.7151236488235	0.3
18736.714326430676	300	7.15934917087848	0.0	157488	3157.912459200041	0.3
18738.991678271763	300	8.881997329790876	0.0	143881	2277.3518410876045	0.3
18741.474198150394	300	10.399477451159935	0.0	163444	2482.519878630941	0.3
18744.126858356278	300	11.746817245273698	0.0	179328	2652.6602058862372	0.3
18746.697740069427	300	13.175935532125825	0.0	159914	2570.881713147873	0.3
18749.732108948814	300	14.141566652737982	0.0	131610	3034.3688793878423	0.3
18751.873776301185	300	15.999899300368076	0.0	124011	2141.6673523699037	0.3
18754.190068374362	300	17.683607227194514	0.0	144254	2316.292073173563	0.3
18759.425076143863	750	16.448599457690506	0.0	390680	5235.007769504008	0.3
18766.336707947983	750	13.536967653571617	0.0	345516	6911.631804118891	0.75
18771.63739770303	750	12.236277898527572	0.0	384505	5300.689755044046	0.75
18774.58548355563	750	13.288192045926381	0.0	372093	2948.08585260119	0.75
18779.240777236195	750	12.632898365361504	0.0	438281	4655.293680564879	0.75
18782.568139105628	750	13.305536495926843	0.0	398987	3327.3618694346605	0.75
18787.83717946551	750	12.036496136047651	0.0	393804	5269.040359879192	0.75
18790.43300553624	300	13.440670065319335	0.0	137507	2595.8260707283175	-0.15000000000000002
18792.070861685763	300	15.80281391579467	0.0	118421	1637.8561495246634	0.3

