17833.332781359706	750	4.0	3.9127276647253035	450283	3912.7276647253034	-16.074728958318804
17834.764374379814	300	6.568406979893699	0.0	155580	1431.593020106301	-0.15000000000000002
17835.930875133112	300	9.401906226594866	0.0	139857	1166.500753298834	0.3
17839.761772817008	1200	9.571008542697493	0.0	617681	3830.8976838973726	0.29999999999999993
17844.48241431747	1200	8.850367042237014	0.0	652874	4720.641500460479	1.2
17847.59184374089	750	9.74093761881565	0.0	318564	3109.4294234213653	0.3
17853.759667604434	1200	7.57311375527201	0.0	561791	6167.82386354364	0.75
17857.87268734575	750	7.460094013957424	0.0	437162	4113.019741314585	0.3
17860.155208735207	750	9.17757262450315	0.0	374758	2282.521389454275	0.75
17863.478005793182	1200	9.854775566529698	0.0	560821	3322.797057973451	0.75
17867.044759016	1200	10.288022343708905	0.0	607410	3566.7532228207924	1.2
17870.32091037803	1200	11.011870981682774	0.0	594078	3276.1513620261308	1.2
17876.21988056501	1850	9.112900794699394	0.0	946851	5898.970186983381	1.2000000000000002
17881.961145081223	1200	7.3716362784863065	0.0	687371	5741.264516213087	0.5499999999999999
17886.050775392247	750	7.282005967462979	0.0	337059	4089.6303110233275	0.3
17890.89096523708	750	6.441816122629849	0.0	366214	4840.18984483313	0.75
17892.063685693036	300	9.269095666670058	0.0	143509	1172.7204559597894	-0.15000000000000002
17900.072895798807	1200	5.2598855609017425	0.0	581493	8009.210105768316	0.29999999999999993
17901.18355860759	300	8.149222752116785	0.0	165384	1110.6628087849585	-0.6000000000000001
17904.32073264078	750	9.012048718927465	0.0	350713	3137.1740331893197	0.3
17909.682721733385	1200	7.65005962632452	0.0	601738	5361.989092602945	0.75
17913.122378511158	750	8.210402848551453	0.0	399894	3439.6567777730666	0.3
17916.723742088936	750	8.609039270770289	0.0	401853	3601.363577781166	0.75
17920.56693798514	750	8.765843374568885	0.0	343800	3843.1958962014032	0.75
17928.215480368275	750	5.1173009914301035	0.0	359903	7648.542383138782	0.75
17930.955361153454	300	6.377420206253573	0.0	153938	2739.8807851765305	-0.15000000000000002
17934.26903203021	300	7.0637493294980285	0.0	181901	3313.670876755545	0.3
17940.76146420243	750	4.571317157276009	0.0	277716	6492.43217222202	0.3
17943.92656469882	300	5.406216660887343	0.0	153605	3165.100496388665	-0.15000000000000002
17947.442813952945	300	5.889967406762496	0.0	149029	3516.2492541248466	0.3
17951.74074508375	300	5.5920362759579465	0.0	157421	4297.93113080455	0.3
17957.3860725549	300	4.0	0.05329119518913012	157488	5645.327471147077	0.07084786068674048
17962.25714148549	300	4.0	0.8710689305914074	143881	4871.0689305914075	-3.4455964015430522
17965.071634669806	300	5.185506815683695	0.0	163444	2814.493184316305	0.3
17967.966189938794	300	6.290951546694274	0.0	179328	2894.5552689894207	0.3
17970.18977233609	300	8.067369149400953	0.0	159914	2223.5823972933204	0.3
17973.397294304163	750	8.859847181326673	0.0	321064	3207.521968074281	0.3
17976.069352049777	750	10.187789435715178	0.0	361565	2672.057745611495	0.75
17982.509214737744	1200	7.747926747747787	0.0	605884	6439.862687967391	0.75
17991.277178150296	750	4.0	1.0200366648062382	390680	8767.963412554025	-4.086157658666824
17995.34884898832	300	4.0	0.0716708380239038	147968	4071.670838023904	-0.45818460350278634
17999.0008430082	300	4.3480059801208775	0.0	161857	3651.994019879123	0.3
18004.258907239768	300	4.0	0.9100582514463258	145210	5258.064231567203	-3.613250481219201
18009.837134381465	300	4.0	1.5782271416985023	172312	5578.227141698502	-6.48637670930356
18014.434330949687	300	4.0	0.5971965682212603	167025	4597.19656822126	-2.2679452433514196
18018.75667080758	300	4.0	0.32233985789023156	160064	4322.3398578902315	-1.0860613889279955
18021.675128052324	300	5.081542755253835	0.0	137507	2918.457244746165	0.3
18023.708237372637	300	7.048433434941855	0.0	118421	2033.1093203119794	0.3

