24454.79152243336	750	4.0	1.3915974527875299	450283	1391.5974527875298	-5.233869046986379
24456.10284897726	750	6.688673456098364	0.0	398865	1311.3265439016354	0.75
24458.363801726748	1200	8.427720706612567	0.0	571051	2260.952749485798	0.75
24460.52650439634	1200	10.265018037017704	0.0	617681	2162.7026695948616	1.2
24462.766646082524	1200	12.02487635083676	0.0	652874	2240.1416861809444	1.2
24465.60906537488	1850	13.182457058479406	0.0	801058	2842.4192923573546	1.2000000000000002
24468.433956386154	1850	14.35756604720648	0.0	905515	2824.891011272924	1.85
24471.494933204136	1850	15.296589229221569	0.0	1060487	3060.976817984912	1.85
24475.783976457355	2850	15.00754597600436	0.0	1348011	4289.04325321721	1.85
24481.134550792052	2850	13.656971641305688	0.0	1429765	5350.57433469867	2.85
24486.379309779404	2850	12.412212653952567	0.0	1354548	5244.758987353121	2.85
24492.96575354364	2850	9.825768889717098	0.0	1519951	6586.44376423547	2.85
24498.875100595596	2850	7.9164218377598905	0.0	1422919	5909.3470519572065	2.85
24503.020482681004	1850	7.771039752354008	0.0	1036454	4145.382085405883	0.8500000000000001
24506.166806241406	1850	8.624716191947748	0.0	821631	3146.3235604062606	1.85
24509.36594524003	1850	9.425577193324328	0.0	923170	3199.138998623419	1.85
24513.440077853193	1850	9.351444580163045	0.0	966699	4074.132613161283	1.85
24517.32859471274	1850	9.462927720614152	0.0	885714	3888.5168595488944	1.85
24521.539669833273	1850	9.251852600082243	0.0	987708	4211.075120531909	1.85
24525.112045927784	1850	9.679476505570577	0.0	923755	3572.376094511665	1.85
24528.72362175473	1850	10.06790067862927	0.0	891604	3611.5758269413077	1.85
24532.427098777207	1850	10.364423656147704	0.0	955231	3703.4770224815675	1.85
24535.576534979195	1850	11.21498745416002	0.0	968026	3149.4362019876826	1.85
24538.538510431656	1850	12.253012001700132	0.0	874175	2961.975452459888	1.85
24541.91245022775	1850	12.879072205607041	0.0	897976	3373.93979609309	1.85
24544.93055288045	1850	13.860969552905104	0.0	905935	3018.102652701937	1.85
24550.5233363694	2850	12.268186063956454	0.0	1547572	5592.7834889486485	1.85
24555.180271825488	2850	11.611250607867976	0.0	1141971	4656.935456088478	2.85
24560.631838777677	2850	10.159683655679403	0.0	1498470	5451.566952188572	2.85
24565.63270319858	2850	9.158819234778756	0.0	1561263	5000.864420900648	2.85
24570.127013402376	2850	8.664509030978998	0.0	1341201	4494.310203799758	2.85
24576.759934971815	2850	6.031587461541323	0.0	1497683	6632.921569437674	2.85
24580.528069871983	1850	6.263452561368936	0.0	885062	3768.1349001723866	0.8500000000000001
24584.24713211175	1850	6.544390321606448	0.0	1035329	3719.062239762488	1.85
24587.46728215451	1850	7.324240278842022	0.0	1026056	3220.150042764426	1.85
24590.979360474164	1850	7.812161959189771	0.0	943942	3512.078319652251	1.85
24594.10040607166	1850	8.691116361696215	0.0	728962	3121.045597493555	1.85
24601.354227523676	1850	5.437294909676928	0.0	938587	7253.821452019287	1.85
24604.67241606489	1200	6.119106368464603	0.0	605884	3318.1885412123247	0.5499999999999999
24607.030665473023	1200	7.760856960330134	0.0	587506	2358.2494081344694	1.2
24609.50842179599	1200	9.283100637365468	0.0	566904	2477.7563229646676	1.2
24612.243247026177	1200	10.548275407174085	0.0	641452	2734.8252301913817	1.2
24614.70911911081	1200	12.082403322546288	0.0	599477	2465.872084627798	1.2
24617.366397407786	1200	13.425125025569281	0.0	634861	2657.2782969770064	1.2
24622.27577049113	2850	12.51575194222252	0.0	1464921	4909.3730833467625	1.2000000000000002
24629.00371698895	2850	9.787805444400576	0.0	1483527	6727.946497821945	2.85
24634.310604436152	2850	8.480917997199569	0.0	1231456	5306.8874472010075	2.85
24640.819784121446	2850	5.971738311905368	0.0	1364537	6509.179685294201	2.85

