14634.386898058681	750	4.0	9.971750996673139	450283	9971.75099667314	-42.1285292856945
14637.870521967914	300	4.516376090767351	0.0	155580	3483.623909232648	-0.15000000000000002
14640.155520183464	300	6.23137787521933	0.0	139857	2284.998215548021	0.3
14641.956605869318	300	8.430292189365248	0.0	155432	1801.085685854082	0.3
14643.443491316204	300	10.943406742477846	0.0	163442	1486.8854468874028	0.3
14644.542019877736	300	13.844878180946663	0.0	126289	1098.5285615311818	0.3
14645.763492524933	300	16.623405533748365	0.0	153295	1221.4726471982992	0.3
14648.67310140016	750	17.713796658521918	0.0	437162	2909.608875226446	0.3
14651.26314126806	750	19.12375679062223	0.0	374758	2590.0398678996867	0.75
14653.468602027677	750	20.9182960310042	0.0	362795	2205.4607596180326	0.75
14659.001029608755	1850	19.385868449927123	0.0	939819	5532.427581077079	0.75
14666.710049880576	1850	15.6768481781068	0.0	917428	7709.020271820323	1.85
14673.9623065338	1850	12.424591524881034	0.0	946851	7252.256653225766	1.85
14679.34310547373	750	11.043792584950278	0.0	434409	5380.798939930754	-0.3500000000000001
14682.265715407853	750	12.121182650827562	0.0	337059	2922.609934122717	0.75
14684.865887765412	750	13.521010293268334	0.0	366214	2600.1723575592277	0.75
14688.512950644828	750	13.873947413852573	0.0	360831	3647.062879415762	0.75
14690.852549116107	750	15.53434894257374	0.0	372963	2339.598471278834	0.75
14695.922016873128	750	14.46488118555096	0.0	405596	5069.46775702278	0.75
14700.641898917722	750	13.744999140957294	0.0	350713	4719.882044593666	0.75
14708.229490962181	750	10.157407096498156	0.0	386472	7587.5920444591375	0.75
14714.536722769635	750	7.8501752890447705	0.0	399894	6307.231807453386	0.75
14717.723290158865	300	8.663607899815288	0.0	163927	3186.567389229482	-0.15000000000000002
14720.673629071229	300	9.713268987451432	0.0	137654	2950.3389123638553	0.3
14723.103926215928	300	11.282971842750673	0.0	146754	2430.297144700761	0.3
14724.673055684707	300	13.713842373971797	0.0	153938	1569.1294687788761	0.3
14726.007866596863	300	16.37903146181555	0.0	181901	1334.8109121562466	0.3
14727.917787324608	750	18.469110734071702	0.0	277716	1909.9207277438475	0.3
14730.702090685492	750	19.684807373187205	0.0	400396	2784.3033608844953	0.75
14732.904653249754	750	21.482244808926072	0.0	400508	2202.562564261136	0.75
14734.896834749541	750	23.490063309139664	0.0	358218	1992.1814997864103	0.75
14744.075160170152	1850	18.311737888526274	0.0	954453	9178.325420613388	0.75
14746.972450298672	750	19.414447760006276	0.0	369834	2897.2901285199973	-0.3500000000000001
14750.204524346222	750	20.182373712456787	0.0	412837	3232.0740475494854	0.75
14753.805295458742	750	20.581602599936396	0.0	401088	3600.7711125203923	0.75
14757.311974093325	750	21.074923965352397	0.0	365161	3506.678634583999	0.75
14761.416555098427	750	20.970342960250484	0.0	321064	4104.581005101914	0.75
14764.636907933269	750	21.74999012540851	0.0	361565	3220.3528348419745	0.75
14766.676042327364	750	23.71085573131267	0.0	378327	2039.1343940958398	0.75
14770.374061574455	1850	24.012836484222824	0.0	930577	3698.0192470898473	0.75
14775.13445867728	1850	23.252439381399714	0.0	858450	4760.397102823104	1.85
14782.872571970454	1850	19.51432608822546	0.0	1025005	7738.113293174257	1.85
14791.002987659711	1850	15.383910398967979	0.0	886255	8130.41568925748	1.85
14799.891543784364	1850	10.495354274315224	0.0	973972	8888.556124652756	1.85
14808.147162641999	750	6.239735416681971	0.0	398987	8255.618857633252	-0.3500000000000001
14813.226723376256	300	5.16017468242504	0.0	160064	5079.560734256932	-0.15000000000000002
14817.24200494527	300	5.144893113410641	0.0	137507	4015.281569014399	0.3
14820.767107548767	300	5.619790509913801	0.0	118421	3525.1026034968395	0.3

