24087.3804913633	750	4.0	2.600378850967279	450283	2600.378850967279	-10.431629059159299
24089.334576800997	750	6.045914562300093	0.0	398865	1954.0854376999066	0.75
24092.68578422242	1200	6.694707140878743	0.0	571051	3351.207421421351	0.75
24097.42199011054	1200	5.958501252760209	0.0	617681	4736.205888118533	1.2
24102.82919047487	1200	4.551300888429786	0.0	652874	5407.200364330423	1.2
24105.533722297732	750	5.846769065566723	0.0	318564	2704.5318228630636	0.3
24109.839112604528	750	5.541378758769854	0.0	352642	4305.390306796869	0.75
24112.961672343183	750	6.418819020113916	0.0	437162	3122.5597386559384	0.75
24116.01402246966	750	7.366468893640096	0.0	374758	3052.3501264738197	0.75
24118.982175098696	750	8.39831626460214	0.0	362795	2968.1526290379543	0.75
24121.412157112944	750	9.968334250353838	0.0	353220	2429.982014248305	0.75
24125.349402929107	750	10.03108843419137	0.0	405134	3937.245816162468	0.75
24134.037141413	750	5.3433499502992765	0.0	386351	8687.738483892093	0.75
24136.790432146583	300	6.590059216715812	0.0	179801	2753.290733583464	-0.15000000000000002
24138.381876416846	300	8.998614946452584	0.0	140051	1591.4442702632273	0.3
24139.858724794474	300	11.5217665688262	0.0	138313	1476.8483776263838	0.3
24141.369200498615	300	14.011290864685296	0.0	143509	1510.4757041409057	0.3
24142.764943044436	300	16.615548318863663	0.0	150616	1395.7425458216321	0.3
24148.533231617377	750	14.847259745923205	0.0	405596	5768.288572940459	0.3
24151.53223038454	750	15.848260978758592	0.0	350713	2998.998767164614	0.75
24154.06075422645	750	17.319737136846726	0.0	386472	2528.5238419118673	0.75
24156.31758180588	750	19.062909557414365	0.0	399894	2256.827579432362	0.75
24158.628327553757	750	20.75216380953752	0.0	401853	2310.7457478768433	0.75
24162.632110944305	1200	20.74838041898778	0.0	536667	4003.7833905497437	0.75
24167.71666990905	1200	19.663821454244662	0.0	587236	5084.558964743115	1.2
24171.559600847788	1200	19.820890515504033	0.0	590335	3842.9309387406283	1.2
24175.447254541614	1200	19.93323682167964	0.0	696376	3887.6536938243944	1.2
24178.292283329585	1200	21.08820803370778	0.0	487160	2845.028787971861	1.2
24182.431384526164	1200	20.949106837129243	0.0	622896	4139.101196578537	1.2
24186.417620557728	1200	20.96287080556249	0.0	641447	3986.2360315667534	1.2
24193.071997463616	1850	18.308493899674907	0.0	873429	6654.3769058875805	1.2000000000000002
24197.78519169571	1850	17.595299667578026	0.0	954453	4713.194232096882	1.85
24205.0232140978	1850	14.357277265490607	0.0	885062	7238.02240208742	1.85
24213.67118829479	1850	9.709303068501479	0.0	1035329	8647.97419698913	1.85
24216.954699341517	1200	10.42579202177394	0.0	690253	3283.5110467275363	0.5499999999999999
24219.785593158434	1200	11.594898204854504	0.0	598727	2830.893816919436	1.2
24222.27785420304	1200	13.102637160251444	0.0	487812	2492.26104460306	1.2
24224.864103452717	1200	14.516387910572705	0.0	575591	2586.24924967874	1.2
24227.4783921023	1200	15.902099260987379	0.0	605884	2614.2886495853263	1.2
24230.817311851642	1850	16.56317951164656	0.0	930577	3338.9197493408233	1.2000000000000002
24234.22044000188	1850	17.160051361405174	0.0	858450	3403.1281502413826	1.85
24237.58553673104	1850	17.79495463224965	0.0	1025005	3365.096729155524	1.85
24240.459327560628	1850	18.921163802663564	0.0	886255	2873.7908295860893	1.85
24244.000363440133	1850	19.380127923156223	0.0	973972	3541.035879507339	1.85
24248.496476022967	2850	18.884015340322467	0.0	1464921	4496.1125828337545	1.85
24256.638873870885	4300	14.74161749240382	0.0	2246506	8142.397847918648	2.8499999999999996
24261.461525064387	4300	13.918966298900136	0.0	1961140	4822.651193503685	4.3
24266.6700507628	4300	12.710440600482539	0.0	2155012	5208.525698417598	4.3

