2310.753054974163	750	4.0	2.731225734575557	450283	2731.225734575557	-10.994270658674894
2311.7165118683006	300	7.036543105862896	0.0	155580	963.4568941371031	-0.15000000000000002
2312.628031936067	300	10.125023038096328	0.0	139857	911.5200677665691	0.3
2315.1811749010503	750	11.571880073113196	0.0	382355	2553.142964983131	0.3
2321.9863517076355	750	8.766703266528388	0.0	411561	6805.176806584809	0.75
2323.444783136224	300	11.308271837939829	0.0	126289	1458.43142858856	-0.15000000000000002
2325.296757075869	300	13.456297898294729	0.0	153295	1851.9739396451005	0.3
2327.506150227218	300	15.246904746945875	0.0	173849	2209.3931513488533	0.3
2332.6795250358878	750	14.073529938275719	0.0	374758	5173.374808670157	0.3
2335.7093558590136	750	15.04369911514982	0.0	362795	3029.830823125898	0.75
2338.166033082836	750	16.587021891327836	0.0	353220	2456.6772238219814	0.75
2340.8976510002485	750	17.855403973915138	0.0	405134	2731.6179174127	0.75
2344.0914093756505	750	18.66164559851352	0.0	386351	3193.758375401621	0.75
2347.7605010722637	750	18.992553901900063	0.0	434409	3669.0916966134546	0.75
2350.0794786283204	750	20.673576345843394	0.0	337059	2318.9775560566704	0.75
2352.8614209231537	750	21.891634051010342	0.0	366214	2781.942294833051	0.75
2357.3420752820102	750	21.41097969215384	0.0	360831	4480.654358856503	0.75
2360.177872146902	750	22.57518282726237	0.0	372963	2835.796864891469	0.75
2362.850718146466	750	23.90233682769799	0.0	405596	2672.8459995643816	0.75
2364.9366948868437	750	25.816360087320597	0.0	350713	2085.9767403773926	0.75
2370.464470108659	1850	24.28858486550514	0.0	891604	5527.7752218154565	0.75
2375.5667003444673	1850	23.186354629696627	0.0	955231	5102.2302358085135	1.85
2381.5479945430025	1850	21.205060431161698	0.0	968026	5981.294198534929	1.85
2386.8886332744128	1850	19.864421699751567	0.0	874175	5340.63873141013	1.85
2391.525896520847	1850	19.227158453317493	0.0	897976	4637.263246434074	1.85
2396.286133566391	1850	18.466921407773356	0.0	905935	4760.23704554414	1.85
2400.8816523103374	1850	17.871402663827183	0.0	1076599	4595.518743946174	1.85
2404.4681887874026	1850	18.284866186761985	0.0	758197	3586.536477065197	1.85
2408.4467529224917	1850	18.306302051673033	0.0	972798	3978.564135088955	1.85
2412.1804006745106	1850	18.57265429965409	0.0	975811	3733.6477520189433	1.85
2415.840426046611	1850	18.912628927553914	0.0	873429	3660.0253721001754	1.85
2419.66379530825	1850	19.089259665914703	0.0	954453	3823.36926163921	1.85
2422.7105650006356	1850	20.042489973529328	0.0	885062	3046.7696923853737	1.85
2426.7104616361835	1850	20.0425933379816	0.0	1035329	3999.896635547728	1.85
2431.594283606928	1850	19.158771367237026	0.0	1026056	4883.821970744576	1.85
2436.4987642502933	1850	18.254290723871396	0.0	943942	4904.48064336563	1.85
2440.793675004467	1850	17.95937996969794	0.0	728962	4294.910754173455	1.85
2445.3415054581524	1850	17.411549516012567	0.0	938587	4547.830453685371	1.85
2449.7976359978134	1850	16.95541897635171	0.0	908665	4456.130539660859	1.85
2453.696939856724	1850	17.056115117441212	0.0	930577	3899.303858910498	1.85
2459.7269015433694	1850	15.02615343079561	0.0	858450	6029.961686645603	1.85
2465.4955077294835	1850	13.25754724468178	0.0	1025005	5768.60618611383	1.85
2469.697102064295	1850	13.055952909869676	0.0	886255	4201.594334812103	1.85
2474.6175066001542	1850	12.135548374010883	0.0	973972	4920.404535858794	1.85
2479.871628044769	1850	10.881426929396508	0.0	958994	5254.121444614375	1.85
2485.146130951384	1850	9.606924022781506	0.0	982064	5274.502906615002	1.85
2489.024577409677	1850	9.728477564488061	0.0	830730	3878.446458293445	1.85
2491.849492377557	1850	10.903562596608218	0.0	846370	2824.9149678798444	1.85

