9454.963155097845	750	4.0	1.464606764188326	450283	1464.606764188326	-5.547809086009802
9456.19814129337	750	6.765013804474078	0.0	398865	1234.9861955259219	0.75
9457.387245135787	750	9.575909962056157	0.0	350812	1189.1038424179214	0.75
9458.844089382066	750	12.119065715778481	0.0	382355	1456.8442462776757	0.75
9460.20195196634	750	14.761203131501947	0.0	411561	1357.8625842765346	0.75
9462.766889955592	1850	16.19626514225189	0.0	801058	2564.9379892500574	0.75
9465.559218317605	1850	17.403936780238414	0.0	905515	2792.328362013473	1.85
9468.909900982215	1850	18.053254115629212	0.0	1060487	3350.682664609203	1.85
9472.647934722778	1850	18.3152203750657	0.0	852833	3738.0337405635164	1.85
9475.541121860735	1850	19.42203323710888	0.0	913888	2893.187137956818	1.85
9478.565794940532	1850	20.397360157310054	0.0	939819	3024.6730797988284	1.85
9481.683916561455	1850	21.27923853638943	0.0	917428	3118.1216209206264	1.85
9486.615964095463	1850	20.347191002382132	0.0	946851	4932.047534007296	1.85
9493.10176194293	1850	17.86139315491573	0.0	1036454	6485.797847466402	1.85
9496.517783392525	1850	18.445371705319907	0.0	821631	3416.0214495958226	1.85
9500.159382501131	1850	18.803772596713113	0.0	923170	3641.599108606797	1.85
9504.894779550756	1850	18.068375547088884	0.0	966699	4735.397049624228	1.85
9508.454398859596	1850	18.508756238249095	0.0	885714	3559.6193088397895	1.85
9512.717617556584	1850	18.24553754126116	0.0	987708	4263.218696987933	1.85
9516.770302753812	1850	18.1928523440321	0.0	923755	4052.685197229063	1.85
9520.41272189684	1850	18.550433201003756	0.0	891604	3642.4191430283486	1.85
9524.16962234015	1850	18.793532757693864	0.0	955231	3756.9004433098908	1.85
9527.766760573828	1850	19.196394524015858	0.0	968026	3597.1382336780084	1.85
9531.095192537367	1850	19.867962560476215	0.0	874175	3328.431963539643	1.85
9534.629543580328	1850	20.333611517516733	0.0	897976	3534.3510429594817	1.85
9537.991976449635	1850	20.97117864820976	0.0	905935	3362.4328693069683	1.85
9541.886648333226	1850	21.076506764618838	0.0	1076599	3894.6718835909273	1.85
9544.725692207998	1850	22.23746288984706	0.0	758197	2839.0438747717776	1.85
9550.80092338388	1850	20.162231713964417	0.0	972798	6075.231175882641	1.85
9556.569839655875	1850	18.393315441970337	0.0	975811	5768.916271994079	1.85
9560.988101141465	1850	17.975053956378062	0.0	873429	4418.261485592275	1.85
9569.014222900394	1850	13.948932197449972	0.0	954453	8026.1217589280905	1.85
9576.609464596984	1850	10.35369050086021	0.0	885062	7595.241696589763	1.85
9580.20682973098	750	10.756325366865717	0.0	412837	3597.365133994494	-0.3500000000000001
9582.751258018277	750	12.211897079568638	0.0	401088	2544.4282872970775	0.75
9585.008403321004	750	13.954751776842288	0.0	365161	2257.1453027263506	0.75
9587.015808562348	750	15.947346535498676	0.0	321064	2007.4052413436116	0.75
9589.076162858017	750	17.886992239829983	0.0	361565	2060.3542956686942	0.75
9591.108798907862	750	19.854356189983964	0.0	378327	2032.636049846019	0.75
9596.940239462401	1850	18.022915635445013	0.0	930577	5831.44055453895	0.75
9602.39877729111	1850	16.5643778067362	0.0	858450	5458.537828708813	1.85
9608.70936494202	1850	14.253790155826554	0.0	1025005	6310.587650909647	1.85
9621.45076319682	1850	5.5123919010257705	0.0	886255	12741.398254800783	1.85
9629.759847806416	750	4.0	2.7966927085699624	438281	8309.084609595733	-12.375778646850838
9634.157678448813	300	4.0	0.3978306423961458	167025	4397.830642396146	-1.8606717623034268
9637.715853088648	300	4.441825360164521	0.0	160064	3558.174639835479	0.3
9640.954211255354	300	5.2034671934598515	0.0	137507	3238.3581667046697	0.3
9644.493014821885	300	5.664663626928021	0.0	118421	3538.8035665318307	0.3

