1320.1255567380258	750	4.0	4.127748728925795	450283	4127.748728925795	-16.999319534380916
1322.7494964721382	300	5.376060265887466	0.0	155580	2623.939734112534	-0.15000000000000002
1323.8660899583983	300	8.259466779627365	0.0	139857	1116.593486260102	0.3
1324.9344506894236	300	11.19110604860217	0.0	155432	1068.3607310251944	0.3
1325.9709089724456	300	14.154647765580098	0.0	163442	1036.4582830220731	0.3
1326.7089345970207	300	17.416622141005092	0.0	126289	738.0256245750018	0.3
1328.6407143839758	750	19.48484235405008	0.0	352642	1931.779786955014	0.3
1331.3194697696467	750	20.806086968379237	0.0	437162	2678.755385670844	0.75
1333.8787322401945	750	22.246824497831525	0.0	374758	2559.26247054771	0.75
1337.9987010184927	1200	22.126855719533395	0.0	560821	4119.968778298131	0.75
1343.8759425420685	1200	20.24961419595759	0.0	607410	5877.241523575805	1.2
1352.977564513426	1200	15.14799222460004	0.0	594078	9101.62197135755	1.2
1355.879709479595	750	16.245847258431	0.0	386351	2902.14496616904	0.3
1359.1435995705435	750	16.981957167482488	0.0	434409	3263.8900909485137	0.75
1361.202129964187	750	18.923426773839	0.0	337059	2058.530393643487	0.75
1363.861353739	750	20.264202999026004	0.0	366214	2659.223774812997	0.75
1365.5163867964907	750	22.609169941535256	0.0	360831	1655.0330574907475	0.75
1367.2031623104915	750	24.922394427534446	0.0	372963	1686.7755140008087	0.75
1371.0116354914842	1850	25.113921246541913	0.0	987708	3808.473180992534	0.75
1374.3009734015168	1850	25.82458333650939	0.0	923755	3289.3379100325205	1.85
1377.9417784836658	1850	26.18377825436019	0.0	891604	3640.805082149204	1.85
1380.984910395541	1850	27.140646342484956	0.0	955231	3043.131911875232	1.85
1383.8531331295708	1850	28.272423608455203	0.0	968026	2868.222734029756	1.85
1386.183365754224	1850	29.942190983801893	0.0	874175	2330.232624653309	1.85
1390.3544467348988	2850	29.771110003127408	0.0	1383735	4171.080980674488	1.85
1399.606529375775	4300	24.519027362251137	0.0	2105231	9252.08264087627	2.8499999999999996
1406.8129261673498	4300	21.312630570676287	0.0	2395588	7206.396791574852	4.3
1417.071079973578	4300	15.054476764448195	0.0	1972048	10258.153806228092	4.3
1426.6106291166448	2850	9.514927621381284	0.0	1498470	9539.54914306691	1.4000000000000001
1430.0368600282302	1200	10.088696709795986	0.0	641447	3426.2309115852977	-0.44999999999999996
1432.7560221458264	1200	11.369534592199775	0.0	570392	2719.162117596209	1.2
1436.5785425805354	1200	11.547014157490677	0.0	620283	3822.520434709099	1.2
1440.186116277925	1200	11.939440460101096	0.0	584349	3607.573697389582	1.2
1442.862910420306	1200	13.262646317720064	0.0	670129	2676.7941423810325	1.2
1445.072270453347	1200	15.05328628467887	0.0	690253	2209.3600330411928	1.2
1448.512945445568	1850	15.612611292458043	0.0	943942	3440.674992220827	1.2000000000000002
1451.5190814035782	1850	16.60647533444787	0.0	728962	3006.1359580101725	1.85
1455.2043516181811	1850	16.92120511984484	0.0	938587	3685.2702146030338	1.85
1458.71083292537	1850	17.41472381265621	0.0	908665	3506.4813071886315	1.85
1464.0904508416704	1850	16.03510589635575	0.0	930577	5379.617916300458	1.85
1468.9508381176572	1850	15.174718620368804	0.0	858450	4860.387275986947	1.85
1472.9693960372483	1850	15.15616070077755	0.0	1025005	4018.5579195912537	1.85
1476.1985646952503	1850	15.92699204277577	0.0	886255	3229.1686580017786	1.85
1482.2021524636516	1850	13.923404274374581	0.0	973972	6003.58776840119	1.85
1486.0177548690885	1850	14.107801868937463	0.0	958994	3815.6024054371183	1.85
1491.9414301168201	2850	12.184126621205941	0.0	1483527	5923.67524773152	1.85
1495.7761789604242	2850	12.349377777601827	0.0	1231456	3834.748843604115	2.85
1498.9242012197315	2850	13.20135551829444	0.0	1364537	3148.022259307386	2.85

