4352.1732193765	750	4.0	3.791441730238546	450283	3791.441730238546	-15.553199440025747
4353.560265631072	300	6.6129537454278156	0.0	155580	1387.046254572185	-0.15000000000000002
4355.750478002562	750	8.422741373937823	0.0	350812	2190.212371489992	0.3
4358.255390518073	750	9.9178288584274	0.0	382355	2504.9125155104234	0.75
4361.017688718389	750	11.15553065811185	0.0	411561	2762.29820031555	0.75
4363.136660379443	750	13.036558997057517	0.0	318564	2118.971661054333	0.75
4365.655754689201	1200	14.51746468730014	0.0	561791	2519.0943097573754	0.75
4368.069124670126	1200	16.10409470637403	0.0	709534	2413.369980926108	1.2
4370.276208410024	1200	17.897010966476767	0.0	584846	2207.0837398972667	1.2
4375.770916857563	1850	16.402302518937546	0.0	913888	5494.7084475392185	1.2000000000000002
4380.941835134999	1850	15.23138424150155	0.0	939819	5170.918277435999	1.85
4386.023749732738	1850	14.149469643761854	0.0	917428	5081.914597739696	1.85
4391.823777767007	1850	12.349441609492972	0.0	946851	5800.028034268881	1.85
4400.378422585616	1850	7.794796790884529	0.0	1036454	8554.644818608444	1.85
4406.582337901436	1200	5.590881475063794	0.0	526950	6203.9153158207355	0.5499999999999999
4410.6370132615	750	5.5362061150005175	0.0	366214	4054.675360063277	0.3
4411.807559928901	300	8.365659447599267	0.0	143509	1170.5466674012512	-0.15000000000000002
4413.078751886159	300	11.09446749034182	0.0	150616	1271.1919572574454	0.3
4414.354489352769	300	13.818730023732922	0.0	165384	1275.7374666088986	0.3
4415.482466064503	300	16.6907533119991	0.0	140881	1127.9767117338222	0.3
4418.399070133304	750	17.774149243197577	0.0	386472	2916.6040688015196	0.3
4420.689120481233	750	19.484098895269067	0.0	399894	2290.050347928509	0.75
4423.301600226211	750	20.871619150290442	0.0	401853	2612.4797449786242	0.75
4427.430777961832	1200	20.742441414669493	0.0	536667	4129.1777356209495	0.75
4431.285305305981	1200	20.887914070521255	0.0	587236	3854.5273441482373	1.2
4434.287315702153	1200	21.885903674349127	0.0	590335	3002.01039617213	1.2
4441.0568664763105	1850	19.116352900192062	0.0	1076599	6769.550774157066	1.2000000000000002
4447.280075665587	1850	16.893143710915655	0.0	758197	6223.209189276408	1.85
4457.635454613287	1850	10.537764763215069	0.0	972798	10355.378947700585	1.85
4463.95703817304	1200	8.216181203461877	0.0	641447	6321.5835597531905	0.5499999999999999
4466.999484359867	750	9.173735016635346	0.0	358218	3042.446186826531	0.3
4470.893686045534	750	9.279533330968535	0.0	400322	3894.2016856668106	0.75
4475.441626999656	750	8.731592376846296	0.0	369834	4547.940954122239	0.75
4480.523388602709	750	7.64983077379327	0.0	412837	5081.761603053026	0.75
4485.554606392377	750	6.6186129841256784	0.0	401088	5031.217789667591	0.75
4490.923620950361	750	5.2495984261417545	0.0	365161	5369.0145579839245	0.75
4493.412052359421	300	6.761167017082	0.0	131610	2488.431409059754	-0.15000000000000002
4495.520049366945	300	8.653170009557009	0.0	124011	2107.997007524992	0.3
4497.969303544124	300	10.203915832377454	0.0	144254	2449.254177179555	0.3
4501.009904824985	300	11.163314551516729	0.0	149991	3040.6012808607243	0.3
4505.035463448338	300	11.137755928163601	0.0	147968	4025.5586233531258	0.3
4509.314931248413	300	10.858288128089784	0.0	161857	4279.467800073819	0.3
4512.337057817201	300	11.836161559301088	0.0	145210	3022.126568788695	0.3
4514.757578679826	300	13.41564069667571	0.0	172312	2420.5208626253766	0.3
4516.368368993989	300	15.804850382512186	0.0	167025	1610.7903141635252	0.3
4518.007419012289	300	18.165800364213	0.0	160064	1639.0500182991875	0.3
4521.009079287121	750	19.164140089381334	0.0	331053	3001.660274831665	0.3
4533.411129900482	2850	10.762089476019812	0.0	1364537	12402.050613361522	0.75

