19558.67349654747	750	4.0	6.619212714537035	450283	6619.212714537035	-27.71261467250925
19560.784458891725	300	5.8890376557490836	0.0	155580	2110.9623442509164	-0.15000000000000002
19562.590520895512	300	8.082975651959863	0.0	139857	1806.0620037892206	0.3
19565.308108806625	300	9.365387740844167	0.0	155432	2717.587911115697	0.3
19567.924277010356	300	10.749219537113932	0.0	163442	2616.1682037302335	0.3
19569.523330444914	300	13.150166102556996	0.0	126289	1599.0534345569358	0.3
19571.54705349546	300	15.126443052010968	0.0	153295	2023.723050546029	0.3
19579.13843834519	750	11.53505820227916	0.0	437162	7591.384849731808	0.3
19584.36929709036	750	10.304199457105009	0.0	374758	5230.8587451741505	0.75
19586.17325276597	300	12.50024378149926	0.0	139105	1803.9556756057495	-0.15000000000000002
19587.94981131598	300	14.723685231486579	0.0	141840	1776.5585500126797	0.3
19589.761011687722	300	16.912484859744637	0.0	156148	1811.2003717419434	0.3
19594.31677780236	750	16.35671874510772	0.0	386351	4555.7661146369155	0.3
19597.839364761337	750	16.83413178612779	0.0	434409	3522.58695897993	0.75
19601.41335997318	750	17.260136574283894	0.0	337059	3573.9952118439	0.75
19604.66813195737	750	18.005364590095777	0.0	366214	3254.771984188115	0.75
19607.601101959794	750	19.072394587671525	0.0	360831	2932.970002424253	0.75
19610.139974748152	750	20.533521799311472	0.0	372963	2538.872788360053	0.75
19613.407801431465	750	21.265695115999673	0.0	405596	3267.8266833118	0.75
19615.969245270826	750	22.704251276641	0.0	350713	2561.4438393586734	0.75
19619.102972824956	750	23.570523722511354	0.0	386472	3133.7275541296476	0.75
19627.632163393308	1850	19.041333154162853	0.0	955231	8529.190568348498	0.75
19640.049010003153	1850	10.624486544316303	0.0	968026	12416.84660984655	1.85
19645.760161691564	750	8.913334855904946	0.0	343800	5711.151688411357	-0.3500000000000001
19648.356958419667	300	10.316538127803968	0.0	146754	2596.7967281009796	-0.15000000000000002
19650.58535191314	300	12.088144634326268	0.0	153938	2228.3934934777008	0.3
19652.615798040755	300	14.057698506712594	0.0	181901	2030.4461276136728	0.3
19655.20051259478	750	15.47298395268996	0.0	277716	2584.7145540226343	0.3
19658.233347975212	750	16.440148572256824	0.0	400396	3032.835380433134	0.75
19661.809525206263	750	16.863971341207247	0.0	400508	3576.177231049579	0.75
19667.06332181513	750	15.610174732340848	0.0	358218	5253.796608866395	0.75
19672.964880468884	750	13.708616078587454	0.0	400322	5901.5586537533945	0.75
19677.432450735458	750	13.241045812011565	0.0	369834	4467.570266575888	0.75
19682.47076617763	750	12.202730369835223	0.0	412837	5038.315442176343	0.75
19686.82096744369	750	11.852529103776185	0.0	401088	4350.201266059038	0.75
19690.827785439284	750	11.845711108181716	0.0	365161	4006.8179955944684	0.75
19694.663678677964	750	12.009817869498903	0.0	321064	3835.8932386828124	0.75
19700.539693608083	750	10.133802939380107	0.0	361565	5876.014930118796	0.75
19702.77846559321	300	11.895030954254315	0.0	144254	2238.771985125794	-0.15000000000000002
19705.2430283277	300	13.430468219763496	0.0	149991	2464.5627344908185	0.3
19707.69516822307	300	14.978328324394647	0.0	147968	2452.139895368848	0.3
19712.71194856728	750	13.961547980182077	0.0	384505	5016.780344212572	0.3
19717.824486281213	750	12.849010266252687	0.0	372093	5112.53771392939	0.75
19723.79213612863	750	10.881360418832774	0.0	438281	5967.649847419913	0.75
19726.244424246463	300	12.429072300998826	0.0	167025	2452.288117833948	-0.15000000000000002
19729.03377112341	300	13.639725424054925	0.0	160064	2789.3468769439	0.3
19731.57172256806	300	15.101773979402427	0.0	137507	2537.951444652497	0.3
19737.16176515733	750	13.511731390138026	0.0	314107	5590.0425892644025	0.3

