21992.45291436339	750	4.0	3.0006457348380566	450283	3000.645734838057	-12.152776659803642
21993.69565246772	300	6.757261895671289	0.0	155580	1242.7381043287116	-0.15000000000000002
21994.58734489879	300	9.865569464602235	0.0	139857	891.6924310690526	0.3
21995.620500162866	300	12.832414200525783	0.0	155432	1033.155264076452	0.3
21998.563719942646	750	13.889194420748934	0.0	411561	2943.2197797768476	0.3
22001.68937581151	750	14.763538551883112	0.0	318564	3125.655868865823	0.75
22005.80759959948	750	14.645314763910502	0.0	352642	4118.223787972609	0.75
22009.455787629686	750	14.99712673370566	0.0	437162	3648.188030204843	0.75
22012.011107403094	750	16.441806960299107	0.0	374758	2555.319773406549	0.75
22014.247840424243	750	18.20507393914747	0.0	362795	2236.733021151638	0.75
22017.17879410457	750	19.274120258823185	0.0	353220	2930.953680324285	0.75
22020.57727047706	750	19.875643886330987	0.0	405134	3398.4763724921995	0.75
22024.09490647752	750	20.358007885873732	0.0	386351	3517.6360004572584	0.75
22026.440585703403	750	22.012328659990935	0.0	434409	2345.6792258827995	0.75
22028.04557469354	750	24.407339669850092	0.0	337059	1604.988990140843	0.75
22032.115487021172	1850	24.337427342222437	0.0	923170	4069.912327627654	0.75
22036.433399013473	1850	24.019515349919597	0.0	966699	4317.911992302838	1.85
22039.9759404137	1850	24.47697394969469	0.0	885714	3542.5414002249095	1.85
22045.38716841929	1850	23.065745944102275	0.0	987708	5411.228005592412	1.85
22050.799312235973	1850	21.65360212741745	0.0	923755	5412.1438166848275	1.85
22058.86898894832	1850	17.583925415070144	0.0	891604	8069.676712347303	1.85
22067.057433763108	1850	13.395480600285492	0.0	955231	8188.444814784654	1.85
22071.892760948187	1850	12.560153415205948	0.0	968026	4835.327185079545	1.85
22076.239292121	1850	12.213622242392729	0.0	874175	4346.531172813219	1.85
22081.09873539517	1850	11.35417896822097	0.0	897976	4859.443274171759	1.85
22086.201507587233	1850	10.251406776160472	0.0	905935	5102.772192060496	1.85
22091.732439429892	1850	8.72047493350269	0.0	1076599	5530.931842657784	1.85
22095.25508749761	1850	9.197826865783847	0.0	758197	3522.6480677188424	1.85
22102.076119171634	1850	6.376795191761166	0.0	972798	6821.031674022682	1.85
22105.01054481458	750	7.442369548816097	0.0	400508	2934.425642945069	-0.3500000000000001
22108.055459627518	750	8.397454735880041	0.0	358218	3044.914812936055	0.75
22112.35466945734	750	8.098244906055491	0.0	400322	4299.20982982455	0.75
22114.732724982045	750	9.720189381352169	0.0	369834	2378.0555247033217	0.75
22116.90576055532	750	11.54715380807972	0.0	412837	2173.035573272449	0.75
22119.15066791786	750	13.302246445541968	0.0	401088	2244.907362537751	0.75
22121.19079846817	750	15.262115895230025	0.0	365161	2040.1305503119447	0.75
22122.865893273338	750	17.58702109006245	0.0	321064	1675.0948051675746	0.75
22124.48173554593	750	19.9711788174705	0.0	361565	1615.8422725919531	0.75
22128.611271908707	1850	19.841642454693066	0.0	908665	4129.536362777437	0.75
22135.442041983097	1850	17.010872380304274	0.0	930577	6830.770074388793	1.85
22147.173141646836	1850	9.279772716565406	0.0	858450	11731.099663738869	1.85
22150.014581407642	750	10.43833295575725	0.0	384505	2841.4397608081554	-0.3500000000000001
22150.78434999892	300	13.668564364478991	0.0	145210	769.7685912782607	-0.15000000000000002
22152.872886542802	750	15.580027820599724	0.0	438281	2088.5365438792664	0.3
22154.884587672663	750	17.568326690740076	0.0	398987	2011.7011298596483	0.75
22156.62965902751	750	19.823255335891094	0.0	393804	1745.071354848979	0.75
22160.436540180057	1850	20.016374183341668	0.0	830730	3806.881152549428	0.75
22167.359887747265	1850	17.09302661613188	0.0	846370	6923.34756720979	1.85

