8359.716757356051	750	4.0	4.851455205977005	450283	4851.455205977005	-20.11125738570112
8361.920422235755	300	5.796335120296149	0.0	155580	2203.664879703851	-0.15000000000000002
8364.077288771676	300	7.639468584376665	0.0	139857	2156.8665359194842	0.3
8366.739457041846	300	8.97730031420655	0.0	155432	2662.1682701701147	0.3
8369.1821038562	300	10.534653499851958	0.0	163442	2442.646814354592	0.3
8371.747004567987	300	11.969752788063095	0.0	126289	2564.9007117888623	0.3
8375.020566601292	300	12.69619075475933	0.0	153295	3273.5620333037646	0.3
8377.97469414	300	13.742063216051369	0.0	173849	2954.127538707962	0.3
8379.312804473391	300	16.403952882659972	0.0	150710	1338.1103333913968	0.3
8380.538965030239	300	19.17779232581396	0.0	139105	1226.160556846011	0.3
8381.590848586198	300	22.125908769853044	0.0	141840	1051.8835559609138	0.3
8385.96387656639	750	21.752880789662303	0.0	405134	4373.027980190744	0.3
8392.280446366474	750	19.43631098957732	0.0	386351	6316.569800084985	0.75
8402.205633690011	750	13.511123666040033	0.0	434409	9925.187323537286	0.75
8407.037618392527	750	12.679138963523354	0.0	337059	4831.98470251668	0.75
8409.325074450953	300	14.391682905098362	0.0	138313	2287.456058424993	-0.15000000000000002
8411.042832492747	300	16.6739248633042	0.0	143509	1717.7580417941583	0.3
8412.620262855251	300	19.09649450079986	0.0	150616	1577.430362504338	0.3
8414.254514805756	300	21.462242550294285	0.0	165384	1634.251950505575	0.3
8417.43412095145	750	22.282636404601394	0.0	350713	3179.606145692891	0.3
8421.752645034541	750	21.96411232151006	0.0	386472	4318.524083091336	0.75
8426.25511806038	750	21.461639295670548	0.0	399894	4502.473025839513	0.75
8429.603754078978	750	22.113003277071712	0.0	401853	3348.636018598834	0.75
8431.592766747834	750	24.123990608217053	0.0	343800	1989.0126688546577	0.75
8434.822657284727	1200	24.8941000713234	0.0	587236	3229.8905368936526	0.75
8440.324659883761	1200	23.392097472288363	0.0	590335	5502.002599035037	1.2
8449.651858466596	1200	18.064898889454952	0.0	696376	9327.198582833411	1.2
8457.710685870254	1200	14.006071485795584	0.0	487160	8058.827403659367	1.2
8464.692179583622	1200	11.024577772428744	0.0	622896	6981.493713366841	1.2
8467.502050072002	750	12.214707284048815	0.0	400508	2809.8704883799296	0.3
8469.575415088586	750	14.14134226746452	0.0	358218	2073.3650165842955	0.75
8471.660092289696	750	16.056665066355418	0.0	400322	2084.6772011090998	0.75
8473.223152413275	750	18.493604942775747	0.0	369834	1563.060123579671	0.75
8476.639490130287	750	19.077267225765098	0.0	412837	3416.337717010648	0.75
8481.93769639906	750	17.77906095699241	0.0	401088	5298.206268772689	0.75
8487.66139732667	750	16.055360029380278	0.0	365161	5723.700927612132	0.75
8494.19824639222	750	13.518510963830664	0.0	321064	6536.849065549614	0.75
8498.373692038142	750	13.343065317909357	0.0	361565	4175.445645921307	0.75
8499.548859571558	300	16.16789778449301	0.0	144254	1175.1675334163467	-0.15000000000000002
8500.77303821904	300	18.943719137009996	0.0	149991	1224.1786474830112	0.3
8502.37043407193	300	21.34632328412067	0.0	147968	1597.3958528893281	0.3
8504.319522704867	300	23.39723465118345	0.0	161857	1949.0886329372188	0.3
8510.239932735676	750	21.47682462037568	0.0	372093	5920.410030807773	0.3
8520.27468871984	750	15.442068636213099	0.0	438281	10034.75598416258	0.75
8526.209660998948	750	13.507096357103178	0.0	398987	5934.972279109921	0.75
8531.024249887321	750	12.69250746872936	0.0	393804	4814.588888373817	0.75
8534.101094886364	750	13.61566246968582	0.0	331053	3076.8449990435397	0.75
8539.838447628119	1200	11.878309727932372	0.0	550906	5737.352741753448	0.75

