17381.172526519193	750	4.0	5.105653885378062	450283	5105.653885378062	-21.204311707125665
17385.328228258855	300	4.0	0.15570173966025685	155580	4155.701739660257	-0.8195174805391044
17387.784861688822	300	5.543366570032065	0.0	139857	2456.6334299679343	0.3
17389.07129082431	300	8.256937434542367	0.0	155432	1286.4291354896984	0.3
17390.05901067222	300	11.26921758663774	0.0	163442	987.7198479046284	0.3
17391.323407741027	750	14.004820517826547	0.0	318564	1264.397068811193	0.3
17395.235981349793	1850	14.092246909062771	0.0	905515	3912.573608763775	0.75
17399.459449730515	1850	13.86877852833959	0.0	1060487	4223.46838072318	1.85
17402.7583753723	1850	14.569852886552281	0.0	852833	3298.9256417873066	1.85
17405.712592099226	1850	15.61563615962752	0.0	913888	2954.2167269247616	1.85
17408.75697663597	1850	16.571251622885093	0.0	939819	3044.3845367424246	1.85
17411.752212462972	1850	17.57601579588186	0.0	917428	2995.2358270032337	1.85
17414.81765605317	1850	18.51057220568973	0.0	946851	3065.443590192132	1.85
17418.78871010247	1850	18.539518156383917	0.0	1036454	3971.0540493058115	1.85
17423.32888126836	1850	17.999346990497518	0.0	821631	4540.171165886401	1.85
17426.467599586987	1850	18.860628671871748	0.0	923170	3138.7183186257676	1.85
17429.88976586636	1850	19.43846239249988	0.0	966699	3422.1662793718706	1.85
17433.251001654487	1850	20.07722660436938	0.0	885714	3361.2357881305	1.85
17438.57788739397	1850	18.750340864885924	0.0	987708	5326.885739483452	1.85
17446.34609692896	1850	14.982131329896832	0.0	923755	7768.209534989093	1.85
17453.227670188186	1850	12.100558070671632	0.0	891604	6881.573259225201	1.85
17456.461868056067	750	12.866360202791173	0.0	399894	3234.197867880459	-0.3500000000000001
17460.919813120305	750	12.408415138551383	0.0	401853	4457.94506423979	0.75
17466.47141982851	750	10.856808430344852	0.0	343800	5551.60670820653	0.75
17467.760563323696	300	13.56766493516202	0.0	146754	1289.1434951828317	-0.15000000000000002
17471.50240123633	750	13.825827022527058	0.0	379700	3741.8379126349632	0.3
17475.66454542431	750	13.663682834543481	0.0	425781	4162.144187983576	0.75
17478.10296854207	750	15.225259716785507	0.0	277716	2438.4231177579727	0.75
17482.43810196254	750	14.890126296313948	0.0	400396	4335.133420471558	0.75
17485.42079387126	750	15.90743438759215	0.0	400508	2982.6919087217975	0.75
17488.94996811631	750	16.378260142543585	0.0	358218	3529.174245048567	0.75
17492.712209291447	750	16.616018967406788	0.0	400322	3762.241175136797	0.75
17495.491819155315	750	17.836409103538433	0.0	369834	2779.6098638683566	0.75
17498.83529606038	750	18.492932198475824	0.0	412837	3343.4769050626082	0.75
17502.471588051932	750	18.856640206922332	0.0	401088	3636.2919915534903	0.75
17504.731697664694	750	20.596530594163884	0.0	365161	2260.10961275845	0.75
17507.235293816193	750	22.092934442664323	0.0	321064	2503.5961514995624	0.75
17511.265997453193	750	22.062230805663347	0.0	361565	4030.7036370009746	0.75
17515.415324469614	750	21.912903789241195	0.0	378327	4149.327016422154	0.75
17520.680276961077	750	20.64795129777984	0.0	390680	5264.952491461355	0.75
17524.021861481684	750	21.306366777172766	0.0	345516	3341.5845206070726	0.75
17526.362510081108	750	22.965718177748087	0.0	384505	2340.64859942468	0.75
17529.148246449135	750	24.179981809720648	0.0	372093	2785.736368027439	0.75
17532.46285935282	750	24.86536890603619	0.0	438281	3314.612903684463	0.75
17537.000382562477	750	24.32784569637903	0.0	398987	4537.523209657156	0.75
17544.454451024085	1850	20.87377723476975	0.0	982064	7454.068461609281	0.75
17555.92927402834	1850	13.398954230511054	0.0	830730	11474.823004258697	1.85
17563.512736371864	1850	9.815491886988495	0.0	846370	7583.4623435225585	1.85

