5067.9346896058805	750	4.0	3.5013497766476167	450283	3501.3497766476166	-14.305804039584752
5068.902947896183	300	7.031741709697546	0.0	155580	968.258290302454	-0.15000000000000002
5070.465300981015	750	9.469388624865182	0.0	350812	1562.3530848323649	0.3
5073.22751563143	1200	10.707173974450361	0.0	617681	2762.2146504148195	0.75
5075.689442262198	1200	12.245247343682117	0.0	652874	2461.9266307682446	1.2
5079.032935212375	1850	12.901754393504794	0.0	801058	3343.492950177322	1.2000000000000002
5083.642102085335	1850	12.292587520545581	0.0	905515	4609.166872959214	1.85
5090.877653606718	1850	9.057035999162727	0.0	1060487	7235.551521382855	1.85
5095.09336436639	1200	8.841325239491704	0.0	584846	4215.710759671024	0.5499999999999999
5097.447807014121	750	10.486882591760285	0.0	362795	2354.4426477314196	0.3
5101.17812804773	1200	10.756561558152374	0.0	607410	3730.321033607911	0.75
5104.467585710109	1200	11.467103895772745	0.0	594078	3289.457662379629	1.2
5113.05125772282	1850	6.883431883062223	0.0	946851	8583.672012710522	1.2000000000000002
5115.118982593508	300	8.815707012373826	0.0	179801	2067.7248706883956	-1.25
5118.150696040641	750	9.783993565241053	0.0	337059	3031.7134471327727	0.3
5124.906843742687	1200	7.027845863196232	0.0	587876	6756.147702044821	0.75
5129.853242920632	750	6.081446685251267	0.0	360831	4946.399177944965	0.3
5131.383866400915	300	8.550823204967722	0.0	150616	1530.6234802835445	-0.15000000000000002
5134.243501257703	750	9.691188348179704	0.0	405596	2859.6348567880186	0.3
5137.380076630349	1200	10.554612975533997	0.0	586839	3136.5753726457074	0.75
5140.626560136537	1200	11.308129469345864	0.0	601738	3246.4835061881336	1.2
5144.8204238451945	1850	11.11426576068822	0.0	955231	4193.863708657645	1.2000000000000002
5152.642451096928	1850	7.29223850895512	0.0	968026	7822.0272517331005	1.85
5157.122218467542	750	6.812471138340721	0.0	343800	4479.7673706144	-0.3500000000000001
5157.902141044757	300	10.03254856112651	0.0	146754	779.9225772142098	-0.15000000000000002
5161.314002730173	1200	10.620686875709865	0.0	590335	3411.861685416645	0.29999999999999993
5165.022040110947	1200	10.912649494935573	0.0	696376	3708.037380774292	1.2
5167.8130725973	1200	12.121617008583742	0.0	487160	2791.0324863518313	1.2
5173.192825079876	1850	10.741864526007117	0.0	972798	5379.752482576626	1.2000000000000002
5175.330821903854	1200	12.603867702029772	0.0	641447	2137.996823977344	0.5499999999999999
5178.442951706889	1850	13.491737898994382	0.0	873429	3112.1298030353914	1.2000000000000002
5184.919165085298	2850	11.01552452058543	0.0	1497683	6476.213378408952	1.85
5188.597007667656	1850	11.337681938227458	0.0	885062	3677.84258235797	0.8500000000000001
5192.8020161538125	1850	11.132673452070748	0.0	1035329	4205.008486156711	1.85
5196.548053798454	1850	11.386635807429142	0.0	1026056	3746.0376446416053	1.85
5199.782598990362	1850	12.152090615521203	0.0	943942	3234.5451919079387	1.85
5202.596549678253	1850	13.338139927630765	0.0	728962	2813.950687890438	1.85
5208.019549498269	2850	11.915140107614688	0.0	1499009	5422.999820016077	1.85
5210.737061382159	1850	13.19762822372561	0.0	908665	2717.511883889078	0.8500000000000001
5215.664891651804	2850	12.269797954079785	0.0	1402287	4927.830269645827	1.85
5219.159479045175	1850	12.775210560709354	0.0	858450	3494.587393370429	0.8500000000000001
5222.750789067671	1850	13.183900538213877	0.0	1025005	3591.3100224954783	1.85
5227.1386783442085	2850	12.796011261675815	0.0	1343002	4387.88927653806	1.85
5229.963020335546	1850	13.971669270337797	0.0	973972	2824.341991338019	0.8500000000000001
5234.576242583091	2850	13.35844702279437	0.0	1464921	4613.2222475434255	1.85
5239.575103590803	2850	12.359586015081183	0.0	1483527	4998.86100771319	2.85
5242.488581178758	1850	13.44610842712601	0.0	830730	2913.477587955173	0.8500000000000001
5247.1716370431195	2850	12.763052562764514	0.0	1364537	4683.055864361494	1.85

