10157.724806049842	750	4.0	4.799754461958953	450283	4799.754461958953	-19.888944186423497
10159.146796277622	300	6.578009772220171	0.0	155580	1421.9902277798294	-0.15000000000000002
10160.348804966532	300	9.376001083309369	0.0	139857	1202.0086889108015	0.3
10161.878996319354	300	11.845809730486824	0.0	155432	1530.1913528225455	0.3
10163.600737763274	300	14.124068286566814	0.0	163442	1721.7414439200097	0.3
10166.541440630264	750	15.1833654195765	0.0	318564	2940.702866990315	0.3
10173.064588600995	750	12.660217448846371	0.0	352642	6523.147970730128	0.75
10182.454309241333	750	7.270496808507509	0.0	437162	9389.720640338863	0.75
10184.815134684504	300	8.909671365336088	0.0	150710	2360.825443171421	-0.15000000000000002
10186.522364912691	300	11.202441137150654	0.0	139105	1707.2302281854334	0.3
10187.92070867786	300	13.804097371980374	0.0	141840	1398.3437651702804	0.3
10193.02403343523	750	12.700772614611672	0.0	405134	5103.3247573687	0.3
10198.546412532949	750	11.178393516891232	0.0	386351	5522.37909772044	0.75
10202.774340741818	300	10.95046530802202	0.0	179801	4227.9282088692125	-0.15000000000000002
10205.441590755669	300	12.283215294170766	0.0	140051	2667.2500138512537	0.3
10207.881850649956	300	13.842955399886138	0.0	138313	2440.2598942846294	0.3
10211.129585445788	300	14.595220604052848	0.0	143509	3247.734795833291	0.3
10213.845843805917	300	15.87896224392411	0.0	150616	2716.258360128736	0.3
10220.266959340379	750	13.45784670946265	0.0	405596	6421.11553446146	0.3
10225.816821373028	750	11.907984676812756	0.0	350713	5549.862032649895	0.75
10230.195990517921	750	11.528815531920165	0.0	386472	4379.169144892591	0.75
10234.52009279395	750	11.204713255893836	0.0	399894	4324.1022760263295	0.75
10236.706981129566	300	13.017824920276874	0.0	163927	2186.8883356169613	-0.15000000000000002
10238.436443151253	300	15.28836289859116	0.0	137654	1729.4620216857138	0.3
10242.436058760963	750	15.288747288880568	0.0	359903	3999.6156097105927	0.3
10244.244006312425	300	17.48079973742042	0.0	153938	1807.9475514601481	-0.15000000000000002
10248.820207925924	750	16.904598123919953	0.0	425781	4576.201613500467	0.3
10251.755200452568	750	17.96960559727637	0.0	277716	2934.992526643584	0.75
10255.638887508745	750	18.085918541099918	0.0	400396	3883.6870561764495	0.75
10259.48069754662	750	18.244108503224677	0.0	400508	3841.8100378752447	0.75
10266.261034003011	750	15.463772046833489	0.0	358218	6780.33645639119	0.75
10272.557547702088	750	13.167258347757022	0.0	400322	6296.513699076465	0.75
10278.037358139556	750	11.68744791029023	0.0	369834	5479.810437466794	0.75
10282.396558467175	750	11.328247582670041	0.0	412837	4359.200327620189	0.75
10285.730969062897	750	11.993836986949882	0.0	401088	3334.410595720158	0.75
10290.511455874179	750	11.213350175667603	0.0	365161	4780.486811282279	0.75
10293.118134513803	300	12.606671536042873	0.0	131610	2606.67863962473	-0.15000000000000002
10294.72271895504	300	15.002087094805434	0.0	124011	1604.5844412374388	0.3
10296.359918380702	300	17.364887669144256	0.0	144254	1637.1994256611758	0.3
10302.806056431105	750	14.918749618740552	0.0	390680	6446.138050403705	0.3
10308.978336677086	750	12.746469372759373	0.0	345516	6172.280245981179	0.75
10314.255263832316	750	11.469542217528947	0.0	384505	5276.927155230426	0.75
10319.53588138529	750	10.188924664552898	0.0	372093	5280.6175529760485	0.75
10322.544521412186	750	11.180284637657019	0.0	438281	3008.6400268958796	0.75
10325.216107972788	750	12.50869807705635	0.0	398987	2671.586560600669	0.75
10328.373688789185	750	13.351117260659578	0.0	393804	3157.580816396772	0.75
10331.564804314145	750	14.160001735701186	0.0	331053	3191.1155249583926	0.75
10334.304645010552	750	15.420161039293404	0.0	314107	2739.840696407782	0.75

