1504.1960551272716	750	4.0	1.9602828539084163	450283	1960.2828539084162	-7.67921627180619
1505.1539103925525	300	7.042144734719407	0.0	155580	957.8552652805936	-0.15000000000000002
1506.9126219998282	750	9.283433127443578	0.0	350812	1758.7116072758295	0.3
1509.3563055668615	1200	10.83974956041009	0.0	617681	2443.683567033487	0.75
1512.1164677093986	1200	12.0795874178731	0.0	652874	2760.16214253699	1.2
1516.2318096702586	1850	11.964245457013133	0.0	801058	4115.341960859965	1.2000000000000002
1519.198234227971	1850	12.997820899300772	0.0	905515	2966.4245577123625	1.85
1524.0896688160499	1850	12.106386311221993	0.0	1060487	4891.434588078779	1.85
1531.236153591215	1850	8.95990153605668	0.0	852833	7146.484775165313	1.85
1534.2813649887398	750	9.914690138531947	0.0	362795	3045.211397524733	-0.3500000000000001
1539.0387320420698	1200	9.157323085201982	0.0	607410	4757.367053329965	0.75
1543.9716332417559	1200	8.224421885515937	0.0	594078	4932.901199686045	1.2
1547.8323517709005	750	8.363703356371301	0.0	386351	3860.718529144637	0.3
1551.5962898734865	750	8.599765253785042	0.0	434409	3763.938102586258	0.75
1553.8457105644725	750	10.35034456279917	0.0	337059	2249.4206909858717	0.75
1557.3243722715551	1200	10.871682855716413	0.0	587876	3478.661707082758	0.75
1559.8860200626812	1200	12.310035064590542	0.0	617242	2561.6477911258717	1.2
1564.17886077822	1850	12.017194349051705	0.0	885714	4292.840715538837	1.2000000000000002
1568.9075859592272	1850	11.288469168044646	0.0	987708	4728.7251810070575	1.85
1573.9851731780045	1850	10.21088194926718	0.0	923755	5077.5872187774685	1.85
1577.2070916185364	1200	10.988963508735255	0.0	601738	3221.9184405319256	0.5499999999999999
1580.3627360458945	1200	11.833319081377315	0.0	616206	3155.6444273579405	1.2
1584.518552627266	1850	11.677502500005748	0.0	968026	4155.816581371568	1.2000000000000002
1588.295088462978	1850	11.900966664293835	0.0	874175	3776.5358357119126	1.85
1593.6610385266288	1850	10.535016600642857	0.0	897976	5365.9500636509765	1.85
1597.0629923015392	1200	11.133062825732466	0.0	590335	3401.9537749103915	0.5499999999999999
1602.2676530033916	1850	9.928402123880097	0.0	1076599	5204.660701852368	1.2000000000000002
1604.1701801737252	1200	12.025874953546456	0.0	487160	1902.5271703336418	0.5499999999999999
1608.0113756136848	1850	12.184679513586762	0.0	972798	3841.195439959695	1.2000000000000002
1611.103095037781	1850	13.092960089490502	0.0	975811	3091.7194240962604	1.85
1615.8122930854695	2850	12.383762041802033	0.0	1341201	4709.198047688469	1.85
1619.857696663005	1850	12.33835846426634	0.0	954453	4045.4035775356915	0.8500000000000001
1622.6205707906242	1850	13.575484336647133	0.0	885062	2762.874127619208	1.85
1625.7164990824024	2850	14.479556044868964	0.0	1587293	3095.9282917781684	1.85
1629.8212293159822	2850	14.374825811288996	0.0	1492672	4104.7302335799695	2.85
1633.6043669974501	2850	14.591688129821087	0.0	1439896	3783.1376814679106	2.85
1636.9503968151796	2850	15.245658312091491	0.0	1139291	3346.0298177295945	2.85
1642.7476962908486	4300	13.448358836422534	0.0	2147467	5797.299475668957	2.8499999999999996
1645.9490120342975	2850	14.247043092973598	0.0	1427478	3201.315743448937	1.4000000000000001
1649.5304682584522	2850	14.665586868818924	0.0	1402287	3581.4562241546737	2.85
1652.2528118903972	2850	15.94324323687395	0.0	1339500	2722.3436319449747	2.85
1658.269009163284	4300	13.927045963987284	0.0	2184571	6016.197272886666	2.8499999999999996
1662.6950056131457	2850	13.501049514125675	0.0	1343002	4425.996449861607	1.4000000000000001
1666.585939104261	2850	13.610116023010479	0.0	1587250	3890.9334911151986	2.85
1672.488508351933	2850	11.707546775338466	0.0	1464921	5902.569247672012	2.85
1676.8461437944118	1850	11.349911332859612	0.0	982064	4357.635442478853	0.8500000000000001
1681.12289315817	1850	11.073161969101399	0.0	830730	4276.749363758213	1.85
1684.1525028969106	1850	12.043552230360719	0.0	846370	3029.609738740679	1.85

