16243.8146335055	750	4.0	2.752351768226307	450283	2752.351768226307	-11.085112603373119
16244.834533284195	300	6.980100221306277	0.0	155580	1019.8997786937232	-0.15000000000000002
16245.956492347279	300	9.858141158220798	0.0	139857	1121.959063085479	0.3
16247.187435894279	300	12.627197611221074	0.0	155432	1230.943546999725	0.3
16249.481067671852	750	14.33356583364831	0.0	411561	2293.6317775727634	0.3
16250.243039061234	750	17.571594444266378	0.0	318564	761.9713893819307	0.75
16259.139253451329	1850	12.675380054171857	0.0	905515	8896.214390094521	0.75
16264.924856654008	750	10.889776851492554	0.0	437162	5785.603202679304	-0.3500000000000001
16267.519924157583	750	12.294709347919927	0.0	374758	2595.067503572627	0.75
16271.274080537327	750	12.540552968176033	0.0	362795	3754.1563797438944	0.75
16275.958636005824	750	11.855997499678681	0.0	353220	4684.555468497353	0.75
16281.62593146685	750	10.188702038652668	0.0	405134	5667.295461026013	0.75
16283.215259979843	750	12.59937352566077	0.0	386351	1589.3285129918975	0.75
16285.111715879544	750	14.70291762595914	0.0	434409	1896.4558997016309	0.75
16286.532004880823	750	17.282628624680083	0.0	337059	1420.2890012790608	0.75
16294.395450100232	1850	13.419183405271172	0.0	923170	7863.445219408911	0.75
16296.731371290269	750	15.08326221523483	0.0	360831	2335.921190036341	-0.3500000000000001
16299.96913187267	750	15.84550163283522	0.0	372963	3237.7605823996105	0.75
16303.744528326222	750	16.070105179280617	0.0	405596	3775.396453554601	0.75
16309.659908506219	750	14.154724999284248	0.0	350713	5915.38017999637	0.75
16310.974182058393	300	16.840451447109174	0.0	157671	1314.273552175071	-0.15000000000000002
16313.448395833431	750	18.36623767207238	0.0	399894	2474.213775036794	0.3
16318.881087167489	750	16.93354633801526	0.0	401853	5432.691334057119	0.75
16323.05487614025	750	16.759757365254558	0.0	343800	4173.7889727607035	0.75
16327.323006071972	750	16.49162743353312	0.0	359903	4268.129931721437	0.75
16332.990636555336	750	14.823996950168448	0.0	379700	5667.630483364674	0.75
16337.055339182001	750	14.759294323504747	0.0	425781	4064.7026266637	0.75
16339.804471175697	750	16.010162329808043	0.0	277716	2749.131993696702	0.75
16342.40436587081	750	17.4102676346944	0.0	400396	2599.894695113645	0.75
16345.650791561133	750	18.16384194437368	0.0	400508	3246.425690320723	0.75
16347.807856723093	750	20.00677678241436	0.0	358218	2157.065161959318	0.75
16350.240203987545	750	21.574429517961985	0.0	400322	2432.347264452376	0.75
16354.02420445057	750	21.79042905493643	0.0	369834	3784.000463025557	0.75
16357.572057383184	750	22.242576122323545	0.0	412837	3547.852932612879	0.75
16360.407322462479	750	23.407311043028958	0.0	401088	2835.265079294588	0.75
16363.996853340892	750	23.817780164615318	0.0	365161	3589.530878413642	0.75
16366.1475821824	750	25.66705132310806	0.0	321064	2150.7288415072567	0.75
16369.37704637638	750	26.437587129129156	0.0	361565	3229.464193978902	0.75
16377.199892580918	1850	22.614740924589118	0.0	908665	7822.846204540037	0.75
16383.746470055594	1850	20.068163449915122	0.0	930577	6546.577474673994	1.85
16392.273749379383	1850	15.54088412612762	0.0	858450	8527.279323787501	1.85
16401.77683187844	1850	10.037801627069591	0.0	1025005	9503.08249905803	1.85
16404.84733118543	750	10.967302320082295	0.0	372093	3070.4993069872967	-0.3500000000000001
16409.30731987977	750	10.507313625743183	0.0	438281	4459.988694339111	0.75
16416.920402902542	750	6.8942306029673315	0.0	398987	7613.0830227758515	0.75
16419.66989877505	300	8.144734730460046	0.0	160064	2749.4958725072856	-0.15000000000000002
16420.768218180092	300	11.046415325417623	0.0	137507	1098.3194050424236	0.3
16421.477590798433	300	14.337042707075513	0.0	118421	709.3726183421115	0.3

