21622.923628717213	750	4.0	5.259051639025879	450283	5259.051639025879	-21.86392204781128
21624.46885477986	300	6.454773937350686	0.0	155580	1545.2260626493135	-0.15000000000000002
21625.93176544656	300	8.991863270652232	0.0	139857	1462.9106666984549	0.3
21629.204132269737	750	9.719496447474015	0.0	382355	3272.3668231782153	0.3
21635.325412308892	1200	7.598216408318319	0.0	652874	6121.280039155697	0.75
21637.98754294735	750	8.93608576985811	0.0	318564	2662.1306384602094	0.3
21640.667904058686	750	10.25572465852238	0.0	352642	2680.3611113357288	0.75
21645.401651693508	1200	9.521977023702478	0.0	709534	4733.7476348199025	0.75
21648.86060229322	1200	10.063026423986802	0.0	584846	3458.950599715677	1.2
21652.01408598428	1200	10.909542732931104	0.0	560821	3153.4836910556974	1.2
21655.503251497426	1200	11.420377219784198	0.0	607410	3489.1655131469056	1.2
21661.68611007901	1850	9.237518638198875	0.0	917428	6182.858581585325	1.2000000000000002
21664.94519644579	1200	9.978432271415993	0.0	624282	3259.0863667828826	0.5499999999999999
21668.40201941639	1200	10.52160930081931	0.0	687371	3456.822970596682	1.2
21672.073353974276	1200	10.850274742933786	0.0	526950	3671.334557885524	1.2
21674.972052197638	1200	11.951576519568382	0.0	587876	2898.698223365405	1.2
21679.921713937998	1850	11.00191477920989	0.0	966699	4949.661740358491	1.2000000000000002
21684.06876439482	1850	10.854864322388584	0.0	885714	4147.050456821305	1.85
21687.832776923347	1200	11.090851793861159	0.0	639204	3764.012528527427	0.5499999999999999
21694.385252172207	1850	8.538376545002864	0.0	923755	6552.475248858294	1.2000000000000002
21697.11715150305	750	9.806477214156912	0.0	386472	2731.8993308459517	-0.3500000000000001
21701.921905915384	1200	9.001722801827475	0.0	616206	4804.754412329437	0.75
21706.405667806463	1200	8.517960910749741	0.0	656471	4483.761891077732	1.2
21709.35332172815	750	9.570306989059821	0.0	343800	2947.6539216899196	0.3
21713.488327772546	1200	9.435300944665595	0.0	587236	4135.006044394227	0.75
21717.156937992346	1200	9.766690724864825	0.0	590335	3668.610219800771	1.2
21720.743866040895	1200	10.179762676313397	0.0	696376	3586.928048551429	1.2
21723.305248350105	1200	11.618380367102622	0.0	487160	2561.382309210774	1.2
21730.251404067603	1850	8.67222464960565	0.0	972798	6946.155717496973	1.2000000000000002
21733.028932905843	750	9.89469581136458	0.0	400508	2777.5288382410686	-0.3500000000000001
21737.88585166487	1200	9.037777052337324	0.0	570392	4856.918759027256	0.75
21744.046687891805	1200	6.876940825401944	0.0	620283	6160.836226935379	1.2
21745.502869056687	300	9.42075966051829	0.0	143881	1456.1811648836547	-0.6000000000000001
21751.248927887696	1200	7.6747008295095975	0.0	670129	5746.058831008692	0.29999999999999993
21754.969375967998	750	7.954252749206501	0.0	401088	3720.4480803030965	0.3
21758.401453973118	750	8.522174744087991	0.0	365161	3432.07800511851	0.75
21761.493290198225	750	9.43033851898194	0.0	321064	3091.836225106052	0.75
21766.745579348808	1200	8.178049368401643	0.0	575591	5252.289150580297	0.75
21770.912917197533	750	8.010711519676844	0.0	378327	4167.337848724799	0.3
21775.046504652404	750	7.877124064805886	0.0	390680	4133.587454870957	0.75
21779.773730755915	750	7.149897961294642	0.0	345516	4727.226103511244	0.75
21783.677249088774	750	7.246379628431499	0.0	384505	3903.5183328631438	0.75
21787.265432998407	750	7.658195718799167	0.0	372093	3588.183909632332	0.75
21791.62185143505	750	7.301777282158126	0.0	438281	4356.418436641041	0.75
21795.670161580823	750	7.253467136383993	0.0	398987	4048.310145774133	0.75
21799.36613133378	750	7.557497383428308	0.0	393804	3695.969752955684	0.75
21803.501074962165	750	7.422553755043851	0.0	331053	4134.943628384457	0.75
21807.919878580513	750	7.00375013669585	0.0	314107	4418.803618348001	0.75

