9404.02803502563	750	4.0	6.835416697573638	450283	6835.416697573638	-28.642291799566642
9407.334573247694	300	4.693461777936518	0.0	155580	3306.5382220634815	-0.15000000000000002
9409.520890605636	300	6.507144419993679	0.0	139857	2186.3173579428385	0.3
9411.55670637948	300	8.471328646148999	0.0	155432	2035.8157738446798	0.3
9416.285611191177	750	7.742423834451726	0.0	411561	4728.904811697273	0.3
9418.962434855473	750	9.065600170155118	0.0	318564	2676.823664296609	0.75
9422.934229507064	1200	9.093805518563917	0.0	561791	3971.7946515912	0.75
9427.758729983934	1200	8.26930504169274	0.0	709534	4824.500476871177	1.2
9430.37365778407	750	9.654377241556812	0.0	374758	2614.9278001359266	0.3
9433.94232336117	1200	10.085711664456145	0.0	560821	3568.6655771006676	0.75
9437.644873349456	1200	10.383161676170626	0.0	607410	3702.549988285518	1.2
9441.778516948782	1200	10.249518076845707	0.0	594078	4133.643599324919	1.2
9446.548069118358	1200	9.479965907268898	0.0	624282	4769.552169576809	1.2
9452.369229215763	1200	7.658805809864331	0.0	687371	5821.160097404566	1.2
9454.952506787318	750	9.07552823830974	0.0	337059	2583.2775715545913	0.3
9458.539490454876	1200	9.48854457075292	0.0	587876	3586.98366755682	0.75
9462.538445618746	1200	9.489589406882947	0.0	617242	3998.9551638699727	1.2
9465.561567013834	1200	10.46646801179372	0.0	581493	3023.1213950892275	1.2
9468.943504518238	1200	11.084530507388793	0.0	639204	3381.9375044049257	1.2
9473.6484432394	1850	10.379591786227186	0.0	923755	4704.938721161609	1.2000000000000002
9477.263486235086	1200	10.764548790541404	0.0	601738	3615.0429956857797	0.5499999999999999
9482.133278884005	1200	9.89475614162285	0.0	616206	4869.792648918557	1.2
9487.147055697536	1200	8.880979328091744	0.0	656471	5013.776813531104	1.2
9491.145375687587	750	8.882659338039524	0.0	343800	3998.319990052219	0.3
9495.243550910398	750	8.784484115229414	0.0	359903	4098.17522281011	0.75
9497.91478296642	750	10.113252059207042	0.0	379700	2671.232056022373	0.75
9502.360874352105	1200	9.667160673522499	0.0	696376	4446.091385684543	0.75
9506.169057168125	1200	9.858977857504097	0.0	487160	3808.182816018402	1.2
9511.667934388213	1200	8.360100637414963	0.0	622896	5498.877220089137	1.2
9515.881292133952	750	8.14674289167695	0.0	400508	4213.357745738011	0.3
9519.846821006979	750	8.181214018650182	0.0	358218	3965.52887302677	0.75
9523.26802514169	750	8.760009883937865	0.0	400322	3421.2041347123168	0.75
9526.468149924527	750	9.55988510109905	0.0	369834	3200.124782838816	0.75
9532.908717023947	1200	7.119318001681225	0.0	670129	6440.567099417826	0.75
9536.313366937795	750	7.7146680878315745	0.0	401088	3404.6499138496497	0.3
9539.307493507	750	8.720541518627888	0.0	365161	2994.1265692036877	0.75
9541.318414647803	750	10.709620377825429	0.0	321064	2010.921140802459	0.75
9545.129249368438	1200	10.898785657190507	0.0	575591	3810.834720634923	0.75
9551.11574563875	1200	8.91228938687939	0.0	605884	5986.496270311116	1.2
9555.31058545334	750	8.717449572289498	0.0	390680	4194.839814589893	0.3
9557.7427381871	750	10.285296838528899	0.0	345516	2432.1527337605994	0.75
9563.823049410774	1200	8.204985614856568	0.0	641452	6080.31122367233	0.75
9566.94830743474	750	9.079727590889174	0.0	372093	3125.2580239673957	0.3
9572.243015768803	1200	7.785019256827149	0.0	634861	5294.708334062025	0.75
9576.989248683449	750	7.038786342181594	0.0	398987	4746.232914645554	0.3
9581.934543251511	750	6.0934917741189425	0.0	393804	4945.294568062652	0.75
9584.134941627584	300	7.893093398045968	0.0	137507	2200.398376072975	-0.15000000000000002
9589.47702181998	750	6.551013205650526	0.0	314107	5342.080192395441	0.3

