2861.3949552574763	750	4.0	1.5985734190571195	450283	1598.5734190571195	-6.123865701945613
2863.2067577283174	750	6.188197529158977	0.0	398865	1811.8024708410228	0.75
2864.9417717686006	750	8.453183488875696	0.0	350812	1735.0140402832803	0.75
2867.9113892463224	1200	9.483566011154032	0.0	617681	2969.617477721664	0.75
2870.7516427913088	1200	10.643312466167343	0.0	652874	2840.2535449866905	1.2
2872.3226534863393	1200	13.072301771136804	0.0	520315	1571.0106950305405	1.2
2875.4751025289675	1850	13.91985272850858	0.0	905515	3152.449042628223	1.2000000000000002
2878.704190156446	1850	14.690765101029926	0.0	1060487	3229.087627478654	1.85
2881.882253462218	1850	15.512701795258211	0.0	852833	3178.0633057717155	1.85
2885.4909948459026	1850	15.90396041157391	0.0	913888	3608.7413836843007	1.85
2888.893156841102	1850	16.50179841637424	0.0	939819	3402.1619951996718	1.85
2894.5359863782887	2850	14.8589688791874	0.0	1519951	5642.829537186841	1.85
2900.2137098926205	2850	13.181245364856116	0.0	1422919	5677.723514331285	2.85
2906.4872434742065	2850	10.907711783269878	0.0	1578343	6273.533581586235	2.85
2910.459758861453	2850	10.935196396023338	0.0	1231445	3972.5153872465394	2.85
2917.0392726347427	2850	8.35568262273354	0.0	1471065	6579.5137732898	2.85
2923.3697277056017	2850	6.025227551874524	0.0	1491626	6330.455070859015	2.85
2926.862911142339	1850	6.532044115137182	0.0	885714	3493.1834367373413	0.8500000000000001
2930.522142347819	1850	6.872812909657165	0.0	987708	3659.231205480017	1.85
2934.1640239071494	1850	7.230931350327319	0.0	923755	3641.881559329847	1.85
2937.726702210813	1850	7.668253046663438	0.0	891604	3562.678303663881	1.85
2940.709767449287	1850	8.685187808189495	0.0	955231	2983.0652384739424	1.85
2946.5101601319056	1850	6.8847951255708875	0.0	968026	5800.392682618608	1.85
2949.1983916200065	1850	8.196563637470051	0.0	874175	2688.2314881008365	1.85
2953.2410327300463	1850	8.153922527430284	0.0	897976	4042.641110039768	1.85
2957.9730413522457	1850	7.421913905230966	0.0	905935	4732.008622199318	1.85
2963.7213871671383	1850	5.6735680903379535	0.0	1076599	5748.345814893012	1.85
2966.110872402333	1200	7.2840828551439625	0.0	487160	2389.4852351939912	0.5499999999999999
2969.2416998988133	1200	8.153255358663523	0.0	622896	3130.827496480439	1.2
2972.612289865816	1200	8.782665391661007	0.0	641447	3370.5899670025174	1.2
2975.3413749390033	1200	10.053580318473731	0.0	570392	2729.085073187275	1.2
2978.1401953929585	1200	11.254759864518835	0.0	620283	2798.8204539548947	1.2
2981.8618496547306	1850	11.533105602746927	0.0	885062	3721.654261771908	1.2000000000000002
2985.8290524035892	1850	11.565902853887984	0.0	1035329	3967.2027488589442	1.85
2989.470536570863	1850	11.924418686614487	0.0	1026056	3641.4841672734965	1.85
2992.773362990504	1850	12.621592266973332	0.0	943942	3302.8264196411546	1.85
2995.8012221505965	1850	13.593733106881345	0.0	728962	3027.859160091986	1.85
2999.5079720993494	1850	13.886983158128237	0.0	938587	3706.74994875311	1.85
3003.33484293378	1850	14.060112323698034	0.0	908665	3826.870834430202	1.85
3006.871370062012	1850	14.52358519546585	0.0	930577	3536.527128232184	1.85
3010.7768210940385	1850	14.618134163439132	0.0	858450	3905.451032026718	1.85
3014.6807028520047	1850	14.714252405473108	0.0	1025005	3903.8817579660254	1.85
3018.6853662719636	1850	14.709588985513957	0.0	886255	4004.66341995915	1.85
3022.8947403785746	1850	14.500214878903185	0.0	973972	4209.374106610772	1.85
3028.9707909541717	2850	12.42416430330579	0.0	1464921	6076.050575597395	1.85
3035.508717324619	2850	9.886237932858835	0.0	1483527	6537.926370446955	2.85
3041.936906208356	2850	7.458049049121702	0.0	1231456	6428.188883737133	2.85
3049.8670423259764	2850	4.0	0.4720870684988322	1364537	7930.136117620535	0.8200256054550219

