20581.40715355475	750	4.0	5.259051639025879	450283	5259.051639025879	-21.86392204781128
20582.952379617396	300	6.454773937350686	0.0	155580	1545.2260626493135	-0.15000000000000002
20584.415290284094	300	8.991863270652232	0.0	139857	1462.9106666984549	0.3
20585.769814718704	300	11.637338836041588	0.0	155432	1354.5244346106435	0.3
20587.18322145362	300	14.223932101129046	0.0	163442	1413.4067349125414	0.3
20590.226201892387	750	15.180951662361833	0.0	318564	3042.980438767214	0.3
20593.523951574163	750	15.88320198058864	0.0	352642	3297.749681773193	0.75
20597.109761315354	750	16.297392239398565	0.0	437162	3585.8097411900735	0.75
20600.4099870915	750	16.9971664632506	0.0	374758	3300.2257761479646	0.75
20602.83734055094	750	18.569813003809205	0.0	362795	2427.353459441392	0.75
20604.605266517607	750	20.801887037142574	0.0	353220	1767.9259666666323	0.75
20606.98922715054	750	22.41792640420757	0.0	405134	2383.960632935003	0.75
20609.4672580319	750	23.939895522851824	0.0	386351	2478.0308813557444	0.75
20615.314501135847	1850	22.092652418903135	0.0	1036454	5847.243103948688	0.75
20620.81280891715	1850	20.594344637598198	0.0	821631	5498.3077813049385	1.85
20625.542950060728	1850	19.864203494017506	0.0	923170	4730.14114358069	1.85
20631.269797986777	1850	18.13735556797199	0.0	966699	5726.847926045517	1.85
20635.543800288462	1850	17.863353266287184	0.0	885714	4274.002301684805	1.85
20640.650282839728	1850	16.756870715022675	0.0	987708	5106.482551264506	1.85
20645.521406279597	1850	15.885747275152582	0.0	923755	4871.123439870094	1.85
20651.629562796235	1850	13.77759075851458	0.0	891604	6108.156516638002	1.85
20658.37680011851	1850	11.030353436238762	0.0	955231	6747.237322275819	1.85
20661.69930980598	750	11.707843748771175	0.0	401853	3322.5096874675874	-0.3500000000000001
20663.874280319746	750	13.53287323500279	0.0	343800	2174.9705137683854	0.75
20666.838145855636	750	14.569007699112744	0.0	359903	2963.8655358900446	0.75
20669.62478802065	750	15.78236553409654	0.0	379700	2786.6421650162047	0.75
20672.72098929866	750	16.68616425608843	0.0	425781	3096.20127800811	0.75
20674.25402303225	750	19.15313052250249	0.0	277716	1533.033733585939	0.75
20676.98209173583	750	20.425061818922618	0.0	400396	2728.068703579873	0.75
20678.901752780774	750	22.50540077397752	0.0	400508	1919.6610449450986	0.75
20683.78906312673	1850	21.618090428020903	0.0	873429	4887.3103459566155	0.75
20690.577111026163	1850	18.830042528585363	0.0	954453	6788.04789943554	1.85
20697.698035806803	1850	15.709117747943036	0.0	885062	7120.9247806423255	1.85
20707.581336184554	1850	9.825817370195654	0.0	1035329	9883.300377747382	1.85
20711.28326678498	750	10.12388676976708	0.0	401088	3701.930600428576	-0.3500000000000001
20714.877334972807	750	10.529818581940335	0.0	365161	3594.068187826744	0.75
20717.786492000487	750	11.62066155426097	0.0	321064	2909.1570276793673	0.75
20721.256554356583	750	12.150599198165313	0.0	361565	3470.0623560956556	0.75
20724.731096579424	750	12.676056975321835	0.0	378327	3474.5422228434786	0.75
20728.97797353913	750	12.429180015615355	0.0	390680	4246.87695970648	0.75
20732.455511070617	750	12.951642484129765	0.0	345516	3477.5375314855905	0.75
20737.57622821543	750	11.830925339315367	0.0	384505	5120.717144814399	0.75
20741.61541550854	750	11.79173804620844	0.0	372093	4039.1872931069256	0.75
20745.763379341075	750	11.643774213674973	0.0	438281	4147.963832533467	0.75
20749.736396293167	750	11.670757261582368	0.0	398987	3973.0169520926047	0.75
20753.732538914413	750	11.674614640336825	0.0	393804	3996.142621245542	0.75
20756.70906675493	750	12.698086799819714	0.0	331053	2976.5278405171125	0.75
20760.43230366127	750	12.97484989348194	0.0	314107	3723.2369063377737	0.75

