5643.710539809282	750	4.0	4.043612194844198	450283	4043.6121948441983	-16.63753243783005
5645.366998216394	300	6.343541592888147	0.0	155580	1656.458407111853	-0.15000000000000002
5646.635689344133	300	9.07485046514876	0.0	139857	1268.6911277393874	0.3
5650.626447909237	1200	9.0840919000448	0.0	617681	3990.7585651039585	0.29999999999999993
5657.141942441511	1200	6.5685973677706135	0.0	652874	6515.494532274188	1.2
5658.53872919934	300	9.171810609941339	0.0	126289	1396.7867578292735	-0.6000000000000001
5665.855172435341	1200	5.85536737394072	0.0	561791	7316.443236000619	0.29999999999999993
5667.806702819807	300	7.903836989475684	0.0	173849	1951.5303844650366	-0.6000000000000001
5670.405879006199	750	9.304660803083621	0.0	374758	2599.1761863920624	0.3
5674.348384299471	1200	9.36215550981162	0.0	560821	3942.5052932720014	0.75
5679.6129384719625	1200	8.097601337320164	0.0	607410	5264.554172491457	1.2
5683.5241918504435	750	8.186347958839427	0.0	405134	3911.253378480735	0.3
5685.959606004716	750	9.750933804567245	0.0	386351	2435.4141542721823	0.75
5693.636598775331	1200	6.073941033952585	0.0	687371	7676.99277061466	0.75
5695.713077072494	300	7.997462736789301	0.0	140051	2076.478297163284	-0.6000000000000001
5700.739514187788	750	6.971025621495916	0.0	366214	5026.4371152933845	0.3
5702.127032996974	300	9.583506812309308	0.0	143509	1387.5188091866096	-0.15000000000000002
5707.648750119874	1200	8.061789689409306	0.0	581493	5521.717122900002	0.29999999999999993
5711.205173127671	750	8.505366681612362	0.0	405596	3556.423007796944	0.3
5717.526745977456	750	6.183793831827001	0.0	350713	6321.5728497853615	0.75
5718.875036039832	300	8.835503769450638	0.0	157671	1348.290062376363	-0.15000000000000002
5724.049534632736	750	7.661005176547118	0.0	399894	5174.498592903519	0.3
5732.8636816262915	750	4.0	1.15314181700884	401853	8814.146993555958	-4.208509813138012
5734.374852092763	300	6.488829533529335	0.0	137654	1511.1704664706647	-0.15000000000000002
5735.6142927338615	300	9.249388892430428	0.0	146754	1239.4406410989068	0.3
5741.033581964086	1200	7.830099662205775	0.0	590335	5419.289230224653	0.29999999999999993
5745.200444487977	750	7.663237138314862	0.0	425781	4166.8625238909135	0.3
5749.164824001848	750	7.6988576244435185	0.0	277716	3964.3795138713426	0.75
5754.557887237574	750	6.305794388717671	0.0	400396	5393.063235725848	0.75
5755.437939340247	300	9.425742286044548	0.0	149029	880.0521026731218	-0.15000000000000002
5757.600436584926	1200	11.263245041365172	0.0	570392	2162.4972446793754	0.29999999999999993
5761.648425963871	1850	11.21525566242032	0.0	954453	4047.9893789448497	1.2000000000000002
5765.560749335714	1850	11.302932290577715	0.0	885062	3912.3233718426054	1.85
5769.166551109528	1850	11.697130516762842	0.0	1035329	3605.801773814874	1.85
5772.529227017819	1850	12.334454608472116	0.0	1026056	3362.6759082907247	1.85
5776.904036390348	1850	11.95964523594333	0.0	943942	4374.809372528786	1.85
5787.091431705637	1850	5.772249920654245	0.0	728962	10187.395315289086	1.85
5788.338760702017	300	8.52492092427459	0.0	124011	1247.328996379655	-1.25
5790.35134674722	750	10.51233487907065	0.0	378327	2012.5860452039396	0.3
5792.744146278872	1200	12.119535347418747	0.0	587506	2392.7995316519023	0.75
5796.233499264583	1850	12.630182361708096	0.0	858450	3489.3529857106523	1.2000000000000002
5799.948435063995	1850	12.915246562295328	0.0	1025005	3714.9357994127686	1.85
5803.339708926693	1850	13.523972699597746	0.0	886255	3391.273862697583	1.85
5812.646691642916	2850	8.216989983374553	0.0	1587250	9306.982716223192	1.85
5815.526345015976	750	9.337336610314201	0.0	398987	2879.6533730603514	-1.35
5819.125548714626	1200	9.738132911663909	0.0	638661	3599.203698650292	0.75
5821.747875120212	1200	11.115806506079252	0.0	538612	2622.326405584657	1.2
5826.572046932628	1850	10.291634693662047	0.0	846370	4824.171812417207	1.2000000000000002

