16816.299376217034	750	4.0	4.316718207694552	450283	4316.718207694552	-17.81188829308657
16817.09478424544	300	7.204591971595131	0.0	155580	795.4080284048688	-0.15000000000000002
16819.250202682284	750	9.049173534751091	0.0	350812	2155.41843684404	0.3
16820.272616251583	300	12.026759965449727	0.0	155432	1022.4135693013633	-0.15000000000000002
16821.52062016396	300	14.778756053076773	0.0	163442	1248.003912372955	0.3
16824.0158168877	750	16.28355932933704	0.0	318564	2495.196723739734	0.3
16827.63833380536	750	16.661042411677062	0.0	352642	3622.5169176599784	0.75
16831.37360147389	750	16.925774743145144	0.0	437162	3735.2676685319198	0.75
16836.386820339096	750	15.912555877941998	0.0	374758	5013.2188652031455	0.75
16842.456271774263	750	13.843104442774436	0.0	362795	6069.451435167561	0.75
16846.865710237547	750	13.433665979489211	0.0	353220	4409.438463285225	0.75
16850.86442984898	750	13.434946368057268	0.0	405134	3998.719611431943	0.75
16854.600764934992	750	13.698611282045222	0.0	386351	3736.3350860120468	0.75
16858.572539422476	750	13.72683679456136	0.0	434409	3971.7744874838627	0.75
16861.903046542553	750	14.396329674485676	0.0	337059	3330.5071200756834	0.75
16865.7515084968	750	14.547867720237514	0.0	366214	3848.4619542481623	0.75
16872.14053646974	750	12.158839747295334	0.0	360831	6389.027972942181	0.75
16876.29577026919	750	12.003605947844278	0.0	372963	4155.233799451054	0.75
16882.70338401733	750	9.595992199698362	0.0	405596	6407.613748145916	0.75
16884.53003571341	300	11.76934050361967	0.0	140881	1826.651696078691	-0.15000000000000002
16886.874037090885	300	13.425339126144934	0.0	157671	2344.001377474737	0.3
16890.29219788111	300	14.007178335920349	0.0	157812	3418.1607902245855	0.3
16892.992270054303	300	15.30710616272626	0.0	163927	2700.072173194089	0.3
16897.08298745778	750	15.216388759250151	0.0	343800	4090.71740347611	0.3
16900.96969315513	750	15.329683061900202	0.0	359903	3886.70569734995	0.75
16906.471483682537	750	13.827892534491891	0.0	379700	5501.79052740831	0.75
16910.10074479345	750	14.198631423580466	0.0	425781	3629.2611109114255	0.75
16912.573077796977	750	15.72629842005248	0.0	277716	2472.333003527986	0.75
16915.541359835675	750	16.758016381353688	0.0	400396	2968.2820386987914	0.75
16919.700287210955	750	16.59908900607309	0.0	400508	4158.927375280602	0.75
16922.085992717995	750	18.213383499033263	0.0	358218	2385.705507039829	0.75
16925.17528820669	750	19.12408801034105	0.0	400322	3089.2954886922103	0.75
16928.255900674012	750	20.04347554301974	0.0	369834	3080.6124673213126	0.75
16930.84749870718	750	21.451877509851435	0.0	412837	2591.5980331683054	0.75
16933.545924220667	750	22.753451996363037	0.0	401088	2698.425513488399	0.75
16935.78133922446	750	24.518036992568774	0.0	365161	2235.415003794264	0.75
16937.630748082298	750	26.668628134732504	0.0	321064	1849.4088578362687	0.75
16939.899546498218	750	28.39982971881276	0.0	361565	2268.798415919743	0.75
16945.81186865715	1850	26.487507559881408	0.0	908665	5912.322158931353	0.75
16950.896121356272	1850	25.4032548607587	0.0	930577	5084.252699122708	1.85
16955.30478840158	1850	24.99458781544762	0.0	858450	4408.667045311082	1.85
16960.661341656683	1850	23.638034560344508	0.0	1025005	5356.553255103111	1.85
16964.741056238712	1850	23.55831997831836	0.0	886255	4079.7145820261508	1.85
16969.569694662554	1850	22.729681554477022	0.0	973972	4828.638423841337	1.85
16975.203358942155	1850	21.096017274873603	0.0	958994	5633.6642796034175	1.85
16985.027139891452	1850	15.27223632557488	0.0	982064	9823.780949298723	1.85
16990.51905936019	1850	13.780316856835787	0.0	830730	5491.919468739095	1.85
16994.66514598002	1850	13.634230237007088	0.0	846370	4146.0866198286985	1.85

