19536.076077958332	750	4.0	10.535228578788095	450283	10535.228578788096	-44.551482888788804
19537.46692490687	300	6.609153051467327	0.0	155580	1390.8469485326723	-0.15000000000000002
19539.149516844966	300	8.926561113369436	0.0	139857	1682.5919380978908	0.3
19541.42940492433	300	10.646673034004781	0.0	155432	2279.888079364655	0.3
19543.58524484842	300	12.490833109915867	0.0	163442	2155.8399240889144	0.3
19545.15804474584	300	14.918033212494962	0.0	126289	1572.7998974209063	0.3
19547.242674097517	300	16.833403860820415	0.0	153295	2084.629351674547	0.3
19553.263167941728	750	14.812910016610397	0.0	437162	6020.4938442100165	0.3
19560.4821732746	750	11.593904683737236	0.0	374758	7219.005332873161	0.75
19570.11107509351	750	5.965002864824477	0.0	362795	9628.901818912758	0.75
19572.971797045175	300	7.104280913161369	0.0	141840	2860.721951663109	-0.15000000000000002
19575.662991384484	300	8.413086573852494	0.0	156148	2691.194339308875	0.3
19578.536758904324	300	9.539319054012651	0.0	160746	2873.767519839843	0.3
19581.982703915237	300	10.093374043097027	0.0	179801	3445.945010915624	0.3
19584.35206494711	300	11.72401301122475	0.0	140051	2369.3610318722776	0.3
19586.75833288539	300	13.31774507294349	0.0	138313	2406.267938281261	0.3
19589.553248193894	300	14.52282976444265	0.0	143509	2794.915308500841	0.3
19592.93868446707	300	15.137393491268098	0.0	150616	3385.436273174551	0.3
19596.314267146245	300	15.761810812092902	0.0	165384	3375.5826791751956	0.3
19598.1656016834	300	17.910476274939484	0.0	140881	1851.3345371534194	0.3
19600.001862753663	300	20.07421520467443	0.0	157671	1836.2610702650538	0.3
19601.65703197797	300	22.41904598036661	0.0	157812	1655.1692243078176	0.3
19603.236040981687	300	24.840036976650623	0.0	163927	1579.0090037159898	0.3
19607.46088888842	750	24.61518906991407	0.0	343800	4224.84790673655	0.3
19614.656677666684	750	21.419400291655304	0.0	359903	7195.788778258768	0.75
19621.063589499285	750	19.012488459054513	0.0	379700	6406.911832600793	0.75
19627.01482959191	750	17.061248366425698	0.0	425781	5951.240092628813	0.75
19630.0667689123	750	18.00930904603682	0.0	277716	3051.939320388879	0.75
19634.671009168225	750	17.40506879011161	0.0	400396	4604.240255925209	0.75
19642.563131662326	750	13.512946296015194	0.0	400508	7892.1224940964175	0.75
19651.72026777908	750	8.355810179258025	0.0	358218	9157.136116757169	0.75
19655.565243428104	300	8.510834530235247	0.0	157488	3844.9756490227787	-0.15000000000000002
19658.73786586645	300	9.338212091888572	0.0	143881	3172.6224383466742	0.3
19662.632525645193	300	9.443552313143586	0.0	163444	3894.6597787449864	0.3
19668.210769295056	300	7.865308663279072	0.0	179328	5578.243649864514	0.3
19673.165683550204	300	6.910394408128357	0.0	159914	4954.914255150715	0.3
19676.487775637677	300	7.588302320655688	0.0	131610	3322.092087472669	0.3
19679.00811640235	300	9.067961555983114	0.0	124011	2520.340764672574	0.3
19682.101310963917	300	9.974766994415903	0.0	144254	3093.194561567212	0.3
19684.517502163082	300	11.558575795251341	0.0	149991	2416.1911991645607	0.3
19686.99080280913	300	13.085275149202797	0.0	147968	2473.3006460485444	0.3
19690.69573109066	300	13.380346867676293	0.0	161857	3704.928281526504	0.3
19694.458825881844	300	13.617252076491715	0.0	145210	3763.094791184578	0.3
19698.476680999604	300	13.599396958731926	0.0	172312	4017.85511775979	0.3
19701.85001947984	300	14.226058478493679	0.0	167025	3373.338480238248	0.3
19704.40578420706	300	15.670293751273194	0.0	160064	2555.764727220485	0.3
19709.35647911182	750	14.71959884651534	0.0	331053	4950.694904757854	0.3
19715.616362576566	1200	12.459715381768023	0.0	550906	6259.883464747317	0.75

