4.39150033291431	750	4.0	4.39150033291431	450283	4391.50033291431	-18.133451431531533
7.932764150793835	750	4.458736182120474	0.0	398865	3541.2638178795255	0.75
10.311448513026008	750	6.080051819888303	0.0	350812	2378.684362232171	0.75
12.77843992068836	750	7.61306041222595	0.0	382355	2466.9914076623522	0.75
15.410511447473944	750	8.980988885440365	0.0	411561	2632.071526785585	0.75
17.457081397668773	750	10.934418935245539	0.0	318564	2046.5699501948257	0.75
20.080755284340885	750	12.310745048573427	0.0	352642	2623.6738866721125	0.75
24.914117912773456	1200	11.477382420140854	0.0	709534	4833.362628432574	0.75
28.90663305688733	1200	11.48486727602698	0.0	584846	3992.5151441138723	1.2
32.032877477709064	1200	12.358622855205246	0.0	560821	3126.244420821735	1.2
35.71600309376692	1200	12.675497239147393	0.0	607410	3683.1256160578523	1.2
39.72462693788821	1200	12.666873395026098	0.0	594078	4008.6238441212945	1.2
43.64687089160526	1200	12.744629441309046	0.0	624282	3922.2439537170526	1.2
48.14051430477653	1200	12.250986028137776	0.0	687371	4493.64341317127	1.2
52.139855099262974	1200	12.25164523365133	0.0	526950	3999.3407944864466	1.2
56.75791770034823	1200	11.633582632566071	0.0	587876	4618.062601085258	1.2
61.399655820765695	1200	10.991844512148614	0.0	617242	4641.738120417458	1.2
66.70638783450069	1200	9.685112498413622	0.0	581493	5306.732013734991	1.2
70.57445648930594	1200	9.817043843608353	0.0	639204	3868.0686548052686	1.2
74.53712883182071	1200	9.854371501093583	0.0	586839	3962.6723425147707	1.2
78.9978290263606	1200	9.393671306553683	0.0	601738	4460.700194539901	1.2
85.62405081557549	1200	6.767449517338807	0.0	616206	6626.221789214875	1.2
91.87601768718666	750	4.515482645727637	0.0	401853	6251.966871611171	0.3
94.88963741299996	300	5.5018629199143305	0.0	137654	3013.6197258133066	-0.15000000000000002
97.92096644461806	300	6.470533888296243	0.0	146754	3031.3290316180874	0.3
101.02476739050037	300	7.366732942413916	0.0	153938	3103.800945882328	0.3
104.5193475491983	300	7.872152783715998	0.0	181901	3494.580158697918	0.3
106.67127579666582	300	9.720224536248468	0.0	111155	2151.9282474675288	0.3
109.45891464243677	300	10.932585690477525	0.0	153605	2787.6388457709427	0.3
110.88727840410834	300	13.504221928805935	0.0	149029	1428.36376167159	0.3
112.52478038850983	300	15.866719944404455	0.0	157421	1637.5019844014812	0.3
113.95537546827883	300	18.43612486463545	0.0	157488	1430.595079769006	0.3
115.14579203281113	300	21.245708300103136	0.0	143881	1190.4165645323142	0.3
116.42316058397692	300	23.96833974893735	0.0	163444	1277.368551165786	0.3
122.65430682765675	1200	21.73719350525751	0.0	690253	6231.146243679839	0.29999999999999993
128.00645266219934	1200	20.38504767071491	0.0	598727	5352.145834542599	1.2
132.29438451547654	1200	20.097115817437707	0.0	487812	4287.9318532772	1.2
138.77814499322045	1200	17.613355339693786	0.0	575591	6483.760477743922	1.2
147.31602979813047	1200	13.075470534783769	0.0	605884	8537.884804910018	1.2
150.5217472588554	750	13.869753074058828	0.0	390680	3205.7174607249394	0.3
152.9236317522847	750	15.467868580629522	0.0	345516	2401.8844934293065	0.75
155.59559695329267	750	16.795903379621574	0.0	384505	2671.965201007949	0.75
158.52488933432198	750	17.86661099859226	0.0	372093	2929.2923810293123	0.75
162.26163911970326	750	18.129861213210983	0.0	438281	3736.7497853812765	0.75
168.871126714336	1200	15.52037361857827	0.0	630203	6609.487594632714	0.75
173.024897229401	1200	15.36660310351325	0.0	638661	4153.77051506502	1.2
178.32748097653587	1850	14.064019356378372	0.0	830730	5302.583747134879	1.2000000000000002
189.09632867799633	2850	7.295171654917916	0.0	1364537	10768.847701460456	1.85

