6638.597702366921	750	4.0	2.288238812003366	450283	2288.238812003366	-9.089426891614474
6641.291910778599	750	5.305791588322136	0.0	398865	2694.2084116778638	0.75
6643.497838510967	750	7.099863855953809	0.0	350812	2205.9277323683264	0.75
6645.117667100861	750	9.480035266059609	0.0	382355	1619.8285898942004	0.75
6646.79007464636	750	11.807627720559813	0.0	411561	1672.4075454997967	0.75
6649.167136307518	1200	13.430566059402077	0.0	520315	2377.0616611577357	0.75
6651.459454617787	1200	15.138247749132896	0.0	561791	2292.3183102691814	1.2
6656.198633022736	1850	14.399069344183248	0.0	1060487	4739.178404949647	1.2000000000000002
6659.637068551227	1850	14.960633815693726	0.0	852833	3438.4355284895228	1.85
6665.3327073126875	1850	13.26499505423295	0.0	913888	5695.638761460775	1.85
6669.246120235389	1850	13.351582131531414	0.0	939819	3913.4129227015355	1.85
6673.166559819038	1850	13.431142547882608	0.0	917428	3920.4395836488056	1.85
6677.750665605856	1850	12.84703676106449	0.0	946851	4584.105786818118	1.85
6681.706493500367	1850	12.89120886655273	0.0	1036454	3955.8278945117595	1.85
6686.062735120272	1850	12.53496724664794	0.0	821631	4356.24161990479	1.85
6689.602023269829	1850	12.995679097090699	0.0	923170	3539.2881495572396	1.85
6692.248044576215	1850	14.349657790705468	0.0	966699	2646.021306385232	1.85
6695.547922892433	1850	15.049779474486888	0.0	885714	3299.87831621858	1.85
6700.3197249179875	1850	14.277977448933296	0.0	987708	4771.802025553591	1.85
6704.744837810689	1850	13.85286455623107	0.0	923755	4425.112892702225	1.85
6709.111854904758	1850	13.485847462162925	0.0	891604	4367.017094068145	1.85
6713.188090854053	1850	13.409611512867274	0.0	955231	4076.2359492956507	1.85
6718.546927384005	1850	12.050774982916064	0.0	968026	5358.836529951209	1.85
6722.996094442307	1850	11.601607924614337	0.0	874175	4449.167058301728	1.85
6728.006825625555	1850	10.590876741365316	0.0	897976	5010.73118324902	1.85
6732.015412783327	1850	10.58228958359405	0.0	905935	4008.5871577712637	1.85
6736.368695660332	1850	10.22900670658802	0.0	1076599	4353.282877006031	1.85
6739.099258206856	1850	11.498444160065159	0.0	758197	2730.562546522861	1.85
6742.523526728041	1850	12.074175638878845	0.0	972798	3424.2685211863145	1.85
6746.720926377246	1850	11.876775989674954	0.0	975811	4197.399649203891	1.85
6751.404898664409	1850	11.192803702510533	0.0	873429	4683.972287164421	1.85
6757.9732185754365	1850	8.624483791482882	0.0	954453	6568.319911027652	1.85
6761.1805507101735	1200	9.417151656745812	0.0	584349	3207.332134737071	0.5499999999999999
6764.517491272523	1200	10.08021109439594	0.0	670129	3336.940562349871	1.2
6767.243461760147	1200	11.35424060677231	0.0	690253	2725.9704876236306	1.2
6769.14006550349	1200	13.457636863428247	0.0	598727	1896.6037433440633	1.2
6771.043988051291	1200	15.553714315626967	0.0	487812	1903.9225478012804	1.2
6775.026498852144	1850	15.571203514774833	0.0	938587	3982.5108008521333	1.2000000000000002
6779.29848234845	1850	15.299220018468171	0.0	908665	4271.983496306661	1.85
6782.669244550505	1850	15.928457816413815	0.0	930577	3370.7622020543567	1.85
6785.999217182959	1850	16.59848518395936	0.0	858450	3329.9726324544554	1.85
6792.308326849489	1850	14.289375517429361	0.0	1025005	6309.10966653	1.85
6795.998852215239	1850	14.598850151680407	0.0	886255	3690.5253657489534	1.85
6799.966736530536	1850	14.630965836383522	0.0	973972	3967.8843152968852	1.85
6803.662719965261	1850	14.93498240165778	0.0	958994	3695.9834347257415	1.85
6807.628353786516	1850	14.969348580403	0.0	982064	3965.6338212547803	1.85
6813.407407693367	2850	13.190294673552646	0.0	1231456	5779.053906850354	1.85
6823.590184916942	2850	7.007517449976925	0.0	1364537	10182.77722357572	2.85

