20398.877985102685	750	4.0	2.855960794164828	450283	2855.9607941648283	-11.530631414908761
20399.686997086887	300	7.1909880157968455	0.0	155580	809.011984203154	-0.15000000000000002
20400.198837527925	300	10.679147574754575	0.0	139857	511.8404410422698	0.3
20401.55649342812	750	13.321491674558441	0.0	382355	1357.6559001961336	0.3
20403.59188404286	750	15.28610105982069	0.0	411561	2035.390614737753	0.75
20405.36555713488	750	17.512427967803568	0.0	318564	1773.6730920171237	0.75
20407.25835681443	750	19.619628288250663	0.0	352642	1892.7996795529036	0.75
20409.908869052208	750	20.9691160504722	0.0	437162	2650.5122377784637	0.75
20412.377135406987	750	22.500849695696022	0.0	374758	2468.2663547761754	0.75
20414.639779032976	750	24.23820606970491	0.0	362795	2262.6436259911134	0.75
20418.309735300383	1850	24.568249802294197	0.0	939819	3669.9562674107106	0.75
20422.10293102092	1850	24.775054081758494	0.0	917428	3793.195720535703	1.85
20425.234130212917	1850	25.643854889760384	0.0	946851	3131.199191998111	1.85
20429.42419086226	1850	25.4537942404159	0.0	1036454	4190.060649344482	1.85
20433.24461932978	1850	25.633365772896163	0.0	821631	3820.428467519739	1.85
20438.50750145687	1850	24.370483645809763	0.0	923170	5262.882127086399	1.85
20443.446019177543	1850	23.431965925131685	0.0	966699	4938.517720678079	1.85
20448.433076493242	1850	22.444908609434705	0.0	885714	4987.0573156969795	1.85
20455.609334860623	1850	19.268650242054573	0.0	987708	7176.258367380131	1.85
20461.705485912502	1850	17.172499190175653	0.0	923755	6096.151051878917	1.85
20466.457029812253	1850	16.42095529042407	0.0	891604	4751.543899751583	1.85
20474.794308742974	1850	12.083676359702395	0.0	955231	8337.278930721675	1.85
20477.62508099353	750	13.252904109145076	0.0	401853	2830.772250557318	-0.3500000000000001
20480.419694768225	750	14.458290334451855	0.0	343800	2794.613774693222	0.75
20484.187390478008	750	14.690594624667035	0.0	359903	3767.695709784818	0.75
20487.657363417344	750	15.220621685332313	0.0	379700	3469.972939334723	0.75
20491.620703116863	750	15.257281985808914	0.0	425781	3963.339699523398	0.75
20495.138161178227	750	15.739823924444348	0.0	277716	3517.4580613645667	0.75
20498.953826652563	750	15.924158450106097	0.0	400396	3815.665474338252	0.75
20502.317875193647	750	16.56010990902239	0.0	400508	3364.0485410837064	0.75
20504.636232217505	750	18.241752885163688	0.0	358218	2318.3570238587017	0.75
20506.815211260917	750	20.062773841751056	0.0	400322	2178.9790434126326	0.75
20509.465986486342	750	21.411998616328603	0.0	369834	2650.775225422453	0.75
20518.085851252938	750	16.792133849733982	0.0	412837	8619.864766594617	0.75
20521.081417823614	750	17.796567279055985	0.0	401088	2995.5665706779987	0.75
20523.320095124855	750	19.557889977814085	0.0	365161	2238.6773012419	0.75
20525.098421340375	750	21.77956376229203	0.0	321064	1778.3262155220493	0.75
20527.03522696684	750	23.842758135829634	0.0	361565	1936.8056264623997	0.75
20529.070444270445	750	25.80754083222715	0.0	378327	2035.2173036024828	0.75
20532.64939762951	1850	26.22858747315929	0.0	930577	3578.9533590678566	0.75
20535.660290006494	1850	27.217695096178648	0.0	858450	3010.8923769806443	1.85
20539.184551848164	1850	27.693433254505294	0.0	1025005	3524.2618416733576	1.85
20541.997018500828	1850	28.880966601843618	0.0	886255	2812.4666526616747	1.85
20544.812277785273	1850	30.06570731740083	0.0	973972	2815.2592844427895	1.85
20547.271792494692	1850	31.606192607980557	0.0	958994	2459.514709420272	1.85
20550.084920372556	1850	32.793064730114345	0.0	982064	2813.127877866213	1.85
20552.86153701581	1850	34.016448086861814	0.0	830730	2776.616643252532	1.85
20556.23054397402	1850	34.64744112865235	0.0	846370	3369.0069582094634	1.85

