15927.23320963087	750	4.0	1.4326655545084757	450283	1432.6655545084757	-5.410461884386445
15928.591914101455	750	6.641295529414785	0.0	398865	1358.7044705852145	0.75
15929.98076134033	750	9.252448290540524	0.0	350812	1388.8472388742618	0.75
15931.57066641959	750	11.662543211280328	0.0	382355	1589.9050792601952	0.75
15934.685925325144	750	12.547284305725706	0.0	411561	3115.2589055546237	0.75
15937.353191903703	1850	13.88001772716613	0.0	801058	2667.2665785595746	0.75
15940.204098445522	1850	15.029111185346967	0.0	905515	2850.9065418191644	1.85
15943.54932252312	1850	15.68388710774871	0.0	1060487	3345.2240775982573	1.85
15946.351201466032	1850	16.882008164837977	0.0	852833	2801.8789429107333	1.85
15949.474664441579	1850	17.758545189289368	0.0	913888	3123.4629755486108	1.85
15953.758512972649	1850	17.4746966582206	0.0	939819	4283.848531068769	1.85
15958.01774999933	1850	17.21545963154065	0.0	917428	4259.237026679953	1.85
15961.436470372717	1850	17.79673925815193	0.0	946851	3418.7203733887204	1.85
15965.19101818837	1850	18.042191442498602	0.0	1036454	3754.547815653329	1.85
15967.824632275742	1850	19.4085773551278	0.0	821631	2633.6140873708027	1.85
15971.055920849414	1850	20.177288781454276	0.0	923170	3231.288573673522	1.85
15974.26401149444	1850	20.969198136427266	0.0	966699	3208.090645027011	1.85
15979.23071565903	1850	20.002493971839296	0.0	885714	4966.704164587968	1.85
15982.531674682212	1850	20.701534948658665	0.0	987708	3300.9590231806314	1.85
15985.406144082195	1850	21.82706554867437	0.0	923755	2874.469399984292	1.85
15988.249566452752	1850	22.983643178117305	0.0	891604	2843.4223705570644	1.85
15991.376240230938	1850	23.856969399932	0.0	955231	3126.6737781853035	1.85
15994.646081574156	1850	24.58712805671606	0.0	968026	3269.84134321594	1.85
15998.838518026714	1850	24.394691604157714	0.0	874175	4192.436452558347	1.85
16002.947323721126	1850	24.285885909744646	0.0	897976	4108.805694413065	1.85
16006.216389517926	1850	25.01682011294475	0.0	905935	3269.065796799898	1.85
16010.107734599736	1850	25.12547503113427	0.0	1076599	3891.3450818104798	1.85
16012.538409796876	1850	26.694799833992413	0.0	758197	2430.6751971418553	1.85
16015.925734447868	1850	27.307475183000772	0.0	972798	3387.3246509916385	1.85
16019.179173006056	1850	28.054036624812557	0.0	975811	3253.4385581882157	1.85
16024.096977894043	1850	27.136231736825714	0.0	873429	4917.804887986846	1.85
16027.285953562261	1850	27.947256068608183	0.0	954453	3188.9756682175293	1.85
16030.051925742035	1850	29.181283888836195	0.0	885062	2765.972179771989	1.85
16033.327619552054	1850	29.905590078816154	0.0	1035329	3275.6938100200414	1.85
16036.74205402925	1850	30.491155601618278	0.0	1026056	3414.4344771978745	1.85
16039.896320970602	1850	31.3368886602662	0.0	943942	3154.2669413520744	1.85
16043.580936167378	1850	31.65227346348999	0.0	728962	3684.615196776212	1.85
16047.862883805108	1850	31.37032582576089	0.0	938587	4281.947637729101	1.85
16051.149343895513	1850	32.0838657353541	0.0	908665	3286.4600904067847	1.85
16054.558859329152	1850	32.674350301715634	0.0	930577	3409.5154336384708	1.85
16057.30911116779	1850	33.92409846307871	0.0	858450	2750.251838636932	1.85
16060.855192611783	1850	34.378017019085696	0.0	1025005	3546.081443993011	1.85
16063.794950448124	1850	35.438259182745966	0.0	886255	2939.757836339723	1.85
16069.085349777577	1850	34.147859853292076	0.0	973972	5290.399329453895	1.85
16072.275432379845	1850	34.957777251024844	0.0	958994	3190.0826022672272	1.85
16075.3177486111	1850	35.91546101977065	0.0	982064	3042.3162312542017	1.85
16077.976715221805	1850	37.256494409064864	0.0	830730	2658.9666107057883	1.85
16080.75165782282	1850	38.48155180804958	0.0	846370	2774.942601015279	1.85

