952.4133356093948	750	4.0	2.7857807865153212	450283	2785.7807865153213	-11.228857382015882
953.6752792983862	300	6.738056311008653	0.0	155580	1261.9436889913468	-0.15000000000000002
954.4464576929439	300	9.966877916450935	0.0	139857	771.1783945577192	0.3
956.8772274444381	1200	11.536108164956822	0.0	617681	2430.769751494111	0.29999999999999993
961.9654588152249	1850	10.447876794169872	0.0	996749	5088.231370786951	1.2000000000000002
964.2424814273886	1200	12.17085418200615	0.0	520315	2277.022612163721	0.5499999999999999
968.3094007064262	1850	12.103934902968536	0.0	905515	4066.919279037615	1.2000000000000002
973.3866039366286	1850	11.026731672766223	0.0	1060487	5077.203230202313	1.85
978.1385881315996	1850	10.274747477795161	0.0	852833	4751.984194971063	1.85
980.8835142867007	1200	11.529821322694113	0.0	560821	2744.9261551010472	0.5499999999999999
986.3244694192418	1850	10.088866190152823	0.0	939819	5440.95513254129	1.2000000000000002
989.2740974541408	1200	11.139238155253887	0.0	594078	2949.6280348989367	0.5499999999999999
993.7980472013594	1850	10.615288408035202	0.0	946851	4523.949747218684	1.2000000000000002
997.1521825891346	1200	11.261153020260107	0.0	687371	3354.1353877750953	0.5499999999999999
1001.2539332248789	1850	11.159402384515822	0.0	821631	4101.7506357442835	1.2000000000000002
1005.7815468965449	1850	10.631788712849843	0.0	923170	4527.613671665979	1.85
1008.3764372872243	1200	12.036898322170316	0.0	617242	2594.890390679528	0.5499999999999999
1012.5905799274653	1850	11.822755681929333	0.0	885714	4214.142640240983	1.2000000000000002
1017.3654888643201	1850	11.04784674507454	0.0	987708	4774.908936854791	1.85
1023.014087618124	1850	9.399247991270666	0.0	923755	5648.598753803874	1.85
1026.154333681147	1200	10.25900192824775	0.0	601738	3140.2460630229166	0.5499999999999999
1029.1870183864178	1200	11.226317222976729	0.0	616206	3032.684705271022	1.2
1036.1505278359205	1850	8.26280777347406	0.0	968026	6963.509449502668	1.2000000000000002
1038.6943823359898	750	9.718953273404846	0.0	343800	2543.854500069214	-0.3500000000000001
1043.4250977095248	1200	8.988237899869645	0.0	587236	4730.7153735352	0.75
1046.0220044438772	750	10.391331165517391	0.0	379700	2596.9067343522543	0.3
1050.2507041790432	1200	10.162631430351372	0.0	696376	4228.699735166018	0.75
1052.5267069373488	1200	11.886628672045939	0.0	487160	2276.0027583054334	1.2
1056.801733573387	1850	11.611602036007572	0.0	972798	4275.0266360383675	1.2000000000000002
1061.2648338198628	1850	11.148501789531819	0.0	975811	4463.10024647575	1.85
1065.563226455572	1850	10.850109153822567	0.0	873429	4298.392635709253	1.85
1068.3439827700115	1200	12.069352839383031	0.0	620283	2780.7563144395344	0.5499999999999999
1072.3502339990914	1850	12.063101610303027	0.0	885062	4006.251229080003	1.2000000000000002
1077.648999199687	1850	10.764336409707415	0.0	1035329	5298.7652005956115	1.85
1083.4187890265277	1200	8.994546582866835	0.0	690253	5769.78982684058	0.5499999999999999
1085.807269445983	750	10.606066163411523	0.0	365161	2388.4804194553126	0.3
1089.1824683673683	1200	11.230867242026347	0.0	487812	3375.1989213851753	0.75
1095.9085254357549	1850	8.504810173639799	0.0	938587	6726.057068386549	1.2000000000000002
1100.1171603060038	750	8.296175303390754	0.0	378327	4208.634870249045	-0.3500000000000001
1105.3173461526203	750	7.095989456774156	0.0	390680	5200.185846616598	0.75
1108.2804256552856	750	8.132909954108865	0.0	345516	2963.0795026652904	0.75
1112.2396088044045	750	8.173726804989945	0.0	384505	3959.183149118921	0.75
1116.3799416300717	750	8.033393979322774	0.0	372093	4140.33282566717	0.75
1121.4071453678746	750	7.006190241520016	0.0	438281	5027.203737802759	0.75
1124.485387526391	750	7.927948083003792	0.0	398987	3078.2421585162238	0.75
1128.1020004245242	750	8.31133518487039	0.0	393804	3616.6128981334004	0.75
1130.257888561999	750	10.15544704739577	0.0	331053	2155.8881374746206	0.75
1133.1423849985786	1200	11.270950610816236	0.0	550906	2884.496436579536	0.75

