23051.891444460212	750	4.0	1.3915974527875299	450283	1391.5974527875298	-5.233869046986379
23053.202771004115	750	6.688673456098364	0.0	398865	1311.3265439016354	0.75
23054.62833434544	750	9.26311011477146	0.0	350812	1425.5633413269038	0.75
23056.099639197226	750	11.791805262985298	0.0	382355	1471.3048517861628	0.75
23057.55337005404	750	14.33807440617169	0.0	411561	1453.7308568136064	0.75
23058.779249267976	750	17.11219519223342	0.0	318564	1225.8792139382724	0.75
23059.950917848244	750	19.940526611964195	0.0	352642	1171.6685802692216	0.75
23063.688375538684	1850	20.203068921525695	0.0	1060487	3737.457690438502	0.75
23066.145392136164	1850	21.746052324045756	0.0	852833	2457.016597479937	1.85
23068.864506692564	1850	23.026937767647542	0.0	913888	2719.114556398212	1.85
23071.722687220983	1850	24.168757239224984	0.0	939819	2858.180528422554	1.85
23075.17353074223	1850	24.717913717976643	0.0	917428	3450.843521248342	1.85
23078.68328453422	1850	25.208159925987893	0.0	946851	3509.7537919887523	1.85
23082.597263893054	1850	25.29418056715485	0.0	1036454	3913.9793588330426	1.85
23086.43042993622	1850	25.461014523990393	0.0	821631	3833.1660431644573	1.85
23090.268092371873	1850	25.623352088335217	0.0	923170	3837.6624356551756	1.85
23094.014996049722	1850	25.876448410486688	0.0	966699	3746.903677848527	1.85
23098.03459582228	1850	25.856848637927353	0.0	885714	4019.599772559339	1.85
23101.671948427334	1850	26.21949603287014	0.0	987708	3637.352605057215	1.85
23105.250757569764	1850	26.64068689044136	0.0	923755	3578.8091424287823	1.85
23108.661583229925	1850	27.229861230280168	0.0	891604	3410.8256601611906	1.85
23112.68643974485	1850	27.205004715353446	0.0	955231	4024.8565149267215	1.85
23116.91585036678	1850	26.975594093426256	0.0	968026	4229.410621927194	1.85
23120.352689243904	1850	27.53875521630105	0.0	874175	3436.838877125206	1.85
23124.063888374232	1850	27.827556085973445	0.0	897976	3711.199130327604	1.85
23127.612097833673	1850	28.279346626530437	0.0	905935	3548.209459443005	1.85
23131.60584694334	1850	28.285597516865042	0.0	1076599	3993.7491096653935	1.85
23134.051961894227	1850	29.839482565981406	0.0	758197	2446.1149508836397	1.85
23137.583133343793	1850	30.308311116412593	0.0	972798	3531.1714495688097	1.85
23140.92929190302	1850	30.962152557188222	0.0	975811	3346.15855922437	1.85
23143.840960137855	1850	32.05048432235178	0.0	873429	2911.668234836448	1.85
23147.306461567467	1850	32.58498289274202	0.0	954453	3465.5014296097575	1.85
23150.997103405058	1850	32.89434105514707	0.0	885062	3690.6418375949465	1.85
23154.903699019884	1850	32.98774544032168	0.0	1035329	3906.595614825394	1.85
23158.672450638125	1850	33.21899382207751	0.0	1026056	3768.751618244171	1.85
23161.84641873258	1850	34.045025727625266	0.0	943942	3173.9680944522433	1.85
23164.007717456083	1850	35.883727004121475	0.0	728962	2161.298723503795	1.85
23167.124109986296	1850	36.76733447390607	0.0	938587	3116.3925302154007	1.85
23171.150113473428	1850	36.741330986776624	0.0	908665	4026.0034871294483	1.85
23175.299003421187	1850	36.59244103901536	0.0	930577	4148.889947761253	1.85
23178.89043400082	1850	37.00101045938192	0.0	858450	3591.4305796334447	1.85
23186.037055199682	4300	33.85438926051825	0.0	2184571	7146.621198863664	1.8499999999999996
23196.717486069105	4300	27.17395839109396	0.0	2121928	10680.430869424292	4.3
23207.9316423136	4300	19.959802146601405	0.0	2219102	11214.15624449256	4.3
23216.145465164733	4300	15.745979295470617	0.0	2124950	8213.822851130786	4.3
23225.132217550934	4300	10.759226909270792	0.0	2246506	8986.752386199825	4.3
23228.769440836943	1850	11.122003623261966	0.0	830730	3637.2232860088257	-0.6000000000000001
23232.79170983206	1850	11.0997346281429	0.0	846370	4022.2689951190664	1.85

