531.4344241430568	750	4.0	3.7572090788844412	450283	3757.209078884441	-15.405999039203095
532.6651587569817	300	6.76926538607515	0.0	155580	1230.7346139248493	-0.15000000000000002
533.7304737849772	300	9.703950358079696	0.0	139857	1065.3150279954539	0.3
535.0122037462978	300	12.422220396759094	0.0	155432	1281.729961320603	0.3
540.3452476635184	750	11.089176479538525	0.0	411561	5333.04391722057	0.3
544.914942826717	750	10.519481316339935	0.0	318564	4569.69516319859	0.75
546.2239360703422	300	13.210488072714773	0.0	153295	1308.993243625163	-0.15000000000000002
549.5724674020605	750	13.861956740996446	0.0	437162	3348.531331718326	0.3
553.875317524618	750	13.559106618438985	0.0	374758	4302.85012255746	0.75
558.2427591164889	750	13.191665026568161	0.0	362795	4367.441591870824	0.75
561.0855584058271	750	14.348865737229831	0.0	353220	2842.7992893383307	0.75
566.195490386048	750	13.238933757008859	0.0	405134	5109.931980220972	0.75
575.5596164094279	750	7.874807733628957	0.0	386351	9364.126023379902	0.75
581.0298799990588	300	6.40454414399807	0.0	179801	5470.2635896308875	-0.15000000000000002
584.9385083216902	300	6.4959158213667525	0.0	140051	3908.628322631317	0.3
587.9593745680138	300	7.47504957504308	0.0	138313	3020.866246323672	0.3
590.9830401747554	300	8.451383968301498	0.0	143509	3023.6656067415825	0.3
595.6397805104847	300	7.794643632572222	0.0	150616	4656.740335729276	0.3
601.4272868463833	300	6.007137296673674	0.0	165384	5787.506335898547	0.3
606.4835164711111	300	4.950907671945791	0.0	140881	5056.229624727883	0.3
611.6048914850514	300	4.0	0.17046734199459934	157671	5121.375013940391	-0.4330095705767772
615.5495304886846	300	4.055360996366966	0.0	157812	3944.639003633034	0.3
618.8832413423805	300	4.721650142670934	0.0	163927	3333.7108536960322	0.3
621.7840097212828	300	5.820881763768646	0.0	137654	2900.7683789022885	0.3
623.6794371959344	300	7.925454289117149	0.0	146754	1895.4274746514952	0.3
625.7167737339565	300	9.888117751095022	0.0	153938	2037.3365380221267	0.3
629.3390100720567	300	10.265881412994812	0.0	181901	3622.23633810021	0.3
631.9223027164668	300	11.682588768584603	0.0	111155	2583.292644410208	0.3
634.6985811588769	300	12.90631032617454	0.0	153605	2776.2784424100632	0.3
638.739266199403	300	12.865625285648486	0.0	149029	4040.685040526053	0.3
643.7791246967613	300	11.825766788290265	0.0	157421	5039.858497358222	0.3
648.6271156530856	300	10.977775831965848	0.0	157488	4847.990956324416	0.3
653.992478593902	300	9.612412891149495	0.0	143881	5365.362940816352	0.3
658.9663496875778	300	8.638541797473703	0.0	163444	4973.8710936757925	0.3
663.9501544972807	300	7.654736987770749	0.0	179328	4983.804809702953	0.3
669.6313657041485	300	5.973525780902937	0.0	159914	5681.2112068678125	0.3
674.3329268127877	300	5.271964672263659	0.0	131610	4701.561108639278	0.3
678.2408250543928	300	5.36406643065862	0.0	124011	3907.898241605039	0.3
681.6212327180634	300	5.983658766988041	0.0	144254	3380.4076636705795	0.3
683.8809578438488	300	7.723933641202631	0.0	149991	2259.725125785409	0.3
685.3624307310978	300	10.242460753953653	0.0	147968	1481.472887248979	0.3
686.8903539437965	300	12.714537541255044	0.0	161857	1527.9232126986083	0.3
688.1276320273623	300	15.477259457689156	0.0	145210	1237.2780835658887	0.3
691.2435904604848	750	16.36130102456671	0.0	438281	3115.958433122443	0.3
693.9232227858207	750	17.68166869923087	0.0	398987	2679.6323253358423	0.75
696.3686250537266	750	19.23626643132494	0.0	393804	2445.402267905925	0.75
698.5735168743685	750	21.03137461068311	0.0	331053	2204.891820641832	0.75
700.7493445272383	750	22.85554695781318	0.0	314107	2175.827652869931	0.75

