14478.490433358029	750	4.0	4.782926972877741	450283	4782.926972877741	-19.816585983374285
14480.235717594169	300	6.254715763859471	0.0	155580	1745.2842361405292	-0.15000000000000002
14482.198464712288	300	8.291968645740148	0.0	139857	1962.7471181193237	0.3
14486.652942011675	750	7.837491346353105	0.0	382355	4454.477299387042	0.3
14489.894648439638	750	8.595784918389523	0.0	411561	3241.7064279635815	0.75
14492.722609181064	750	9.767824176963604	0.0	318564	2827.960741425918	0.75
14497.608473012308	1200	8.881960345720167	0.0	561791	4885.863831243438	0.75
14504.366889286639	750	6.12354407138808	0.0	437162	6758.416274332087	0.3
14507.024544595979	300	7.465888762047195	0.0	150710	2657.6553093408847	-0.15000000000000002
14510.398573248165	750	8.09186010986115	0.0	362795	3374.0286521860453	0.3
14512.974814700789	750	9.51561865723744	0.0	353220	2576.2414526237117	0.75
14517.302116516115	1200	9.18831684191079	0.0	594078	4327.30181532665	0.75
14522.06323881568	1200	8.427194542347438	0.0	624282	4761.122299563351	1.2
14525.479583457505	750	9.010849900520357	0.0	434409	3416.344641827082	0.3
14532.124833439982	1200	6.3655999180434675	0.0	526950	6645.24998247689	0.75
14533.512623555776	300	8.977809802249942	0.0	138313	1387.7901157935255	-0.6000000000000001
14536.363917919705	750	10.126515438320183	0.0	360831	2851.2943639297596	0.3
14541.454531462625	1200	9.035901895399453	0.0	581493	5090.61354292073	0.75
14547.89117228889	1200	6.59926106913515	0.0	639204	6436.640826264303	1.2
14550.232206860343	300	8.25822649768055	0.0	140881	2341.034571454601	-0.6000000000000001
14557.649990633774	750	4.840442724248218	0.0	386472	7417.783773432331	0.3
14560.306998703114	300	6.183434654907256	0.0	157812	2657.0080693409627	-0.15000000000000002
14562.237430095522	300	8.253003262499355	0.0	163927	1930.4313924079013	0.3
14564.864734578987	750	9.625698779033272	0.0	343800	2627.3044834660836	0.3
14570.106340037864	1200	8.384093320157614	0.0	587236	5241.605458875658	0.75
14573.50237417142	750	8.988059186602701	0.0	379700	3396.034133554913	0.3
14579.179406097317	750	7.311027260704156	0.0	425781	5677.031925898545	0.75
14583.367441886612	750	7.122991471410367	0.0	277716	4188.035789293789	0.75
14592.199518461925	750	4.0	1.7090851039017907	400396	8832.076575312158	-6.599065946777699
14596.65797413358	300	4.0	0.4584556716560819	149029	4458.455671656082	-2.121359388121152
14599.884321894882	300	4.773652238698893	0.0	157421	3226.3477613011073	0.3
14603.112008774217	300	5.545965359363932	0.0	157488	3227.68687933496	0.3
14607.21522350563	300	5.442750627951434	0.0	143881	4103.214731412498	0.3
14611.074410380383	300	5.583563753198971	0.0	163444	3859.1868747524645	0.3
14612.992180326462	300	7.66579380711943	0.0	179328	1917.7699460795407	0.3
14615.271663933898	750	9.386310199684097	0.0	365161	2279.4836074353325	0.3
14618.272211944524	1200	10.3857621890577	0.0	487812	3000.5480106263954	0.75
14621.04252765991	1200	11.61544647367051	0.0	575591	2770.315715387192	1.2
14625.628544603529	1850	11.029429530053195	0.0	908665	4586.016943617315	1.2000000000000002
14631.127881180557	1850	9.530092953025	0.0	930577	5499.336577028195	1.85
14635.572549919932	1200	9.085424213648405	0.0	566904	4444.668739376595	0.5499999999999999
14639.860032174302	1200	8.797941959279422	0.0	641452	4287.482254368983	1.2
14641.569309834487	750	11.088664299093802	0.0	372093	1709.2776601856192	0.3
14646.848544913311	1850	9.80942922027165	0.0	973972	5279.235078822153	0.75
14650.931220021648	1200	9.726754111933035	0.0	630203	4082.6751083386152	0.5499999999999999
14654.812637172163	1200	9.845336961417992	0.0	638661	3881.417150515043	1.2
14657.889855019874	1200	10.7681191137066	0.0	538612	3077.2178477113916	1.2
14660.8643854442	1200	11.793588689380476	0.0	550906	2974.530424326124	1.2

