9431.070852374693	750	4.0	1.464606764188326	450283	1464.606764188326	-5.547809086009802
9432.305838570219	750	6.765013804474078	0.0	398865	1234.9861955259219	0.75
9433.494942412637	750	9.575909962056157	0.0	350812	1189.1038424179214	0.75
9434.951786658914	750	12.119065715778481	0.0	382355	1456.8442462776757	0.75
9436.30964924319	750	14.761203131501947	0.0	411561	1357.8625842765346	0.75
9437.328448171447	750	17.742404203245563	0.0	318564	1018.7989282563871	0.75
9440.264110736109	1850	18.80674163858419	0.0	905515	2935.662564661373	0.75
9443.456399527062	1850	19.61445284763213	0.0	1060487	3192.2887909520596	1.85
9446.728820522841	1850	20.342031851853587	0.0	852833	3272.420995778544	1.85
9450.245414800265	1850	20.825437574428676	0.0	913888	3516.594277424908	1.85
9453.106668382776	1850	21.964183991919082	0.0	939819	2861.2535825095956	1.85
9456.176203732099	1850	22.89464864259475	0.0	917428	3069.5353493243356	1.85
9459.945374971188	1850	23.12547740350593	0.0	946851	3769.1712390888183	1.85
9466.989728745477	1850	20.081123629217306	0.0	1036454	7044.353774288624	1.85
9470.49639287356	1850	20.57445950113531	0.0	821631	3506.6641280819968	1.85
9474.347698804924	1850	20.723153569770776	0.0	923170	3851.305931364532	1.85
9478.578279684683	1850	20.49257269001088	0.0	966699	4230.580879759896	1.85
9482.62732572848	1850	20.443526646214497	0.0	885714	4049.046043796386	1.85
9486.942745960845	1850	20.12810641384922	0.0	987708	4315.420232365277	1.85
9490.71118106995	1850	20.359671304743728	0.0	923755	3768.4351091054955	1.85
9494.632151802052	1850	20.438700572640997	0.0	891604	3920.970732102731	1.85
9498.372230490151	1850	20.698621884541186	0.0	955231	3740.0786880998076	1.85
9502.204219966641	1850	20.86663240805316	0.0	968026	3831.989476488027	1.85
9505.322958526833	1850	21.747893847861654	0.0	874175	3118.7385601915043	1.85
9508.790510769377	1850	22.28034160531777	0.0	897976	3467.5522425438853	1.85
9512.309341808299	1850	22.761510566396115	0.0	905935	3518.831038921655	1.85
9516.281357983167	1850	22.789494391527846	0.0	1076599	3972.0161748682704	1.85
9519.065565707466	1850	24.005286667227637	0.0	758197	2784.207724300208	1.85
9523.382024864275	1850	23.688827510417664	0.0	972798	4316.459156809973	1.85
9530.04731008669	1850	21.023542288002346	0.0	975811	6665.285222415316	1.85
9534.777063286263	1850	20.29378908842914	0.0	873429	4729.753199573206	1.85
9540.473838181919	1850	18.597014192773987	0.0	954453	5696.774895655154	1.85
9548.320645755939	1850	14.750206618753918	0.0	885062	7846.8075740200675	1.85
9557.140626359025	1850	9.93022601566858	0.0	1035329	8819.980603085338	1.85
9559.711197665987	750	11.359654708705369	0.0	401088	2570.5713069632116	-0.3500000000000001
9562.000606317552	750	13.07024605714157	0.0	365161	2289.408651563799	0.75
9563.902890108242	750	15.167962266450772	0.0	321064	1902.2837906907987	0.75
9565.940871215824	750	17.129981158869313	0.0	361565	2037.981107581461	0.75
9567.907801610498	750	19.16305076419647	0.0	378327	1966.9303946728423	0.75
9570.516031951887	750	20.554820422806483	0.0	390680	2608.230341389987	0.75
9572.79625688178	750	22.274595492912997	0.0	345516	2280.2249298934853	0.75
9575.200693541916	750	23.87015883277864	0.0	384505	2404.4366601343595	0.75
9577.637834626057	750	25.43301774863878	0.0	372093	2437.141084139858	0.75
9583.79071553194	1850	23.28013684275408	0.0	973972	6152.880905884699	0.75
9596.384953520404	1850	14.685898854292292	0.0	958994	12594.237988461788	1.85
9601.534194255924	750	13.536658118772623	0.0	393804	5149.240735519669	-0.3500000000000001
9610.102596819192	750	8.9682555555036	0.0	331053	8568.402563269023	0.75
9612.734593139332	300	10.336259235364597	0.0	118421	2631.9963201390024	-0.15000000000000002

