6050.077382607261	750	4.0	6.240793125191714	450283	6240.793125191714	-26.08541043832437
6052.685596139654	300	5.39178646760646	0.0	155580	2608.2135323935404	-0.15000000000000002
6055.213775430659	300	6.863607176602174	0.0	139857	2528.179291004286	0.3
6057.499232387068	300	8.578150220191981	0.0	155432	2285.456956410193	0.3
6061.012053306889	300	9.065329300370701	0.0	163442	3512.820919821281	0.3
6063.37334090665	300	10.704041700610226	0.0	126289	2361.2875997604747	0.3
6065.920406473663	300	12.156976133596313	0.0	153295	2547.065567013914	0.3
6068.858430671977	300	13.218951935283304	0.0	173849	2938.024198313009	0.3
6071.946279617023	300	14.131102990237448	0.0	150710	3087.848945045855	0.3
6074.914680432245	300	15.162702175014754	0.0	139105	2968.400815222695	0.3
6081.481604123202	750	12.59577848405866	0.0	353220	6566.923690956093	0.3
6090.155211684548	750	7.922170922712563	0.0	405134	8673.607561346098	0.75
6093.234844091373	300	8.842538515887256	0.0	160746	3079.632406825308	-0.15000000000000002
6096.101262046211	300	9.976120561049328	0.0	179801	2866.4179548379293	0.3
6098.113445078959	300	11.963937528301187	0.0	140051	2012.1830327481407	0.3
6100.20977260129	300	13.86761000596998	0.0	138313	2096.3275223312094	0.3
6102.604388667412	300	15.472993939847852	0.0	143509	2394.6160661221274	0.3
6108.24057979751	750	13.836802809750061	0.0	372963	5636.191130097789	0.3
6113.802022826582	750	12.275359780677682	0.0	405596	5561.44302907238	0.75
6118.94719453272	750	11.130188074540088	0.0	350713	5145.171706137593	0.75
6125.136705119123	750	8.940677488137018	0.0	386472	6189.510586403071	0.75
6126.726184130093	300	11.351198477166484	0.0	157812	1589.4790109705336	-0.15000000000000002
6128.400486935336	300	13.676895671923102	0.0	163927	1674.3028052433826	0.3
6129.5844067595735	300	16.492975847686232	0.0	137654	1183.9198242368689	0.3
6132.597376048459	750	17.48000655879937	0.0	359903	3012.9692888868635	0.3
6136.645348923483	750	17.432033683776503	0.0	379700	4047.9728750228687	0.75
6142.700145502531	750	15.377237104728625	0.0	425781	6054.7965790478775	0.75
6146.538854038246	750	15.538528569013447	0.0	277716	3838.708535715178	0.75
6154.679200366648	750	11.39818224061155	0.0	400396	8140.346328401897	0.75
6157.223566424563	300	12.853816182697194	0.0	149029	2544.3660579143557	-0.15000000000000002
6160.907580368529	300	13.169802238730773	0.0	157421	3684.013943966421	0.3
6165.266026623457	300	12.811355983803521	0.0	157488	4358.446254927251	0.3
6170.265175909282	300	11.81220669797781	0.0	143881	4999.1492858257125	0.3
6175.580690266858	300	10.49669234040303	0.0	163444	5315.514357574781	0.3
6180.184737384047	300	9.89264522321376	0.0	179328	4604.047117189269	0.3
6185.448692948476	300	8.628689658785472	0.0	159914	5263.955564428289	0.3
6190.155748030301	300	7.921634576959308	0.0	131610	4707.055081826164	0.3
6194.226044839879	300	7.8513377673805715	0.0	124011	4070.2968095787364	0.3
6197.878988153652	300	8.19839445360821	0.0	144254	3652.943313772362	0.3
6201.545304580705	300	8.53207802655517	0.0	149991	3666.3164270530383	0.3
6205.134538487039	300	8.94284412022049	0.0	147968	3589.233906334681	0.3
6208.150962232686	300	9.926420374573947	0.0	161857	3016.4237456465426	0.3
6210.76627311115	300	11.311109496109083	0.0	145210	2615.3108784648643	0.3
6213.392033152703	300	12.685349454556356	0.0	172312	2625.7600415527263	0.3
6215.633387684933	300	14.443994922326896	0.0	167025	2241.35453222946	0.3
6218.2701069222285	300	15.807275685030698	0.0	160064	2636.7192372961977	0.3
6226.3504143454375	750	11.726968261822263	0.0	331053	8080.307423208435	0.3
6228.434285468775	300	13.643097138485286	0.0	118421	2083.8711233369786	-0.15000000000000002

