2305.131625268106	750	4.0	2.731225734575557	450283	2731.225734575557	-10.994270658674894
2306.0950821622428	300	7.036543105862896	0.0	155580	963.4568941371031	-0.15000000000000002
2307.00660223001	300	10.125023038096328	0.0	139857	911.5200677665691	0.3
2308.0387397490035	300	13.092885519102305	0.0	155432	1032.1375189940231	0.3
2312.999602417389	750	12.132022850717114	0.0	411561	4960.862668385191	0.3
2317.445174078538	750	11.686451189567732	0.0	318564	4445.571661149382	0.75
2321.689436189306	750	11.44218907879962	0.0	352642	4244.262110768111	0.75
2327.377033051389	750	9.754592216716652	0.0	437162	5687.596862082968	0.75
2330.4850281756917	750	10.646597092413845	0.0	374758	3107.9951243028054	0.75
2332.929902535242	750	12.201722732863509	0.0	362795	2444.8743595503365	0.75
2335.37149522869	750	13.760130039415358	0.0	353220	2441.5926934481504	0.75
2338.9048110923977	750	14.226814175707757	0.0	405134	3533.315863707602	0.75
2342.009518525367	750	15.122106742738305	0.0	386351	3104.7074329694515	0.75
2344.912535762762	750	16.21908950534317	0.0	434409	2903.017237395137	0.75
2347.75148791864	750	17.38013734946519	0.0	337059	2838.9521558779807	0.75
2352.19833761028	750	16.933287657825595	0.0	366214	4446.849691639594	0.75
2354.844969795838	750	18.286655472267462	0.0	360831	2646.6321855581327	0.75
2357.283956623299	750	19.847668644806596	0.0	372963	2438.986827460869	0.75
2359.738255016508	750	21.393370251597705	0.0	405596	2454.298393208889	0.75
2362.229933336213	750	22.901691931892962	0.0	350713	2491.6783197047444	0.75
2366.9436485080773	1850	22.187976760028423	0.0	891604	4713.715171864538	0.75
2372.419324660984	1850	20.71230060712208	0.0	955231	5475.676152906345	1.85
2378.649254258928	1850	18.48237100917801	0.0	968026	6229.929597944074	1.85
2383.5504937983874	1850	17.581131469718688	0.0	874175	4901.239539459323	1.85
2388.3871086953795	1850	16.744516572726564	0.0	897976	4836.614896992121	1.85
2392.7965714144216	1850	16.335053853684393	0.0	905935	4409.462719042169	1.85
2397.45727285433	1850	15.674352413776061	0.0	1076599	4660.701439908333	1.85
2400.566321550214	1850	16.565303717891883	0.0	758197	3109.0486958841816	1.85
2404.5387615003206	1850	16.592863767785744	0.0	972798	3972.439950106137	1.85
2408.2803814104245	1850	16.851243857681613	0.0	975811	3741.619910104129	1.85
2412.1219985218936	1850	17.009626746212636	0.0	873429	3841.6171114689773	1.85
2415.646209938595	1850	17.48541532951149	0.0	954453	3524.211416701147	1.85
2418.684981020461	1850	18.446644247645832	0.0	885062	3038.771081865657	1.85
2422.864360623918	1850	18.26726464418878	0.0	1035329	4179.3796034570505	1.85
2427.9597472163396	1850	17.171878051767127	0.0	1026056	5095.386592421657	1.85
2433.567719289809	1850	15.563905978297727	0.0	943942	5607.972073469397	1.85
2437.2212317124977	1850	15.91039355560883	0.0	728962	3653.5124226888975	1.85
2442.1631542593645	1850	14.968471008742112	0.0	938587	4941.922546866717	1.85
2445.985183920098	1850	15.146441348008508	0.0	908665	3822.0296607336036	1.85
2452.2102164675875	1850	12.921408800518925	0.0	930577	6225.032547489583	1.85
2456.5470682499467	1850	12.584557018159579	0.0	858450	4336.8517823593465	1.85
2461.7050701716084	1850	11.426555096497934	0.0	1025005	5158.001921661645	1.85
2466.266548192019	1850	10.86507707608737	0.0	886255	4561.478020410564	1.85
2471.594698911316	1850	9.536926356790577	0.0	973972	5328.150719296794	1.85
2473.552791973873	750	11.578833294233421	0.0	398987	1958.0930625571543	-0.3500000000000001
2475.8334245947053	750	13.298200673401055	0.0	393804	2280.632620832366	0.75
2477.6486208487345	750	15.483004419372312	0.0	331053	1815.1962540287432	0.75
2479.3176622821225	750	17.813962985984283	0.0	314107	1669.0414333880283	0.75

