7338.9867513651025	750	4.0	8.793419615156727	450283	8793.419615156727	-37.06170434517393
7341.98711267236	300	4.999638692742964	0.0	155580	3000.361307257036	-0.15000000000000002
7344.615849303408	300	6.370902061693952	0.0	139857	2628.7366310490115	0.3
7347.095110267862	300	7.89164109724028	0.0	155432	2479.2609644536724	0.3
7353.167442052388	750	5.8193093127148146	0.0	411561	6072.331784525465	0.3
7355.043380402588	300	7.943370962513812	0.0	126289	1875.9383502010032	-0.15000000000000002
7360.091711768775	750	6.895039596326414	0.0	352642	5048.331366187398	0.3
7362.494891311624	300	8.491860053477634	0.0	173849	2403.17954284878	-0.15000000000000002
7367.806450774787	750	7.180300590314644	0.0	374758	5311.55946316299	0.3
7373.48045588231	750	5.506295482791957	0.0	362795	5674.005107522687	0.75
7375.915872032212	300	7.0708793328901445	0.0	141840	2435.4161499018123	-0.15000000000000002
7381.522484291662	750	5.464267073439731	0.0	405134	5606.612259450413	0.3
7383.73636204323	300	7.250389321872675	0.0	160746	2213.877751567056	-0.15000000000000002
7391.731561586005	750	4.0	0.7448102209034824	434409	7995.199542776158	-2.9026839498849744
7393.830493674147	300	5.901067911858758	0.0	140051	2098.9320881412427	-0.15000000000000002
7395.734883958845	300	7.996677627161385	0.0	138313	1904.3902846973729	0.3
7400.930892068364	750	6.800669517641035	0.0	360831	5196.00810952035	0.3
7403.274930156349	300	8.456631429656333	0.0	150616	2344.0380879847003	-0.15000000000000002
7409.643938844299	750	6.087622741706381	0.0	405596	6369.008687949953	0.3
7411.972564027896	300	7.758997558109495	0.0	140881	2328.6251835968865	-0.15000000000000002
7418.185822421546	750	5.545739164459407	0.0	386472	6213.258393650088	0.3
7420.764382448634	300	6.967179137371697	0.0	157812	2578.5600270877108	-0.15000000000000002
7423.531862161512	300	8.199699424492934	0.0	163927	2767.4797128787623	0.3
7428.886503787423	750	6.845057798582863	0.0	343800	5354.6416259100715	0.3
7431.109514903327	300	8.622046682677608	0.0	146754	2223.0111159052544	-0.15000000000000002
7435.903498006478	750	7.8280635795274645	0.0	379700	4793.9831031501435	0.3
7440.124919522283	750	7.606642063722919	0.0	425781	4221.421515804545	0.75
7442.779980983088	750	8.951580602918211	0.0	277716	2655.0614608047076	0.75
7447.315645995776	750	8.415915590230188	0.0	400396	4535.665012688023	0.75
7451.973548009563	750	7.758013576443185	0.0	400508	4657.902013787003	0.75
7456.313913304517	750	7.417648281489318	0.0	358218	4340.365294953867	0.75
7461.9184179053345	750	5.813143680671806	0.0	400322	5604.504600817511	0.75
7464.693968936319	300	7.03759264968726	0.0	143881	2775.5510309845467	-0.15000000000000002
7470.855819941851	750	4.8757416441543375	0.0	412837	6161.8510055329225	0.3
7473.094151559365	300	6.637410026640336	0.0	179328	2238.3316175140008	-0.15000000000000002
7474.968755315803	300	8.7628062702022	0.0	159914	1874.603756438137	0.3
7479.134412239983	750	8.597149346021238	0.0	321064	4165.656924180961	0.3
7483.675890388501	750	8.05567119750439	0.0	361565	4541.478148516849	0.75
7487.809439143585	750	7.922122442420381	0.0	378327	4133.548755084009	0.75
7492.2849001353725	750	7.4466614506323525	0.0	390680	4475.460991788029	0.75
7496.553665107658	750	7.177896478346527	0.0	345516	4268.764972285825	0.75
7501.489294105245	750	6.242267480759527	0.0	384505	4935.6289975869995	0.75
7503.307563272105	300	8.42399831390007	0.0	145210	1818.2691668594591	-0.15000000000000002
7508.729741472652	750	7.001820113352169	0.0	438281	5422.1782005479	0.3
7513.422845511547	750	6.308716074456664	0.0	398987	4693.104038895504	0.75
7515.476127151693	300	8.255434434311411	0.0	160064	2053.2816401452524	-0.15000000000000002
7519.679690143594	750	8.051871442410498	0.0	331053	4203.562991900913	0.3
7523.139591607864	750	8.591969978139744	0.0	314107	3459.901464270753	0.75

