17087.801911662584	750	4.0	2.752351768226307	450283	2752.351768226307	-11.085112603373119
17088.821811441278	300	6.980100221306277	0.0	155580	1019.8997786937232	-0.15000000000000002
17089.943770504364	300	9.858141158220798	0.0	139857	1121.959063085479	0.3
17093.554806856784	1200	10.247104805799035	0.0	617681	3611.0363524217623	0.29999999999999993
17096.98432589971	1200	10.817585762873627	0.0	652874	3429.519042925408	1.2
17103.042995600368	1200	8.758916062212567	0.0	520315	6058.669700661059	1.2
17108.151964766243	750	7.649946896341172	0.0	352642	5108.9691658713955	0.3
17111.27546548605	750	8.52644617653333	0.0	437162	3123.500719807841	0.75
17115.050125933532	750	8.751785729052985	0.0	374758	3774.6604474803466	0.75
17119.852545629634	750	7.949366032948463	0.0	362795	4802.419696104522	0.75
17125.21007691585	750	6.591834746733668	0.0	353220	5357.531286214795	0.75
17126.247615271284	300	9.554296391295996	0.0	156148	1037.5383554376726	-0.15000000000000002
17128.52452144199	1200	11.277390220592103	0.0	624282	2276.9061707038904	0.29999999999999993
17135.741177417945	1850	8.060734244635265	0.0	1036454	7216.655975956839	1.2000000000000002
17138.388599672704	750	9.41331198987462	0.0	337059	2647.422254760645	-0.3500000000000001
17143.11269871625	1200	8.689212946329269	0.0	587876	4724.09904354535	0.75
17145.41745887822	750	10.384452784358034	0.0	360831	2304.7601619712354	0.3
17154.051178977046	1200	5.750732685531401	0.0	581493	8633.720098826634	0.75
17155.300839751937	300	8.501071910642336	0.0	165384	1249.660774889064	-0.6000000000000001
17157.348191108864	750	10.453720553715215	0.0	350713	2047.3513569271215	0.3
17165.305713969738	1200	6.496197692842635	0.0	601738	7957.522860872579	0.75
17167.203544956144	300	8.598366706437261	0.0	157812	1897.830986405375	-0.6000000000000001
17172.228982885987	750	7.572928776595061	0.0	401853	5025.437929842199	0.3
17177.10731264067	750	6.694599021910434	0.0	343800	4878.329754684628	0.75
17178.27952260946	300	9.522389053118903	0.0	146754	1172.2099687915315	-0.15000000000000002
17184.06607000426	1200	7.735841658318931	0.0	590335	5786.547394799972	0.29999999999999993
17186.955958460017	750	8.845953202561931	0.0	425781	2889.8884557569986	0.3
17189.27654178706	750	10.52536987551982	0.0	277716	2320.583327042112	0.75
17193.03138031405	1200	10.770531348535073	0.0	622896	3754.838526984747	0.75
17198.617864639928	1200	9.184047022656337	0.0	641447	5586.484325878734	1.2
17203.18200652052	1200	8.619905142061464	0.0	570392	4564.141880594873	1.2
17206.86788187214	750	8.934029790440809	0.0	400322	3685.875351620654	0.3
17209.491415749377	750	10.310495913200583	0.0	369834	2623.5338772402265	0.75
17215.651602419377	1200	8.150309243204573	0.0	670129	6160.186669996009	0.75
17219.27350670429	750	8.528404958291766	0.0	401088	3621.904284912806	0.3
17221.861459136184	750	9.94045252639586	0.0	365161	2587.952431895907	0.75
17225.687280269954	1200	10.114631392625009	0.0	487812	3825.8211337708512	0.75
17229.122330293754	1200	10.679581368822024	0.0	575591	3435.050023802986	1.2
17236.073025498332	1200	7.72888616424922	0.0	605884	6950.695204572805	1.2
17239.592585385384	750	8.20932627719353	0.0	390680	3519.5598870556887	0.3
17242.45007015274	750	9.351841509838165	0.0	345516	2857.4847673553645	0.75
17248.59131430333	1200	7.210597359250371	0.0	641452	6141.244150587794	0.75
17252.305034693094	750	7.496876969480439	0.0	372093	3713.7203897699305	0.3
17259.85158952132	750	4.0	0.049677858742054014	438281	7546.554828222494	0.5363852074091677
17263.15902239547	300	4.69256712585009	0.0	167025	3307.4328741499107	-0.15000000000000002
17264.534568106028	300	7.3170214152893855	0.0	160064	1375.545710560704	0.3
17266.39393727379	750	9.457652247525736	0.0	331053	1859.369167763649	0.3
17269.527017530396	1200	10.324571990922236	0.0	550906	3133.080256603502	0.75

