5873.2819977750605	750	4.0	6.08032816050688	450283	6080.3281605068805	-25.395411090179586
5875.636949275458	300	5.645048499601703	0.0	155580	2354.951500398297	-0.15000000000000002
5877.910028089106	300	7.371969685954002	0.0	139857	2273.078813647701	0.3
5880.469466883951	300	8.81253089110955	0.0	155432	2559.4387948444523	0.3
5883.4311696573195	300	9.85082811774056	0.0	163442	2961.702773368989	0.3
5885.467120626968	300	11.814877148093101	0.0	126289	2035.95096964746	0.3
5888.604367069905	300	12.677630705156039	0.0	153295	3137.2464429370616	0.3
5891.2878349084	300	13.994162866660107	0.0	173849	2683.4678384959343	0.3
5893.093706931323	300	16.188290843738397	0.0	150710	1805.8720229217085	0.3
5894.635601484005	300	18.646396291056924	0.0	139105	1541.894552681473	0.3
5896.0919535377525	300	21.190044237308346	0.0	141840	1456.3520537485779	0.3
5899.8299353925595	750	21.452062382501783	0.0	405134	3737.9818548065628	0.3
5903.076136278091	750	22.20586149697075	0.0	386351	3246.20088553103	0.75
5906.776344162146	750	22.505653612915225	0.0	434409	3700.2078840555273	0.75
5912.081462103692	1200	21.200535671370293	0.0	526950	5305.117941544935	0.75
5918.435005236928	1200	18.846992538133435	0.0	587876	6353.543133236857	1.2
5928.531692262744	1200	12.750305512317565	0.0	617242	10096.68702581587	1.2
5937.9257824919505	1200	7.356215283111402	0.0	581493	9394.090229206164	1.2
5940.314449800484	300	8.967547974577734	0.0	165384	2388.667308533668	-0.6000000000000001
5941.942104396094	300	11.339893378967693	0.0	140881	1627.6545956100413	0.3
5944.344620947596	300	12.93737682746525	0.0	157671	2402.516551502441	0.3
5947.420173589062	300	13.861824185998957	0.0	157812	3075.552641466293	0.3
5950.135853768226	300	15.146144006833843	0.0	163927	2715.680179165114	0.3
5952.077547797794	300	17.204449977266055	0.0	137654	1941.6940295677864	0.3
5954.457533706929	300	18.82446406813082	0.0	146754	2379.985909135237	0.3
5956.887248304077	300	20.394749470983427	0.0	153938	2429.7145971473924	0.3
5959.376782096854	300	21.9052156782053	0.0	181901	2489.5337927781284	0.3
5960.759716125823	300	24.522281649236888	0.0	111155	1382.9340289684117	0.3
5964.693842963255	750	24.588154811804657	0.0	400396	3934.1268374322326	0.3
5968.7014749993	750	24.580522775759064	0.0	400508	4007.6320360455907	0.75
5974.432392198477	750	22.849605576582192	0.0	358218	5730.917199176875	0.75
5983.432059817503	750	17.84993795755716	0.0	400322	8999.667619025035	0.75
5990.574842791517	750	14.70715498354223	0.0	369834	7142.782974014927	0.75
6000.267058266953	750	9.014939508106158	0.0	412837	9692.215475436073	0.75
6003.353961299944	300	9.928036475115535	0.0	179328	3086.9030329906227	-0.15000000000000002
6006.222432891566	300	11.059564883493207	0.0	159914	2868.4715916223286	0.3
6008.470911062891	300	12.811086712168672	0.0	131610	2248.4781713245357	0.3
6011.174670737014	300	14.10732703804545	0.0	124011	2703.7596741232232	0.3
6014.137835733897	300	15.144162041162966	0.0	144254	2963.1649968824822	0.3
6017.061543041435	300	16.2204547336259	0.0	149991	2923.707307537068	0.3
6019.071027620135	300	18.210970154924798	0.0	147968	2009.4845787011025	0.3
6021.358353970928	300	19.92364380413129	0.0	161857	2287.326350793507	0.3
6023.383714369625	300	21.898283405434114	0.0	145210	2025.360398697174	0.3
6030.404576659212	750	18.877421115847312	0.0	438281	7020.862289586805	0.3
6037.563472884883	750	15.718524890176967	0.0	398987	7158.896225670345	0.75
6042.813331700663	750	14.468666074396243	0.0	393804	5249.8588157807235	0.75
6048.009344218195	1200	13.272653556864025	0.0	538612	5196.012517532218	0.75
6055.0804166215175	1850	10.201581153541778	0.0	846370	7071.072403322247	1.2000000000000002

