12484.786578520152	750	4.0	4.264022486880352	450283	4264.022486880352	-17.585296693585512
12486.040159515747	300	6.746419004404097	0.0	155580	1253.5809955959026	-0.15000000000000002
12487.20025206622	300	9.586326453931424	0.0	139857	1160.0925504726724	0.3
12488.775393407333	300	12.011185112819247	0.0	155432	1575.141341112178	0.3
12492.893931108425	300	11.892647411728696	0.0	163442	4118.53770109055	0.3
12496.337381421123	300	12.449197099030972	0.0	126289	3443.450312697726	0.3
12500.40039122687	300	12.386187293283337	0.0	153295	4063.009805747634	0.3
12505.41837099274	300	11.368207527413329	0.0	173849	5017.979765870008	0.3
12509.34437341072	300	11.442205109432708	0.0	150710	3926.002417980623	0.3
12511.452160418818	300	13.334418101334908	0.0	139105	2107.7870080978	0.3
12512.871348199737	300	15.915230320415505	0.0	141840	1419.1877809194025	0.3
12516.238887304053	750	16.54769121609888	0.0	405134	3367.539104316627	0.3
12521.317356771839	750	15.469221748314444	0.0	386351	5078.469467784435	0.75
12527.562256024725	750	13.224322495428249	0.0	434409	6244.899252886195	0.75
12530.543217789533	750	14.243360730619319	0.0	337059	2980.96176480893	0.75
12533.128084872347	750	15.658493647805612	0.0	366214	2584.8670828137083	0.75
12538.007820948385	750	14.778757571768194	0.0	360831	4879.736076037417	0.75
12541.621531494844	750	15.165047025307896	0.0	372963	3613.7105464602982	0.75
12545.429223992673	750	15.357354527480766	0.0	405596	3807.6924978271304	0.75
12552.244397164239	750	12.542181355913257	0.0	350713	6815.173171567509	0.75
12556.184634988049	750	12.601943532102867	0.0	386472	3940.23782381039	0.75
12562.197269927407	750	10.589308592746125	0.0	399894	6012.634939356742	0.75
12563.800382162508	300	12.986196357644634	0.0	163927	1603.1122351014913	-0.15000000000000002
12565.369892497254	300	15.4166860228974	0.0	137654	1569.5103347472334	0.3
12569.209205978554	750	15.577372541599049	0.0	359903	3839.313481298352	0.3
12574.40566216045	750	14.380916359701382	0.0	379700	5196.456181897666	0.75
12578.790511305915	750	13.996067214237433	0.0	425781	4384.84914546395	0.75
12581.317439603346	750	15.469138916804985	0.0	277716	2526.9282974324487	0.75
12584.928291265456	750	15.858287254695703	0.0	400396	3610.8516621092804	0.75
12588.517565277854	750	16.269013242298122	0.0	400508	3589.2740123975827	0.75
12592.228627867662	750	16.557950652491037	0.0	358218	3711.0625898070866	0.75
12597.4213080014	750	15.365270518753228	0.0	400322	5192.680133737807	0.75
12601.104908927018	750	15.68166959313391	0.0	369834	3683.6009256193192	0.75
12605.342406653004	750	15.444171867147997	0.0	412837	4237.4977259859115	0.75
12609.134327287029	750	15.652251233122145	0.0	401088	3791.9206340258515	0.75
12612.226188624882	750	16.56038989527089	0.0	365161	3091.861337851255	0.75
12619.888634521158	750	12.897943998993567	0.0	321064	7662.445896277325	0.75
12629.955877764163	750	6.830700755988257	0.0	361565	10067.24324300531	0.75
12633.309276683376	300	7.47730183677715	0.0	144254	3353.3989192111067	-0.15000000000000002
12635.418052113626	300	9.36852640652532	0.0	149991	2108.77543025183	0.3
12636.875726002983	300	11.910852517168056	0.0	147968	1457.673889357263	0.3
12638.38363038961	300	14.402948130542125	0.0	161857	1507.9043866259317	0.3
12641.50409483018	750	15.282483689973668	0.0	372093	3120.4644405684567	0.3
12648.83282519126	750	11.953753328891231	0.0	438281	7328.730361082437	0.75
12653.008271370101	750	11.778307150050829	0.0	398987	4175.446178840402	0.75
12655.87473687232	750	12.911841647832706	0.0	393804	2866.465502218123	0.75
12659.427023654338	750	13.359554865813111	0.0	331053	3552.2867820195943	0.75
12663.730279147203	750	13.0562993729495	0.0	314107	4303.255492863612	0.75

