16720.062350555545	750	4.0	1.4326655545084757	450283	1432.6655545084757	-5.410461884386445
16720.61768877576	300	7.444661779784371	0.0	155580	555.3382202156292	-0.15000000000000002
16721.909804354396	750	10.152546201148091	0.0	350812	1292.1155786362808	0.3
16724.363215662685	1200	11.69913489286229	0.0	617681	2453.4113082858	0.75
16729.380462714256	1850	10.681887841291339	0.0	996749	5017.247051570952	1.2000000000000002
16731.13940527214	1200	12.922945283405298	0.0	520315	1758.9425578860419	0.5499999999999999
16733.91860486773	1850	14.14374568781543	0.0	905515	2779.1995955898683	1.2000000000000002
16739.173068467513	2850	12.88928208803387	0.0	1638769	5254.46359978156	1.85
16742.105570771128	1850	13.956779784419483	0.0	852833	2932.502303614386	0.8500000000000001
16748.723910679306	2850	11.338439876241392	0.0	1429765	6618.339908178093	1.85
16752.401124322932	1850	11.661226232615482	0.0	939819	3677.21364362591	0.8500000000000001
16755.909416135226	1850	12.152934420322097	0.0	917428	3508.2918122933843	1.85
16759.060623375975	1850	13.001727179572061	0.0	946851	3151.207240750036	1.85
16764.287426959556	2850	11.774923595988982	0.0	1578343	5226.803583583081	1.85
16767.09533763856	1850	12.96701291698937	0.0	821631	2807.9106789996117	0.8500000000000001
16772.18700833003	1850	11.875342225513226	0.0	923170	5091.6706914761435	1.85
16775.39427211276	1850	12.668078442787511	0.0	966699	3207.2637827257154	1.85
16778.138472709463	1850	13.923877846083306	0.0	885714	2744.200596704205	1.85
16783.01642997553	2850	13.045920580012597	0.0	1537156	4877.957266070709	1.85
16787.488302379315	2850	12.574048176231177	0.0	1336050	4471.872403781419	2.85
16791.939319978163	1850	12.123030577384077	0.0	891604	4451.0175988471	0.8500000000000001
16796.08505728696	1850	11.977293268589293	0.0	955231	4145.737308794785	1.85
16799.655064117494	1850	12.40728643805259	0.0	968026	3570.0068305367013	1.85
16802.7409331779	1850	13.321417377645938	0.0	874175	3085.869060406653	1.85
16807.291428719156	2850	12.770921836394434	0.0	1383735	4550.495541251503	1.85
16810.245257582552	1850	13.817092972996251	0.0	905935	2953.8288633981824	0.8500000000000001
16817.5328481194	2850	10.529502436147252	0.0	1547572	7287.590536848998	1.85
16819.156725479843	1200	12.905625075706846	0.0	487160	1623.8773604404066	-0.44999999999999996
16822.23919876385	1850	13.823151791697459	0.0	972798	3082.473284009388	1.2000000000000002
16827.1468474656	2850	12.915503089947816	0.0	1561263	4907.648701749643	1.85
16830.201085227527	1850	13.861265328020304	0.0	873429	3054.237761927512	0.8500000000000001
16836.481891482825	2850	11.580459072721588	0.0	1497683	6280.806255298715	1.85
16840.41939362995	1850	11.642956925596996	0.0	885062	3937.5021471245914	0.8500000000000001
16844.218709060435	1850	11.843641495113946	0.0	1035329	3799.31543048305	1.85
16847.80845613494	1850	12.253894420610877	0.0	1026056	3589.747074503069	1.85
16850.840816160402	1850	13.22153439514568	0.0	943942	3032.360025465197	1.85
16854.66612779493	2850	13.396222760616743	0.0	1139291	3825.3116345289363	1.85
16861.78027629701	2850	10.282074258538074	0.0	1499009	7114.1485020786695	2.85
16863.789769869974	1200	12.272580685574443	0.0	605884	2009.4935729636309	-0.44999999999999996
16866.75155225382	1850	13.31079830172931	0.0	930577	2961.7823838451336	1.2000000000000002
16870.944436910853	2850	13.117913644695582	0.0	1339500	4192.884657033729	1.85
16876.054542226164	2850	12.007808329381117	0.0	1527299	5110.105315314466	2.85
16879.88277664645	1850	12.179573909094831	0.0	886255	3828.234420286284	0.8500000000000001
16884.546245080764	1850	11.51610547478102	0.0	973972	4663.468434313813	1.85
16888.026005184824	1850	12.036345370724714	0.0	958994	3479.760104056306	1.85
16891.638007129353	1850	12.424343426193387	0.0	982064	3612.001944531326	1.85
16894.301736396774	1850	13.760614158772636	0.0	830730	2663.7292674207506	1.85
16898.87149037658	2850	13.19086017896661	0.0	1364537	4569.753979806025	1.85

