25034.838232038375	750	4.0	4.492096968258112	450283	4492.096968258112	-18.56601696350988
25036.236708877903	300	6.6015231604739535	0.0	155580	1398.4768395260464	-0.15000000000000002
25037.42004776504	300	9.418184273333548	0.0	139857	1183.3388871404063	0.3
25038.73906311316	300	12.09916892521706	0.0	155432	1319.0153481164841	0.3
25042.298771668127	750	12.539460370249705	0.0	411561	3559.7085549673566	0.3
25045.23768604799	750	13.600545990389577	0.0	318564	2938.914379860127	0.75
25048.229484312265	750	14.608747726113574	0.0	352642	2991.798264276003	0.75
25052.056343151246	750	14.781888887135977	0.0	437162	3826.8588389775955	0.75
25055.348232283697	750	15.489999754684757	0.0	374758	3291.88913245122	0.75
25058.41137994384	750	16.426852094546426	0.0	362795	3063.1476601383315	0.75
25062.179267251562	750	16.658964786818885	0.0	353220	3767.8873077275425	0.75
25066.754944628618	750	16.083287409762008	0.0	405134	4575.677377056877	0.75
25071.60636606021	750	15.231865978173822	0.0	386351	4851.421431588185	0.75
25077.486485912315	750	13.351746126067553	0.0	434409	5880.119852106269	0.75
25084.103529210162	750	10.734702828220533	0.0	337059	6617.043297847023	0.75
25088.184858426404	750	10.653373611979282	0.0	366214	4081.32921624125	0.75
25092.147141455338	750	10.691090583043662	0.0	360831	3962.2830289356193	0.75
25093.97490341398	300	12.86332862440285	0.0	150616	1827.761958640813	-0.15000000000000002
25096.227977130857	300	14.610254907522368	0.0	165384	2253.073716880482	0.3
25100.99463414789	750	13.843597890487082	0.0	350713	4766.657017035283	0.3
25106.88873112412	750	11.949500914258952	0.0	386472	5894.09697622813	0.75
25113.57970454927	750	9.258527489108918	0.0	399894	6690.973425150035	0.75
25116.78777780977	300	10.050454228603003	0.0	163927	3208.073260505915	-0.15000000000000002
25119.019593836918	300	11.818638201457093	0.0	137654	2231.8160271459087	0.3
25120.82444954612	300	14.013782492259237	0.0	146754	1804.8557091978562	0.3
25124.681597121435	750	14.156634916941863	0.0	379700	3857.147575317375	0.3
25128.471819867103	750	14.366412171273335	0.0	425781	3790.2227456685264	0.75
25130.862083608237	750	15.976148430143219	0.0	277716	2390.2637411301166	0.75
25134.29418973774	750	16.5440423006431	0.0	400396	3432.1061295001214	0.75
25138.172098381976	750	16.666133656401197	0.0	400508	3877.9086442418993	0.75
25141.823972045495	750	17.014259992882888	0.0	358218	3651.8736635183095	0.75
25145.860938599515	750	16.977293438862212	0.0	400322	4036.9665540206765	0.75
25148.99459282478	750	17.843639213599943	0.0	369834	3133.6542252622703	0.75
25152.49229727215	750	18.345934766228073	0.0	412837	3497.704447371868	0.75
25156.151172443722	750	18.687059594655135	0.0	401088	3658.875171572937	0.75
25159.253377508616	750	19.58485452976267	0.0	365161	3102.205064892469	0.75
25162.033006090383	750	20.80522594799204	0.0	321064	2779.628581770631	0.75
25165.149930222004	750	21.68830181637319	0.0	361565	3116.9241316188486	0.75
25168.417186614424	750	22.421045423953498	0.0	378327	3267.25639241969	0.75
25172.372316169636	750	22.46591586874283	0.0	390680	3955.1295552106717	0.75
25176.06815646856	750	22.77007556981729	0.0	345516	3695.8402989255374	0.75
25180.859715006685	750	21.978517031690583	0.0	384505	4791.558538126709	0.75
25185.382552812247	750	21.455679226128588	0.0	372093	4522.837805561995	0.75
25193.494727318135	750	17.343504720244425	0.0	438281	8112.174505884164	0.75
25198.541839135472	750	16.29639290290776	0.0	398987	5047.111817336666	0.75
25202.814765163188	750	16.02346687519109	0.0	393804	4272.92602771667	0.75
25206.943727972615	750	15.894504065764	0.0	331053	4128.962809427088	0.75
25211.197890939635	750	15.640341098744322	0.0	314107	4254.162967019678	0.75

