907.7730283687996	750	4.0	2.7857807865153212	450283	2785.7807865153213	-11.228857382015882
909.0349720577909	300	6.738056311008653	0.0	155580	1261.9436889913468	-0.15000000000000002
909.8061504523487	300	9.966877916450935	0.0	139857	771.1783945577192	0.3
910.5366254536608	300	13.236402915138726	0.0	155432	730.4750013122085	0.3
912.1395004763988	750	15.633527892400807	0.0	411561	1602.8750227379187	0.3
916.2784140009467	1850	15.494614367852868	0.0	801058	4138.913524547939	0.75
920.2168321964311	1850	15.556196172368434	0.0	905515	3938.418195484434	1.85
924.9984817210582	1850	14.774546647741364	0.0	1060487	4781.6495246270715	1.85
929.2348176997751	1850	14.538210669024346	0.0	852833	4236.335978717016	1.85
934.3588088701949	1850	13.414219498604554	0.0	913888	5123.991170419793	1.85
939.5620336401313	1850	12.210994728668265	0.0	939819	5203.22476993629	1.85
944.2063865571374	1850	11.566641811662002	0.0	917428	4644.352917006263	1.85
946.0117211978293	750	13.761307170970209	0.0	386351	1805.334640691794	-0.3500000000000001
948.0826202079443	750	15.690408160855087	0.0	434409	2070.8990101151203	0.75
949.9109452274798	750	17.86208314131963	0.0	337059	1828.3250195354615	0.75
951.670845249496	750	20.10218311930345	0.0	366214	1759.9000220161768	0.75
956.5083286465505	1850	19.264699722249013	0.0	966699	4837.48339705444	0.75
960.8900833986286	1850	18.882944970170836	0.0	885714	4381.754752078179	1.85
965.1972892229426	1850	18.575739145856943	0.0	987708	4307.205824313893	1.85
969.7426850255337	1850	18.030343343265855	0.0	923755	4545.395802591087	1.85
973.8838255399763	1850	17.889202828823127	0.0	891604	4141.14051444273	1.85
980.2537450466108	1850	15.519283322188668	0.0	955231	6369.919506634458	1.85
984.6318054133475	1850	15.141222955452086	0.0	968026	4378.060366736583	1.85
990.9265576350805	1850	12.84647073371902	0.0	874175	6294.752221733066	1.85
997.6483113748179	1850	10.12471699398152	0.0	897976	6721.753739737498	1.85
1000.5118300114702	750	11.261198357329306	0.0	379700	2863.5186366522153	-0.3500000000000001
1003.5672629767579	750	12.2057653920417	0.0	425781	3055.4329652876063	0.75
1005.1466570821858	750	14.626371286613677	0.0	277716	1579.394105428022	0.75
1007.0635873348552	750	16.709441033944334	0.0	400396	1916.930252669344	0.75
1008.7307377060492	750	19.042290662750368	0.0	400508	1667.1503711939647	0.75
1012.796233064905	1850	18.976795303894658	0.0	873429	4065.4953588557128	0.75
1017.1137888947333	1850	18.65923947406633	0.0	954453	4317.555829828327	1.85
1021.4506599573507	1850	18.322368411448974	0.0	885062	4336.871062617355	1.85
1026.1815250024918	1850	17.59150336630795	0.0	1035329	4730.865045141021	1.85
1031.0660751033881	1850	16.706953265411517	0.0	1026056	4884.550100896434	1.85
1037.9120006632554	1850	13.861027705544268	0.0	943942	6845.925559867251	1.85
1042.891645540343	1850	12.881382828456552	0.0	728962	4979.644877087716	1.85
1049.3012518924777	1850	10.471776476321944	0.0	938587	6409.606352134608	1.85
1058.9175011040925	1850	4.855527264707265	0.0	908665	9616.249211614679	1.85
1063.1078705930336	750	4.6651577757661435	0.0	390680	4190.369488941122	-0.3500000000000001
1064.3326633464944	300	7.440365022305337	0.0	147968	1224.7927534608064	-0.15000000000000002
1066.0756589211237	300	9.69736944767585	0.0	161857	1742.9955746294866	0.3
1067.5912911075802	300	12.181737261219311	0.0	145210	1515.632186456541	0.3
1069.4711435795982	300	14.301884789201237	0.0	172312	1879.8524720180744	0.3
1074.2845937543839	750	13.488434614415528	0.0	398987	4813.450174785709	0.3
1078.1750514460646	750	13.597976922734968	0.0	393804	3890.4576916805595	0.75
1080.5503576791414	750	15.222670689658106	0.0	331053	2375.3062330768635	0.75
1083.6125573822205	750	16.160470986578954	0.0	314107	3062.1997030791513	0.75

