5255.034600002226	750	4.0	7.862962959107444	450283	7862.962959107444	-33.06074072416201
5256.599929121083	300	6.434670881144126	0.0	155580	1565.3291188558746	-0.15000000000000002
5258.002703136314	300	9.03189686591194	0.0	139857	1402.7740152321862	0.3
5264.332354170689	1200	6.702245831538366	0.0	617681	6329.6510343735745	0.29999999999999993
5267.975033641453	300	7.059566360774201	0.0	163442	3642.6794707641648	-0.6000000000000001
5271.7557818429805	750	7.278818159246974	0.0	318564	3780.748201527227	0.3
5274.475432431969	750	8.559167570258708	0.0	352642	2719.6505889882656	0.75
5279.107969020675	750	7.926630981552724	0.0	437162	4632.536588705985	0.75
5283.115378988513	750	7.919221013714405	0.0	374758	4007.4099678383186	0.75
5287.088470849254	750	7.946129152972934	0.0	362795	3973.0918607414706	0.75
5288.854578337498	750	10.180021664729203	0.0	353220	1766.1074882437301	0.75
5293.059694165272	1200	9.974905836955292	0.0	594078	4205.1158277739105	0.75
5297.671842420396	1200	9.36275758183061	0.0	624282	4612.148255124684	1.2
5301.837229783143	1200	9.197370219084169	0.0	687371	4165.387362746443	1.2
5304.032632677737	1200	11.001967324490064	0.0	526950	2195.402894594105	1.2
5308.169870161067	1850	10.86472984116013	0.0	923170	4137.237483329933	1.2000000000000002
5310.688884212704	1200	12.345715789523304	0.0	617242	2519.014051636828	0.5499999999999999
5314.164114576682	1850	12.870485425545244	0.0	885714	3475.2303639780594	1.2000000000000002
5319.350335354554	1850	11.684264647673093	0.0	987708	5186.220777872151	1.85
5324.812533954978	1850	10.222066047249038	0.0	923755	5462.198600424055	1.85
5328.058054574167	1200	10.97654542806053	0.0	601738	3245.5206191885077	0.5499999999999999
5334.391920416665	1200	8.642679585561552	0.0	616206	6333.865842498978	1.2
5340.757803000403	750	6.2767970018231125	0.0	401853	6365.88258373844	0.3
5343.064935635191	300	7.969664367035509	0.0	137654	2307.1326347876034	-0.15000000000000002
5347.941698764408	750	7.092901237818696	0.0	359903	4876.763129216814	0.3
5352.058749923395	750	6.975850078832071	0.0	379700	4117.051158986625	0.75
5353.458985556316	300	9.575614445910205	0.0	181901	1400.2356329218653	-0.15000000000000002
5356.237812597838	1200	10.796787404389852	0.0	487160	2778.8270415203538	0.29999999999999993
5358.613535817795	1200	12.42106418443126	0.0	622896	2375.7232199585906	1.2
5363.928756436108	1850	11.105843566117917	0.0	975811	5315.220618313343	1.2000000000000002
5370.035403487018	1850	8.99919651520844	0.0	873429	6106.647050909476	1.85
5373.780433740841	750	9.254166261386297	0.0	400322	3745.030253822145	-0.3500000000000001
5377.483992237503	1200	9.550607764723784	0.0	584349	3703.5584966625142	0.75
5382.394788149375	1200	8.639811852851157	0.0	670129	4910.795911872627	1.2
5385.935522335178	750	9.099077667048872	0.0	401088	3540.734185802284	0.3
5390.21963564341	1200	8.81496435881688	0.0	598727	4284.113308231992	0.75
5392.824656884698	750	10.209943117528205	0.0	321064	2605.021241288675	0.3
5397.078896338608	1200	9.955703663618937	0.0	575591	4254.2394539092675	0.75
5401.897760387264	1200	9.136839614963321	0.0	605884	4818.864048655616	1.2
5408.265275453005	1200	6.769324549221615	0.0	587506	6367.515065741706	1.2
5409.1396299597745	300	9.894970042452657	0.0	147968	874.3545067689581	-0.6000000000000001
5412.319343655046	1200	10.715256347180754	0.0	641452	3179.7136952719025	0.29999999999999993
5415.174027632522	1200	11.86057236970493	0.0	599477	2854.6839774758237	1.2
5420.812361003454	1850	10.222238998772486	0.0	973972	5638.333370932443	1.2000000000000002
5435.14901622993	1200	4.0	4.114416227702917	630203	14336.655226475403	-17.141989779122543
5436.293459277606	300	6.855556952323135	0.0	160064	1144.4430476768648	-0.6000000000000001
5437.2809699984155	300	9.868046231514397	0.0	137507	987.5107208087387	0.3
5440.139566291416	1200	11.009449938515136	0.0	550906	2858.59629299926	0.29999999999999993

