388.4341354519981	750	4.0	1.9680897620528024	450283	1968.0897620528024	-7.71278597682705
390.652909067265	750	5.781226384733127	0.0	398865	2218.7736152668726	0.75
392.32836831856144	750	8.105767133436677	0.0	350812	1675.4592512964498	0.75
393.76398703179524	750	10.670148420202866	0.0	382355	1435.6187132338102	0.75
395.2221951916304	750	13.21194026036772	0.0	411561	1458.2081598351454	0.75
397.05189792580217	1200	15.382237526195969	0.0	520315	1829.702734171753	0.75
399.9646288166381	1850	16.469506635360066	0.0	905515	2912.7308908359005	1.2000000000000002
408.1361940065935	1850	12.297941445404671	0.0	1060487	8171.565189955395	1.85
415.4022387344829	1200	9.031896717515265	0.0	584846	7266.044727889405	0.5499999999999999
417.1941522851666	750	11.239983166831584	0.0	362795	1791.9135506836808	0.3
418.66265800984576	750	13.771477442152417	0.0	353220	1468.5057246791685	0.75
420.30710271147944	750	16.127032740518736	0.0	405134	1644.44470163368	0.75
421.9677845104637	750	18.46635094153453	0.0	386351	1660.681798984208	0.75
423.6523045436995	750	20.781830908298694	0.0	434409	1684.5200332358368	0.75
426.6796863537012	1850	21.754449098297012	0.0	821631	3027.3818100016792	0.75
430.16683382662745	1850	22.267301625370738	0.0	923170	3487.147472926273	1.85
434.4951097506175	1850	21.939025701380753	0.0	966699	4328.275923989985	1.85
441.0479091253	1850	19.386226326698242	0.0	885714	6552.799374682514	1.85
447.0251711007338	1850	17.40896435126444	0.0	987708	5977.261975433802	1.85
452.4360696900736	1850	15.998065761924638	0.0	923755	5410.898589339803	1.85
455.1106995145743	1200	17.323435937423927	0.0	601738	2674.629824500711	0.5499999999999999
457.6674940714699	1200	18.766641380528338	0.0	616206	2556.7945568955893	1.2
461.6255767153319	1200	18.808558736666363	0.0	656471	3958.082643861973	1.2
465.49081225903655	1850	18.94332319296174	0.0	874175	3865.235543704622	1.2000000000000002
471.07586334048005	1850	17.358272111518207	0.0	897976	5585.051081443532	1.85
475.56401514352035	1850	16.870120308477894	0.0	905935	4488.151803040312	1.85
480.16307214159	1850	16.271063310408238	0.0	1076599	4599.056998069657	1.85
484.2743823734758	1850	16.1597530785224	0.0	758197	4111.310231885837	1.85
492.33487549371506	1850	12.099259958283138	0.0	972798	8060.493120239262	1.85
497.73812925167374	1850	10.69600620032445	0.0	975811	5403.253757958689	1.85
501.4487033114454	1850	10.985432140552781	0.0	873429	3710.5740597716676	1.85
508.6965294427056	1850	7.737606009292666	0.0	954453	7247.826131260115	1.85
510.59651951345825	750	9.837615938539995	0.0	369834	1899.9900707526692	-0.3500000000000001
512.4869909552044	750	11.947144496793747	0.0	412837	1890.4714417462476	0.75
514.2038549347262	750	14.230280517271977	0.0	401088	1716.8639795217707	0.75
516.7279696369866	1200	15.706165815011603	0.0	598727	2524.1147022603727	0.75
519.3814609870258	1200	17.05267446497241	0.0	487812	2653.4913500391935	1.2
524.5480892257358	1850	15.886046226262515	0.0	938587	5166.628238709895	1.2000000000000002
529.2996371725761	1850	15.13449827942214	0.0	908665	4751.547946840375	1.85
532.9805183334801	1850	15.45361711851818	0.0	930577	3680.88116090396	1.85
536.1144098094842	1850	16.319725642514147	0.0	858450	3133.8914760040343	1.85
541.5508763156012	1850	14.883259136397152	0.0	1025005	5436.466506116995	1.85
545.4778128926783	1850	14.956322559319977	0.0	886255	3926.936577077174	1.85
549.2459169956383	1850	15.188218456359971	0.0	973972	3768.104102960005	1.85
556.0504639115652	2850	12.383671540432992	0.0	1464921	6804.546915926979	1.85
561.7384442873804	2850	10.69569116461781	0.0	1483527	5687.980375815183	2.85
565.5203594508506	2850	10.91377600114757	0.0	1231456	3781.915163470239	2.85
569.9695945142215	2850	10.464540937776626	0.0	1364537	4449.235063370942	2.85

