20216.17167620472	750	4.0	2.4304790559882594	450283	2430.4790559882595	-9.701059940749515
20217.241564047155	300	6.930112157568032	0.0	155580	1069.8878424319682	-0.15000000000000002
20218.371703157907	300	9.79997304681631	0.0	139857	1130.1391107517218	0.3
20219.492509393986	300	12.679166810733745	0.0	155432	1120.8062360825668	0.3
20222.099566979952	750	14.072109224766944	0.0	411561	2607.0575859668015	0.3
20224.035499984006	750	16.13617622071145	0.0	318564	1935.933004055493	0.75
20226.175711910295	750	17.995964294422482	0.0	352642	2140.2119262889687	0.75
20230.307453664922	750	17.864222539797037	0.0	437162	4131.741754625447	0.75
20233.31237214249	750	18.85930406222849	0.0	374758	3004.918477568545	0.75
20235.93046799379	750	20.241208210928473	0.0	362795	2618.095851300015	0.75
20241.123923029558	750	19.04775317516011	0.0	353220	5193.455035768366	0.75
20250.000753912736	750	14.17092229198289	0.0	405134	8876.83088317722	0.75
20258.34289485306	750	9.828781351659735	0.0	386351	8342.140940323154	0.75
20262.743189368477	300	9.428486836242591	0.0	179801	4400.294515417144	-0.15000000000000002
20265.51682718761	300	10.654849017107846	0.0	140051	2773.637819134745	0.3
20267.14297604706	300	13.028700157656942	0.0	138313	1626.1488594509042	0.3
20268.515766978897	300	15.655909225821901	0.0	143509	1372.790931835041	0.3
20273.227142496886	750	14.944533707830411	0.0	372963	4711.375517991489	0.3
20276.168887961638	750	16.00278824308147	0.0	405596	2941.7454647489417	0.75
20280.886244808466	750	15.285431396254626	0.0	350713	4717.356846826844	0.75
20284.38446349298	750	15.787212711737107	0.0	386472	3498.2186845175183	0.75
20286.31030002976	750	17.8613761749602	0.0	399894	1925.8365367769077	0.75
20291.275682665153	1850	16.895993539562618	0.0	968026	4965.38263539758	0.75
20295.840517067645	1850	16.331159137073893	0.0	874175	4564.834402488725	1.85
20299.289633096334	1850	16.882043108383776	0.0	897976	3449.116028690116	1.85
20302.965453437973	1850	17.206222766745338	0.0	905935	3675.820341638439	1.85
20307.394475966736	1850	16.777200237981795	0.0	1076599	4429.022528763544	1.85
20311.429193007723	1850	16.742483196997725	0.0	758197	4034.7170409840674	1.85
20315.693522440026	1850	16.478153764693655	0.0	972798	4264.32943230407	1.85
20323.021747752766	1850	13.1499284519533	0.0	975811	7328.225312740355	1.85
20331.67089637812	1850	8.500779826603015	0.0	873429	8649.148625350286	1.85
20334.18606309621	750	9.98561310850972	0.0	400322	2515.1667180932955	-0.3500000000000001
20339.359234635423	750	8.81244156929779	0.0	369834	5173.171539211928	0.75
20341.83555450157	300	10.336121703151864	0.0	163444	2476.3198661459273	-0.15000000000000002
20343.732238723805	300	12.439437480914314	0.0	179328	1896.684222237551	0.3
20344.763356833566	300	15.408319371155027	0.0	159914	1031.118109759288	0.3
20346.440995556903	750	17.730680647819483	0.0	321064	1677.6387233355447	0.3
20348.43839241978	750	19.733283784944998	0.0	361565	1997.3968628744838	0.75
20350.635290681697	750	21.536385523023586	0.0	378327	2196.898261921411	0.75
20353.153975238223	750	23.01770096649714	0.0	390680	2518.684556526443	0.75
20355.631092558204	750	24.540583646514857	0.0	345516	2477.117319982285	0.75
20362.27056906083	1850	21.901107143887632	0.0	1025005	6639.476502627227	0.75
20369.45686189673	1850	18.714814307990753	0.0	886255	7186.292835896879	1.85
20377.188892625327	1850	14.98278357939182	0.0	973972	7732.030728598932	1.85
20383.876119329198	1850	12.295556875522612	0.0	958994	6687.226703869207	1.85
20391.175171486055	1850	8.996504718668897	0.0	982064	7299.052156853716	1.85
20393.905888962174	750	10.265787242551312	0.0	331053	2730.7174761175847	-0.3500000000000001
20396.022024308517	750	12.149651896206807	0.0	314107	2116.135346344505	0.75

