7305.481703042672	750	4.0	5.693969597015465	450283	5693.969597015464	-23.734069267166497
7307.285039637847	300	6.1966634048252285	0.0	155580	1803.336595174772	-0.15000000000000002
7308.774011772978	300	8.707691269693635	0.0	139857	1488.9721351315945	0.3
7310.3575209325645	300	11.12418211010765	0.0	155432	1583.509159585983	0.3
7312.067441536474	300	13.414261506198569	0.0	163442	1709.920603909083	0.3
7315.245517573657	750	14.236185469015979	0.0	318564	3178.076037182592	0.3
7318.92851234059	750	14.553190702083322	0.0	352642	3682.9947669326557	0.75
7323.428137867905	750	14.053565174767915	0.0	437162	4499.625527315407	0.75
7327.009113803112	750	14.472589239560872	0.0	374758	3580.975935207043	0.75
7330.725091829497	750	14.75661121317609	0.0	362795	3715.978026384783	0.75
7334.671120090449	750	14.810582952223687	0.0	353220	3946.0282609524015	0.75
7338.962803247393	750	14.518899795279566	0.0	405134	4291.683156944123	0.75
7343.993568365252	750	13.488134677420708	0.0	386351	5030.765117858857	0.75
7349.76646508561	750	11.715237957061689	0.0	434409	5772.89672035902	0.75
7353.458891437233	750	12.022811605439177	0.0	337059	3692.4263516225114	0.75
7358.003726969943	750	11.477976072729616	0.0	366214	4544.835532709562	0.75
7363.409164394046	750	10.072538648628017	0.0	360831	5405.437424101599	0.75
7365.894362154693	300	11.58734088797987	0.0	150616	2485.1977606481464	-0.15000000000000002
7368.204354083643	300	13.27734895903017	0.0	165384	2309.991928949699	0.3
7370.0143874154855	300	15.467315627188041	0.0	140881	1810.033331842129	0.3
7371.983048454883	300	17.498654587790945	0.0	157671	1968.661039397095	0.3
7376.421938284555	750	17.059764758118693	0.0	399894	4438.889829672251	0.3
7382.662910160851	750	14.818792881821322	0.0	401853	6240.971876297371	0.75
7390.461028425	750	11.020674617672197	0.0	343800	7798.118264149124	0.75
7393.774738822039	300	11.706964220634942	0.0	146754	3313.7103970372564	-0.15000000000000002
7396.29467552463	300	13.187027518042916	0.0	153938	2519.9367025920255	0.3
7398.36795379409	300	15.113749248583371	0.0	181901	2073.278269459544	0.3
7401.314174292223	750	16.167528750450955	0.0	277716	2946.220498132417	0.3
7405.195203621366	750	16.286499421307134	0.0	400396	3881.0293291438215	0.75
7409.845155612112	750	15.636547430561375	0.0	400508	4649.951990745757	0.75
7414.124423972442	750	15.357279070231412	0.0	358218	4279.268360329963	0.75
7419.8746456202925	750	13.607057422380116	0.0	400322	5750.221647851297	0.75
7430.670940006971	750	6.810763035701797	0.0	369834	10796.294386678319	0.75
7435.686518514863	300	5.7951845278108784	0.0	163444	5015.578507890918	-0.15000000000000002
7440.6711183947	300	4.810584647973568	0.0	179328	4984.599879837311	0.3
7443.646473573966	300	5.83522946870674	0.0	159914	2975.3551792668277	0.3
7445.5198843576	300	7.961818685073803	0.0	131610	1873.4107836329365	0.3
7447.334804860996	300	10.146898181677665	0.0	124011	1814.9205033961384	0.3
7449.748094766635	300	11.733608276038686	0.0	144254	2413.2899056389797	0.3
7451.980843553595	300	13.50085948907907	0.0	149991	2232.7487869596143	0.3
7455.565426526104	750	13.916276516570525	0.0	345516	3584.582972508545	0.3
7458.247405770488	750	15.234297272187538	0.0	384505	2681.9792443829865	0.75
7460.370387011588	750	17.111316031086883	0.0	372093	2122.9812411006556	0.75
7464.519644205303	750	16.962058837371448	0.0	438281	4149.257193715436	0.75
7467.498465819487	750	17.983237223186688	0.0	398987	2978.8216141847633	0.75
7471.007220735448	750	18.474482307226637	0.0	393804	3508.754915960049	0.75
7473.403739687065	750	20.077963355608663	0.0	331053	2396.518951617974	0.75
7476.100316681168	750	21.381386361505978	0.0	314107	2696.576994102684	0.75

