12868.50142194141	750	4.0	3.704434403261277	450283	3704.4344032612767	-15.17906793402349
12869.67373956867	300	6.827682372737972	0.0	155580	1172.3176272620274	-0.15000000000000002
12870.490202951556	300	10.011218989852685	0.0	139857	816.4633828852868	0.3
12871.4008874829	300	13.100534458509513	0.0	155432	910.6845313431706	0.3
12873.626915081744	750	14.874506859665413	0.0	411561	2226.027598844101	0.3
12875.254051298261	750	17.247370643150497	0.0	318564	1627.1362165149171	0.75
12877.309466565961	750	19.191955375451098	0.0	352642	2055.4152676994026	0.75
12879.961475308497	750	20.539946632915562	0.0	437162	2652.008742535536	0.75
12882.286557676864	750	22.214864264549607	0.0	374758	2325.0823683659555	0.75
12884.730708504978	750	23.77071343643381	0.0	362795	2444.150828115798	0.75
12890.30529971513	1850	22.19612222628256	0.0	939819	5574.591210151247	0.75
12895.388150559598	1850	21.113271381813924	0.0	917428	5082.850844468638	1.85
12900.1315830729	1850	20.36983886851101	0.0	946851	4743.4325133029115	1.85
12904.591491521072	1850	19.909930420340206	0.0	1036454	4459.908448170807	1.85
12908.12231952503	1850	20.379102416381624	0.0	821631	3530.8280039585816	1.85
12911.926491967346	1850	20.574929974063817	0.0	923170	3804.1724423178093	1.85
12915.654047485094	1850	20.847374456318608	0.0	966699	3727.5555177452065	1.85
12919.335016157254	1850	21.166405784156375	0.0	885714	3680.9686721622356	1.85
12923.141411835693	1850	21.360010105717873	0.0	987708	3806.3956784385023	1.85
12926.064469383817	1850	22.43695255759296	0.0	923755	2923.0575481249143	1.85
12929.520766841471	1850	22.980655099938406	0.0	891604	3456.2974576545525	1.85
12934.263814807042	1850	22.237607134367913	0.0	955231	4743.047965570493	1.85
12939.583558873332	1850	20.917863068078468	0.0	968026	5319.744066289449	1.85
12944.372962657219	1850	20.12845928419035	0.0	874175	4789.403783888118	1.85
12949.56282022642	1850	18.93860171498941	0.0	897976	5189.857569200938	1.85
12953.682945741584	1850	18.81847619982374	0.0	905935	4120.125515165672	1.85
12960.599442464927	1850	15.901979476481468	0.0	1076599	6916.496723342269	1.85
12964.380174270693	1850	16.1212476707157	0.0	758197	3780.731805765768	1.85
12969.311639179614	1850	15.18978276179499	0.0	972798	4931.46490892071	1.85
12974.310870309844	1850	14.19055163156313	0.0	975811	4999.231130231861	1.85
12979.15076224806	1850	13.350659693348527	0.0	873429	4839.891938214602	1.85
12984.096349639969	1850	12.405072301440098	0.0	954453	4945.587391908428	1.85
12988.717322675842	1850	11.784099265565693	0.0	885062	4620.9730358744055	1.85
12992.81140163288	1850	11.690020308527538	0.0	1035329	4094.078957038154	1.85
12995.844924916179	1850	12.656497025230314	0.0	1026056	3033.523283297226	1.85
12999.113613076977	1850	13.38780886443056	0.0	943942	3268.6881607997525	1.85
13001.77747365881	1850	14.723948282596632	0.0	728962	2663.860581833929	1.85
13005.174860179739	1850	15.32656176166949	0.0	938587	3397.3865209271416	1.85
13008.07303472848	1850	16.428387212927948	0.0	908665	2898.174548741543	1.85
13012.55958691422	1850	15.94183502718916	0.0	930577	4486.552185738788	1.85
13016.521250666163	1850	15.980171275245727	0.0	858450	3961.663751943434	1.85
13019.954320396771	1850	16.547101544636366	0.0	1025005	3433.0697306093616	1.85
13023.055220842043	1850	17.446201099364306	0.0	886255	3100.9004452720606	1.85
13030.212543784477	1850	14.288878156929874	0.0	973972	7157.322942434432	1.85
13035.666906079867	1850	12.834515861541044	0.0	958994	5454.362295388831	1.85
13038.499696295745	1200	14.001725645662285	0.0	638661	2832.7902158787574	0.5499999999999999
13042.96239481812	1850	13.539027123288063	0.0	830730	4462.698522374221	1.2000000000000002
13048.95884603507	1850	11.542575906338914	0.0	846370	5996.45121694915	1.85

