6239.428380051418	750	4.0	2.288238812003366	450283	2288.238812003366	-9.089426891614474
6240.547082088185	300	6.8812979632329325	0.0	155580	1118.7020367670673	-0.15000000000000002
6241.573218910095	300	9.855161141322627	0.0	139857	1026.136821910304	0.3
6243.94529293168	750	11.483087119737485	0.0	382355	2372.074021585142	0.3
6245.8765644536215	750	13.551815597796224	0.0	411561	1931.271521941261	0.75
6247.113083843452	750	16.315296207965332	0.0	318564	1236.519389830894	0.75
6248.726809593065	750	18.7015704583522	0.0	352642	1613.725749613129	0.75
6253.062745336685	1850	18.365634714732	0.0	1060487	4335.9357436202	0.75
6257.042234472304	1850	18.386145579113233	0.0	852833	3979.4891356187695	1.85
6260.686471135269	1850	18.741908916148322	0.0	913888	3644.2366629649123	1.85
6266.615929497471	1850	16.81245055394629	0.0	939819	5929.458362202028	1.85
6270.350781797079	1850	17.077598254337797	0.0	917428	3734.8522996084926	1.85
6274.429852209972	1850	16.998527841446183	0.0	946851	4079.070412891616	1.85
6279.392075689812	1850	16.036304361605033	0.0	1036454	4962.223479841149	1.85
6282.442256297458	1850	16.986123753959326	0.0	821631	3050.1806076457065	1.85
6287.282609001775	1850	16.145771049642484	0.0	923170	4840.352704316844	1.85
6290.862367177726	1850	16.56601287369225	0.0	966699	3579.7581759502323	1.85
6293.224402329303	1850	18.20397772211495	0.0	885714	2362.035151577305	1.85
6297.6405617714545	1850	17.787818279963627	0.0	987708	4416.159442151321	1.85
6301.471746618757	1850	17.956633432660762	0.0	923755	3831.1848473028645	1.85
6305.786502369892	1850	17.641877681525237	0.0	891604	4314.755751135523	1.85
6310.368021640417	1850	17.06035841100064	0.0	955231	4581.5192705246	1.85
6314.506088053298	1850	16.922291998120052	0.0	968026	4138.066412880588	1.85
6319.506645209208	1850	15.921734842209796	0.0	874175	5000.557155910255	1.85
6324.049587740393	1850	15.378792311025117	0.0	897976	4542.94253118468	1.85
6329.081504565068	1850	14.34687548634951	0.0	905935	5031.916824675607	1.85
6333.884272143968	1850	13.544107907449767	0.0	1076599	4802.767578899744	1.85
6336.92895859937	1850	14.499421452047066	0.0	758197	3044.6864554026997	1.85
6340.355164831329	1850	15.073215220087995	0.0	972798	3426.2062319590714	1.85
6343.798423301509	1850	15.629956749908594	0.0	975811	3443.258470179403	1.85
6347.672311239177	1850	15.756068812239997	0.0	873429	3873.887937668597	1.85
6352.753218164838	1850	14.675161886579463	0.0	954453	5080.906925660535	1.85
6357.4880400692655	1200	13.940339982151709	0.0	584349	4734.821904427755	0.5499999999999999
6359.572099541484	750	15.856280509932796	0.0	412837	2084.0594722189117	0.3
6361.904390730438	750	17.523989320979037	0.0	401088	2332.291188953759	0.75
6364.125889894342	750	19.30249015707463	0.0	365161	2221.4991639044097	0.75
6366.964902585933	1850	20.463477465483503	0.0	728962	2839.012691591129	0.75
6370.208334262989	1850	21.220045788427317	0.0	938587	3243.431677056187	1.85
6373.653119369516	1850	21.775260681900477	0.0	908665	3444.785106526839	1.85
6377.97584691064	1850	21.452533140777078	0.0	930577	4322.727541123397	1.85
6381.801801006396	1850	21.626579045020545	0.0	858450	3825.9540957565328	1.85
6385.667617193998	1850	21.760762857418957	0.0	1025005	3865.816187601589	1.85
6389.615584699494	1850	21.812795351921608	0.0	886255	3947.967505497353	1.85
6395.081970737263	1850	20.346409314153636	0.0	973972	5466.38603776797	1.85
6399.068747077883	1850	20.359632973533074	0.0	958994	3986.7763406205627	1.85
6403.016877954124	1850	20.41150209729309	0.0	982064	3948.130876239981	1.85
6406.061785005808	1850	21.36659504560886	0.0	830730	3044.9070516842276	1.85
6409.719675235153	1850	21.708704816263822	0.0	846370	3657.890229345041	1.85

