1072.2100337028205	750	4.0	6.308048004947866	450283	6308.0480049478665	-26.374606421275825
1075.239691412778	300	4.9703422900424306	0.0	155580	3029.6577099575693	-0.15000000000000002
1076.8472699318065	300	7.362763771014124	0.0	139857	1607.5785190283066	0.3
1078.8082098032821	300	9.401823899538504	0.0	155432	1960.9398714756198	0.3
1081.201615993628	300	11.008417709192697	0.0	163442	2393.406190345805	0.3
1082.6362647037488	300	13.573768999071778	0.0	126289	1434.6487101209204	0.3
1084.1151852131645	300	16.094848489656087	0.0	153295	1478.92050941569	0.3
1090.5919217626947	750	13.618111940125937	0.0	437162	6476.736549530151	0.3
1097.961264893741	750	10.248768809079676	0.0	374758	7369.343131046261	0.75
1100.5195627115056	300	11.690470991314834	0.0	139105	2558.297817764842	-0.15000000000000002
1102.7478822363728	300	13.462151466447922	0.0	141840	2228.3195248669135	0.3
1104.5927348071382	300	15.617298895682396	0.0	156148	1844.8525707655267	0.3
1108.8084258730705	750	15.401607829750064	0.0	386351	4215.691065932331	0.3
1114.8653676359138	750	13.344666066906582	0.0	434409	6056.941762843483	0.75
1117.5093496983811	750	14.700684004439335	0.0	337059	2643.982062467246	0.75
1119.907378882209	750	16.302654820611213	0.0	366214	2398.0291838281214	0.75
1122.2182918648584	750	17.991741837961758	0.0	360831	2310.9129826494554	0.75
1126.1857210931435	750	18.024312609676628	0.0	372963	3967.4292282851306	0.75
1130.0331891515518	750	18.176844551268427	0.0	405596	3847.468058408204	0.75
1132.7618087149333	750	19.448224987887073	0.0	350713	2728.619563381354	0.75
1136.030696754192	750	20.17933694862835	0.0	386472	3268.8880392587203	0.75
1138.8599328243176	750	21.350100878502705	0.0	399894	2829.236070125649	0.75
1141.64175366964	750	22.568280033180486	0.0	401853	2781.8208453222164	0.75
1144.5583611548764	750	23.65167254794391	0.0	343800	2916.607485236575	0.75
1147.2008322783831	750	25.009201424437038	0.0	359903	2642.4711235068735	0.75
1154.980407973634	1850	21.229625729186136	0.0	905935	7779.575695250899	0.75
1163.951482271051	1850	16.258551431769188	0.0	1076599	8971.07429741695	1.85
1170.0976955633935	1850	14.112338139426795	0.0	758197	6146.213292342392	1.85
1176.8409027771888	1850	11.369130925631358	0.0	972798	6743.2072137954365	1.85
1183.9502456245953	1850	8.259788078224894	0.0	975811	7109.342847406463	1.85
1187.0250655135787	750	9.184968189241498	0.0	358218	3074.8198889833957	-0.3500000000000001
1189.906643568826	750	10.303390133994363	0.0	400322	2881.578055247137	0.75
1193.0343963774856	750	11.175637325334737	0.0	369834	3127.7528086596253	0.75
1196.483650087615	750	11.726383615205117	0.0	412837	3449.25371012962	0.75
1200.1524650829529	750	12.057568619867377	0.0	401088	3668.8149953377397	0.75
1203.6540898123235	750	12.555943890496582	0.0	365161	3501.624729370795	0.75
1206.4667490581403	750	13.743284644679848	0.0	321064	2812.6592458167343	0.75
1210.2635774046955	750	13.94645629812447	0.0	361565	3796.8283465553786	0.75
1215.0809823396849	750	13.12905136313523	0.0	378327	4817.404934989239	0.75
1223.2738382327066	750	8.936195470113487	0.0	390680	8192.855893021744	0.75
1225.1008416113227	300	11.109192091497421	0.0	147968	1827.0033786160648	-0.15000000000000002
1227.4990712894476	300	12.710962413372608	0.0	161857	2398.229678124813	0.3
1230.0226587719108	300	14.18737493090948	0.0	145210	2523.5874824631283	0.3
1232.6806750489184	300	15.529358653901632	0.0	172312	2658.016277007848	0.3
1238.9876709773073	750	13.222362725512934	0.0	398987	6306.995928388698	0.3
1242.7209608968385	750	13.489072805981719	0.0	393804	3733.2899195312148	0.75
1245.057388300942	750	15.152645401878104	0.0	331053	2336.427404103615	0.75
1247.426147666763	750	16.783886036057066	0.0	314107	2368.759365821039	0.75

