6947.654892637144	750	4.0	8.793419615156727	450283	8793.419615156727	-37.06170434517393
6950.655253944401	300	4.999638692742964	0.0	155580	3000.361307257036	-0.15000000000000002
6953.28399057545	300	6.370902061693952	0.0	139857	2628.7366310490115	0.3
6955.763251539903	300	7.89164109724028	0.0	155432	2479.2609644536724	0.3
6958.173238255277	300	9.481654381865631	0.0	163442	2409.9867153746472	0.3
6960.168723721862	300	11.486168915281535	0.0	126289	1995.4854665840983	0.3
6962.445049311051	300	13.209843326092562	0.0	153295	2276.3255891889726	0.3
6964.987704550904	300	14.667188086239829	0.0	173849	2542.655239852732	0.3
6970.288819350483	750	13.366073286661388	0.0	374758	5301.1147995784395	0.3
6975.27188046757	750	12.38301216957509	0.0	362795	4983.061117086298	0.75
6980.516530739359	750	11.138361897785547	0.0	353220	5244.650271789544	0.75
6986.897326205408	750	8.757566431736315	0.0	405134	6380.795466049232	0.75
6989.200453975158	300	10.454438661987133	0.0	160746	2303.1277697491823	-0.15000000000000002
6991.754375595227	300	11.900517041917334	0.0	179801	2553.9216200697997	0.3
6994.1166321702785	300	13.538260466866772	0.0	140051	2362.256575050562	0.3
7000.797425430668	750	10.857467206477233	0.0	366214	6680.793260389539	0.3
7002.907236571325	300	12.747656065820456	0.0	143509	2109.8111406567773	-0.15000000000000002
7005.005657574833	300	14.649235062312162	0.0	150616	2098.421003508294	0.3
7007.408910033324	300	16.245982603821762	0.0	165384	2403.252458490398	0.3
7012.669935424154	750	14.98495721299194	0.0	350713	5261.025390829824	0.3
7018.743309213774	750	12.911583423371656	0.0	386472	6073.373789620284	0.75
7025.227891131633	750	10.427001505511726	0.0	399894	6484.58191785993	0.75
7027.836542381295	300	11.818350255850973	0.0	163927	2608.6512496607515	-0.15000000000000002
7030.133583144616	300	13.521309492530792	0.0	137654	2297.0407633201808	0.3
7032.624086029521	300	15.030806607624731	0.0	146754	2490.5028849060614	0.3
7035.138166276451	300	16.51672636069522	0.0	153938	2514.0802469295113	0.3
7041.470033151829	750	14.184859485316455	0.0	425781	6331.866875378763	0.3
7044.7665728723805	750	14.88831976476436	0.0	277716	3296.5397205520953	0.75
7048.753533768353	750	14.901358868791693	0.0	400396	3986.9608959726675	0.75
7052.444742581133	750	15.210150056012111	0.0	400508	3691.208812779582	0.75
7056.812899392335	750	14.841993244810242	0.0	358218	4368.156811201869	0.75
7061.484215780113	750	14.170676857032289	0.0	400322	4671.316387777953	0.75
7065.948608139577	750	13.706284497567601	0.0	369834	4464.392359464687	0.75
7072.29738754624	750	11.357505090904802	0.0	412837	6348.779406662799	0.75
7075.655081295567	300	11.999811341578823	0.0	179328	3357.6937493259793	-0.15000000000000002
7078.018795868303	300	13.636096768842577	0.0	159914	2363.7145727362454	0.3
7081.9964722705445	750	13.658420366600451	0.0	321064	3977.6764022421266	0.3
7086.4749689020655	750	13.179923735079704	0.0	361565	4478.496631520747	0.75
7091.392808874588	750	12.262083762558047	0.0	378327	4917.839972521657	0.75
7095.666899598149	750	11.987993038997374	0.0	390680	4274.090723560675	0.75
7099.5921716490575	750	12.062720988088703	0.0	345516	3925.272050908673	0.75
7101.480747404456	300	14.174145232689952	0.0	161857	1888.5757553987487	-0.15000000000000002
7106.165298019663	750	13.489594617482526	0.0	372093	4684.550615207428	0.3
7111.669178350091	750	11.985714287054787	0.0	438281	5503.880330427739	0.75
7116.63848928256	750	11.016403354586286	0.0	398987	4969.310932468501	0.75
7121.25585643021	750	10.39903620693579	0.0	393804	4617.367147650496	0.75
7125.355218817904	750	10.299673819242	0.0	331053	4099.362387693788	0.75
7129.277041762992	750	10.377850874153626	0.0	314107	3921.822945088375	0.75

