379.5508154209996	750	4.0	1.9680897620528024	450283	1968.0897620528024	-7.71278597682705
380.35822693981424	300	7.192588481185374	0.0	155580	807.4115188146266	-0.15000000000000002
382.4171330676012	750	9.133682353398427	0.0	350812	2058.906127786947	0.3
384.8522500565896	1200	10.698565364410033	0.0	617681	2435.1169889883945	0.75
387.10448446203975	1200	12.446330958959834	0.0	652874	2252.2344054501996	1.2
389.7360877075981	1850	13.814727713401581	0.0	801058	2631.603245558253	1.2000000000000002
398.2390239730244	2850	9.311791447975267	0.0	1388403	8502.936265426313	1.85
406.7824849785181	1200	4.768330442481578	0.0	709534	8543.46100549369	-0.44999999999999996
407.6990515088757	300	7.851763912123974	0.0	150710	916.5665303576037	-0.6000000000000001
409.1280291580983	750	10.422786262901406	0.0	362795	1428.9776492225683	0.3
411.58212123336796	1200	11.968694187631748	0.0	607410	2454.092075269659	0.75
415.13380913438624	1850	12.417006286613468	0.0	917428	3551.6879010182793	1.2000000000000002
418.6022437433831	1850	12.948571677616652	0.0	946851	3468.4346089968176	1.85
422.65831748115386	1850	12.892497939845867	0.0	1036454	4056.073737770785	1.85
426.9151402471029	1850	12.635675173896841	0.0	821631	4256.822765949025	1.85
433.98108850091046	1850	9.569726920089266	0.0	923170	7065.948253807576	1.85
437.63337980694064	1200	9.91743561405907	0.0	617242	3652.2913060301958	0.5499999999999999
440.7866358476707	1200	10.764179573328946	0.0	581493	3153.256040730125	1.2
444.4719920096925	1200	11.078823411307177	0.0	639204	3685.3561620217697	1.2
448.29002698931725	1850	11.260788431682407	0.0	923755	3818.034979624768	1.2000000000000002
453.403057958585	1850	10.147757462414647	0.0	891604	5113.03096926776	1.85
455.8163783424146	1200	11.734437078585064	0.0	616206	2413.3203838295826	0.5499999999999999
461.8565842895652	1850	9.694231131434488	0.0	968026	6040.205947150576	1.2000000000000002
464.6214735552327	1200	10.929341865767006	0.0	536667	2764.889265667482	0.5499999999999999
467.6989486519488	1200	11.851866769050929	0.0	587236	3077.475096716078	1.2
471.26161210043097	1850	12.289203320568733	0.0	905935	3562.6634484821952	1.2000000000000002
477.47625015254147	1850	10.074565268458228	0.0	1076599	6214.638052110505	1.85
482.6914154549937	1200	8.859399966005935	0.0	487160	5215.165302452292	0.5499999999999999
484.75120974412226	750	10.79960567687737	0.0	400396	2059.7942891285643	0.3
488.3693927185896	1200	11.181422702410018	0.0	641447	3618.1829744673514	0.75
492.20748727696576	1850	11.343328144033876	0.0	873429	3838.094558376142	1.2000000000000002
499.3728354762643	1850	8.177979944735318	0.0	954453	7165.348199298558	1.85
501.3106761544171	750	10.240139266582526	0.0	369834	1937.8406781527913	-0.3500000000000001
504.29416829871195	1200	11.25664712228766	0.0	670129	2983.4921442948657	0.75
508.68015459409924	1850	10.870660826900377	0.0	1026056	4385.986295387284	1.2000000000000002
512.115131124099	1200	11.435684296900643	0.0	598727	3434.9765299997352	0.5499999999999999
516.132634048204	1850	11.418181372795694	0.0	728962	4017.502924104949	1.2000000000000002
520.9337393952057	1850	10.617076025793823	0.0	938587	4801.1053470018705	1.85
523.3603401360746	1200	12.19047528492509	0.0	605884	2426.6007408687324	0.5499999999999999
526.6528255990639	1850	12.897989821935756	0.0	930577	3292.485462989335	1.2000000000000002
531.2896525106208	1850	12.261162910378712	0.0	858450	4636.826911557046	1.85
535.8923577578329	1850	11.65845766316673	0.0	1025005	4602.705247211979	1.85
539.4653511069171	1850	12.08546431408253	0.0	886255	3572.993349084202	1.85
543.6406243875207	1850	11.910191033478826	0.0	973972	4175.273280603704	1.85
548.0933170149416	1850	11.457498406057969	0.0	958994	4452.692627420858	1.85
551.9246431539274	1850	11.626172267072167	0.0	982064	3831.3261389858	1.85
554.4982955562821	1850	13.052519864717505	0.0	830730	2573.6524023546626	1.85
558.8354916265633	2850	12.715323794436141	0.0	1364537	4337.196070281365	1.85

