22976.21077860135	750	4.0	1.256359210868177	450283	1256.359210868177	-4.652344606733161
22977.519652034123	750	6.691126567228839	0.0	398865	1308.8734327711609	0.75
22978.76131891145	750	9.449459689903751	0.0	350812	1241.6668773250879	0.75
22980.01449024916	750	12.196288352190816	0.0	382355	1253.171337712936	0.75
22981.121937193966	750	15.088841407384717	0.0	411561	1107.446944806099	0.75
22984.159993784673	1850	16.050784816678302	0.0	801058	3038.056590706415	0.75
22987.943868839087	1850	16.266909762261726	0.0	905515	3783.8750544165737	1.85
22991.955328771906	1850	16.255449829441176	0.0	1060487	4011.4599328205513	1.85
22995.48053123364	1850	16.730247367710305	0.0	852833	3525.202461730872	1.85
22999.179682165373	1850	17.031096435975776	0.0	913888	3699.150931734529	1.85
23002.59852634674	1850	17.612252254610866	0.0	939819	3418.844181364907	1.85
23006.423640780784	1850	17.787137820564936	0.0	917428	3825.114434045928	1.85
23008.99746832059	1850	19.213310280758996	0.0	946851	2573.82753980594	1.85
23011.380957864443	1850	20.829820736903557	0.0	1036454	2383.4895438554404	1.85
23013.21361277326	1850	22.997165828088864	0.0	821631	1832.6549088146942	1.85
23015.43387149361	1850	24.7769071077389	0.0	923170	2220.258720349962	1.85
23018.414811555598	1850	25.795967045748565	0.0	966699	2980.940061990335	1.85
23020.878444006896	1850	27.33233459444755	0.0	885714	2463.632451301018	1.85
23024.306077298716	1850	27.904701302627988	0.0	987708	3427.633291819557	1.85
23027.16240402829	1850	29.0483745730501	0.0	923755	2856.3267295778883	1.85
23029.691375457092	1850	30.519403144250745	0.0	891604	2528.971428799355	1.85
23032.32374472576	1850	31.8870338755837	0.0	955231	2632.369268667043	1.85
23035.007594656385	1850	33.20318394495749	0.0	968026	2683.849930626209	1.85
23037.494064315062	1850	34.71671428627969	0.0	874175	2486.469658677801	1.85
23039.67231666667	1850	36.53846193467006	0.0	897976	2178.252351609631	1.85
23043.416483217396	1850	36.79429538394283	0.0	905935	3744.166550727237	1.85
23049.32370404611	1850	34.887074555226995	0.0	1076599	5907.220828715836	1.85
23052.832044762214	1850	35.37873383912731	0.0	758197	3508.3407160996867	1.85
23064.720971974664	1850	27.489806626675534	0.0	972798	11888.927212451774	1.85
23085.849804355734	1850	10.360974245604485	0.0	975811	21128.83238107105	1.85
23087.07798450746	300	13.13279409387702	0.0	157421	1228.1801517274632	-1.25
23089.82644793366	750	14.3843306676752	0.0	400322	2748.463426201821	0.3
23091.854741332936	750	16.356037268401362	0.0	369834	2028.293399273836	0.75
23093.73780521543	750	18.472973385907448	0.0	412837	1883.0638824939158	0.75
23098.841925376855	1850	17.36885322448227	0.0	1026056	5104.1201614251795	0.75
23103.698910677525	1850	16.511867923809234	0.0	943942	4856.9853006730345	1.85
23109.5363773316	1850	14.674401269734753	0.0	728962	5837.46665407448	1.85
23116.804694164024	1850	11.406084437311893	0.0	938587	7268.31683242286	1.85
23120.04668262785	750	12.164095973485985	0.0	378327	3241.988463825908	-0.3500000000000001
23122.827362956108	750	13.383415645229991	0.0	390680	2780.6803282559918	0.75
23125.199151276873	750	15.011627324466593	0.0	345516	2371.7883207633977	0.75
23127.334626752767	750	16.876151848571645	0.0	384505	2135.4754758949507	0.75
23131.09453166485	750	17.116246936485776	0.0	372093	3759.9049120858676	0.75
23136.31652632917	750	15.89425227216826	0.0	438281	5221.994664317515	0.75
23141.57348681514	750	14.637291786200135	0.0	398987	5256.960485968124	0.75
23147.32908292218	750	12.881695679159792	0.0	393804	5755.596107040345	0.75
23152.223026578868	750	11.987752022472968	0.0	331053	4893.943656686823	0.75
23155.692870198338	750	12.517908403000455	0.0	314107	3469.843619472515	0.75

