16444.263070575667	750	4.0	6.602941104200595	450283	6602.941104200595	-27.642646748062557
16445.884318744244	300	6.378751831422763	0.0	155580	1621.2481685772375	-0.15000000000000002
16447.519309538184	300	8.743761037482852	0.0	139857	1634.990793939913	0.3
16449.48124878175	300	10.78182179391646	0.0	155432	1961.9392435663906	0.3
16451.519199936316	300	12.743870639348641	0.0	163442	2037.9511545678201	0.3
16453.242553587686	300	15.020516987977592	0.0	126289	1723.353651371049	0.3
16456.215129118136	300	16.04794145752979	0.0	153295	2972.575530447798	0.3
16460.867943422683	750	15.395127152983143	0.0	437162	4652.814304546649	0.3
16464.481795371477	750	15.781275204186771	0.0	374758	3613.8519487963713	0.75
16466.924436152247	750	17.338634423418707	0.0	362795	2442.6407807680685	0.75
16469.673604415162	750	18.58946616050044	0.0	353220	2749.1682629182646	0.75
16473.197895198045	750	19.065175377617095	0.0	405134	3524.2907828833463	0.75
16476.25185034698	750	20.011220228686362	0.0	386351	3053.955148930736	0.75
16479.797698640985	750	20.465371934680782	0.0	434409	3545.848294005581	0.75
16482.719268287983	750	21.543802287679295	0.0	337059	2921.5696470014836	0.75
16486.1675722503	750	22.0954983253645	0.0	366214	3448.303962314796	0.75
16489.471945774316	750	22.79112480134594	0.0	360831	3304.373524018561	0.75
16492.920767129384	750	23.342303446278535	0.0	372963	3448.821355067404	0.75
16496.359269849774	750	23.903800725888814	0.0	405596	3438.502720389721	0.75
16498.97918636283	750	25.283884212830717	0.0	350713	2619.9165130580955	0.75
16506.42842188324	1850	21.83464869242193	0.0	891604	7449.235520408789	0.75
16513.75151377982	1850	18.511556795842917	0.0	955231	7323.0918965790115	1.85
16523.295775104605	1850	12.967295471055474	0.0	968026	9544.261324787443	1.85
16534.81759941539	1850	5.445471160273015	0.0	874175	11521.824310782458	1.85
16541.277566628098	750	4.0	1.0144960524341686	359903	6459.9672127071835	-4.712333025466926
16545.37729127156	750	4.0	0.09972464346465586	379700	4099.724643464656	0.32118403310197985
16546.651501462748	300	6.725789808815715	0.0	181901	1274.2101911842851	-0.15000000000000002
16547.38404964839	300	9.993241623172226	0.0	111155	732.5481856434889	0.3
16548.76111795628	300	12.616173315278912	0.0	153605	1377.0683078933116	0.3
16552.34144195457	750	13.035849316993286	0.0	400508	3580.3239982856267	0.3
16555.842846932428	750	13.534444339132035	0.0	358218	3501.404977861251	0.75
16562.757129299927	750	10.620161971636076	0.0	400322	6914.282367495957	0.75
16566.096540558432	300	11.280750713129928	0.0	143881	3339.4112585061475	-0.15000000000000002
16569.5336395879	300	11.843651683661689	0.0	163444	3437.09902946824	0.3
16572.996822555968	300	12.380468715593983	0.0	179328	3463.182968067705	0.3
16575.793017179716	300	13.584274091844204	0.0	159914	2796.1946237497805	0.3
16580.771491169522	750	12.605800102037348	0.0	321064	4978.473989806854	0.3
16583.945037378206	750	13.432253893354543	0.0	361565	3173.5462086828056	0.75
16587.006637097056	750	14.37065417450453	0.0	378327	3061.5997188500132	0.75
16590.218640012914	750	15.158651258646438	0.0	390680	3212.002915858093	0.75
16592.560163632912	750	16.81712763864998	0.0	345516	2341.5236199964597	0.75
16596.024466339004	750	17.35282493255579	0.0	384505	3464.302706094188	0.75
16598.665965539767	750	18.711325731794176	0.0	372093	2641.4992007616156	0.75
16601.708359078435	750	19.668932193124668	0.0	438281	3042.3935386695093	0.75
16604.33492886912	750	21.042362402438368	0.0	398987	2626.5697906862974	0.75
16612.07572353485	1850	17.3015677367104	0.0	982064	7740.794665727969	0.75
16619.73381021961	1850	13.643481051949417	0.0	830730	7658.086684760984	1.85
16629.327346429935	1850	8.049944841624477	0.0	846370	9593.53621032494	1.85

