19317.488691843213	750	4.0	6.819045761582508	450283	6819.045761582508	-28.571896774804785
19319.435667510326	300	6.053024332886424	0.0	155580	1946.975667113577	-0.15000000000000002
19320.97078471463	300	8.517907128580475	0.0	139857	1535.1172043059482	0.3
19322.64874645848	300	10.83994538473521	0.0	155432	1677.9617438452651	0.3
19324.521078107755	300	12.967613735456158	0.0	163442	1872.3316492790518	0.3
19325.59338477131	300	15.895307071900806	0.0	126289	1072.3066635553523	0.3
19328.086377883243	750	17.40231395996645	0.0	352642	2492.9931119343564	0.3
19330.084691960416	750	19.403999882794817	0.0	437162	1998.3140771716319	0.75
19333.94665417986	1850	19.542037663350865	0.0	852833	3861.9622194439567	0.75
19338.21019734472	1850	19.27849449849076	0.0	913888	4263.543164860104	1.85
19341.96836728615	1850	19.520324557062118	0.0	939819	3758.169941428641	1.85
19345.704510227755	1850	19.78418161545499	0.0	917428	3736.142941607131	1.85
19349.87361095875	1850	19.615080884458457	0.0	946851	4169.100730996532	1.85
19354.319255559618	1850	19.16943628359081	0.0	1036454	4445.644600867646	1.85
19357.96644897072	1850	19.52224287249171	0.0	821631	3647.1934110991033	1.85
19370.59803358935	1850	10.890658253858938	0.0	923170	12631.58461863277	1.85
19372.61563452157	300	12.873057321641193	0.0	143509	2017.6009322177456	-1.25
19374.300596113666	300	15.188095729545044	0.0	150616	1684.9615920961471	0.3
19378.13894819412	750	15.349743649090923	0.0	405596	3838.35208045412	0.3
19380.162432475998	750	17.326259367211737	0.0	350713	2023.4842818791865	0.75
19385.737781152933	750	15.75091069027629	0.0	386472	5575.348676935445	0.75
19390.61830111181	750	14.8703907314012	0.0	399894	4880.519958875092	0.75
19394.730624585623	750	14.758067257585054	0.0	401853	4112.3234738161445	0.75
19397.208828948067	750	16.279862895143275	0.0	343800	2478.2043624417825	0.75
19399.060228325652	750	18.42846351755552	0.0	359903	1851.3993775877543	0.75
19400.49902527022	750	20.989666572988472	0.0	379700	1438.7969445670471	0.75
19405.692080330657	1850	19.796611512552982	0.0	1076599	5193.055060435492	0.75
19409.22637847134	1850	20.262313371866142	0.0	758197	3534.298140686841	1.85
19412.911196551417	1850	20.57749529178937	0.0	972798	3684.8180800767745	1.85
19417.034109901804	1850	20.454581941402257	0.0	975811	4122.913350387114	1.85
19420.85557212261	1850	20.633119720594113	0.0	873429	3821.4622208081414	1.85
19424.856357454395	1850	20.63233438881009	0.0	954453	4000.7853317840236	1.85
19429.263651208203	1850	20.225040635002976	0.0	885062	4407.293753807112	1.85
19445.244043999108	1850	8.244647844097724	0.0	1035329	15980.392790905253	1.85
19446.870902760045	300	10.617789083164764	0.0	179328	1626.8587609329616	-1.25
19448.086738033482	300	13.401953809728472	0.0	159914	1215.835273436293	0.3
19449.88616663549	750	15.602525207720232	0.0	321064	1799.428602008241	0.3
19455.46969123835	750	14.019000604859972	0.0	361565	5583.524602860259	0.75
19460.04204626461	750	13.446645578601787	0.0	378327	4572.355026258185	0.75
19464.06766306682	750	13.421028776395044	0.0	390680	4025.616802206744	0.75
19466.57134956973	750	14.917342273483767	0.0	345516	2503.686502911276	0.75
19468.545013234932	750	16.943678608283943	0.0	384505	1973.6636651998256	0.75
19469.956428870453	750	19.53226297276117	0.0	372093	1411.4156355227724	0.75
19474.697257890595	1850	18.791433952617183	0.0	973972	4740.829020143988	0.75
19479.028692920077	1850	18.459998923138095	0.0	958994	4331.43502947909	1.85
19482.745327600547	1850	18.743364242671195	0.0	982064	3716.6346804668974	1.85
19486.326870438083	1850	19.1618214051343	0.0	830730	3581.542837536893	1.85
19490.05154397752	1850	19.437147865700222	0.0	846370	3724.6735394340785	1.85

