4430.42499110947	750	4.0	2.3226168467032533	450283	2322.6168467032535	-9.237252440823989
4431.4408383987175	300	6.984152710752376	0.0	155580	1015.8472892476235	-0.15000000000000002
4432.578910230817	300	9.84608087865267	0.0	139857	1138.0718320997075	0.3
4435.16887125721	750	11.256119852260184	0.0	382355	2589.9610263924833	0.3
4437.8896818129315	750	12.535309296538404	0.0	411561	2720.810555721781	0.75
4440.636936822926	750	13.788054286544398	0.0	318564	2747.2550099940054	0.75
4444.074669945181	750	14.350321164288932	0.0	352642	3437.733122255466	0.75
4450.369916413113	750	12.05507469635674	0.0	437162	6295.246467932193	0.75
4455.601766084447	300	10.823225025022628	0.0	150710	5231.849671334113	-0.15000000000000002
4456.948386051904	300	13.476605057566118	0.0	139105	1346.619967456511	0.3
4460.061967072686	750	14.363024036785644	0.0	353220	3113.5810207804734	0.3
4463.2937930542885	750	15.131198055182983	0.0	405134	3231.82598160266	0.75
4466.933225316232	750	15.491765793239615	0.0	386351	3639.4322619433674	0.75
4472.515346998664	750	13.909644110807168	0.0	434409	5582.121682432447	0.75
4475.684963985381	750	14.740027124091206	0.0	337059	3169.6169867159624	0.75
4478.347956451691	750	16.077034657781518	0.0	366214	2662.992466309689	0.75
4481.013173610794	750	17.41181749867755	0.0	360831	2665.2171591039687	0.75
4483.949595103494	750	18.47539600597811	0.0	372963	2936.421492699441	0.75
4487.128691346895	750	19.296299762577515	0.0	405596	3179.0962434005946	0.75
4489.267974682489	750	21.157016426983894	0.0	350713	2139.2833355936255	0.75
4491.948359928397	750	22.476631181075614	0.0	386472	2680.385245908276	0.75
4495.050704961515	750	23.374286147957168	0.0	399894	3102.345033118448	0.75
4498.585061078801	750	23.839930030671116	0.0	401853	3534.3561172860536	0.75
4501.920290344819	750	24.50470076465367	0.0	343800	3335.229266017447	0.75
4505.550907296376	750	24.874083813095478	0.0	359903	3630.6169515581923	0.75
4510.76165329529	750	23.663337814182242	0.0	379700	5210.745998913234	0.75
4515.344761482486	750	23.080229626985926	0.0	425781	4583.108187196317	0.75
4523.089967704252	1850	19.335023405220845	0.0	758197	7745.206221765082	0.75
4530.797459293072	1850	15.62753181640003	0.0	972798	7707.491588820814	1.85
4536.656084996701	1850	13.768906112770608	0.0	975811	5858.625703629422	1.85
4543.591641289073	1850	10.83334982039895	0.0	873429	6935.556292371656	1.85
4547.336595696322	750	11.088395413150051	0.0	400322	3744.954407248901	-0.3500000000000001
4550.254775935544	750	12.170215173928376	0.0	369834	2918.180239221674	0.75
4553.941776277178	750	12.483214832294223	0.0	412837	3687.000341634153	0.75
4557.070359356119	750	13.354631753353157	0.0	401088	3128.583078941066	0.75
4559.847567203056	750	14.5774239064164	0.0	365161	2777.207846936757	0.75
4562.097654951013	750	16.327336158458426	0.0	321064	2250.0877479579726	0.75
4564.2337730069	750	18.19121810257225	0.0	361565	2136.1180558861774	0.75
4566.881166056906	750	19.543825052566824	0.0	378327	2647.393050005427	0.75
4569.530957312965	750	20.894033796508268	0.0	390680	2649.791256058553	0.75
4571.6303635646145	750	22.794627544858695	0.0	345516	2099.4062516495737	0.75
4578.342838635362	1850	20.08215247411106	0.0	1025005	6712.475070747637	0.75
4582.789113254211	1850	19.635877855261896	0.0	886255	4446.274618849164	1.85
4588.249224961157	1850	18.17576614831613	0.0	973972	5460.111706945767	1.85
4593.983499607251	1850	16.44149150222225	0.0	958994	5734.274646093881	1.85
4604.6437718095785	1850	9.781219299894126	0.0	982064	10660.272202328122	1.85
4607.493313299128	750	10.931677810345132	0.0	331053	2849.541489548994	-0.3500000000000001
4609.401847678896	750	13.023143430576626	0.0	314107	1908.5343797685068	0.75

