23705.327897348416	750	4.0	6.6911010369313795	450283	6691.10103693138	-28.021734458804932
23707.16695986872	300	6.160937479695716	0.0	155580	1839.0625203042848	-0.15000000000000002
23708.535981390058	300	8.791915958355675	0.0	139857	1369.0215213400395	0.3
23711.25395284526	750	10.073944503153923	0.0	382355	2717.9714552017517	0.3
23718.406678156298	1200	6.921219192114942	0.0	652874	7152.725311038981	0.75
23720.52843683854	300	8.799460509869759	0.0	126289	2121.7586822451835	-0.6000000000000001
23729.56949624167	750	4.0	0.2415988932575674	352642	9041.059403127327	-0.7388752410075397
23733.825938663656	300	4.0	0.2564424219876446	173849	4256.442421987645	-1.2527024145468717
23739.001510694463	300	4.0	1.175572030806822	150710	5175.572030806822	-4.7549597324693345
23743.86730790859	300	4.0	0.8657972141285408	139105	4865.797214128541	-3.4229280207527255
23747.682162333353	300	4.185145575235331	0.0	141840	3814.8544247646696	0.3
23752.072157013303	300	4.0	0.20484910471578588	156148	4389.994679951116	-0.5808511502778793
23755.88324682188	300	4.188910191425562	0.0	160746	3811.0898085744375	0.3
23759.218229775066	300	4.853927238237896	0.0	179801	3334.9829531876667	0.3
23761.549680658005	300	6.522476355299775	0.0	140051	2331.450882938121	0.3
23763.978061333368	300	8.094095679934087	0.0	138313	2428.3806753656877	0.3
23772.614316813222	750	4.0	0.5421597999192709	360831	8636.255479853358	-2.0312871396528647
23774.019114365678	300	6.595202447543974	0.0	150616	1404.7975524560256	-0.15000000000000002
23775.238574978637	300	9.375741834585192	0.0	165384	1219.460612958782	0.3
23778.99907944086	1200	9.615237372365096	0.0	586839	3760.504462220095	0.29999999999999993
23782.610512391773	1200	10.003804421450132	0.0	601738	3611.4329509149657	1.2
23786.808318122334	1200	9.805998690888268	0.0	616206	4197.805730561865	1.2
23791.461994699683	1200	9.152322113539062	0.0	656471	4653.676577349204	1.2
23794.5145215823	1200	10.099795230923466	0.0	536667	3052.5268826155975	1.2
23797.89404578581	1200	10.72027102741166	0.0	587236	3379.5242035118044	1.2
23801.41946224072	1200	11.194854572505083	0.0	590335	3525.4164549065786	1.2
23806.942014206557	1850	9.672302606666781	0.0	1076599	5522.551965838302	1.2000000000000002
23809.456566673674	1200	11.157750139551148	0.0	487160	2514.552467115632	0.5499999999999999
23815.25779436424	1850	9.35652244898532	0.0	972798	5801.227690565826	1.2000000000000002
23820.005999767855	1200	8.608317045370278	0.0	641447	4748.205403615044	0.5499999999999999
23823.727199125973	750	8.887117687252506	0.0	358218	3721.1993581177726	0.3
23826.67900102012	750	9.935315793105703	0.0	400322	2951.8018941468026	0.75
23829.888614573665	1200	10.725702239561167	0.0	584349	3209.613553544535	0.75
23833.66013122828	1200	10.954185584947448	0.0	670129	3771.5166546137207	1.2
23837.78628942726	1200	10.828027385968223	0.0	690253	4126.158198979223	1.2
23842.3724483865	1200	10.241868426723709	0.0	598727	4586.158959244514	1.2
23845.359504700074	1200	11.254812113149317	0.0	487812	2987.0563135743914	1.2
23850.41030156813	1850	10.20401524509603	0.0	938587	5050.796868053286	1.2000000000000002
23854.51698004408	1200	10.097336769143133	0.0	605884	4106.6784759528955	0.5499999999999999
23858.446454462945	1200	10.167862350280824	0.0	587506	3929.47441886231	1.2
23861.69119400553	1200	10.923122807697602	0.0	566904	3244.739542583222	1.2
23865.30186839709	1200	11.312448416137856	0.0	641452	3610.6743915597444	1.2
23872.577380358616	1850	8.036936454609071	0.0	886255	7275.511961528785	1.2000000000000002
23876.20377752405	750	8.410539289177514	0.0	438281	3626.3971654315587	-0.3500000000000001
23878.866807369333	750	9.747509443895698	0.0	398987	2663.0298452818147	0.75
23882.732025040197	1200	9.88229177303212	0.0	638661	3865.217670863579	0.75
23887.06113537579	1200	9.553181437440621	0.0	538612	4329.110335591501	1.2
23891.18434403013	1200	9.429972783100048	0.0	550906	4123.208654340573	1.2

