6770.384892691867	750	4.0	1.1823497891980714	450283	1182.3497891980714	-4.334104093551707
6771.348733470041	750	7.036159221826023	0.0	398865	963.8407781739772	0.75
6772.362853117098	750	10.02203957476906	0.0	350812	1014.1196470569622	0.75
6773.456587889832	750	12.928304802034292	0.0	382355	1093.7347727347678	0.75
6774.53170058365	750	15.853192108217337	0.0	411561	1075.1126938169552	0.75
6776.34981550931	1850	18.035077182556737	0.0	801058	1818.1149256606025	0.75
6778.449191635994	1850	19.935701055872887	0.0	905515	2099.376126683849	1.85
6781.065502818351	1850	21.31938987351603	0.0	1060487	2616.311182356859	1.85
6783.499891156173	1850	22.8850015356931	0.0	852833	2434.3883378229307	1.85
6785.8270356938565	1850	24.55785699800962	0.0	913888	2327.1445376834804	1.85
6788.0350609354455	1850	26.34983175642159	0.0	939819	2208.0252415880277	1.85
6790.463522945447	1850	27.921369746419956	0.0	917428	2428.4620100016373	1.85
6792.827415618485	1850	29.557477073381904	0.0	946851	2363.8926730380504	1.85
6796.178359779498	1850	30.20653291236853	0.0	1036454	3350.9441610133717	1.85
6798.973091844013	1850	31.411800847853865	0.0	821631	2794.732064514666	1.85
6801.302700668094	1850	33.08219202377327	0.0	923170	2329.6088240805966	1.85
6803.797551814374	1850	34.587340877493425	0.0	966699	2494.851146279848	1.85
6805.952122699695	1850	36.43276999217192	0.0	885714	2154.570885321505	1.85
6808.547680950633	1850	37.8372117412347	0.0	987708	2595.5582509372157	1.85
6810.921374986643	1850	39.463517705223914	0.0	923755	2373.6940360107865	1.85
6814.058593493426	1850	40.32629919844046	0.0	891604	3137.2185067834553	1.85
6816.75254462282	1850	41.632348069047076	0.0	955231	2693.9511293933815	1.85
6818.955334407607	1850	43.42955828425999	0.0	968026	2202.7897847870845	1.85
6821.017756554672	1850	45.367136137195494	0.0	874175	2062.422147064499	1.85
6823.620808944599	1850	46.76408374726821	0.0	897976	2603.052389927283	1.85
6826.075114316565	1850	48.309778375302166	0.0	905935	2454.3053719660493	1.85
6829.047452923079	1850	49.337439768787796	0.0	1076599	2972.3386065143727	1.85
6831.15281487561	1850	51.23207781625793	0.0	758197	2105.3619525298623	1.85
6833.630584211869	1850	52.75430847999785	0.0	972798	2477.769336260074	1.85
6837.012348215225	1850	53.37254447664231	0.0	975811	3381.7640033555454	1.85
6839.767100206416	1850	54.61779248545144	0.0	873429	2754.7519911908644	1.85
6842.040625890112	1850	56.344266801755204	0.0	954453	2273.525683696238	1.85
6843.9093644056275	1850	58.47552828624015	0.0	885062	1868.738515515054	1.85
6849.170149214518	4300	57.21474347735006	0.0	2286761	5260.784808890086	1.8499999999999996
6854.969625705367	4300	55.415266986499454	0.0	2307787	5799.476490850608	4.3
6859.51189047827	4300	54.87300221359714	0.0	2143948	4542.264772902318	4.3
6863.5751257020265	4300	54.809766989840995	0.0	1919781	4063.235223756142	4.3
6868.539229574647	4300	53.8456631172201	0.0	2147467	4964.103872620892	4.3
6875.249302451779	4300	51.135590240088064	0.0	2133870	6710.072877132035	4.3
6884.343965834	4300	46.04092685786744	0.0	2146120	9094.663382220631	4.3
6891.812223285733	4300	42.57266940613476	0.0	2108491	7468.257451732677	4.3
6898.941554737111	4300	39.44333795475684	0.0	2184571	7129.33145137792	4.3
6907.257745212659	4300	35.12714747920785	0.0	2121928	8316.190475548989	4.3
6916.765296597795	4300	29.61959609407268	0.0	2219102	9507.55138513517	4.3
6923.274224435371	4300	27.110668256495796	0.0	2124950	6508.927837576883	4.3
6928.63572151709	4300	25.74917117477731	0.0	2246506	5361.497081718489	4.3
6933.315897001008	4300	25.06899569085839	0.0	1961140	4680.175483918918	4.3
6938.861473021987	4300	23.52341966988014	0.0	2155012	5545.576020978249	4.3

