10338.549309722513	750	4.0	4.2446647119615655	450283	4244.664711961565	-17.50205826143473
10339.964097856047	300	6.5852118664659365	0.0	155580	1414.7881335340633	-0.15000000000000002
10341.22778918839	300	9.321520534123353	0.0	139857	1263.6913323425845	0.3
10342.605701736238	300	11.94360798627423	0.0	155432	1377.9125478491217	0.3
10344.092199772427	300	14.457109950084448	0.0	163442	1486.4980361897813	0.3
10346.35206850485	750	16.197241217662675	0.0	318564	2259.8687324217744	0.3
10348.671149617803	750	17.87816010471031	0.0	352642	2319.0811129523627	0.75
10352.304353252703	750	18.24495646981026	0.0	437162	3633.203634900051	0.75
10355.034818519836	750	19.5144912026778	0.0	374758	2730.465267132458	0.75
10357.714418417248	750	20.834891305264353	0.0	362795	2679.5998974134473	0.75
10360.715965258178	750	21.83334446433627	0.0	353220	3001.5468409280847	0.75
10364.78308277723	750	21.766226945283567	0.0	405134	4067.117519052702	0.75
10367.72567245175	750	22.82363727076355	0.0	386351	2942.589674520015	0.75
10371.782128246972	750	22.767181475539957	0.0	434409	4056.455795223596	0.75
10374.475699852384	750	24.073609870127008	0.0	337059	2693.5716054129484	0.75
10381.839924195625	1850	20.709385526887484	0.0	923170	7364.224343239525	0.75
10387.645209212382	1850	18.904100510131762	0.0	966699	5805.2850167557235	1.85
10394.663664193298	1850	15.885645529215028	0.0	885714	7018.454980916733	1.85
10402.480363401668	1850	12.068946320845638	0.0	987708	7816.699208369389	1.85
10410.750901497751	1850	7.798408224762649	0.0	923755	8270.53809608299	1.85
10414.090890591788	750	8.458419130727473	0.0	386472	3339.989094035176	-0.3500000000000001
10415.546420704577	300	11.002889017936939	0.0	157812	1455.5301127905332	-0.15000000000000002
10417.30981068715	300	13.239499035364473	0.0	163927	1763.3899825724661	0.3
10418.97163631931	300	15.577673403203304	0.0	137654	1661.8256321611698	0.3
10423.491695680035	750	15.057614042478253	0.0	359903	4520.059360725049	0.3
10431.81585423905	750	10.73345548346262	0.0	379700	8324.158559015634	0.75
10438.966990721614	750	7.582319000900552	0.0	425781	7151.136482562068	0.75
10440.646747092454	300	9.902562630059414	0.0	111155	1679.7563708411385	-0.15000000000000002
10442.885626549196	300	11.663683173317196	0.0	153605	2238.8794567422183	0.3
10445.73665900522	300	12.812650717292017	0.0	149029	2851.0324560251797	0.3
10447.889867172857	300	14.659442549657172	0.0	157421	2153.2081676348466	0.3
10449.430226873015	300	17.119082849496138	0.0	157488	1540.359700161031	0.3
10452.372122223525	750	18.177187498985752	0.0	369834	2941.8953505103877	0.3
10455.294031550111	750	19.2552781724004	0.0	412837	2921.9093265853553	0.75
10458.622729854258	750	19.92657986825364	0.0	401088	3328.698304146755	0.75
10460.975050531224	750	21.574259191287126	0.0	365161	2352.320676966515	0.75
10463.015171532985	750	23.53413818952487	0.0	321064	2040.121001762256	0.75
10465.277604679019	750	25.271705043490993	0.0	361565	2262.433146033877	0.75
10471.850602557583	1850	22.698707164925572	0.0	908665	6572.997878565418	0.75
10477.854849663152	1850	20.69446005935716	0.0	930577	6004.247105568413	1.85
10485.47278289036	1850	17.076526832150172	0.0	858450	7617.933227206986	1.85
10495.266657179021	1850	11.282652543487032	0.0	1025005	9793.874288663139	1.85
10503.06002279742	1850	7.489286925089692	0.0	886255	7793.365618397341	1.85
10508.223819827552	750	6.325489894957143	0.0	438281	5163.797030132549	-0.3500000000000001
10510.385622265047	300	8.163687457461913	0.0	167025	2161.80243749523	-0.15000000000000002
10511.853615981257	300	10.695693741251478	0.0	160064	1467.993716210436	0.3
10513.384774684911	300	13.164535037596025	0.0	137507	1531.158703655454	0.3
10515.670213245328	750	14.87909647717882	0.0	314107	2285.438560417203	0.3

