15031.397738124084	750	4.0	3.9247822452337946	450283	3924.7822452337946	-16.126563654505315
15032.7491344173	300	6.648603706784821	0.0	155580	1351.3962932151785	-0.15000000000000002
15033.801271481309	300	9.596466642774697	0.0	139857	1052.1370640101254	0.3
15038.504617008866	1200	8.893121115217708	0.0	617681	4703.345527556989	0.29999999999999993
15041.100660342569	750	10.297077781516245	0.0	411561	2596.043333701462	0.3
15044.117932621995	1200	11.279805502090102	0.0	520315	3017.272279426143	0.75
15050.669507272762	1850	8.728230851324344	0.0	905515	6551.574650765758	1.2000000000000002
15054.378510452138	750	9.01922767194709	0.0	437162	3709.0031793772546	-0.3500000000000001
15057.444713401033	1200	9.953024723052264	0.0	584846	3066.2029488948265	0.75
15061.847195150844	1200	9.55054297324139	0.0	560821	4402.481749810873	1.2
15069.034202942416	1200	6.3635351816673404	0.0	607410	7187.00779157405	1.2
15070.952043733618	300	8.445694390465224	0.0	156148	1917.8407912021162	-0.6000000000000001
15075.35277820233	750	8.044959921751959	0.0	386351	4400.734468713265	0.3
15079.802084387191	750	7.595653736892539	0.0	434409	4449.306184859419	0.75
15083.122926207108	750	8.274811916974496	0.0	337059	3320.8418199180423	0.75
15086.208231839923	750	9.189506284160405	0.0	366214	3085.3056328140915	0.75
15092.870713618098	1200	6.5270245059858105	0.0	617242	6662.481778174594	0.75
15096.321691224734	300	7.076046899350321	0.0	150616	3450.97760663549	-0.6000000000000001
15105.089281846946	750	4.0	1.6915437228626025	405596	8767.590622212923	-6.973638008309191
15106.837964396802	300	6.251317450142584	0.0	140881	1748.6825498574158	-0.15000000000000002
15108.860150185215	300	8.229131661729618	0.0	157671	2022.1857884129668	0.3
15114.351787273748	750	6.737494573197323	0.0	399894	5491.637088532295	0.3
15116.368053325634	300	8.721228521311286	0.0	163927	2016.2660518860368	-0.15000000000000002
15120.851117816992	750	8.238164029954099	0.0	343800	4483.064491357187	0.3
15123.896033898358	750	9.193247948588127	0.0	359903	3044.9160813659723	0.75
15131.081089873918	1200	6.008191973027397	0.0	590335	7185.055975560729	0.75
15133.715632832971	300	7.373649013975249	0.0	181901	2634.542959052149	-0.6000000000000001
15136.565741603796	750	8.5235402431505	0.0	277716	2850.1087708247496	0.3
15142.528479675804	750	6.560802171142397	0.0	400396	5962.738072008102	0.75
15145.41577076371	300	7.673511083234844	0.0	149029	2887.2910879075525	-0.15000000000000002
15149.577142363118	750	7.512139483827176	0.0	358218	4161.371599407668	0.3
15152.589157225619	750	8.500124621326405	0.0	400322	3012.014862500771	0.75
15155.083419928069	750	10.005861918876063	0.0	369834	2494.262702450343	0.75
15158.723991565817	1200	10.365290281125732	0.0	670129	3640.5716377503304	0.75
15162.739745039733	1200	10.349536807210443	0.0	690253	4015.7534739152898	1.2
15168.81827900106	1200	8.27100284588492	0.0	598727	6078.533961325522	1.2
15171.288117665346	750	9.801164181596446	0.0	321064	2469.838664288475	0.3
15174.143999521704	1200	10.945282325237876	0.0	575591	2855.881856358571	0.75
15180.344813801737	1200	8.744468045205297	0.0	605884	6200.8142800325795	1.2
15182.70259781917	750	10.386684027772887	0.0	390680	2357.7840174324106	0.3
15185.545045135046	1200	11.544236711897586	0.0	566904	2842.4473158753017	0.75
15190.986442142088	1850	10.102839704854494	0.0	1025005	5441.397007043091	1.2000000000000002
15193.906971496202	1200	11.182310350740197	0.0	599477	2920.5293541142955	0.5499999999999999
15200.054025823838	1850	9.035256023104258	0.0	973972	6147.0543276359385	1.2000000000000002
15202.956836502477	1200	10.132445344463529	0.0	630203	2902.81067864073	0.5499999999999999
15205.649683947515	1200	11.439597899425948	0.0	638661	2692.847445037581	1.2
15211.331045833685	1850	9.758236013254278	0.0	830730	5681.361886171669	1.2000000000000002
15216.208651748662	1200	8.880630098277056	0.0	550906	4877.605914977224	0.5499999999999999

