16785.269890114065	750	4.0	4.316718207694552	450283	4316.718207694552	-17.81188829308657
16786.065298142472	300	7.204591971595131	0.0	155580	795.4080284048688	-0.15000000000000002
16787.078039028715	300	10.191851085350168	0.0	139857	1012.740886244963	0.3
16788.012719119026	300	13.257170995038038	0.0	155432	934.6800903121318	0.3
16790.765088013344	750	14.504802100720099	0.0	411561	2752.368894317938	0.3
16793.34402340272	750	15.925866711346083	0.0	318564	2578.9353893740163	0.75
16796.897036709564	750	16.372853404499093	0.0	352642	3553.013306846992	0.75
16800.715494500266	750	16.554395613799795	0.0	437162	3818.4577906992986	0.75
16805.908343725372	750	15.361546388694045	0.0	374758	5192.849225105751	0.75
16811.860623903143	750	13.409266210922448	0.0	362795	5952.280177771597	0.75
16816.210340786816	750	13.059549327251494	0.0	353220	4349.716883670954	0.75
16820.1917265854	750	13.078163528666165	0.0	405134	3981.385798585328	0.75
16823.910971540237	750	13.358918573825578	0.0	386351	3719.244954840588	0.75
16827.858188538565	750	13.411701575498281	0.0	434409	3947.2169983272975	0.75
16831.222546270783	750	14.047343843281864	0.0	337059	3364.3577322164165	0.75
16835.256241415824	750	14.0136486982404	0.0	366214	4033.6951450414635	0.75
16841.465793544012	750	11.80409657005387	0.0	360831	6209.552128186529	0.75
16845.773652636315	750	11.4962374777495	0.0	372963	4307.859092304373	0.75
16852.157437849815	750	9.11245226424833	0.0	405596	6383.785213501169	0.75
16853.953149333458	300	11.31674078060413	0.0	140881	1795.711483644199	-0.15000000000000002
16856.403910967103	300	12.865979146958132	0.0	157671	2450.761633645997	0.3
16860.196988053875	300	13.07290206018952	0.0	157812	3793.0770867686124	0.3
16862.38350454456	300	14.886385569502071	0.0	163927	2186.51649068745	0.3
16866.50692632361	750	14.7629637904514	0.0	343800	4123.42177905067	0.3
16870.259050044566	750	15.010840069495595	0.0	359903	3752.123720955806	0.75
16875.840587343202	750	13.429302770862696	0.0	379700	5581.5372986328985	0.75
16879.41332591318	750	13.856564200884328	0.0	425781	3572.7385699783677	0.75
16881.810771952227	750	15.459118161836262	0.0	277716	2397.446039048065	0.75
16884.79460484883	750	16.475285265231474	0.0	400396	2983.8328966047907	0.75
16888.93022173924	750	16.3396683748233	0.0	400508	4135.61689040817	0.75
16891.27950056399	750	17.990389550073075	0.0	358218	2349.2788247502262	0.75
16894.461267685136	750	18.808622428929556	0.0	400322	3181.767121143518	0.75
16897.410074291565	750	19.85981582250018	0.0	369834	2948.8066064293757	0.75
16903.960167268717	1850	17.30972284534736	0.0	1035329	6550.0929771528245	0.75
16910.21930006017	1850	15.050590053893844	0.0	1026056	6259.132791453513	1.85
16916.091947827153	1850	13.177942286909667	0.0	943942	5872.647766984178	1.85
16920.01370802099	1850	13.25618209307304	0.0	728962	3921.760193836629	1.85
16924.931344839995	1850	12.338545274067412	0.0	938587	4917.636819005627	1.85
16929.546545889858	1850	11.723344224202453	0.0	908665	4615.201049864957	1.85
16933.832635165716	1850	11.437254948341863	0.0	930577	4286.0892758605905	1.85
16938.03251936549	1850	11.237370748567978	0.0	858450	4199.8841997738855	1.85
16944.106873088676	1850	9.163017025381683	0.0	1025005	6074.353723186294	1.85
16952.90697122967	1850	4.362918884388215	0.0	886255	8800.098140993468	1.85
16955.175558369763	300	6.094331744293441	0.0	172312	2268.587140094775	-1.25
16956.20672735804	300	9.063162756015746	0.0	167025	1031.1689882776934	0.3
16957.15170349939	300	12.118186614667302	0.0	160064	944.9761413484435	0.3
16959.088976136685	750	14.180913977370615	0.0	331053	1937.2726372966856	0.3
16960.799668274285	750	16.47022183977237	0.0	314107	1710.692137598244	0.75

