184.6655091489681	750	4.0	5.84241140162946	450283	5842.41140162946	-24.372369027006677
186.39878989469932	300	6.266719254268797	0.0	155580	1733.2807457312028	-0.15000000000000002
187.60007796377948	300	9.065431185188647	0.0	139857	1201.2880690801505	0.3
188.90129193856635	300	11.76421721040178	0.0	155432	1301.2139747868682	0.3
190.2413601154536	300	14.424149033514515	0.0	163442	1340.0681768872635	0.3
192.60681100065204	750	16.058698148316054	0.0	318564	2365.450885198462	0.3
194.99118451989125	750	17.674324629076867	0.0	352642	2384.3735192391878	0.75
197.9611861422132	750	18.704323006754894	0.0	437162	2970.00162232197	0.75
200.31322984337447	750	20.35227930559364	0.0	374758	2352.0437011612544	0.75
202.54690175772086	750	22.118607391247252	0.0	362795	2233.671914346389	0.75
204.61618543553234	750	24.049323713435793	0.0	353220	2069.2836778114593	0.75
210.38901875261493	1850	22.276490396353196	0.0	917428	5772.833317082595	0.75
215.90348384065035	1850	20.76202530831779	0.0	946851	5514.465088035408	1.85
229.17252028805748	1850	11.49298886091067	0.0	1036454	13269.03644740712	1.85
231.16365887239027	300	13.501850276577864	0.0	140051	1991.1385843328062	-1.25
238.79942153329478	750	9.86608761567337	0.0	366214	7635.762660904493	0.3
240.62627702584953	300	12.039232123118607	0.0	143509	1826.8554925547623	-0.15000000000000002
242.3204651817735	300	14.345043967194652	0.0	150616	1694.1881559239564	0.3
243.97000366533987	300	16.695505483628263	0.0	165384	1649.5384835663856	0.3
247.18290456504684	750	17.482604583921308	0.0	350713	3212.9008997069577	0.3
251.4692406685192	750	17.196268480448932	0.0	386472	4286.336103472374	0.75
255.34478308314775	750	17.320726065820395	0.0	399894	3875.5424146285372	0.75
258.5729206757076	750	18.09258847326052	0.0	401853	3228.137592559879	0.75
260.857196659823	750	19.808312489145155	0.0	343800	2284.2759841153643	0.75
263.0634881761143	750	21.60202097285388	0.0	359903	2206.291516291275	0.75
265.33672942524726	750	23.328779723720913	0.0	379700	2273.2412491329665	0.75
272.2350869921822	1850	20.43042215678593	0.0	1076599	6898.357566934981	0.75
276.04973757069604	1850	20.6157715782721	0.0	758197	3814.650578513831	1.85
283.4833406774676	1850	17.182168471500553	0.0	972798	7433.603106771546	1.85
290.4454230962551	1850	14.220086052713043	0.0	975811	6962.082418787512	1.85
297.73130246587766	1850	10.934206683090467	0.0	873429	7285.879369622575	1.85
300.9640331444491	750	11.70147600451904	0.0	400322	3232.7306785714263	-0.3500000000000001
303.61604575749203	750	13.04946339147612	0.0	369834	2652.0126130429217	0.75
306.0718714631455	750	14.593637685822632	0.0	412837	2455.8257056534885	0.75
308.9916936114099	750	15.673815537558214	0.0	401088	2919.822148264418	0.75
311.82425302593794	750	16.841256123030195	0.0	365161	2832.559414528017	0.75
314.1164190627664	750	18.549090086201694	0.0	321064	2292.166036828499	0.75
316.22765774539806	750	20.43785140357004	0.0	361565	2111.2386826316533	0.75
318.7782231162449	750	21.887286032723217	0.0	378327	2550.565370846819	0.75
327.4890796421254	1850	17.17642950684274	0.0	930577	8710.856525880477	0.75
335.4350916460152	1850	13.23041750295283	0.0	858450	7946.012003889911	1.85
341.385142836395	1850	11.280366312573035	0.0	1025005	5950.051190379795	1.85
346.3447910988569	1850	10.32071805011115	0.0	886255	4959.648262461883	1.85
349.0245333410916	750	11.640975807876401	0.0	438281	2679.7422422347495	-0.3500000000000001
351.5666674976749	750	13.098841651293123	0.0	398987	2542.1341565832777	0.75
354.4179332328318	750	14.24757591613629	0.0	393804	2851.2657351568337	0.75
357.4399536151192	750	15.225555533848928	0.0	331053	3022.020382287361	0.75
362.3738027711428	750	14.291706377825314	0.0	314107	4933.849156023614	0.75

