12967.772052579881	750	4.0	4.722418988271614	450283	4722.418988271614	-19.55640164956794
12969.247658398157	300	6.524394181725228	0.0	155580	1475.6058182747722	-0.15000000000000002
12970.448119142611	300	9.323933437271	0.0	139857	1200.460744454228	0.3
12974.843902785058	1200	8.928149794823057	0.0	617681	4395.783642447944	0.29999999999999993
12978.046238724022	750	9.725813855859156	0.0	411561	3202.3359389639013	0.3
12982.08306351504	1200	9.688989064843279	0.0	520315	4036.8247910158775	0.75
12986.622037717434	1200	9.150014862448938	0.0	561791	4538.974202394342	1.2
12994.311409352622	1200	5.460643227260611	0.0	709534	7689.371635188326	1.2
12995.988311011743	300	7.783741568138715	0.0	150710	1676.901659121897	-0.6000000000000001
13000.983344614608	750	6.788707965273787	0.0	362795	4995.033602864928	0.3
13003.529396157859	300	8.242656422023959	0.0	141840	2546.051543249826	-0.15000000000000002
13010.570941607251	750	5.20111097263026	0.0	405134	7041.5454493936995	0.3
13013.252044508861	300	6.520008071020053	0.0	160746	2681.102901610207	-0.15000000000000002
13015.151069674914	300	8.620982904968926	0.0	179801	1899.025166051126	0.3
13018.290636183558	750	9.481416396324406	0.0	337059	3139.5665086445206	0.3
13022.724231801321	1200	9.047820778560329	0.0	587876	4433.595617764078	0.75
13030.975138810038	1200	4.7969137698461495	0.0	617242	8250.907008714179	1.2
13033.15139657195	300	6.620656007934102	0.0	150616	2176.2577619120475	-0.6000000000000001
13035.741341975354	300	8.03071060453046	0.0	165384	2589.945403403641	0.3
13039.966848583943	750	7.805203995941598	0.0	350713	4225.506608588863	0.3
13044.83010327595	750	6.941949303934532	0.0	386472	4863.254692007066	0.75
13046.679993404954	300	9.092059174929535	0.0	157812	1849.8901290049978	-0.15000000000000002
13053.808511031533	1200	5.963541548350891	0.0	656471	7128.517626578643	0.29999999999999993
13055.471696369767	300	8.300356210116991	0.0	137654	1663.1853382338986	-0.6000000000000001
13060.505225879959	750	7.266826699926022	0.0	359903	5033.52951019097	0.3
13066.456385801885	750	5.315666777999037	0.0	379700	5951.159921926986	0.75
13069.73867468835	300	6.033377891535603	0.0	181901	3282.2888864634333	-0.15000000000000002
13071.144352212066	300	8.627700367818262	0.0	111155	1405.677523717341	0.3
13076.568078750592	750	7.203973829292881	0.0	400396	5423.726538525381	0.3
13082.075495863153	750	5.696556716731653	0.0	400508	5507.417112561228	0.75
13084.137433160642	300	7.6346194192427905	0.0	157421	2061.937297488863	-0.15000000000000002
13089.74847272655	750	6.023579853334842	0.0	400322	5611.039565907949	0.3
13092.362425919784	300	7.409626660099726	0.0	143881	2613.953193235115	-0.15000000000000002
13100.267210106602	750	4.0	0.4951575267175622	412837	7904.784186817288	-1.8291773648855172
13104.404812931374	300	4.0	0.13760282477182226	179328	4137.602824771822	-0.7416921465188357
13109.208140193821	300	4.0	0.8033272624476122	159914	4803.327262447612	-3.1543072285247327
13111.73877970779	300	5.469360486032118	0.0	131610	2530.639513967882	0.3
13113.727335845648	300	7.4808043481748205	0.0	124011	1988.556137857297	0.3
13122.524068552804	750	4.0	1.3159283589832593	378327	8796.73270715808	-5.358491943628015
13126.431879094636	300	4.092189458169874	0.0	149991	3907.810541830126	-0.15000000000000002
13130.514618959849	300	4.009449592956231	0.0	147968	4082.739865213643	0.3
13135.0160963524	300	4.0	0.4920277995946835	161857	4501.477392550914	-1.8157195382571392
13137.836430021385	300	5.179666331014824	0.0	145210	2820.3336689851762	0.3
13140.75822234186	300	6.257874010540046	0.0	172312	2921.792320474777	0.3
13143.345423057885	300	7.670673294515491	0.0	167025	2587.2007160245553	0.3
13149.09843383657	750	5.917662515828737	0.0	393804	5753.010778686754	0.3
13150.749191093193	300	8.26690525920612	0.0	137507	1650.757256622617	-0.15000000000000002
13154.978810865996	750	8.037285486402974	0.0	314107	4229.619772803146	0.3

