7302.87129714674	750	4.0	5.693969597015465	450283	5693.969597015464	-23.734069267166497
7304.674633741915	300	6.1966634048252285	0.0	155580	1803.336595174772	-0.15000000000000002
7306.163605877046	300	8.707691269693635	0.0	139857	1488.9721351315945	0.3
7307.747115036633	300	11.12418211010765	0.0	155432	1583.509159585983	0.3
7309.457035640542	300	13.414261506198569	0.0	163442	1709.920603909083	0.3
7312.635111677725	750	14.236185469015979	0.0	318564	3178.076037182592	0.3
7316.318106444658	750	14.553190702083322	0.0	352642	3682.9947669326557	0.75
7320.817731971973	750	14.053565174767915	0.0	437162	4499.625527315407	0.75
7324.39870790718	750	14.472589239560872	0.0	374758	3580.975935207043	0.75
7328.114685933565	750	14.75661121317609	0.0	362795	3715.978026384783	0.75
7332.0607141945175	750	14.810582952223687	0.0	353220	3946.0282609524015	0.75
7336.352397351461	750	14.518899795279566	0.0	405134	4291.683156944123	0.75
7341.38316246932	750	13.488134677420708	0.0	386351	5030.765117858857	0.75
7347.156059189679	750	11.715237957061689	0.0	434409	5772.89672035902	0.75
7350.848485541302	750	12.022811605439177	0.0	337059	3692.4263516225114	0.75
7355.3933210740115	750	11.477976072729616	0.0	366214	4544.835532709562	0.75
7357.342228078733	300	13.529069068009443	0.0	143509	1948.9070047201728	-0.15000000000000002
7359.689633636058	300	15.181663510684546	0.0	150616	2347.4055573248966	0.3
7362.591674805725	300	16.279622341016978	0.0	165384	2902.04116966757	0.3
7367.313619127639	750	15.55767801910346	0.0	350713	4721.944321913516	0.3
7371.699166069473	750	15.17213107726861	0.0	386472	4385.546941834849	0.75
7376.934528697122	750	13.936768449619972	0.0	399894	5235.3626276486375	0.75
7384.713197384424	750	10.158099762317109	0.0	401853	7778.668687302864	0.75
7388.242644357393	300	10.628652789348275	0.0	137654	3529.4469729688344	-0.15000000000000002
7391.433513941989	300	11.437783204752675	0.0	146754	3190.8695845955986	0.3
7393.859658626062	300	13.011638520680219	0.0	153938	2426.144684072457	0.3
7395.90269435863	300	14.96860278811313	0.0	181901	2043.0357325670898	0.3
7398.868814742293	750	16.00248240445026	0.0	277716	2966.1203836628697	0.3
7402.724083259897	750	16.14721388684556	0.0	400396	3855.2685176047007	0.75
7407.404408250548	750	15.46688889619525	0.0	400508	4680.324990650309	0.75
7411.703810724317	750	15.16748642242589	0.0	358218	4299.40247376936	0.75
7417.503155860382	750	13.368141286360832	0.0	400322	5799.345136065061	0.75
7428.453348467374	750	6.417948679368503	0.0	369834	10950.192606992328	0.75
7433.560022295776	300	5.31127485096641	0.0	163444	5106.673828402092	-0.15000000000000002
7438.369621916214	300	4.501675230528994	0.0	179328	4809.599620437417	0.3
7441.24244043594	300	5.628856710803946	0.0	159914	2872.8185197250473	0.3
7443.128296613514	300	7.743000533229422	0.0	131610	1885.8561775745238	0.3
7444.998148142497	300	9.873149004247782	0.0	124011	1869.8515289816394	0.3
7447.355344832424	300	11.515952314319373	0.0	144254	2357.19668992841	0.3
7449.5880936193835	300	13.283203527359758	0.0	149991	2232.7487869596143	0.3
7451.564658052377	300	15.306639094366437	0.0	147968	1976.5644329933211	0.3
7454.494707807402	750	16.376589339341724	0.0	384505	2930.049755024714	0.3
7456.7965043119575	750	18.07479283478611	0.0	372093	2301.7965045556125	0.75
7459.695890986244	750	19.17540616049895	0.0	438281	2899.386674287157	0.75
7463.908357927915	750	18.96293921882884	0.0	398987	4212.466941670111	0.75
7471.238221898255	1850	15.633075248488264	0.0	982064	7329.863970340575	0.75
7481.967397021951	1850	8.903900124791823	0.0	830730	10729.175123696441	1.85
7483.791630055157	300	11.079667091586057	0.0	118421	1824.2330332057677	-1.25

