6226.115601658013	750	4.0	2.288238812003366	450283	2288.238812003366	-9.089426891614474
6227.23430369478	300	6.8812979632329325	0.0	155580	1118.7020367670673	-0.15000000000000002
6228.26044051669	300	9.855161141322627	0.0	139857	1026.136821910304	0.3
6230.632514538276	750	11.483087119737485	0.0	382355	2372.074021585142	0.3
6232.563786060216	750	13.551815597796224	0.0	411561	1931.271521941261	0.75
6233.800305450048	750	16.315296207965332	0.0	318564	1236.519389830894	0.75
6237.855610024587	1850	16.25999163342499	0.0	905515	4055.3045745403433	0.75
6242.131479915039	1850	15.984121742973988	0.0	1060487	4275.869890451	1.85
6246.160934488606	1850	15.954667169407003	0.0	852833	4029.454573566985	1.85
6251.095522737525	1850	15.020078920487412	0.0	913888	4934.588248919591	1.85
6255.61404295191	1850	14.501558706102857	0.0	939819	4518.520214384557	1.85
6259.363156946962	1850	14.752444711050641	0.0	917428	3749.1139950522156	1.85
6263.7454336747405	1850	14.370167983271495	0.0	946851	4382.276727779145	1.85
6267.999263861584	1850	14.116337796427528	0.0	1036454	4253.830186843967	1.85
6271.905386921343	1850	14.210214736668233	0.0	821631	3906.1230597592958	1.85
6276.075644888846	1850	14.039956769165046	0.0	923170	4170.257967503187	1.85
6278.934897599331	1850	15.18070405867972	0.0	966699	2859.2527104853275	1.85
6281.75280496323	1850	16.36279669478079	0.0	885714	2817.9073638989285	1.85
6286.693486808472	1850	15.422114849539616	0.0	987708	4940.681845241174	1.85
6290.724451942591	1850	15.391149715420248	0.0	923755	4030.9651341193685	1.85
6295.29551073189	1850	14.820090926121715	0.0	891604	4571.058789298533	1.85
6299.441296573836	1850	14.674305084175787	0.0	955231	4145.785841945928	1.85
6304.144917836427	1850	13.97068382158381	0.0	968026	4703.621262591977	1.85
6309.039344966634	1850	13.076256691377411	0.0	874175	4894.427130206399	1.85
6314.0489021851645	1850	12.066699472847072	0.0	897976	5009.55721853034	1.85
6318.2829157639	1850	11.832685894111586	0.0	905935	4234.013578735486	1.85
6322.7757709961925	1850	11.339830661819224	0.0	1076599	4492.855232292362	1.85
6325.629380898137	1850	12.486220759874353	0.0	758197	2853.6099019448707	1.85
6329.048993453529	1850	13.066608204483463	0.0	972798	3419.6125553908896	1.85
6332.714319415793	1850	13.401282242218512	0.0	975811	3665.3259622649507	1.85
6337.222340352317	1850	12.893261305695633	0.0	873429	4508.020936522879	1.85
6343.912430934066	1850	10.203170723945641	0.0	954453	6690.090581749991	1.85
6345.835405128288	750	12.28019652972386	0.0	369834	1922.9741942217815	-0.3500000000000001
6348.159574468367	750	13.956027189644065	0.0	412837	2324.169340079795	0.75
6350.609718751215	750	15.505882906796518	0.0	401088	2450.144282847546	0.75
6352.13195111049	750	17.983650547521584	0.0	365161	1522.2323592749317	0.75
6354.9917474603635	1850	19.12385419764871	0.0	728962	2859.7963498728736	0.75
6358.225442065574	1850	19.890159592438977	0.0	938587	3233.694605209735	1.85
6362.014349976032	1850	20.101251681981143	0.0	908665	3788.9079104578327	1.85
6366.169340918539	1850	19.94626073947325	0.0	930577	4154.990942507893	1.85
6369.528847927989	1850	20.58675373002355	0.0	858450	3359.5070094497	1.85
6373.461390150596	1850	20.6542115074154	0.0	1025005	3932.5422226081496	1.85
6379.006876917002	1850	19.108724741009702	0.0	886255	5545.486766405698	1.85
6383.215860397776	1850	18.899741260236066	0.0	973972	4208.983480773632	1.85
6387.159323543526	1850	18.956278114486853	0.0	958994	3943.463145749214	1.85
6390.949831414461	1850	19.1657702435506	0.0	982064	3790.5078709362524	1.85
6394.1904933600445	1850	19.925108297967082	0.0	830730	3240.6619455835184	1.85
6397.963737274648	1850	20.151864383362845	0.0	846370	3773.2439146042357	1.85

