15008.770561383091	750	4.0	7.229722006325715	450283	7229.722006325715	-30.337804627200573
15011.253129349838	300	5.517432033254713	0.0	155580	2482.567966745287	-0.15000000000000002
15013.50380732584	300	7.266754057251941	0.0	139857	2250.6779760027725	0.3
15016.78762192992	300	7.982939453173061	0.0	155432	3283.8146040788806	0.3
15020.688564429747	300	8.081996953345817	0.0	163442	3900.9424998272434	0.3
15023.505349580957	300	9.265211802135669	0.0	126289	2816.785151210147	0.3
15026.752546779477	300	10.018014603615459	0.0	153295	3247.1971985202117	0.3
15029.314253583498	300	11.456307799592997	0.0	173849	2561.706804022462	0.3
15031.238134204716	300	13.532427178375375	0.0	150710	1923.8806212176214	0.3
15033.034256374453	300	15.736305008638867	0.0	139105	1796.1221697365083	0.3
15036.851420219104	750	15.919141163988439	0.0	353220	3817.1638446504267	0.3
15039.910556331348	750	16.86000505174326	0.0	405134	3059.136112245178	0.75
15042.838562464141	750	17.931998918948164	0.0	386351	2928.0061327950984	0.75
15047.921182635062	750	16.84937874802917	0.0	434409	5082.620170918991	0.75
15050.817399263831	750	17.953162119259897	0.0	337059	2896.2166287692758	0.75
15053.60407135376	750	19.1664900293311	0.0	366214	2786.672089928798	0.75
15056.85965857061	750	19.9109028124799	0.0	360831	3255.587216851199	0.75
15060.347260261331	750	20.4233011217584	0.0	372963	3487.6016907215026	0.75
15066.036379076815	750	18.73418230627482	0.0	405596	5689.1188154835745	0.75
15071.588595006113	750	17.181966376977805	0.0	350713	5552.2159292970155	0.75
15079.201302019543	750	13.569259363548571	0.0	386472	7612.7070134292335	0.75
15082.983740801017	750	13.786820582072435	0.0	399894	3782.4387814761353	0.75
15086.801191755385	750	13.969369627706065	0.0	401853	3817.450954366371	0.75
15091.782275409214	750	12.988285973876852	0.0	343800	4981.0836538292115	0.75
15099.955795752481	750	8.814765630609953	0.0	359903	8173.520343266901	0.75
15103.215098458926	300	9.555462924165939	0.0	153938	3259.3027064440143	-0.15000000000000002
15105.712806721132	300	11.05775466195825	0.0	181901	2497.7082622076878	0.3
15107.415678914916	300	13.354882468175347	0.0	111155	1702.8721937829037	0.3
15110.180597732684	300	14.589963650407634	0.0	153605	2764.918817767712	0.3
15112.318512900027	300	16.452048483065163	0.0	149029	2137.915167342475	0.3
15115.86393135709	750	16.906630026001988	0.0	358218	3545.418457063174	0.3
15119.507742342768	750	17.262819040323407	0.0	400322	3643.8109856785823	0.75
15123.886630830273	750	16.883930552817873	0.0	369834	4378.888487505533	0.75
15128.34878093888	750	16.4217804442108	0.0	412837	4462.150108607075	0.75
15131.696992293295	750	17.0735690897963	0.0	401088	3348.211354414499	0.75
15136.046138857288	750	16.72442252580162	0.0	365161	4349.146563994676	0.75
15141.608012762397	750	15.162548620693054	0.0	321064	5561.87390510857	0.75
15147.897093265181	750	12.873468117908638	0.0	361565	6289.080502784414	0.75
15156.37206781682	750	8.398493566269401	0.0	378327	8474.974551639238	0.75
15159.106121283738	300	9.664440099351243	0.0	149991	2734.053466918157	-0.15000000000000002
15160.992254250403	300	11.778307132685997	0.0	147968	1886.132966665245	0.3
15163.056062835512	300	13.714498547576355	0.0	161857	2063.8085851096416	0.3
15164.946308947885	300	15.824252435202908	0.0	145210	1890.2461123734463	0.3
15169.036632538993	750	15.733928844096207	0.0	438281	4090.3235911067018	0.3
15171.987030292135	750	16.783531090954252	0.0	398987	2950.397753141951	0.75
15174.905210417985	750	17.865350965104742	0.0	393804	2918.18012584951	0.75
15179.5570253911	750	17.213535991988582	0.0	331053	4651.814973116159	0.75
15181.997741417797	750	18.77281996529126	0.0	314107	2440.71602669732	0.75

