17345.581333234484	750	4.0	5.105653885378062	450283	5105.653885378062	-21.204311707125665
17349.737034974147	300	4.0	0.15570173966025685	155580	4155.701739660257	-0.8195174805391044
17352.193668404114	300	5.543366570032065	0.0	139857	2456.6334299679343	0.3
17353.480097539603	300	8.256937434542367	0.0	155432	1286.4291354896984	0.3
17354.46781738751	300	11.26921758663774	0.0	163442	987.7198479046284	0.3
17355.73221445632	750	14.004820517826547	0.0	318564	1264.397068811193	0.3
17357.242285831493	750	16.49474914265435	0.0	352642	1510.0713751721992	0.75
17359.161837052106	750	18.575197922038473	0.0	437162	1919.551220615874	0.75
17361.15365865387	750	20.583376320275303	0.0	374758	1991.821601763171	0.75
17364.35687371232	1850	21.380161261824856	0.0	913888	3203.2150584504498	0.75
17367.973823377568	1850	21.763211596576756	0.0	939819	3616.9496652480984	1.85
17370.932988874163	1850	22.80404609998032	0.0	917428	2959.1654965964353	1.85
17373.963955681156	1850	23.77307929298818	0.0	946851	3030.966806992137	1.85
17377.37846715994	1850	24.358567814204847	0.0	1036454	3414.5114787833336	1.85
17380.03067855244	1850	25.70635642170119	0.0	821631	2652.2113925036524	1.85
17383.800703096796	1850	25.93633187734755	0.0	923170	3770.024544353645	1.85
17388.726491498965	1850	25.01054347517901	0.0	966699	4925.788402168539	1.85
17391.760582245504	1850	25.976452728640762	0.0	885714	3034.0907465382484	1.85
17395.178266937626	1850	26.558768036520362	0.0	987708	3417.6846921203964	1.85
17398.81528925858	1850	26.921745715569465	0.0	923755	3637.0223209509004	1.85
17404.855751159794	1850	24.881283814351345	0.0	891604	6040.46190121812	1.85
17412.159840814318	1850	21.57719415982913	0.0	955231	7304.089654522215	1.85
17419.816839050323	1850	17.92019592382527	0.0	968026	7656.998236003863	1.85
17430.860551205027	1850	10.876483769119238	0.0	874175	11043.712154706029	1.85
17434.155562542535	750	11.581472431612372	0.0	359903	3295.011337506866	-0.3500000000000001
17438.02665144805	750	11.710383526097663	0.0	379700	3871.088905514709	0.75
17441.82646638336	750	11.910568590784656	0.0	425781	3799.814935313007	0.75
17444.77745441664	750	12.959580557505422	0.0	277716	2950.9880332792345	0.75
17448.45867591742	750	13.278359056725975	0.0	400396	3681.221500779447	0.75
17451.78675865821	750	13.95027631593638	0.0	400508	3328.0827407895936	0.75
17455.446889563627	750	14.29014541052027	0.0	358218	3660.130905416112	0.75
17458.712872348533	750	15.024162625617334	0.0	400322	3265.982784902934	0.75
17461.524959318827	750	16.21207565532276	0.0	369834	2812.0869702945765	0.75
17465.342116969565	750	16.394918004587165	0.0	412837	3817.1576507355935	0.75
17468.186393222495	750	17.550641751656165	0.0	401088	2844.276252930999	0.75
17470.59896807643	750	19.138066897723412	0.0	365161	2412.5748539327537	0.75
17473.992584211723	750	19.744450762433463	0.0	321064	3393.616135289951	0.75
17477.756476336886	750	19.980558637269407	0.0	361565	3763.892125164053	0.75
17482.62467149315	750	19.112363481005495	0.0	378327	4868.195156263915	0.75
17487.359454285794	750	18.3775806883634	0.0	390680	4734.782792642092	0.75
17489.672247212242	750	20.064787761915902	0.0	345516	2312.792926447498	0.75
17492.177338371435	750	21.559696602719573	0.0	384505	2505.0911591963263	0.75
17495.044211354492	750	22.692823619661468	0.0	372093	2866.8729830581074	0.75
17499.66286416036	750	22.07417081379509	0.0	438281	4618.652805866379	0.75
17502.971596737945	750	22.76543823621144	0.0	398987	3308.7325775836475	0.75
17505.490633981477	750	24.246400992678616	0.0	393804	2519.0372435328254	0.75
17514.859580293793	1850	18.877454680364533	0.0	830730	9368.946312314085	0.75
17525.06011413227	1850	12.676920841886421	0.0	846370	10200.53383847811	1.85

