19496.670756692056	750	4.0	6.619212714537035	450283	6619.212714537035	-27.71261467250925
19498.781719036306	300	5.8890376557490836	0.0	155580	2110.9623442509164	-0.15000000000000002
19500.587781040096	300	8.082975651959863	0.0	139857	1806.0620037892206	0.3
19503.30536895121	300	9.365387740844167	0.0	155432	2717.587911115697	0.3
19505.92153715494	300	10.749219537113932	0.0	163442	2616.1682037302335	0.3
19507.520590589498	300	13.150166102556996	0.0	126289	1599.0534345569358	0.3
19509.544313640043	300	15.126443052010968	0.0	153295	2023.723050546029	0.3
19517.135698489776	750	11.53505820227916	0.0	437162	7591.384849731808	0.3
19519.534945576437	300	13.135811115618171	0.0	150710	2399.2470866609888	-0.15000000000000002
19521.411430252865	300	15.259326439190644	0.0	139105	1876.4846764275264	0.3
19525.797326925916	750	14.87342976613923	0.0	353220	4385.896673051416	0.3
19530.812615927494	750	13.858140764558529	0.0	405134	5015.289001580701	0.75
19533.922787778458	750	14.747968913593938	0.0	386351	3110.171850964591	0.75
19538.286104416227	750	14.384652275823184	0.0	434409	4363.316637770755	0.75
19541.41697074837	750	15.25378594367978	0.0	337059	3130.866332143403	0.75
19544.594987782744	750	16.07576890931015	0.0	366214	3178.0170343696323	0.75
19547.187323918693	750	17.4834327733584	0.0	360831	2592.3361359517503	0.75
19549.978850414427	750	18.69190627762415	0.0	372963	2791.5264957342506	0.75
19553.097356020113	750	19.573400671942306	0.0	405596	3118.505605681842	0.75
19555.882978890877	750	20.78777780117698	0.0	350713	2785.6228707653245	0.75
19558.913816195007	750	21.75694049704681	0.0	386472	3030.8373041301725	0.75
19562.25460952551	750	22.416147166546192	0.0	399894	3340.793330500617	0.75
19566.809073128894	750	21.86168356316116	0.0	401853	4554.463603385031	0.75
19570.477722503307	750	22.193034188745187	0.0	343800	3668.6493744159725	0.75
19574.899403146446	750	21.771353545606225	0.0	359903	4421.680643138964	0.75
19581.664252376828	750	19.006504315222323	0.0	379700	6764.8492303839	0.75
19588.41239488395	750	16.25836180809834	0.0	425781	6748.142507123982	0.75
19591.421747684442	750	17.249009007610482	0.0	277716	3009.3528004878594	0.75
19594.698910002575	750	17.971846689477736	0.0	400396	3277.162318132747	0.75
19597.8896394344	750	18.781117257649456	0.0	400508	3190.7294318282807	0.75
19602.024742798843	750	18.646013893207297	0.0	358218	4135.103364442162	0.75
19608.135655678903	750	16.535101013147877	0.0	400322	6110.912880059421	0.75
19613.0812389784	750	15.589517713648	0.0	369834	4945.583299499876	0.75
19618.088447822734	750	14.582308869312618	0.0	412837	5007.208844335382	0.75
19622.695434483816	750	13.975322208232392	0.0	401088	4606.986661080225	0.75
19626.696681896403	750	13.974074795643611	0.0	365161	4001.2474125887807	0.75
19630.225943408495	750	14.444813283549271	0.0	321064	3529.2615120943415	0.75
19635.335618245317	750	13.335138446728665	0.0	361565	5109.674836820604	0.75
19641.252333827226	750	11.418422864819775	0.0	378327	5916.715581908891	0.75
19647.205069440093	750	9.465687251953762	0.0	390680	5952.735612866014	0.75
19649.134479055756	300	11.536277636291572	0.0	147968	1929.4096156621881	-0.15000000000000002
19651.407581872496	300	13.26317481955031	0.0	161857	2273.102816741263	0.3
19653.439741286442	300	15.231015405604373	0.0	145210	2032.1594139459382	0.3
19659.336552941542	750	13.334203750503923	0.0	438281	5896.8116551004505	0.3
19665.168034046823	750	11.502722645225557	0.0	398987	5831.481105278366	0.75
19672.21309761238	750	8.457659079664278	0.0	393804	7045.063565561278	0.75
19674.509065314665	300	10.161691377380965	0.0	137507	2295.967702283312	-0.15000000000000002
19677.640468445807	300	11.03028824623765	0.0	118421	3131.403131143316	0.3

