11440.978449320797	750	4.0	4.3779972098671385	450283	4377.997209867139	-18.075388002428696
11442.23672708471	300	6.741722236087304	0.0	155580	1258.2777639126964	-0.15000000000000002
11443.281702918046	300	9.696746402752327	0.0	139857	1044.975833334976	0.3
11444.46675083867	300	12.511698482125855	0.0	155432	1185.0479206264713	0.3
11445.741346758261	300	15.237102562534885	0.0	163442	1274.5959195909713	0.3
11448.272177682935	750	16.706271637861615	0.0	318564	2530.8309246732692	0.3
11451.061408949061	750	17.917040371735002	0.0	352642	2789.231266126614	0.75
11454.39421589962	750	18.584233421175625	0.0	437162	3332.8069505593794	0.75
11457.11521892409	750	19.863230396707696	0.0	374758	2721.0030244679306	0.75
11459.490300724918	750	21.488148595878886	0.0	362795	2375.0818008288065	0.75
11461.825129942466	750	23.153319378331904	0.0	353220	2334.8292175469833	0.75
11464.848413687376	750	24.130035633422057	0.0	405134	3023.283744909849	0.75
11467.771930566207	750	25.206518754591837	0.0	386351	2923.516878830217	0.75
11471.820253150572	750	25.158196170225207	0.0	434409	4048.3225843666287	0.75
11479.21066232823	1850	21.76778699256845	0.0	821631	7390.4091776567575	0.75
11490.119959460826	1850	14.858489859972298	0.0	923170	10909.297132596152	1.85
11498.639457092213	1850	10.33899222858623	0.0	966699	8519.497631386068	1.85
11502.077595622653	750	10.900853698146067	0.0	372963	3438.138530440163	-0.3500000000000001
11505.341371056184	750	11.637078264614974	0.0	405596	3263.7754335310933	0.75
11508.364967942778	750	12.613481378020468	0.0	350713	3023.5968865945074	0.75
11511.693602038002	750	13.2848472827961	0.0	386472	3328.6340952243686	0.75
11515.000803401721	750	13.97764591907662	0.0	399894	3307.2013637194796	0.75
11518.058472383304	750	14.919976937495615	0.0	401853	3057.668981581005	0.75
11520.538233965608	750	16.440215355192414	0.0	343800	2479.7615823032024	0.75
11523.629027682133	750	17.349421638666268	0.0	359903	3090.7937165261487	0.75
11527.144551256926	750	17.833898063872557	0.0	379700	3515.5235747937104	0.75
11531.292686421431	750	17.68576289936724	0.0	425781	4148.135164505315	0.75
11533.243229933454	750	19.73521938734423	0.0	277716	1950.5435120230115	0.75
11536.08969356371	750	20.888755757087452	0.0	400396	2846.463630256779	0.75
11539.177938233895	750	21.800511086902347	0.0	400508	3088.244670185106	0.75
11542.327986415165	750	22.65046290563218	0.0	358218	3150.0481812701687	0.75
11546.287211624138	750	22.691237696659403	0.0	400322	3959.2252089727754	0.75
11549.814366682067	750	23.164082638729642	0.0	369834	3527.1550579297577	0.75
11554.314230791735	750	22.664218529063557	0.0	412837	4499.864109666088	0.75
11558.341555903662	750	22.636893417136577	0.0	401088	4027.3251119269826	0.75
11561.784723894263	750	23.193725426535124	0.0	365161	3443.1679906014506	0.75
11565.216355366405	750	23.762093954392544	0.0	321064	3431.6314721425806	0.75
11568.971901577555	750	24.006547743242248	0.0	361565	3755.5462111502984	0.75
11572.3985467628	750	24.579902557995013	0.0	378327	3426.645185247235	0.75
11575.848071372064	750	25.130377948733184	0.0	390680	3449.5246092618286	0.75
11578.873109201184	750	26.105340119613064	0.0	345516	3025.03782912012	0.75
11588.231791412281	1850	20.746657908514827	0.0	1025005	9358.682211098241	0.75
11597.226951043278	1850	15.751498277517298	0.0	886255	8995.159630997528	1.85
11610.089537883181	1850	6.888911437614221	0.0	973972	12862.586839903077	1.85
11613.372655392368	750	7.605793928428513	0.0	398987	3283.117509185707	-0.3500000000000001
11616.883090853713	750	8.095358467081883	0.0	393804	3510.4354613466303	0.75
11617.956338998589	300	11.022110322205403	0.0	137507	1073.2481448764797	-0.15000000000000002
11618.853967160054	300	14.124482160741898	0.0	118421	897.6281614635044	0.3

