16709.57965681891	750	4.0	2.7039540741785544	450283	2703.9540741785545	-10.877002518967783
16711.603161135314	750	5.976495683599848	0.0	398865	2023.504316400153	0.75
16714.132843978205	1200	7.446812840706842	0.0	571051	2529.682842893005	0.75
16717.930850243516	1200	7.64880657539731	0.0	617681	3798.0062653095333	1.2
16723.032458381833	1200	6.5471984370793965	0.0	652874	5101.6081383179135	1.2
16729.285535293686	1200	4.294121525226597	0.0	520315	6253.0769118528	1.2
16730.47627621972	300	7.103380599189663	0.0	153295	1190.7409260369336	-0.6000000000000001
16731.674822895	300	9.904833923912403	0.0	173849	1198.5466752772588	0.3
16732.67424863508	300	12.90540818382967	0.0	150710	999.4257400827337	0.3
16733.647995387917	300	15.931661430995856	0.0	139105	973.7467528338135	0.3
16735.82348890495	750	17.75616791396194	0.0	353220	2175.493517033918	0.3
16738.223897969154	750	19.355758849757095	0.0	405134	2400.4090642048436	0.75
16741.559371364718	1200	20.020285454195857	0.0	624282	3335.473395561238	0.75
16746.250737281494	1850	19.328919537415942	0.0	1036454	4691.365916779915	1.2000000000000002
16750.38530356759	1850	19.19435325132154	0.0	821631	4134.566286094403	1.85
16758.239917426115	1850	15.339739392796758	0.0	923170	7854.613858524781	1.85
16764.75029697818	1850	12.829359840728957	0.0	966699	6510.379552067801	1.85
16770.81021514373	1850	10.769441675181556	0.0	885714	6059.918165547403	1.85
16780.639986321585	1200	4.939670497329167	0.0	639204	9829.771177852388	0.5499999999999999
16781.614335802522	300	7.96532101639093	0.0	140881	974.3494809382379	-0.6000000000000001
16782.850485294613	300	10.729171524299081	0.0	157671	1236.1494920918483	0.3
16784.6456254268	300	12.93403139210851	0.0	157812	1795.1401321905698	0.3
16787.064729803053	300	14.51492701585858	0.0	163927	2419.10437624993	0.3
16788.17866658475	300	17.40099023416282	0.0	137654	1113.936781695762	0.3
16790.57464489518	750	19.005011923731068	0.0	359903	2395.9783104317507	0.3
16793.282862879732	750	20.296793939180656	0.0	379700	2708.2179845504083	0.75
16796.012961525368	750	21.56669529354041	0.0	425781	2730.0986456402493	0.75
16797.78156972269	750	23.798087096220105	0.0	277716	1768.608197320303	0.75
16800.529300091188	750	25.05035672772083	0.0	400396	2747.730368499276	0.75
16804.87625812879	1200	24.703398690119656	0.0	641447	4346.958037601174	0.75
16808.4748023004	1200	25.104854518506585	0.0	570392	3598.5441716130695	1.2
16816.467106568056	1850	21.112550250851722	0.0	954453	7992.304267654862	1.2000000000000002
16822.37364110619	1850	19.206015712718564	0.0	885062	5906.534538133162	1.85
16829.314450609403	1850	16.26520620950714	0.0	1035329	6940.809503211421	1.85
16840.84470204825	1850	8.734954770661849	0.0	1026056	11530.251438845293	1.85
16845.934663172353	750	7.644993646557335	0.0	365161	5089.961124104513	-0.3500000000000001
16850.198972694907	750	7.380684124004895	0.0	321064	4264.30952255244	0.75
16854.66217717821	750	6.917479640705574	0.0	361565	4463.2044832993215	0.75
16856.168055646955	300	9.411601171958363	0.0	144254	1505.8784687472096	-0.15000000000000002
16857.60989809724	300	11.969758721675712	0.0	149991	1441.8424502826526	0.3
16858.92302028109	300	14.656636537822127	0.0	147968	1313.1221838535837	0.3
16861.80422999026	750	15.775426828654997	0.0	384505	2881.2097091671317	0.3
16864.101550748197	750	17.478106070719114	0.0	372093	2297.3207579358846	0.75
16867.78540907784	1200	17.794247741075022	0.0	634861	3683.8583296440925	0.75
16870.945017011254	1200	18.634639807657482	0.0	630203	3159.6079334175415	1.2
16874.188841498388	1200	19.390815320525228	0.0	638661	3243.8244871322536	1.2
16879.724356163042	2850	17.85530065586628	0.0	1231456	5535.514664658947	1.2000000000000002
16886.324843632014	2850	15.254813186896284	0.0	1364537	6600.487468969996	2.85

