26152.37160768527	750	4.0	4.010168074006698	450283	4010.168074006698	-16.4937227182288
26153.545525777914	300	6.8260819073535774	0.0	155580	1173.9180926464226	-0.15000000000000002
26155.978875002897	750	8.392732682369962	0.0	350812	2433.3492249836154	0.3
26158.138360802062	750	10.23324688320803	0.0	382355	2159.4857991619324	0.75
26160.361511608822	750	12.010096076447882	0.0	411561	2223.150806760148	0.75
26162.982254463197	1200	13.389353222072994	0.0	520315	2620.7428543748874	0.75
26165.907213667168	1200	14.464394018101068	0.0	561791	2924.959203971926	1.2
26169.636008910533	1200	14.735598774737431	0.0	709534	3728.795243363637	1.2
26171.953088142855	1200	16.418519542417034	0.0	584846	2317.0792323203978	1.2
26176.12239076995	1850	16.249216915317387	0.0	913888	4169.302627099648	1.2000000000000002
26181.994222690097	1850	14.377384995170969	0.0	939819	5871.831920146416	1.85
26186.4593759977	1850	13.912231687567456	0.0	917428	4465.153307603513	1.85
26190.717246232976	1850	13.654361452293687	0.0	946851	4257.870235273769	1.85
26195.561398867037	1850	12.81020881823037	0.0	1036454	4844.1526340633145	1.85
26199.359163229114	1850	13.012444456151538	0.0	821631	3797.764362078832	1.85
26203.88531098102	1850	12.48629670424529	0.0	923170	4526.147751906247	1.85
26208.90692179066	1850	11.464685894603504	0.0	966699	5021.6108096417875	1.85
26213.863968122478	1850	10.507639562789535	0.0	885714	4957.046331813968	1.85
26220.136067099378	1850	8.235540585892009	0.0	987708	6272.098976897525	1.85
26225.29539857302	1850	7.076209112251992	0.0	923755	5159.331473640017	1.85
26229.129370438768	1200	7.242237246501572	0.0	601738	3833.9718657504204	0.5499999999999999
26232.610077407382	1200	7.761530277888356	0.0	616206	3480.7069686132163	1.2
26236.315101897715	1200	8.056505787555048	0.0	656471	3705.0244903333078	1.2
26240.142963479608	1200	8.228644205663464	0.0	536667	3827.861581891584	1.2
26245.33346899299	1200	7.0381386922811995	0.0	587236	5190.505513382264	1.2
26250.43282866084	1200	5.938779024433523	0.0	590335	5099.359667847677	1.2
26257.3379468975	1200	4.0	0.9663392122276391	696376	6905.118236661162	-2.955258612578848
26258.754303964703	300	6.5836429327966135	0.0	111155	1416.3570672033866	-0.6000000000000001
26262.216813508476	300	7.121133389022339	0.0	153605	3462.509543774274	0.3
26264.94834113268	300	8.389605764815787	0.0	149029	2731.527624206552	0.3
26267.05683263517	300	10.281114262324113	0.0	157421	2108.4915024916736	0.3
26268.87520626348	300	12.462740634013397	0.0	157488	1818.3736283107164	0.3
26270.36662152556	300	14.971325371932497	0.0	143881	1491.415262080901	0.3
26271.942301699546	300	17.395645197952195	0.0	163444	1575.680173980299	0.3
26273.591795309207	300	19.746151588288416	0.0	179328	1649.4936096637803	0.3
26276.738011747413	750	20.599935150085557	0.0	365161	3146.216438202862	0.3
26281.113576424683	750	20.22437047281533	0.0	321064	4375.564677270222	0.75
26284.09181619406	750	21.246130703438606	0.0	361565	2978.2397693767284	0.75
26287.374042227704	750	21.96390466979695	0.0	378327	3282.226033641654	0.75
26291.425789843997	750	21.912157053502494	0.0	390680	4051.7476162944536	0.75
26294.80473578576	750	22.533211111742812	0.0	345516	3378.945941759685	0.75
26298.94054612889	750	22.3974007686128	0.0	384505	4135.81034313001	0.75
26306.366950605523	1200	18.97099629198316	0.0	599477	7426.404476629644	0.75
26311.196688898388	1200	18.1412579991188	0.0	634861	4829.738292864361	1.2
26318.302786766275	1200	15.035160131232823	0.0	630203	7106.097867885976	1.2
26324.344437995875	1200	12.993508901633389	0.0	638661	6041.651229599434	1.2
26331.845946406957	1200	9.492000490551352	0.0	538612	7501.508411082036	1.2
26338.87643597889	1850	6.461510918619805	0.0	846370	7030.489571931547	1.2000000000000002

