3023.8672898860877	750	4.0	1.384287999087403	450283	1384.287999087403	-5.202438396075833
3025.1415108964043	750	6.725778989683334	0.0	398865	1274.2210103166653	0.75
3026.63089203577	750	9.236397850317369	0.0	350812	1489.3811393659653	0.75
3028.07271814195	750	11.794571744137407	0.0	382355	1441.8261061799628	0.75
3029.4765517475544	750	14.390738138532942	0.0	411561	1403.8336056044654	0.75
3030.641172249136	750	17.226117636951464	0.0	318564	1164.6205015814764	0.75
3031.8592643056295	750	20.008025580458074	0.0	352642	1218.0920564933938	0.75
3035.125772794331	1850	20.741517091756208	0.0	1060487	3266.508488701866	0.75
3038.0809325863024	1850	21.786357299784562	0.0	852833	2955.159791971645	1.85
3040.949384763804	1850	22.9179051222827	0.0	913888	2868.452177501861	1.85
3043.9264615290967	1850	23.94082835699018	0.0	939819	2977.076765292519	1.85
3047.147221798267	1850	24.72006808781983	0.0	917428	3220.76026917035	1.85
3051.651077437688	1850	24.216212448398466	0.0	946851	4503.855639421361	1.85
3055.144289683901	1850	24.723000202185197	0.0	1036454	3493.212246213269	1.85
3060.1733076024802	1850	23.693982283606505	0.0	821631	5029.01791857869	1.85
3068.995322003616	1850	18.871967882470592	0.0	923170	8822.014401135913	1.85
3079.6789928879584	1850	12.188296998128102	0.0	966699	10683.67088434249	1.85
3083.6325697879884	750	12.234720098098103	0.0	372963	3953.576900029999	-0.3500000000000001
3087.653584114434	750	12.213705771652352	0.0	405596	4021.0143264457515	0.75
3091.8124286457173	750	12.054861240369036	0.0	350713	4158.844531283317	0.75
3095.6558279209985	750	12.211461965088107	0.0	386472	3843.399275280927	0.75
3098.4190007579436	750	13.448289128142902	0.0	399894	2763.1728369452044	0.75
3101.421784062244	750	14.445505823842941	0.0	401853	3002.78330429996	0.75
3103.7113124720713	750	16.155977414015428	0.0	343800	2289.528409827512	0.75
3106.06268139627	750	17.804608489817046	0.0	359903	2351.3689241983852	0.75
3108.3210457173795	750	19.546244168707105	0.0	379700	2258.36432110994	0.75
3110.487872511554	750	21.37941737453254	0.0	425781	2166.8267941745644	0.75
3112.3412617429112	750	23.526028143175346	0.0	277716	1853.389231357191	0.75
3115.142721057632	750	24.724568828454437	0.0	400396	2801.4593147209107	0.75
3122.402562199259	1850	21.464727686827164	0.0	975811	7259.84114162727	0.75
3129.8716459882407	1850	17.995643897845717	0.0	873429	7469.083788981452	1.85
3137.5758227341416	1850	14.291467151944785	0.0	954453	7704.176745900932	1.85
3143.1281799432327	1850	12.739109942853897	0.0	885062	5552.357209090887	1.85
3149.1548666052445	1850	10.712423280842346	0.0	1035329	6026.686662011551	1.85
3154.5292226738916	1850	9.338067212195481	0.0	1026056	5374.3560686468645	1.85
3159.3928861171435	1850	8.474403768943473	0.0	943942	4863.663443252009	1.85
3163.563094650025	1850	8.30419523606217	0.0	728962	4170.208532881303	1.85
3169.3712399211386	1850	6.496049964948584	0.0	938587	5808.145271113586	1.85
3171.2795498315268	750	8.58774005456031	0.0	378327	1908.3099103882744	-0.3500000000000001
3173.3626686434172	750	10.50462124267003	0.0	390680	2083.118811890282	0.75
3176.509339746676	750	11.357950139411283	0.0	345516	3146.671103258747	0.75
3178.8943373145657	750	12.97295257152135	0.0	384505	2384.997567889932	0.75
3181.2291767811043	750	14.638113104982807	0.0	372093	2334.8394665385435	0.75
3185.4125809337684	750	14.454708952318914	0.0	438281	4183.404152663895	0.75
3187.965767936042	750	15.901521950045197	0.0	398987	2553.1870022737176	0.75
3190.218104242351	750	17.649185643736207	0.0	393804	2252.336306308987	0.75
3191.95573662929	750	19.911553256796935	0.0	331053	1737.6323869392718	0.75
3193.276867499741	750	22.590422386346038	0.0	314107	1321.130870450894	0.75

