2452.266087682834	750	4.0	2.731225734575557	450283	2731.225734575557	-10.994270658674894
2453.229544576971	300	7.036543105862896	0.0	155580	963.4568941371031	-0.15000000000000002
2455.437128832036	750	8.828958850798239	0.0	350812	2207.584255064658	0.3
2460.509374432035	750	7.756713250798628	0.0	382355	5072.245599999611	0.75
2465.8408562122	750	6.425231470633974	0.0	411561	5331.481780164654	0.75
2467.409431186586	300	8.856656496247764	0.0	126289	1568.5749743862089	-0.15000000000000002
2472.9057308652996	750	7.360356817534255	0.0	352642	5496.299678713509	0.3
2476.5809385121765	750	7.685149170657101	0.0	437162	3675.2076468771547	0.75
2479.2576283006315	750	9.00845938220254	0.0	374758	2676.68978845456	0.75
2483.118603029562	1200	9.147484653271883	0.0	560821	3860.974728930657	0.75
2488.2584195222507	1200	8.007668160583377	0.0	607410	5139.816492688507	1.2
2491.166266933458	750	9.099820749375823	0.0	405134	2907.8474112075533	0.3
2496.468800737497	1200	7.797286945336706	0.0	624282	5302.533804039117	0.75
2500.877274589073	750	7.388813093760545	0.0	434409	4408.473851576162	0.3
2503.166261070809	750	9.099826612024604	0.0	337059	2288.9864817359403	0.75
2506.7499878075587	1200	9.516099875274623	0.0	587876	3583.726736749981	0.75
2510.6828926654794	1200	9.58319501735434	0.0	617242	3932.904857920283	1.2
2513.712859851855	1200	10.553227830978782	0.0	581493	3029.9671863755593	1.2
2517.356913262904	1200	10.909174419929695	0.0	639204	3644.053411049086	1.2
2520.816680190664	1200	11.449407492169424	0.0	586839	3459.7669277602704	1.2
2526.507331512211	1850	9.75875617062292	0.0	891604	5690.651321546504	1.2000000000000002
2530.0442664856746	1200	10.221821197159231	0.0	616206	3536.9349734636894	0.5499999999999999
2533.596425740009	1200	10.66966194282462	0.0	656471	3552.159254334612	1.2
2536.4502799078314	1200	11.815807775002272	0.0	536667	2853.854167822349	1.2
2540.540732234297	1850	11.725355448536538	0.0	897976	4090.4523264657328	1.2000000000000002
2544.635553850861	1850	11.630533831973025	0.0	905935	4094.8216165635126	1.85
2549.0391548873813	1850	11.226932795452223	0.0	1076599	4403.601036520803	1.85
2552.0969408332694	1850	12.169146849564108	0.0	758197	3057.785945888116	1.85
2555.886999049843	1850	12.37908863299083	0.0	972798	3790.058216573277	1.85
2560.0624610775308	1850	12.203626605302782	0.0	975811	4175.462027688049	1.85
2563.17508283945	1850	13.091004843383441	0.0	873429	3112.62176191934	1.85
2568.5971963514135	2850	11.668891331420081	0.0	1497683	5422.11351196336	1.85
2573.007012738787	1850	11.259074944046622	0.0	885062	4409.816387373459	0.8500000000000001
2578.6159832381527	1850	9.650104444681162	0.0	1035329	5608.970499365462	1.85
2582.4806313636236	1200	9.785456319210011	0.0	690253	3864.6481254711503	0.5499999999999999
2585.299813030341	1200	10.966274652493253	0.0	598727	2819.1816667167595	1.2
2588.4007419822588	1200	11.865345700575155	0.0	487812	3100.9289519180957	1.2
2592.2705162071193	1850	11.995571475714394	0.0	938587	3869.7742248607606	1.2000000000000002
2596.6099444953993	1850	11.65614318743456	0.0	908665	4339.428288279834	1.85
2602.8123976097127	1850	9.453690073121567	0.0	930577	6202.4531143129925	1.85
2606.1178318021034	1200	10.148255880730812	0.0	566904	3305.4341923907564	0.5499999999999999
2609.107220974379	1200	11.158866708455257	0.0	641452	2989.389172275556	1.2
2613.6200679437743	1850	10.646019739060051	0.0	886255	4512.846969395204	1.2000000000000002
2616.9395988646847	1200	11.326488818149617	0.0	634861	3319.530920910434	0.5499999999999999
2622.1710593003695	1850	10.09502838246495	0.0	958994	5231.460435684667	1.2000000000000002
2625.6562895682287	1200	10.60979811460594	0.0	638661	3485.23026785901	0.5499999999999999
2628.5212912225916	1200	11.744796460243041	0.0	538612	2865.001654362901	1.2
2631.863061477308	1850	12.403026205526832	0.0	846370	3341.7702547162085	1.2000000000000002

