13007.079995821048	750	4.0	1.7227784527213061	450283	1722.7784527213062	-6.657947346701616
13008.876218675392	750	6.20377714565615	0.0	398865	1796.22285434385	0.75
13010.623419361094	750	8.456576459953192	0.0	350812	1747.2006857029573	0.75
13012.076830419795	750	11.003165401252037	0.0	382355	1453.4110587011546	0.75
13013.560020444513	750	13.519975376535525	0.0	411561	1483.1900247165124	0.75
13014.687397250571	750	16.392598570478143	0.0	318564	1127.376806057383	0.75
13016.05680776411	750	19.023188056939958	0.0	352642	1369.4105135381826	0.75
13020.837237826008	1850	18.242757995040375	0.0	1060487	4780.430061899582	0.75
13026.303520493113	1850	16.776475327936677	0.0	852833	5466.282667103696	1.85
13031.20638092179	1850	15.873614899258257	0.0	913888	4902.86042867842	1.85
13035.93576329126	1850	15.144232529789136	0.0	939819	4729.382369469119	1.85
13041.853651600191	1850	13.226344220857529	0.0	917428	5917.888308931609	1.85
13048.059599182598	1850	11.02039663845138	0.0	946851	6205.947582406149	1.85
13051.019218405425	750	12.060777415625015	0.0	434409	2959.6192228263662	-0.3500000000000001
13053.121708428653	750	13.95828739239676	0.0	337059	2102.490023228255	0.75
13055.946583158973	750	15.133412662075568	0.0	366214	2824.874730321193	0.75
13058.752967935885	750	16.327027885164952	0.0	360831	2806.384776910616	0.75
13061.43819288912	750	17.64180293192839	0.0	372963	2685.22495323656	0.75
13064.989241043642	750	18.09075477740719	0.0	405596	3551.0481545211987	0.75
13068.027226025471	750	19.052769795577376	0.0	350713	3037.9849818298153	0.75
13070.812748982327	750	20.267246838721178	0.0	386472	2785.5229568562013	0.75
13074.893123968332	750	20.186871852717985	0.0	399894	4080.3749860031926	0.75
13079.120310252996	750	19.959685568053168	0.0	401853	4227.186284664817	0.75
13085.341295464046	750	17.738700357002433	0.0	343800	6220.9852110507345	0.75
13092.121565035655	750	14.958430785392752	0.0	359903	6780.2695716096805	0.75
13099.175584521357	750	11.904411299691212	0.0	379700	7054.01948570154	0.75
13104.43206999661	750	10.64792582443727	0.0	425781	5256.485475253944	0.75
13105.37402374467	300	13.705972076378199	0.0	111155	941.9537480590699	-0.15000000000000002
13107.772835177459	750	15.30716064358777	0.0	400396	2398.8114327904295	0.3
13110.40219732214	750	16.67779849890554	0.0	400508	2629.3621446822317	0.75
13112.88305314944	750	18.19694267160621	0.0	358218	2480.85582729933	0.75
13115.368720567913	750	19.711275253136453	0.0	400322	2485.6674184697545	0.75
13117.522084917659	750	21.557910903389754	0.0	369834	2153.364349746699	0.75
13119.8960116779	750	23.18398414314749	0.0	412837	2373.9267602422638	0.75
13123.510398974639	750	23.569596846409507	0.0	401088	3614.3872967379866	0.75
13125.78537211738	750	25.294623703668112	0.0	365161	2274.973142741394	0.75
13131.386045586592	1850	23.693950234455833	0.0	728962	5600.673469212276	0.75
13136.123508327975	1850	22.95648749307158	0.0	938587	4737.462741384253	1.85
13140.102858265562	1850	22.97713755548481	0.0	908665	3979.349937586773	1.85
13144.006348414508	1850	23.073647406538292	0.0	930577	3903.4901489465165	1.85
13147.405814788282	1850	23.674181032764633	0.0	858450	3399.466373773658	1.85
13152.250618180493	1850	22.829377640553503	0.0	1025005	4844.803392211133	1.85
13158.920130365324	1850	20.15986545572197	0.0	886255	6669.512184831533	1.85
13164.662900610316	1850	18.417095210730125	0.0	973972	5742.770244991847	1.85
13175.705832151038	1850	11.374163670010347	0.0	958994	11042.931540719777	1.85
13185.76357208021	750	5.316423740837252	0.0	393804	10057.739929173094	-0.3500000000000001
13189.5895246506	300	5.4904711704476465	0.0	137507	3825.9525703896047	-0.15000000000000002
13193.229379305567	300	5.850616515479639	0.0	118421	3639.8546549680077	0.3

