17823.58863905172	750	4.0	4.316718207694552	450283	4316.718207694552	-17.81188829308657
17824.384047080126	300	7.204591971595131	0.0	155580	795.4080284048688	-0.15000000000000002
17825.396787966372	300	10.191851085350168	0.0	139857	1012.740886244963	0.3
17827.667096119465	750	11.921542932256417	0.0	382355	2270.3081530937525	0.3
17830.700754548823	750	12.887884502899986	0.0	411561	3033.6584293564297	0.75
17834.046016043656	750	13.542623008067205	0.0	318564	3345.2614948327805	0.75
17836.94924360576	750	14.639395445962949	0.0	352642	2903.227562104256	0.75
17842.217190226067	750	13.371448825656344	0.0	437162	5267.946620306606	0.75
17847.975619277462	750	11.613019774261135	0.0	374758	5758.429051395209	0.75
17853.019936314813	750	10.568702736907897	0.0	362795	5044.3170373532375	0.75
17856.7176624637	750	10.870976588025014	0.0	353220	3697.726148882883	0.75
17860.668006399013	750	10.920632652708836	0.0	405134	3950.3439353161784	0.75
17864.277424103533	750	11.311214948191687	0.0	386351	3609.417704517149	0.75
17868.427071133923	750	11.161567917801912	0.0	434409	4149.647030389772	0.75
17871.585420931333	750	12.003218120392757	0.0	337059	3158.349797409156	0.75
17878.426344511106	750	9.162294540618126	0.0	366214	6840.923579774631	0.75
17882.033115547205	750	9.555523504517156	0.0	360831	3606.771036100971	0.75
17887.275217520695	750	8.313421531027945	0.0	372963	5242.101973489211	0.75
17893.484562930564	750	6.104076121158211	0.0	405596	6209.345409869735	0.75
17896.129402178845	300	7.459236872877148	0.0	140881	2644.8392482810623	-0.15000000000000002
17899.46887484249	300	8.119764209237953	0.0	157671	3339.4726636391943	0.3
17901.336618147972	300	10.252020903750687	0.0	157812	1867.7433054872663	0.3
17903.323972491642	300	12.264666560081562	0.0	163927	1987.3543436691243	0.3
17905.079168173143	300	14.509470878581537	0.0	137654	1755.1956815000249	0.3
17906.782317231515	300	16.80632182020913	0.0	146754	1703.1490583724076	0.3
17908.328060214328	300	19.260578837391364	0.0	153938	1545.7429828177674	0.3
17914.32135156238	750	17.267287489340994	0.0	425781	5993.291348050371	0.3
17916.74335452338	750	18.845284528342603	0.0	277716	2422.00296099839	0.75
17920.08199846441	750	19.506640587308198	0.0	400396	3338.6439410344087	0.75
17923.043879168512	750	20.544759883211842	0.0	400508	2961.8807040963543	0.75
17926.92581593475	750	20.662823116973676	0.0	358218	3881.936766238165	0.75
17929.5713727333	750	22.01726631842089	0.0	400322	2645.5567985527846	0.75
17932.450023414785	750	23.138615636931238	0.0	369834	2878.6506814896543	0.75
17935.782646134732	750	23.805992916989243	0.0	412837	3332.622719941995	0.75
17938.346159734363	750	25.242479317354004	0.0	401088	2563.513599635237	0.75
17942.202973763666	1200	25.38566528805291	0.0	598727	3856.8140293010993	0.75
17945.03824115099	1200	26.550397900729553	0.0	487812	2835.2673873233557	1.2
17951.182047094226	1850	24.4065919574935	0.0	938587	6143.805943236054	1.2000000000000002
17956.423905920696	1850	23.164733131023596	0.0	908665	5241.858826469902	1.85
17961.219180806504	1850	22.369458245216435	0.0	930577	4795.274885807161	1.85
17965.709586573405	1850	21.879052478316144	0.0	858450	4490.405766900289	1.85
17970.65724630242	1850	20.931392749298045	0.0	1025005	4947.659729018101	1.85
17974.644904526842	1850	20.943734524879975	0.0	886255	3987.6582244180686	1.85
17980.168487506926	1850	19.42015154479632	0.0	973972	5523.58298008366	1.85
17993.71452614177	2850	9.874112909953293	0.0	1464921	13546.038634843024	1.85
17997.29866457348	1200	10.289974478239202	0.0	638661	3584.1384317140914	-0.44999999999999996
18000.122845660273	1200	11.465793391448031	0.0	538612	2824.1810867911713	1.2
18006.513625021402	2850	9.075014030319831	0.0	1364537	6390.7793611282	1.2000000000000002

