17448.93388717072	750	4.0	6.602941104200595	450283	6602.941104200595	-27.642646748062557
17450.555135339295	300	6.378751831422763	0.0	155580	1621.2481685772375	-0.15000000000000002
17452.190126133235	300	8.743761037482852	0.0	139857	1634.990793939913	0.3
17454.1520653768	300	10.78182179391646	0.0	155432	1961.9392435663906	0.3
17456.190016531367	300	12.743870639348641	0.0	163442	2037.9511545678201	0.3
17457.913370182738	300	15.020516987977592	0.0	126289	1723.353651371049	0.3
17462.85791589864	750	14.075971272077375	0.0	352642	4944.545715900215	0.3
17467.69694829987	750	13.236938870847167	0.0	437162	4839.032401230209	0.75
17470.51865943088	750	14.41522773983666	0.0	374758	2821.711131010508	0.75
17472.978569679006	750	15.955317491708957	0.0	362795	2459.9102481277014	0.75
17475.986396744527	750	16.94749042618784	0.0	353220	3007.8270655211154	0.75
17479.39367857183	750	17.540208598887133	0.0	405134	3407.2818273007074	0.75
17482.565469589423	750	18.368417581290316	0.0	386351	3171.7910175968173	0.75
17488.448827562137	1200	16.485059608575583	0.0	687371	5883.357972714732	0.75
17493.251820858735	1200	15.682066311979804	0.0	526950	4802.993296595778	1.2
17498.59652886269	1200	14.337358308026085	0.0	587876	5344.7080039537195	1.2
17503.31420445281	1200	13.619682717907367	0.0	617242	4717.67559011872	1.2
17508.53894618231	1200	12.394940988404526	0.0	581493	5224.741729502839	1.2
17513.54831442308	1200	11.385572747636864	0.0	639204	5009.368240767662	1.2
17517.902777298706	1200	11.031109872007512	0.0	586839	4354.462875629353	1.2
17523.19585181688	1200	9.73803535383865	0.0	601738	5293.07451816886	1.2
17531.987720976693	1200	4.946166194025931	0.0	616206	8791.86915981272	1.2
17533.52985485379	300	7.40403231692809	0.0	163927	1542.133877097841	-0.6000000000000001
17535.40486785829	300	9.529019312427158	0.0	137654	1875.0130045009319	0.3
17537.11425935998	300	11.819627810739028	0.0	146754	1709.3915016881283	0.3
17538.859478879313	300	14.074408291403552	0.0	153938	1745.2195193354764	0.3
17541.779321765123	300	15.154565405594017	0.0	181901	2919.8428858095335	0.3
17544.220359296567	300	16.713527874150145	0.0	111155	2441.0375314438697	0.3
17549.40208995833	750	15.531797212390458	0.0	400396	5181.730661759687	0.3
17552.161560350618	750	16.772326820100414	0.0	400508	2759.4703922900453	0.75
17555.30170160826	750	17.63218556246083	0.0	358218	3140.1412576395846	0.75
17558.880400020378	750	18.053487150339976	0.0	400322	3578.698412120853	0.75
17562.910501280756	750	18.023385889965734	0.0	369834	4030.1012603742433	0.75
17572.43985647713	750	12.494030693591636	0.0	412837	9529.3551963741	0.75
17579.95046466908	750	8.983422501643012	0.0	401088	7510.608191948624	0.75
17582.825437435935	300	10.108449734784514	0.0	159914	2874.9727668584974	-0.15000000000000002
17584.93012377807	300	12.003763392650834	0.0	131610	2104.6863421336802	0.3
17586.155761531965	300	14.778125638757096	0.0	124011	1225.6377538937377	0.3
17587.465210425726	300	17.46867674499379	0.0	144254	1309.4488937633057	0.3
17590.59479872895	750	18.339088441771885	0.0	390680	3129.588303221907	0.3
17593.578515180772	750	19.35537198994805	0.0	345516	2983.7164518238346	0.75
17596.287416838775	750	20.646470331943988	0.0	384505	2708.9016580040634	0.75
17599.05131360141	750	21.882573569312825	0.0	372093	2763.8967626311605	0.75
17602.8485219428	750	22.08536522791853	0.0	438281	3797.208341394297	0.75
17607.150717826687	1200	21.7831693440332	0.0	630203	4302.19588388533	0.75
17611.049958811604	1200	21.883928359117935	0.0	638661	3899.24098491527	1.2
17622.318372827587	2850	14.615514343137425	0.0	1231456	11268.414015980508	1.2000000000000002
17637.173773396105	2850	4.0	0.23988622538072377	1364537	14855.40056851815	1.818489230862888

