24814.69786442236	750	4.0	4.997202366246414	450283	4997.202366246414	-20.73797017485958
24816.851226172646	300	5.846638249714482	0.0	155580	2153.3617502855177	-0.15000000000000002
24819.969378286136	300	6.728486136226441	0.0	139857	3118.1521134880413	0.3
24824.340995042512	300	6.35686937985117	0.0	155432	4371.6167563752715	0.3
24828.76921753358	300	5.928646888778943	0.0	163442	4428.222491072226	0.3
24831.82057457361	300	6.877289848750208	0.0	126289	3051.3570400287354	0.3
24834.441954742964	300	8.255909679394989	0.0	153295	2621.38016935522	0.3
24836.145973581824	300	10.551890840533298	0.0	173849	1704.0188388616891	0.3
24837.62662370746	300	13.071240714897634	0.0	150710	1480.6501256356646	0.3
24838.981639526482	300	15.716224895873086	0.0	139105	1355.0158190245468	0.3
24842.147457015955	750	16.550407406401042	0.0	353220	3165.8174894720437	0.3
24845.449468874755	750	17.248395547598	0.0	405134	3302.0118588030414	0.75
24848.308472236506	750	18.389392185847125	0.0	386351	2859.0033617508734	0.75
24851.486755687867	750	19.211108734489144	0.0	434409	3178.2834513579805	0.75
24853.649494827874	750	21.048369594481763	0.0	337059	2162.7391400073843	0.75
24855.521734844297	750	23.17612957805802	0.0	366214	1872.2400164237417	0.75
24857.209619796842	750	25.488244625513225	0.0	360831	1687.8849525447981	0.75
24861.601680220927	1850	25.096184201427437	0.0	885714	4392.060424085786	0.75
24867.818888650643	1850	22.878975771711954	0.0	987708	6217.208429715484	1.85
24874.65339710875	1850	20.044467313608862	0.0	923755	6834.50845810309	1.85
24880.91705481023	1850	17.780809612129005	0.0	891604	6263.657701479861	1.85
24892.99947167093	1850	9.698392751430598	0.0	955231	12082.416860698406	1.85
24895.801598542934	300	10.896265879425949	0.0	163927	2802.126872004651	-1.25
24898.36554252764	300	12.332321894717177	0.0	137654	2563.9439847087715	0.3
24900.983997624353	300	13.713866798005895	0.0	146754	2618.4550967112805	0.3
24904.76619740626	300	13.931667016096783	0.0	153938	3782.1997819091125	0.3
24909.206260495608	300	13.491603926750965	0.0	181901	4440.063089345819	0.3
24911.778107362174	300	14.919757060185043	0.0	111155	2571.846866565922	0.3
24919.14482262446	750	11.553041797896858	0.0	400396	7366.715262288185	0.3
24922.514761535815	300	12.183102886541635	0.0	149029	3369.9389113552247	-0.15000000000000002
24926.68787613493	300	12.009988287429097	0.0	157421	4173.114599112536	0.3
24930.349018421755	300	12.348846000604214	0.0	157488	3661.142286824884	0.3
24933.148103690255	300	13.549760732104147	0.0	143881	2799.0852685000655	0.3
24935.67191218773	300	15.025952234630065	0.0	163444	2523.8084974740814	0.3
24941.25980948323	750	13.438054939129762	0.0	401088	5587.897295500305	0.3
24945.18718438472	750	13.510680037641446	0.0	365161	3927.374901488314	0.75
24949.330632795547	750	13.367231626814851	0.0	321064	4143.448410826595	0.75
24955.201838729212	750	11.496025693152305	0.0	361565	5871.205933662546	0.75
24959.99095349819	750	10.706910924175817	0.0	378327	4789.1147689764875	0.75
24962.5561741819	750	12.141690240462994	0.0	390680	2565.2206837128224	0.75
24965.049522348916	750	13.648342073449472	0.0	345516	2493.348167013523	0.75
24967.672108956656	750	15.025755465706483	0.0	384505	2622.5866077429882	0.75
24970.594152915546	750	16.103711506818378	0.0	372093	2922.0439588881036	0.75
24973.743236626196	750	16.954627796165784	0.0	438281	3149.0837106525937	0.75
24978.538064618544	750	16.1597998038178	0.0	398987	4794.827992347982	0.75
24981.64295890077	750	17.05490552158958	0.0	393804	3104.8942822282215	0.75
24985.053116645704	750	17.644747776658	0.0	331053	3410.1577449315773	0.75
24988.984103699422	750	17.713760722940677	0.0	314107	3930.9870537173215	0.75

