20950.494870716808	750	4.0	2.5585548523374078	450283	2558.5548523374077	-10.251785865050852
20951.426318303184	300	7.068552413622195	0.0	155580	931.447586377805	-0.15000000000000002
20952.54379172304	300	9.951078993763625	0.0	139857	1117.4734198585697	0.3
20953.728421203454	300	12.766449513354768	0.0	155432	1184.6294804088575	0.3
20956.46467425696	750	14.030196459845982	0.0	411561	2736.253053508786	0.3
20958.725311465292	750	15.769559251515824	0.0	318564	2260.6372083301585	0.75
20960.514951135836	750	17.979919580972723	0.0	352642	1789.6396705431011	0.75
20962.996514000173	750	19.49835671663425	0.0	437162	2481.5628643384725	0.75
20968.28051310361	1850	18.21435761319526	0.0	852833	5283.999103438989	0.75
20973.366576135002	1850	17.12829458180429	0.0	913888	5086.0630313909705	1.85
20979.248064578285	1850	15.246806138522249	0.0	939819	5881.488443282041	1.85
20987.64974400909	1850	10.84512670771644	0.0	917428	8401.679430805809	1.85
20990.464891952535	750	12.029978764268659	0.0	386351	2815.147943447782	-0.3500000000000001
20993.998263859336	750	12.496606857471043	0.0	434409	3533.3719067976162	0.75
20998.732387531785	750	11.762483185021283	0.0	337059	4734.1236724497585	0.75
21005.334752470077	750	9.160118246728521	0.0	366214	6602.364938292762	0.75
21009.59756967569	750	8.897301041111936	0.0	360831	4262.817205616586	0.75
21011.10619305654	300	11.388677660260203	0.0	150616	1508.6233808517327	-0.15000000000000002
21012.625364647654	300	13.869506069150574	0.0	165384	1519.1715911096285	0.3
21015.64794135177	750	14.846929365032365	0.0	350713	3022.57670411821	0.3
21020.263254850695	750	14.231615866105853	0.0	386472	4615.313498926513	0.75
21023.921053813843	750	14.57381690295738	0.0	399894	3657.7989631484734	0.75
21027.513641759935	750	14.98122895686517	0.0	401853	3592.5879460922097	0.75
21031.143010386266	750	15.351860330533528	0.0	343800	3629.3686263316426	0.75
21034.65780599737	750	15.83706471943278	0.0	359903	3514.795611100749	0.75
21038.674930537887	750	15.81994017891262	0.0	379700	4017.124540520159	0.75
21043.628000683024	750	14.86687003377376	0.0	425781	4953.070145138861	0.75
21046.853442052874	750	15.641428663923996	0.0	277716	3225.441369849763	0.75
21049.935167422795	750	16.559703294005573	0.0	400396	3081.725369918426	0.75
21053.753145949002	750	16.74172476779844	0.0	400508	3817.9785262071305	0.75
21058.343216302077	750	16.15165441472265	0.0	358218	4590.070353075791	0.75
21061.926164989243	750	16.568705727556996	0.0	400322	3582.9486871656513	0.75
21066.05557584842	750	16.43929486838362	0.0	369834	4129.410859173379	0.75
21072.091951852442	750	14.402918864363466	0.0	412837	6036.376004020153	0.75
21075.518404926795	750	14.976465790009884	0.0	401088	3426.4530743535815	0.75
21078.482424618505	750	16.012446098301293	0.0	365161	2964.019691708592	0.75
21080.638726029283	750	17.856144687520434	0.0	321064	2156.3014107808567	0.75
21083.287225344844	750	19.2076453719621	0.0	361565	2648.499315558333	0.75
21086.018414616607	750	20.47645610019815	0.0	378327	2731.189271763954	0.75
21088.960823256642	750	21.53404746016263	0.0	390680	2942.408640035518	0.75
21091.26951091238	750	23.22535980442186	0.0	345516	2308.68765574077	0.75
21094.205805992024	750	24.28906472478042	0.0	384505	2936.2950796414393	0.75
21102.280168560388	1850	20.21470215641268	0.0	886255	8074.362568367737	0.75
21110.2274658553	1850	16.267404861502598	0.0	973972	7947.297294910083	1.85
21120.993205456107	1850	9.501665260694347	0.0	958994	10765.73960080825	1.85
21124.99477045497	750	9.500100261832408	0.0	393804	4001.564998861939	-0.3500000000000001
21128.002605161702	750	10.492265555098282	0.0	331053	3007.834706734125	0.75
21130.905855093115	750	11.589015623690027	0.0	314107	2903.249931408254	0.75

