22380.27019662716	750	4.0	4.549356298858494	450283	4549.356298858494	-18.812232085091523
22381.757005703148	300	6.513190924009408	0.0	155580	1486.8090759905917	-0.15000000000000002
22382.67794866664	300	9.59224796051802	0.0	139857	920.942963491389	0.3
22383.834326313674	300	12.435870313484033	0.0	155432	1156.3776470339874	0.3
22386.926355919906	750	13.343840707253666	0.0	411561	3092.029606230367	0.3
22389.6161753872	750	14.654021239957672	0.0	318564	2689.819467295993	0.75
22392.973834011194	750	15.296362615964641	0.0	352642	3357.658623993031	0.75
22396.83744114304	750	15.43275548411765	0.0	437162	3863.6071318469913	0.75
22400.07498410099	750	16.195212526167996	0.0	374758	3237.5429579496536	0.75
22403.18767724019	750	17.082519386968265	0.0	362795	3112.693139199729	0.75
22406.361212755884	750	17.908983871272078	0.0	353220	3173.535515696188	0.75
22410.28662404238	750	17.983572584775384	0.0	405134	3925.411286496694	0.75
22414.345874839473	750	17.924321787682874	0.0	386351	4059.25079709251	0.75
22419.757889871646	750	16.51230675551216	0.0	434409	5412.015032170715	0.75
22422.582742640847	750	17.687453986311144	0.0	337059	2824.8527692010134	0.75
22425.555991125904	750	18.714205501252746	0.0	366214	2973.2484850583996	0.75
22429.33482795945	750	18.935368667703944	0.0	360831	3778.836833548799	0.75
22433.638638470136	750	18.631558157019647	0.0	372963	4303.810510684297	0.75
22438.447118526667	750	17.82307810048746	0.0	405596	4808.480056532187	0.75
22441.397438042546	750	18.87275858460897	0.0	350713	2950.319515878493	0.75
22444.30072907717	750	19.96946754998499	0.0	386472	2903.291034623981	0.75
22447.034266474217	750	21.235930152940703	0.0	399894	2733.537397044288	0.75
22450.150503364966	750	22.11969326219227	0.0	401853	3116.2368907484292	0.75
22452.821113980226	750	23.449082646932794	0.0	343800	2670.6106152594784	0.75
22455.590138136347	750	24.680058490811742	0.0	359903	2769.024156121053	0.75
22458.63580823505	750	25.634388392108857	0.0	379700	3045.6700987028853	0.75
22466.48840203863	1850	21.78179458852952	0.0	1076599	7852.593803579333	0.75
22473.205819387134	1850	19.06437724002559	0.0	758197	6717.417348503935	1.85
22481.71054041377	1850	14.55965621339015	0.0	972798	8504.721026635438	1.85
22488.868319278114	750	11.401877349048597	0.0	400508	7157.778864341553	-0.3500000000000001
22493.488938134455	750	10.78125849270894	0.0	358218	4620.618856339657	0.75
22495.885806524177	300	12.384390102987034	0.0	157488	2396.8683897219053	-0.15000000000000002
22497.987363086202	300	14.282833540960086	0.0	143881	2101.5565620269485	0.3
22502.668795967533	750	13.601400659625833	0.0	412837	4681.432881334253	0.3
22507.112836574783	750	13.15736005237744	0.0	401088	4444.040607248393	0.75
22510.671525705675	750	13.598670921480867	0.0	365161	3558.6891308965733	0.75
22513.30208593909	750	14.96811068806542	0.0	321064	2630.560233415446	0.75
22516.209267534676	750	16.060929092480297	0.0	361565	2907.1815955851253	0.75
22519.461008056565	750	16.809188570590674	0.0	378327	3251.7405218896183	0.75
22523.3860659423	750	16.88413068485356	0.0	390680	3925.057885737113	0.75
22526.77558094867	750	17.49461567848741	0.0	345516	3389.51500636615	0.75
22530.807520503808	750	17.462676123350374	0.0	384505	4031.939555137037	0.75
22536.214619902872	750	16.055576724288006	0.0	372093	5407.099399062368	0.75
22543.871422915116	750	12.398773712045427	0.0	438281	7656.803012242579	0.75
22550.78427927932	750	9.485917347838871	0.0	398987	6912.8563642065565	0.75
22552.50388619454	300	11.766310432623008	0.0	160064	1719.6069152158632	-0.15000000000000002
22554.03361990832	300	14.236576718840244	0.0	137507	1529.7337137827628	0.3
22555.30146769216	300	16.96872893500157	0.0	118421	1267.847783838674	0.3

