13908.642657762692	750	4.0	3.478694088168143	450283	3478.694088168143	-14.208384579123015
13909.847784930409	300	6.794872832282032	0.0	155580	1205.1271677179675	-0.15000000000000002
13910.65497806814	300	9.987679694553293	0.0	139857	807.1931377287391	0.3
13911.515708523744	300	13.126949238948402	0.0	155432	860.730455604892	0.3
13913.97903329249	750	14.663624470203118	0.0	411561	2463.324768745285	0.3
13915.957502592884	750	16.685155169808	0.0	318564	1978.4693003951193	0.75
13918.220493727913	750	18.4221640347783	0.0	352642	2262.991135029698	0.75
13922.16967859215	750	18.4729791705396	0.0	437162	3949.184864238706	0.75
13926.114905268048	750	18.527752494642467	0.0	374758	3945.22667589713	0.75
13931.942190672258	750	16.70046709043353	0.0	362795	5827.285404208937	0.75
13937.156674612137	750	15.485983150555505	0.0	353220	5214.483939878023	0.75
13944.365766127568	750	12.27689163512386	0.0	405134	7209.091515431644	0.75
13950.68530863002	750	9.957349132672231	0.0	386351	6319.54250245163	0.75
13952.03749581543	300	12.605161947261594	0.0	179801	1352.1871854106353	-0.15000000000000002
13954.124731343325	750	14.517926419365649	0.0	337059	2087.2355278959453	0.3
13956.524482504088	750	16.118175258602463	0.0	366214	2399.7511607631864	0.75
13961.359891945647	750	15.282765817043257	0.0	360831	4835.409441559206	0.75
13966.566973952606	750	14.075683810083337	0.0	372963	5207.08200695992	0.75
13970.01913358305	750	14.623524179639764	0.0	405596	3452.159630443573	0.75
13973.718658842925	750	14.923998919764182	0.0	350713	3699.525259875582	0.75
13978.507184767564	750	14.135472995124232	0.0	386472	4788.525924639951	0.75
13981.853832471126	750	14.788825291561784	0.0	399894	3346.647703562448	0.75
13985.088375319207	750	15.554282443481837	0.0	401853	3234.5428480799455	0.75
13988.084076687324	750	16.558581075364575	0.0	343800	2995.7013681172625	0.75
13990.88422123683	750	17.758436525858844	0.0	359903	2800.1445495057296	0.75
13994.765763855114	750	17.876893907577475	0.0	379700	3881.54261828137	0.75
13998.682838667872	750	17.959819094818645	0.0	425781	3917.074812758829	0.75
14001.265644233057	750	19.377013529633714	0.0	277716	2582.8055651849318	0.75
14004.789713931426	750	19.852943831264863	0.0	400396	3524.069698368851	0.75
14008.453324387267	750	20.189333375423193	0.0	400508	3663.6104558416696	0.75
14012.001257338428	750	20.641400424261356	0.0	358218	3547.9329511618366	0.75
14015.55415153135	750	21.088506231340034	0.0	400322	3552.8941929213233	0.75
14019.026882843646	750	21.615774919044622	0.0	369834	3472.7313122954097	0.75
14023.812877279765	750	20.829780482925184	0.0	412837	4785.994436119439	0.75
14028.014565527994	750	20.62809223469422	0.0	401088	4201.688248230967	0.75
14031.75017473772	750	20.89248302496859	0.0	365161	3735.6092097256264	0.75
14035.286644166728	750	21.3560135959602	0.0	321064	3536.469429008392	0.75
14039.386191180354	750	21.256466582334212	0.0	361565	4099.547013625986	0.75
14043.035069099982	750	21.607588662706387	0.0	378327	3648.877919627821	0.75
14046.958166964614	750	21.68449079807245	0.0	390680	3923.09786463394	0.75
14050.942566503867	750	21.700091258820468	0.0	345516	3984.399539251984	0.75
14054.413415509292	750	22.22924225339527	0.0	384505	3470.8490054251974	0.75
14057.584173326552	750	23.05848443613645	0.0	372093	3170.757817258821	0.75
14063.010410131557	750	21.632247631132007	0.0	438281	5426.2368050044415	0.75
14066.796718318847	750	21.84593944384237	0.0	398987	3786.3081872896364	0.75
14069.492492906598	750	23.150164856090168	0.0	393804	2695.7745877522034	0.75
14071.889209378669	750	24.753448384019602	0.0	331053	2396.7164720705655	0.75
14081.573952710942	1850	19.068705051747457	0.0	846370	9684.743332272146	0.75

