9280.930921585312	750	4.0	1.5823407749373364	450283	1582.3407749373364	-6.054065332230546
9282.51947358841	750	6.411447996900855	0.0	398865	1588.5520030991447	0.75
9284.177090929692	750	8.75383065561924	0.0	350812	1657.617341281615	0.75
9285.591723425914	750	11.339198159398642	0.0	382355	1414.632496220598	0.75
9287.005246504632	750	13.925675080678698	0.0	411561	1413.5230787199455	0.75
9290.387688372886	1850	14.543233212426045	0.0	801058	3382.441868252652	0.75
9294.084132943768	1850	14.84678864154381	0.0	905515	3696.4445708822345	1.85
9298.231408515421	1850	14.699513069891095	0.0	1060487	4147.275571652715	1.85
9301.54681686548	1850	15.384104719831921	0.0	852833	3315.4083500591723	1.85
9305.473512708539	1850	15.457408876774641	0.0	913888	3926.6958430572795	1.85
9309.24080507137	1850	15.690116513945696	0.0	939819	3767.2923628289454	1.85
9313.406270581549	1850	15.52465100376554	0.0	917428	4165.465510180158	1.85
9317.423504565091	1850	15.507417020223384	0.0	946851	4017.2339835421562	1.85
9322.164100430473	1850	14.766821154842207	0.0	1036454	4740.595865381178	1.85
9325.639688975582	1850	15.291232609734672	0.0	821631	3475.588545107534	1.85
9329.349927610647	1850	15.580993974669271	0.0	923170	3710.2386350654015	1.85
9334.063600283265	1850	14.867321302051662	0.0	966699	4713.672672617607	1.85
9340.175294130087	1850	12.755627455229256	0.0	885714	6111.693846822407	1.85
9344.863837802593	1850	12.067083782723232	0.0	987708	4688.5436725060235	1.85
9349.903804389978	1850	11.027117195338043	0.0	923755	5039.966587385188	1.85
9357.538427820095	1850	7.392493765221961	0.0	891604	7634.623430116082	1.85
9360.260444009251	750	8.670477576064997	0.0	399894	2722.016189156965	-0.3500000000000001
9364.332217299405	750	8.598704285910298	0.0	401853	4071.7732901546983	0.75
9366.154203586217	300	10.776717999099143	0.0	137654	1821.986286811155	-0.15000000000000002
9367.40371980968	300	13.527201775636042	0.0	146754	1249.5162234631002	0.3
9370.15053573881	750	14.78038584650438	0.0	379700	2746.815929131663	0.3
9373.768803739444	750	15.162117845871226	0.0	425781	3618.2680006331534	0.75
9375.933045770238	750	16.997875815078316	0.0	277716	2164.2420307929083	0.75
9378.701759303753	750	18.229162281563266	0.0	400396	2768.7135335150533	0.75
9383.175699883703	750	17.75522170161219	0.0	400508	4473.940579951076	0.75
9391.185171286896	750	13.74575029841946	0.0	358218	8009.471403192729	0.75
9396.109978123714	750	12.820943461601116	0.0	400322	4924.806836818345	0.75
9399.77941301297	750	13.15150857234418	0.0	369834	3669.434889256936	0.75
9405.445391067633	750	11.485530517681756	0.0	412837	5665.978054662424	0.75
9408.751832653941	750	12.1790889313727	0.0	401088	3306.4415863090567	0.75
9411.142818788883	750	13.78810279643214	0.0	365161	2390.98613494056	0.75
9412.90703683841	750	16.023884746905438	0.0	321064	1764.2180495267014	0.75
9414.929781902294	750	18.00113968301945	0.0	361565	2022.745063885986	0.75
9417.503190121852	750	19.42773146346256	0.0	378327	2573.408219556887	0.75
9420.938136504301	750	19.992785081013064	0.0	390680	3434.946382449495	0.75
9423.526613326001	750	21.40430825931213	0.0	345516	2588.476821700934	0.75
9426.514878627488	750	22.416042957825727	0.0	384505	2988.265301486405	0.75
9428.770476698128	750	24.160444887184845	0.0	372093	2255.598070640885	0.75
9431.210676668763	750	25.720244916551092	0.0	438281	2440.1999706337533	0.75
9436.936787429551	1850	23.994134155763096	0.0	958994	5726.110760787995	0.75
9443.180613418474	1850	21.750308166840156	0.0	982064	6243.825988922939	1.85
9449.535906119501	1850	19.395015465811355	0.0	830730	6355.292701028806	1.85
9453.498548333657	1850	19.43237325165652	0.0	846370	3962.6422141548296	1.85

