6230.722524280778	750	4.0	2.288238812003366	450283	2288.238812003366	-9.089426891614474
6231.841226317545	300	6.8812979632329325	0.0	155580	1118.7020367670673	-0.15000000000000002
6232.867363139456	300	9.855161141322627	0.0	139857	1026.136821910304	0.3
6233.871365667061	300	12.851158613717809	0.0	155432	1004.0025276048184	0.3
6236.29493116492	750	14.427593115858352	0.0	411561	2423.5654978594566	0.3
6237.56667841894	750	17.15584586183847	0.0	318564	1271.7472540198846	0.75
6239.031644307376	750	19.690879973402538	0.0	352642	1464.965888435928	0.75
6243.557219216917	1850	19.16530506386205	0.0	1060487	4525.574909540487	0.75
6247.152037571085	1850	19.570486709692798	0.0	852833	3594.818354169252	1.85
6251.292251647386	1850	19.43027263339144	0.0	913888	4140.214076301358	1.85
6256.757979802115	1850	17.964544478663495	0.0	939819	5465.728154727946	1.85
6260.811858255229	1850	17.910666025549073	0.0	917428	4053.878453114421	1.85
6264.769991561593	1850	17.952532719184898	0.0	946851	3958.1333063641723	1.85
6269.684968848376	1850	17.037555432401533	0.0	1036454	4914.977286783365	1.85
6272.838837844849	1850	17.883686435929537	0.0	821631	3153.868996471998	1.85
6277.4854830423255	1850	17.23704123845223	0.0	923170	4646.64519747731	1.85
6281.397607563386	1850	17.324916717391	0.0	966699	3912.1245210612246	1.85
6283.861283808739	1850	18.861240472038656	0.0	885714	2463.676245352348	1.85
6287.293743366421	1850	19.42878091435632	0.0	987708	3432.4595576823326	1.85
6291.906989049831	1850	18.815535230946434	0.0	923755	4613.2456834098875	1.85
6295.943223739248	1850	18.779300541529523	0.0	891604	4036.234689416909	1.85
6300.837169531028	1850	17.88535474975044	0.0	955231	4893.945791779081	1.85
6304.883435140366	1850	17.839089140412106	0.0	968026	4046.2656093383316	1.85
6309.467502968358	1850	17.255021312420176	0.0	874175	4584.067827991932	1.85
6314.277668296207	1850	16.44485598457111	0.0	897976	4810.165327849067	1.85
6319.406957614207	1850	15.315566666570303	0.0	905935	5129.289318000806	1.85
6324.15700422479	1850	14.565520055987704	0.0	1076599	4750.046610582597	1.85
6327.376816581273	1850	15.345707699505269	0.0	758197	3219.812356482437	1.85
6330.922716336423	1850	15.79980794435483	0.0	972798	3545.899755150437	1.85
6334.389955764161	1850	16.332568516616845	0.0	975811	3467.239427737984	1.85
6337.85696839672	1850	16.86555588405739	0.0	873429	3467.0126325594547	1.85
6342.7435226402085	1850	15.979001640568647	0.0	954453	4886.554243488744	1.85
6349.184746576859	1850	13.537777703919089	0.0	885062	6441.22393664956	1.85
6354.841512431195	1850	11.881011849582924	0.0	1035329	5656.765854336163	1.85
6359.005314282361	1850	11.71720999841742	0.0	1026056	4163.801851165504	1.85
6362.207825558086	1850	12.51469872269169	0.0	943942	3202.51127572573	1.85
6365.040072312513	1850	13.682451968264186	0.0	728962	2832.2467544275046	1.85
6369.393636736346	1850	13.328887544431698	0.0	938587	4353.564423832488	1.85
6373.275591398044	1850	13.446932882733456	0.0	908665	3881.954661698243	1.85
6376.884395807229	1850	13.838128473548284	0.0	930577	3608.8044091851716	1.85
6380.636326283184	1850	14.086197997592999	0.0	858450	3751.9304759552847	1.85
6386.374698078186	1850	12.347826202591031	0.0	1025005	5738.371795001967	1.85
6390.059050104906	1850	12.663474175870958	0.0	886255	3684.3520267200747	1.85
6394.003864086542	1850	12.718660194235044	0.0	973972	3944.813981635913	1.85
6397.5007937191185	1850	13.221730561659223	0.0	958994	3496.92963257582	1.85
6401.825458952671	1850	12.897065328106258	0.0	982064	4324.665233552964	1.85
6406.2475535091935	1850	12.474970771584363	0.0	830730	4422.094556521895	1.85
6412.398647422509	1850	10.323876858268624	0.0	846370	6151.093913315738	1.85

