23893.784722881097	750	4.0	2.600378850967279	450283	2600.378850967279	-10.431629059159299
23894.572928815258	300	7.21179406583987	0.0	155580	788.2059341601297	-0.15000000000000002
23896.32851971136	750	9.456203169738979	0.0	350812	1755.5908961008906	0.3
23900.270054672812	1200	9.514668208283693	0.0	617681	3941.5349614552865	0.75
23905.95359196936	1200	7.831130911734556	0.0	652874	5683.537296549136	1.2
23908.367100542575	750	9.417622338520896	0.0	318564	2413.5085732136604	0.3
23913.20811216085	1200	8.576610720244112	0.0	561791	4841.011618276782	0.75
23917.5423276244	750	8.24239525669466	0.0	437162	4334.215463549451	0.3
23920.333018961763	750	9.451703919333964	0.0	374758	2790.6913373606967	0.75
23925.00113108745	1200	8.783591793642627	0.0	560821	4668.112125691338	0.75
23927.391016433987	750	10.393706447105208	0.0	353220	2389.8853465374195	0.3
23934.433786583588	1200	7.350936297505415	0.0	594078	7042.770149599793	0.75
23942.555370629005	750	4.0	0.770647747913813	386351	8121.584045419228	-3.013785316029396
23944.630707672786	300	5.924662956220963	0.0	179801	2075.3370437790363	-0.15000000000000002
23946.12596016515	300	8.429410463854667	0.0	140051	1495.2524923662966	0.3
23949.698729786774	750	8.85664084222801	0.0	366214	3572.7696216266563	0.3
23954.976672557466	750	7.578698071536506	0.0	360831	5277.942770691505	0.75
23958.05143798306	750	8.503932645943785	0.0	372963	3074.7654255927205	0.75
23960.699758493138	750	9.8556121358646	0.0	405596	2648.320510079186	0.75
23963.86088374437	1200	10.694486884631377	0.0	586839	3161.125251233222	0.75
23967.968424558574	1200	10.58694607042994	0.0	601738	4107.540814201437	1.2
23973.40402880937	1200	9.151341819628714	0.0	616206	5435.604250801226	1.2
23977.768658230456	1200	8.786712398545198	0.0	656471	4364.629421083514	1.2
23979.747557387316	750	10.807813241689407	0.0	343800	1978.8991568557908	0.3
23982.8116614574	1200	11.743709171604037	0.0	587236	3064.104070085372	0.75
23988.800663919374	1850	9.75470670963224	0.0	905935	5989.002461971798	1.2000000000000002
23993.092939620226	1200	9.462431008779182	0.0	696376	4292.275700853058	0.5499999999999999
23996.550889428094	1200	10.004481200911883	0.0	487160	3457.9498078672996	1.2
24001.183669292866	1200	9.371701336136976	0.0	622896	4632.779864774907	1.2
24004.144791308652	1200	10.41057932035251	0.0	641447	2961.1220157844655	1.2
24009.325007919833	1200	9.23036270917084	0.0	570392	5180.2166111816705	1.2
24013.97406837645	1200	8.581302252551923	0.0	620283	4649.060456618919	1.2
24017.90380197804	750	8.651568650966317	0.0	369834	3929.7336015856054	0.3
24020.401155260177	750	10.154215368826812	0.0	412837	2497.3532821395056	0.75
24023.642079411555	1200	10.913291217448021	0.0	690253	3240.9241513787915	0.75
24026.545075548023	1200	12.010295080978675	0.0	598727	2902.996136469344	1.2
24030.09206974136	1850	12.463300887639665	0.0	728962	3546.9941933390105	1.2000000000000002
24034.053069621277	1850	12.5023010077249	0.0	938587	3960.9998799147656	1.85
24037.30782082257	1850	13.247549806432213	0.0	908665	3254.751201292688	1.85
24042.505026331633	2850	12.050344297368015	0.0	1402287	5197.205509064197	1.85
24045.320984194223	1850	13.234386434779664	0.0	858450	2815.9578625883514	0.8500000000000001
24050.58075490918	2850	11.974615719823314	0.0	1527299	5259.77071495635	1.85
24053.336813626443	1850	13.218557002560358	0.0	886255	2756.058717262957	0.8500000000000001
24058.703300367302	2850	11.85207026169827	0.0	1587250	5366.4867408620885	1.85
24062.472430752903	1850	12.082939876098171	0.0	958994	3769.130385600097	0.8500000000000001
24064.98428747309	1850	13.571083155911973	0.0	982064	2511.856720186199	1.85
24068.02724455497	2850	14.528126074033247	0.0	1231456	3042.9570818787247	1.85
24071.08375401819	2850	15.471616610815179	0.0	1364537	3056.5094632180685	2.85

