21726.002417252967	750	4.0	7.571061952176263	450283	7571.061952176264	-31.805566394357932
21727.982211676124	300	6.020205576839139	0.0	155580	1979.794423160861	-0.15000000000000002
21729.075223657437	300	8.927193595526365	0.0	139857	1093.0119813127735	0.3
21730.006414643485	300	11.996002609478529	0.0	155432	931.1909860478366	0.3
21733.696688300668	750	12.305728952295572	0.0	411561	3690.2736571829546	0.3
21735.878021974593	750	14.124395278372834	0.0	318564	2181.333673922738	0.75
21738.602464909032	750	15.39995234393495	0.0	352642	2724.4429344378837	0.75
21741.529473614948	750	16.47294363801839	0.0	437162	2927.0087059165594	0.75
21745.359200134055	750	16.643217118915413	0.0	374758	3829.7265191029765	0.75
21749.604084664174	750	16.398332588794396	0.0	362795	4244.884530121017	0.75
21756.51010811534	750	13.492309137626755	0.0	353220	6906.023451167642	0.75
21766.759351827863	750	7.243065425105715	0.0	405134	10249.24371252104	0.75
21769.100495773877	300	8.90192147909072	0.0	160746	2341.143946014995	-0.15000000000000002
21770.62925885889	300	11.37315839407507	0.0	179801	1528.763085015651	0.3
21771.74805660303	300	14.254360649935926	0.0	140051	1118.7977441391447	0.3
21774.86484669331	750	15.137570559662443	0.0	366214	3116.7900902734827	0.3
21777.37297815405	750	16.62943909892167	0.0	360831	2508.1314607407744	0.75
21780.4516849366	750	17.550732316367554	0.0	372963	3078.7067825541158	0.75
21783.581106645543	750	18.421310607424825	0.0	405596	3129.4217089427284	0.75
21787.106897151534	750	18.895520101434318	0.0	350713	3525.790505990507	0.75
21791.229631897368	750	18.772785355600043	0.0	386472	4122.734745834276	0.75
21797.49372399798	750	16.508693254986547	0.0	399894	6264.092100613498	0.75
21804.09492796156	750	13.9074892914077	0.0	401853	6601.203963578846	0.75
21807.68255207516	750	14.319865177806921	0.0	343800	3587.6241136007775	0.75
21811.215281201967	750	14.787136051001257	0.0	359903	3532.729126805665	0.75
21814.280412140295	750	15.722005112670985	0.0	379700	3065.1309383302714	0.75
21817.228813140042	750	16.773604112925	0.0	425781	2948.4009997459816	0.75
21819.227316205444	750	18.775101047522554	0.0	277716	1998.5030654024442	0.75
21822.132701487924	750	19.869715765042418	0.0	400396	2905.3852824801343	0.75
21826.79021899137	750	19.212198261598097	0.0	400508	4657.5175034443255	0.75
21829.134183148995	750	20.868234103970885	0.0	358218	2343.96415762721	0.75
21835.68898597039	750	18.313431282574307	0.0	400322	6554.802821396576	0.75
21839.83715403824	750	18.165263214726394	0.0	369834	4148.168067847913	0.75
21843.066160005445	750	18.93625724752471	0.0	412837	3229.0059672016823	0.75
21846.082443088995	750	19.91997416397292	0.0	401088	3016.283083551788	0.75
21848.865740204696	750	21.136677048272492	0.0	365161	2783.29711570043	0.75
21851.187422646068	750	22.814994606901703	0.0	321064	2321.6824413707914	0.75
21853.58501911796	750	24.41739813501088	0.0	361565	2397.596471890821	0.75
21858.43558218496	750	23.56683506801208	0.0	378327	4850.563066998802	0.75
21864.56055295454	750	21.441864298430453	0.0	390680	6124.970769581626	0.75
21873.03675688877	750	16.965660364199568	0.0	345516	8476.203934230887	0.75
21880.065707301208	750	13.936709951761609	0.0	384505	7028.950412437961	0.75
21883.02456027504	750	14.97785697792677	0.0	372093	2958.852973834839	0.75
21886.486803908883	750	15.515613344082258	0.0	438281	3462.2436338445114	0.75
21889.627154120906	750	16.375263132060255	0.0	398987	3140.3502120220023	0.75
21892.694168775524	750	17.30824847744382	0.0	393804	3067.0146546164383	0.75
21895.32233378999	750	18.680083462980022	0.0	331053	2628.1650144637993	0.75
21898.905668986223	750	19.096748266746793	0.0	314107	3583.3351962332313	0.75

