562.5927007054478	750	4.0	3.7572090788844412	450283	3757.209078884441	-15.405999039203095
563.8234353193727	300	6.76926538607515	0.0	155580	1230.7346139248493	-0.15000000000000002
564.8887503473682	300	9.703950358079696	0.0	139857	1065.3150279954539	0.3
572.2245081750104	1200	6.368192530437467	0.0	617681	7335.75782764223	0.29999999999999993
574.8015975442884	300	7.791103161159532	0.0	163442	2577.089369277935	-0.6000000000000001
577.61503998359	750	8.977660721857868	0.0	318564	2813.4424393016643	0.3
580.4520214691485	750	10.140679236299405	0.0	352642	2836.981485558463	0.75
588.7980938894175	1200	5.794606816030435	0.0	709534	8346.07242026897	0.75
590.1414416653538	300	8.451259040094083	0.0	150710	1343.3477759363516	-0.6000000000000001
593.3623657489433	750	9.230334956504615	0.0	362795	3220.924083589466	0.3
604.8615386398081	1200	4.0	2.268837934360301	607410	11499.172890864917	-9.006003117749295
609.060821656907	300	4.0	0.1992830170987736	156148	4199.283017098774	-1.4569169735247267
613.7921122350671	300	4.0	0.7312905781600993	160746	4731.290578160099	-2.844549486088427
618.2407036697084	300	4.0	0.4485914346414429	179801	4448.591434641443	-1.6289431689582043
621.1104222132562	300	5.130281456452245	0.0	140051	2869.7185435477545	0.3
624.894763156697	300	5.345940513011557	0.0	138313	3784.340943440687	0.3
629.7475280508194	300	4.493175618889062	0.0	143509	4852.764894122496	0.3
635.2344311804939	300	4.0	0.9937275107854575	150616	5486.903129674519	-3.9730282963774677
640.9033034298733	300	4.0	1.6688722493794204	165384	5668.87224937942	-6.876150672331508
644.8532044317278	300	4.050098998145572	0.0	140881	3949.9010018544286	0.3
648.2788868547248	300	4.624416575148591	0.0	157671	3425.682422996981	0.3
651.5490735778263	300	5.354229852046942	0.0	157812	3270.18672310165	0.3
654.1723334903313	300	6.730969939542026	0.0	163927	2623.2599125049146	0.3
655.9095853171445	300	8.9937181127288	0.0	137654	1737.2518268132267	0.3
662.9669739481266	750	5.936329481746776	0.0	359903	7057.388630982024	0.3
665.8264939907165	300	7.07680943915676	0.0	153938	2859.5200425900166	-0.15000000000000002
678.4795691272928	750	4.0	5.57626569741959	425781	12653.07513657635	-23.677942498904233
682.3387913119623	300	4.140777815330504	0.0	111155	3859.222184669496	-0.15000000000000002
688.1500397102704	300	4.0	1.6704705829776885	153605	5811.248398308193	-6.883023506804061
691.4518737084674	300	4.698166001803146	0.0	149029	3301.8339981968547	0.3
696.6331575126652	300	4.0	0.48311780239473684	157421	5181.283804197882	-1.7774065502973684
702.3549195612442	300	4.0	1.7217620485789848	157488	5721.762048578985	-7.103576808889635
707.150822908356	300	4.0	0.7959033471117728	143881	4795.903347111773	-3.122384392580623
711.4839179574844	300	4.0	0.33309504912851023	163444	4333.09504912851	-1.1323087112525938
714.5312582039023	300	4.952659753582255	0.0	179328	3047.3402464177448	0.3
716.1263110160584	300	7.357606941426242	0.0	159914	1595.0528121560124	0.3
718.907565416738	750	8.576352540746576	0.0	321064	2781.254400679665	0.3
721.5025743945287	750	9.981343562955866	0.0	361565	2595.0089777907106	0.75
725.505755306323	1200	9.978162651161567	0.0	605884	4003.180911794299	0.75
729.2195603867325	1200	10.264357570752027	0.0	587506	3713.8050804095396	1.2
733.3139517630243	1200	10.169966194460114	0.0	566904	4094.3913762919137	1.2
737.6515770785916	1200	9.832340878892897	0.0	641452	4337.625315567217	1.2
740.9056927938777	1200	10.578225163606842	0.0	599477	3254.1157152860565	1.2
743.7791032123638	1200	11.704814745120748	0.0	634861	2873.4104184860944	1.2
748.8578726798524	1850	10.626045277632148	0.0	958994	5078.769467488601	1.2000000000000002
752.1647635460806	1200	11.319154411403874	0.0	638661	3306.890866228273	0.5499999999999999
756.1917525231265	1850	11.292165434357983	0.0	830730	4026.9889770458904	1.2000000000000002
759.6693510424907	1850	11.814566914993895	0.0	846370	3477.598519364089	1.85

