16052.281844912693	750	4.0	2.572266498290951	450283	2572.266498290951	-10.310745942651089
16053.290915070384	300	6.990929842309494	0.0	155580	1009.0701576905071	-0.15000000000000002
16054.043781363798	300	10.238063548894877	0.0	139857	752.8662934146156	0.3
16059.208009965207	750	9.073834947485702	0.0	382355	5164.228601409175	0.3
16062.871471705836	300	9.410373206857422	0.0	163442	3663.4617406282814	-0.15000000000000002
16065.031801732177	300	11.25004318051577	0.0	126289	2160.3300263416513	0.3
16067.762453158155	300	12.519391754537633	0.0	153295	2730.6514259781366	0.3
16070.781054939183	300	13.500789973510578	0.0	173849	3018.601781027055	0.3
16074.427327720943	300	13.854517191750062	0.0	150710	3646.2727817605146	0.3
16076.958832195667	300	15.323012717025527	0.0	139105	2531.504474724536	0.3
16084.25307540392	750	12.028769508774227	0.0	353220	7294.2432082513005	0.3
16090.845699207817	750	9.436145704875944	0.0	405134	6592.623803898284	0.75
16092.893362871446	300	11.38848204124764	0.0	160746	2047.6636636283026	-0.15000000000000002
16095.255456999497	300	13.026387913196052	0.0	179801	2362.0941280515885	0.3
16096.983503405343	300	15.298341507349095	0.0	140051	1728.046405846956	0.3
16100.744051389076	750	15.537793523616495	0.0	366214	3760.5479837326	0.3
16103.217719096621	750	17.064125816071254	0.0	360831	2473.6677075452417	0.75
16105.090506121871	750	19.19133879082193	0.0	372963	1872.787025249321	0.75
16109.616572837806	1850	18.665272074887074	0.0	987708	4526.066715934856	0.75
16122.60566352294	1850	9.676181389752267	0.0	923755	12989.090685134806	1.85
16124.3080427617	300	11.973802150992558	0.0	157671	1702.3792387597098	-1.25
16126.883527909427	300	13.398317003264408	0.0	157812	2575.48514772815	0.3
16130.557149487146	300	13.724695425547138	0.0	163927	3673.6215777172715	0.3
16133.601512132032	300	14.680332780661193	0.0	137654	3044.362644885946	0.3
16136.370793986904	300	15.911050925789455	0.0	146754	2769.281854871738	0.3
16142.253107888253	750	14.02873702443898	0.0	379700	5882.313901350475	0.3
16147.47387107534	750	12.807973837350596	0.0	425781	5220.763187088383	0.75
16150.689557445261	750	13.592287467430008	0.0	277716	3215.6863699205896	0.75
16153.985652584812	750	14.296192327879847	0.0	400396	3296.09513955016	0.75
16157.741065715889	750	14.54077919680354	0.0	400508	3755.4131310763078	0.75
16163.617731408605	750	12.664113504087343	0.0	358218	5876.665692716197	0.75
16167.185536444247	750	13.096308468446287	0.0	400322	3567.805035641057	0.75
16171.31676305507	750	12.9650818576209	0.0	369834	4131.226610825386	0.75
16175.559156137808	750	12.722688774884077	0.0	412837	4242.393082736824	0.75
16178.457285097813	750	13.824559814878135	0.0	401088	2898.1289600059404	0.75
16180.898407082963	750	15.38343782972714	0.0	365161	2441.1219851509954	0.75
16183.251541756423	750	17.030303156267877	0.0	321064	2353.134673459262	0.75
16185.74090522946	750	18.540939683230786	0.0	361565	2489.3634730370895	0.75
16188.392169462666	750	19.88967545002492	0.0	378327	2651.2642332058654	0.75
16191.283734444401	750	20.998110468287763	0.0	390680	2891.5649817371614	0.75
16193.221313466314	750	23.060531446374824	0.0	345516	1937.579021912937	0.75
16195.516011775202	750	24.7658331374876	0.0	384505	2294.698308887224	0.75
16200.728865439492	1850	23.552979473195148	0.0	886255	5212.853664292452	0.75
16210.802949500905	1850	17.478895411783217	0.0	973972	10074.08406141193	1.85
16228.23203450662	1850	4.0498104060672775	0.0	958994	17429.08500571594	1.85
16229.88821142825	300	6.393633484439404	0.0	160064	1656.1769216278744	-1.25
16231.171732771183	300	9.11011214150563	0.0	137507	1283.5213429337737	0.3
16232.231041233372	300	12.05080367931591	0.0	118421	1059.3084621897196	0.3

