14122.110810760923	750	4.0	1.6132241480558394	450283	1613.2241480558394	-6.186863836640109
14123.67226256316	750	6.438548197762211	0.0	398865	1561.4518022377888	0.75
14125.369710064362	750	8.741100696558858	0.0	350812	1697.4475012033529	0.75
14127.041900502516	750	11.068910258404797	0.0	382355	1672.1904381540605	0.75
14128.953293820814	750	13.15751694010805	0.0	411561	1911.3933182967492	0.75
14130.333508356636	750	15.777302404284576	0.0	318564	1380.2145358234743	0.75
14134.093246271565	1850	16.017564489357085	0.0	905515	3759.7379149274893	0.75
14137.286097557642	1850	16.824713203279956	0.0	1060487	3192.851286077129	1.85
14139.940215867031	1850	18.170594893890726	0.0	852833	2654.1183093892278	1.85
14143.384980394449	1850	18.72583036647267	0.0	913888	3444.7645274180554	1.85
14147.696110219373	1850	18.414700541548658	0.0	939819	4311.129824924015	1.85
14151.9922051739	1850	18.118605587021435	0.0	917428	4296.094954527223	1.85
14159.430177807162	1850	14.68063295376007	0.0	946851	7437.972633261365	1.85
14167.720244525932	1850	10.390566234990676	0.0	1036454	8290.066718769393	1.85
14171.214967344027	750	10.895843416894627	0.0	337059	3494.722818096049	-0.3500000000000001
14174.484785338764	750	11.626025422157957	0.0	366214	3269.8179947366702	0.75
14176.91344255316	750	13.19736820776161	0.0	360831	2428.6572143963467	0.75
14178.916550168646	750	15.194260592274176	0.0	372963	2003.107615487433	0.75
14181.373070809785	750	16.73773995113499	0.0	405596	2456.520641139186	0.75
14183.261608679224	750	18.84920208169584	0.0	350713	1888.5378694391525	0.75
14184.95287902223	750	21.15793173869102	0.0	386472	1691.2703430048211	0.75
14190.79217081706	1850	19.318639943859868	0.0	955231	5839.2917948311515	0.75
14202.696445948804	1850	11.414364812116608	0.0	968026	11904.27513174326	1.85
14205.137267694668	750	12.97354306625208	0.0	343800	2440.8217458645277	-0.3500000000000001
14207.92614688619	750	14.184663874729928	0.0	359903	2788.879191522153	0.75
14210.256246355144	750	15.854564405775331	0.0	379700	2330.099468954596	0.75
14212.108239440842	750	18.002571320078623	0.0	425781	1851.9930856967076	0.75
14213.05955142819	750	21.05125933273008	0.0	277716	951.3119873485447	0.75
14216.216905427493	1850	21.893905333426808	0.0	972798	3157.3539993032723	0.75
14219.744749990936	1850	22.36606076998349	0.0	975811	3527.844563443314	1.85
14222.343834959507	1850	23.766975801412194	0.0	873429	2599.0849685712965	1.85
14224.71400220759	1850	25.396808553331105	0.0	954453	2370.16724808109	1.85
14226.950024115442	1850	27.16078664547844	0.0	885062	2236.021907852666	1.85
14230.2343615793	1850	27.876449181621556	0.0	1035329	3284.3374638568826	1.85
14233.8598936058	1850	28.250917155120227	0.0	1026056	3625.5320265013293	1.85
14238.23388337804	1850	27.87692738288083	0.0	943942	4373.989772239399	1.85
14243.06011872086	1850	27.050692040062312	0.0	728962	4826.235342818515	1.85
14249.625064819062	1850	24.48574594185912	0.0	938587	6564.946098203198	1.85
14254.266373982222	1850	23.844436778698924	0.0	908665	4641.309163160193	1.85
14258.834260170968	1850	23.2765505899538	0.0	930577	4567.886188745124	1.85
14262.275619592254	1850	23.835191168669812	0.0	858450	3441.3594212839876	1.85
14267.080494302962	1850	23.030316457961405	0.0	1025005	4804.8747107084055	1.85
14270.633778426038	1850	23.477032334884914	0.0	886255	3553.2841230764934	1.85
14274.774190380942	1850	23.33662037998029	0.0	973972	4140.4119549046245	1.85
14278.354407535367	1850	23.756403225555005	0.0	958994	3580.2171544252833	1.85
14282.244307947894	1850	23.866502813027957	0.0	982064	3889.900412527048	1.85
14285.183181811251	1850	24.927628949671018	0.0	830730	2938.873863356943	1.85
14288.192788179731	1850	25.91802258118994	0.0	846370	3009.6063684810747	1.85

