20310.7545568479	750	4.0	6.819045761582508	450283	6819.045761582508	-28.571896774804785
20312.701532515017	300	6.053024332886424	0.0	155580	1946.975667113577	-0.15000000000000002
20314.23664971932	300	8.517907128580475	0.0	139857	1535.1172043059482	0.3
20318.20574046858	750	8.548816379319382	0.0	382355	3969.0907492610936	0.3
20321.166298617758	750	9.588258230141976	0.0	411561	2960.558149177405	0.75
20323.44885485471	1200	11.305701993188878	0.0	520315	2282.5562369531003	0.75
20327.713929448073	1850	11.040627399828919	0.0	905515	4265.074593359957	1.2000000000000002
20332.606021960848	1850	10.148534887052593	0.0	1060487	4892.092512776327	1.85
20334.769902915854	1200	11.98465393204469	0.0	584846	2163.880955007902	0.5499999999999999
20338.504440646586	1850	12.25011620131355	0.0	913888	3734.537730731141	1.2000000000000002
20342.56048441439	1850	12.194072433510856	0.0	939819	4056.0437678026933	1.85
20346.52681023532	1850	12.227746612581194	0.0	917428	3966.32582092966	1.85
20350.605807735617	1850	12.148749112281399	0.0	946851	4078.9975002997962	1.85
20364.215386905675	1850	4.0	1.460830057773317	1036454	13609.579170054716	-4.431569248425264
20366.08334699645	300	6.1320399092231375	0.0	140051	1867.9600907768624	-1.25
20367.594289793255	300	8.621097112417814	0.0	138313	1510.9427968053224	0.3
20371.05236667592	750	9.16302022974899	0.0	360831	3458.0768826688236	0.3
20375.46256667131	1200	8.752820234356394	0.0	581493	4410.199995392597	0.75
20381.76299560028	750	6.452391305387626	0.0	405596	6300.428928968768	0.3
20383.370976650487	300	8.844410255178692	0.0	140881	1607.981050208934	-0.15000000000000002
20387.423676063478	750	8.791710842188674	0.0	386472	4052.699412990018	0.3
20390.338416715607	750	9.876970190061318	0.0	399894	2914.7406521273574	0.75
20393.20793048318	1200	11.007456422489895	0.0	656471	2869.513767571423	0.75
20397.449599065712	1850	10.76578783995305	0.0	874175	4241.668582536844	1.2000000000000002
20400.15986375434	1200	12.055523151327666	0.0	587236	2710.2646886253833	0.5499999999999999
20403.877559098753	1850	12.337827806914406	0.0	905935	3717.6953444132605	1.2000000000000002
20408.22790705769	1850	11.98747984797677	0.0	1076599	4350.347958937636	1.85
20411.506101313	1850	12.709285592669184	0.0	758197	3278.194255307586	1.85
20415.741024112638	1850	12.474362793030032	0.0	972798	4234.922799639153	1.85
20419.9169784802	1850	12.298408425467096	0.0	975811	4175.954367562935	1.85
20430.609170009342	1850	5.606216896326814	0.0	873429	10692.191529140282	1.85
20433.31402870471	300	6.901358200957824	0.0	157488	2704.8586953689905	-1.25
20435.315414794306	300	8.899972111360299	0.0	143881	2001.3860895975251	0.3
20439.650970559273	750	8.564416346395708	0.0	412837	4335.555764964591	0.3
20442.274506026915	750	9.940880878750951	0.0	401088	2623.5354676447573	0.75
20450.092776339643	1200	6.122610566026187	0.0	598727	7818.270312724765	0.75
20451.682927556863	300	8.532459348802554	0.0	131610	1590.151217223632	-0.6000000000000001
20455.63977178283	750	8.575615122836306	0.0	361565	3956.84422596625	0.3
20458.748189546983	750	9.467197358683856	0.0	378327	3108.417764152449	0.75
20461.89689870713	1200	10.318488198535789	0.0	587506	3148.7091601480665	0.75
20464.13786534877	1200	12.077521556896102	0.0	566904	2240.966641639689	1.2
20469.183575164145	1850	11.031811741525063	0.0	1025005	5045.709815371038	1.2000000000000002
20472.92385242184	1850	11.291534483825247	0.0	886255	3740.2772576998154	1.85
20476.799528532618	1850	11.415858373049563	0.0	973972	3875.6761107756847	1.85
20480.893179589173	1850	11.322207316493524	0.0	958994	4093.65105655604	1.85
20485.16139582591	1850	11.053991079755347	0.0	982064	4268.216236738175	1.85
20488.683980627386	1850	11.531406278283805	0.0	830730	3522.5848014715434	1.85
20495.576740285534	1850	8.638646620134018	0.0	846370	6892.7596581497855	1.85

