22254.604691746645	750	4.0	1.8471370276969283	450283	1847.1370276969283	-7.192689219096792
22256.543902136786	750	6.060789609862291	0.0	398865	1939.2103901377081	0.75
22258.282547959196	750	8.322143787449836	0.0	350812	1738.6458224124558	0.75
22259.94242172523	750	10.662270021413521	0.0	382355	1659.8737660363154	0.75
22261.75509259188	750	12.849599154763846	0.0	411561	1812.670866649674	0.75
22263.13940096067	750	15.465290785977238	0.0	318564	1384.3083687866076	0.75
22264.962135114485	750	17.64255663216143	0.0	352642	1822.7341538158068	0.75
22266.884444609044	750	19.72024713759806	0.0	437162	1922.3094945633695	0.75
22269.801829572683	1850	20.80286217395851	0.0	852833	2917.3849636395507	0.75
22273.529365565628	1850	21.075326181014297	0.0	913888	3727.535992944214	1.85
22277.660642067854	1850	20.944049678787675	0.0	939819	4131.276502226621	1.85
22282.31856585274	1850	20.28612589390344	0.0	917428	4657.923784884237	1.85
22286.168767010306	1850	20.435924736338645	0.0	946851	3850.201157564792	1.85
22290.37235409507	1850	20.232337651572813	0.0	1036454	4203.587084765833	1.85
22293.624045943627	1850	20.98064580301973	0.0	821631	3251.691848553085	1.85
22296.62339829684	1850	21.981293449806014	0.0	923170	2999.352353213717	1.85
22300.50731157791	1850	22.097380168736542	0.0	966699	3883.9132810694737	1.85
22303.77807046519	1850	22.826621281456728	0.0	885714	3270.758887279815	1.85
22307.394137832438	1850	23.21055391420921	0.0	987708	3616.0673672475154	1.85
22310.7923772823	1850	23.812314464341977	0.0	923755	3398.239449867233	1.85
22314.768089029865	1850	23.836602716781098	0.0	891604	3975.71174756088	1.85
22319.012069314955	1850	23.592622431690387	0.0	955231	4243.980285090711	1.85
22323.702462900652	1850	22.902228845990024	0.0	968026	4690.3935857003635	1.85
22327.824613699224	1850	22.780078047420428	0.0	874175	4122.1507985695935	1.85
22331.907512602924	1850	22.697179143717126	0.0	897976	4082.8989037033016	1.85
22335.97390126005	1850	22.630790486590328	0.0	905935	4066.388657126798	1.85
22340.520429382526	1850	22.084262364115173	0.0	1076599	4546.528122475157	1.85
22344.16498059229	1850	22.43971115435075	0.0	758197	3644.5512097644246	1.85
22348.607019843424	1850	21.997671903212048	0.0	972798	4442.039251138701	1.85
22354.203465457515	1850	20.401226289122434	0.0	975811	5596.445614089615	1.85
22361.88367491429	1850	16.721016832348763	0.0	873429	7680.20945677367	1.85
22376.57262389026	1850	6.032067856377686	0.0	954453	14688.948975971078	1.85
22377.783264100293	300	8.82142764634568	0.0	143881	1210.6402100320038	-1.25
22379.067344170064	300	11.537347576576503	0.0	163444	1284.0800697691768	0.3
22380.53507471401	300	14.069617032626242	0.0	179328	1467.730543950262	0.3
22383.77003818782	750	14.8346535588174	0.0	365161	3234.9634738088416	0.3
22388.242044791565	750	14.362646955073062	0.0	321064	4472.00660374434	0.75
22391.89733879026	750	14.707352956378772	0.0	361565	3655.293998694289	0.75
22395.073639398437	750	15.531052348202866	0.0	378327	3176.300608175907	0.75
22397.85723120436	750	16.74746054228017	0.0	390680	2783.591805922698	0.75
22400.51694254473	750	18.087749201910498	0.0	345516	2659.711340369671	0.75
22403.720832787712	750	18.883858958929842	0.0	384505	3203.8902429806562	0.75
22406.163938020007	750	20.440753726634224	0.0	372093	2443.1052322956198	0.75
22409.1029913523	750	21.501700394338236	0.0	438281	2939.0533322959873	0.75
22416.774552365197	1850	17.830139381440556	0.0	958994	7671.561012897681	0.75
22427.749783482977	1850	10.854908263663395	0.0	982064	10975.23111777716	1.85
22431.585606798322	750	11.019084948318067	0.0	331053	3835.8233153453293	-0.3500000000000001
22434.570271517317	750	12.034420229322937	0.0	314107	2984.664718995129	0.75

