4256.369222860954	750	4.0	2.009934342455404	450283	2009.9343424554038	-7.892717672558236
4259.097466613604	750	5.271756247349612	0.0	398865	2728.243752650388	0.75
4264.133348928021	750	4.235873932933438	0.0	350812	5035.882314416174	0.75
4265.10822002782	300	7.261002833135563	0.0	155432	974.8710997978754	-0.15000000000000002
4266.333126698382	300	10.036096162572855	0.0	163442	1224.9066705627065	0.3
4268.69224980923	750	11.676973051725701	0.0	318564	2359.1231108471547	0.3
4270.45762484375	750	13.911598017205424	0.0	352642	1765.3750345202766	0.75
4272.4916177728865	750	15.87760508806913	0.0	437162	2033.9929291362942	0.75
4274.180210887411	750	18.189011973545227	0.0	374758	1688.5931145239015	0.75
4277.758053918452	1850	18.61116894250377	0.0	913888	3577.8430310414574	0.75
4281.887613440259	1850	18.481609420696632	0.0	939819	4129.559521807136	1.85
4285.8161308994895	1850	18.553091961466272	0.0	917428	3928.5174592303624	1.85
4289.648078381769	1850	18.721144479187434	0.0	946851	3831.9474822788366	1.85
4294.034273015689	1850	18.334949845266966	0.0	1036454	4386.194633920469	1.85
4297.27918431672	1850	19.090038544235835	0.0	821631	3244.9113010311303	1.85
4301.029156552707	1850	19.34006630824873	0.0	923170	3749.972235987103	1.85
4304.956786329164	1850	19.412436531791034	0.0	966699	3927.6297764576957	1.85
4308.496655329184	1850	19.87256753177045	0.0	885714	3539.8690000205847	1.85
4312.414002097384	1850	19.95522076357139	0.0	987708	3917.346768199062	1.85
4316.440876502456	1850	19.928346358499617	0.0	923755	4026.8744050717733	1.85
4320.904280350678	1850	19.46494251027736	0.0	891604	4463.403848222256	1.85
4328.32864650114	1850	16.04057635981659	0.0	955231	7424.366150460771	1.85
4335.7546162335575	1850	12.614606627398775	0.0	968026	7425.969732417815	1.85
4340.012154904209	1850	12.357067956747104	0.0	874175	4257.538670651671	1.85
4345.09876242788	1850	11.27046043307693	0.0	897976	5086.607523670173	1.85
4349.579844174154	1850	10.789378686803321	0.0	905935	4481.081746273611	1.85
4355.708292962604	1850	8.66092989835226	0.0	1076599	6128.448788451061	1.85
4360.3238226904305	1850	8.0454001705259	0.0	758197	4615.52972782636	1.85
4363.12448049377	750	9.244742367186443	0.0	400396	2800.6578033394576	-0.3500000000000001
4365.586480472195	750	10.782742388761905	0.0	400508	2461.9999784245383	0.75
4367.490694022619	750	12.878528838337395	0.0	358218	1904.2135504245089	0.75
4369.245822007694	750	15.123400853262293	0.0	400322	1755.1279850751023	0.75
4370.942292997663	750	17.42692986329328	0.0	369834	1696.4709899690129	0.75
4375.189422473808	1850	17.179800387147946	0.0	1035329	4247.129476145337	0.75
4380.364166662878	1850	16.005056198077096	0.0	1026056	5174.7441890708515	1.85
4386.4825376796525	1850	13.886685181302456	0.0	943942	6118.37101677464	1.85
4390.521438031737	1850	13.8477848292183	0.0	728962	4038.9003520841547	1.85
4395.395605883934	1850	12.973616977021338	0.0	938587	4874.1678521969625	1.85
4401.887193742256	1850	10.482029118698382	0.0	908665	6491.587858322958	1.85
4405.95650903919	750	10.412713821764928	0.0	390680	4069.3152969334533	-0.3500000000000001
4411.066727069842	750	9.302495791112117	0.0	345516	5110.218030652811	0.75
4412.527009288537	300	11.842213572418423	0.0	161857	1460.2822186936942	-0.15000000000000002
4413.5356819955	300	14.833540865453672	0.0	145210	1008.6727069647488	0.3
4415.90022345951	750	16.46899940144453	0.0	438281	2364.541464009138	0.3
4418.175826270681	750	18.19339659027346	0.0	398987	2275.6028111710734	0.75
4420.4841299902	750	19.88509287075515	0.0	393804	2308.30371951831	0.75
4423.196665187273	750	21.172557673682597	0.0	331053	2712.5351970725537	0.75
4425.73766561578	750	22.631557245174456	0.0	314107	2541.0004285081427	0.75

