8926.499460875295	750	4.0	2.7720774829579558	450283	2772.077482957956	-11.169933176719208
8929.05239851002	750	5.44706236527567	0.0	398865	2552.9376347243297	0.75
8930.793467934634	750	7.705992940661611	0.0	350812	1741.069424614059	0.75
8932.937202075096	1200	9.562258800200613	0.0	617681	2143.7341404609974	0.75
8935.637878518151	1200	10.861582357144593	0.0	652874	2700.676443056022	1.2
8937.409960142053	1200	13.089500733241648	0.0	520315	1772.0816239029452	1.2
8939.52062858089	1200	14.978832294405121	0.0	561791	2110.6684388365275	1.2
8943.103138158596	1200	15.396322716698885	0.0	709534	3582.5095777062365	1.2
8946.496065724514	1200	16.003395150782303	0.0	584846	3392.9275659165805	1.2
8952.988008091674	1850	13.511452783622982	0.0	913888	6491.942367159321	1.2000000000000002
8960.66969096895	1850	9.829769906345282	0.0	939819	7681.682877277702	1.85
8966.366744822084	1200	8.132716053212414	0.0	594078	5697.053853132868	0.5499999999999999
8974.27097768507	750	4.228483190226972	0.0	386351	7904.232862985442	0.3
8975.604114012529	300	6.895346862768547	0.0	179801	1333.1363274584246	-0.15000000000000002
8976.503405314395	300	9.996055560901743	0.0	140051	899.2913018668029	0.3
8977.353706791966	300	13.145754083332404	0.0	138313	850.3014775693388	0.3
8978.149042055426	300	16.350418819871827	0.0	143509	795.3352634605776	0.3
8978.875291092618	300	19.624169782679747	0.0	150616	726.249037192077	0.3
8979.569735664683	300	22.92972521061514	0.0	165384	694.4445720646058	0.3
8982.972989952954	1850	23.526470922344537	0.0	923755	3403.254288270604	0.30000000000000004
8988.978051555734	1850	21.52140931956411	0.0	891604	6005.061602780423	1.85
8994.167279068086	1850	20.33218180721132	0.0	955231	5189.227512352792	1.85
8996.874897617208	1850	21.624563258090475	0.0	968026	2707.6185491208457	1.85
8999.321616017045	1850	23.17784485825211	0.0	874175	2446.718399838361	1.85
9001.502686645943	1850	24.996774229354273	0.0	897976	2181.0706288978404	1.85
9006.518052265788	2850	23.981408609509895	0.0	1480464	5015.365619844378	1.85
9022.13729248501	2850	12.362168390287678	0.0	1547572	15619.240219222216	2.85
9029.986889436317	1200	8.512571438980704	0.0	487160	7849.596951306975	-0.44999999999999996
9035.193991154687	300	7.305469720610365	0.0	153605	5207.101718370339	-0.6000000000000001
9037.810868602739	300	8.68859227255892	0.0	149029	2616.8774480514453	0.3
9039.366854347614	300	11.13260652768375	0.0	157421	1555.985744875168	0.3
9040.597493958134	300	13.901966917164547	0.0	157488	1230.639610519204	0.3
9041.569269933681	300	16.930190941617255	0.0	143881	971.7759755472927	0.3
9042.647821682076	300	19.851639193221455	0.0	163444	1078.551748395802	0.3
9044.643600528772	750	21.85586034652466	0.0	401088	1995.7788466967938	0.3
9046.965004408938	1200	23.5344564663611	0.0	598727	2321.4038801635616	0.75
9048.841149883707	1200	25.658310991592526	0.0	487812	1876.1454747685707	1.2
9052.23540362408	1850	26.264057251218276	0.0	938587	3394.2537403742504	1.2000000000000002
9056.965906194595	1850	25.533554680702093	0.0	908665	4730.502570516186	1.85
9061.081824663912	1850	25.417636211385965	0.0	930577	4115.918469316125	1.85
9064.696779088146	1850	25.802681787149982	0.0	858450	3614.954424235986	1.85
9070.49064126244	2850	24.008819612857366	0.0	1527299	5793.862174292616	1.85
9077.007540578388	2850	21.49192029690999	0.0	1343002	6516.899315947377	2.85
9082.693971042885	2850	19.80548983241393	0.0	1587250	5686.430464496062	2.85
9087.51868859742	2850	18.98077227787909	0.0	1464921	4824.717554534835	2.85
9098.058132112908	4300	12.441328762390569	0.0	2246506	10539.443515488523	2.8499999999999996
9105.778445716911	4300	8.721015158389173	0.0	1961140	7720.313604001396	4.3
9113.298109116851	4300	5.201351758447893	0.0	2155012	7519.66339994128	4.3

