24282.322148856503	750	4.0	3.8635903273045304	450283	3863.5903273045305	-15.863438407409479
24283.56248626275	300	6.759662593753583	0.0	155580	1240.3374062464177	-0.15000000000000002
24284.983469441504	300	9.338679415001378	0.0	139857	1420.983178752206	0.3
24286.341898390765	300	11.980250465737047	0.0	155432	1358.428949264331	0.3
24287.59010471678	300	14.732044139724767	0.0	163442	1248.2063260122802	0.3
24290.018070786413	750	16.304078070088792	0.0	318564	2427.966069635975	0.3
24293.143968564436	750	17.17818029206605	0.0	352642	3125.897778022743	0.75
24296.48286739068	750	17.839281465821355	0.0	437162	3338.898826244697	0.75
24299.344307081432	750	18.977841775070395	0.0	374758	2861.4396907509595	0.75
24302.394395232805	750	19.9277536236967	0.0	362795	3050.088151373696	0.75
24305.573118586657	750	20.749030269846475	0.0	353220	3178.723353850221	0.75
24309.56820038372	750	20.753948472778937	0.0	405134	3995.0817970675394	0.75
24313.006444855746	750	21.315704000754728	0.0	386351	3438.2444720242106	0.75
24317.525871040605	750	20.79627781589621	0.0	434409	4519.426184858518	0.75
24321.468515025263	750	20.85363383123791	0.0	337059	3942.643984658297	0.75
24329.758892403544	750	16.563256452957983	0.0	366214	8290.37737827993	0.75
24338.735713393067	750	11.58643546343358	0.0	360831	8976.820989524404	0.75
24342.696478466605	300	11.625670389897152	0.0	150616	3960.7650735364277	-0.15000000000000002
24346.434069189298	300	11.888079667201977	0.0	165384	3737.5907226951754	0.3
24349.900067646253	300	12.422081210247562	0.0	140881	3465.998456954415	0.3
24352.91709463777	300	13.405054218730228	0.0	157671	3017.0269915173317	0.3
24356.692270321833	300	13.629878534665565	0.0	157812	3775.175684064666	0.3
24361.671992889904	300	12.650155966597401	0.0	163927	4979.722568068161	0.3
24365.51395434239	300	12.80819451410817	0.0	137654	3841.9614524892313	0.3
24368.52148721895	300	13.800661637549696	0.0	146754	3007.5328765584754	0.3
24370.35806324563	300	15.964085610873445	0.0	153938	1836.5760266762522	0.3
24374.517307048493	750	15.804841808008495	0.0	425781	4159.243802864948	0.3
24378.580529928102	750	15.741618928398559	0.0	277716	4063.222879609938	0.75
24389.60285279878	750	8.719296057722948	0.0	400396	11022.32287067561	0.75
24393.295337583073	300	9.026811273427496	0.0	149029	3692.484784295451	-0.15000000000000002
24397.69177809807	300	8.63037075843179	0.0	157421	4396.440514995707	0.3
24401.444172127918	300	8.877976728583018	0.0	157488	3752.39402984877	0.3
24405.109791178784	300	9.212357677714216	0.0	143881	3665.619050868801	0.3
24410.070834928338	300	8.251313928162608	0.0	163444	4961.043749551609	0.3
24413.873929884616	300	8.448218971884621	0.0	179328	3803.0949562779865	0.3
24416.4424005317	300	9.879748324797388	0.0	159914	2568.470647087233	0.3
24419.27155389623	300	11.050594960270116	0.0	131610	2829.1533645272725	0.3
24422.01380439497	300	12.30834446152866	0.0	124011	2742.2504987414554	0.3
24424.659577375733	300	13.662571480767282	0.0	144254	2645.7729807613805	0.3
24427.9656538646	300	14.35649499190149	0.0	149991	3306.0764888657914	0.3
24431.98325246436	300	14.338896392140274	0.0	147968	4017.5985997612165	0.3
24436.334831653126	300	13.987317203374477	0.0	161857	4351.579188765795	0.3
24439.3116016797	300	15.010547176803673	0.0	145210	2976.770026570804	0.3
24446.411213247356	750	11.910935609144406	0.0	438281	7099.611567659267	0.3
24452.501211798637	750	9.820937057862716	0.0	398987	6089.99855128169	0.75
24455.63238032491	300	10.689768531589817	0.0	160064	3131.1685262729	-0.15000000000000002
24458.31618020493	300	12.005968651573253	0.0	137507	2683.7998800165615	0.3
24460.61669760125	300	13.705451255250823	0.0	118421	2300.5173963224297	0.3

