11247.337762086203	750	4.0	2.005422751396268	450283	2005.4227513962683	-7.873317831003952
11248.206791522454	300	7.130970563748243	0.0	155580	869.0294362517569	-0.15000000000000002
11250.272765314845	750	9.064996771356444	0.0	350812	2065.9737923918	0.3
11252.565085302882	750	10.772676783319845	0.0	382355	2292.3199880365996	0.75
11254.881216634147	750	12.456545452054842	0.0	411561	2316.1313312650036	0.75
11256.634373065472	750	14.703389020730567	0.0	318564	1753.1564313242736	0.75
11258.580300859483	750	16.75746122671855	0.0	352642	1945.9277940120164	0.75
11264.140134966128	1850	15.197627120073372	0.0	1060487	5559.8341066451785	0.75
11269.848264874268	1850	13.489497211933292	0.0	852833	5708.12990814008	1.85
11274.077572707653	1850	13.2601893785477	0.0	913888	4229.307833385592	1.85
11278.372282597767	1850	12.965479488433598	0.0	939819	4294.709890114103	1.85
11282.380878656277	1850	12.956883429923677	0.0	917428	4008.5960585099206	1.85
11286.993718769449	1850	12.344043316753282	0.0	946851	4612.840113170395	1.85
11292.773800721405	1850	10.563961364795164	0.0	1036454	5780.081951958118	1.85
11297.55252857676	1850	9.78523350943993	0.0	821631	4778.727855355235	1.85
11299.91819413622	750	11.419567949978884	0.0	366214	2365.665559461046	-0.3500000000000001
11302.18372190379	750	13.15404018240928	0.0	360831	2265.5277675696025	0.75
11304.181661029002	750	15.156101057197484	0.0	372963	1997.9391252117975	0.75
11306.345528897971	750	16.99223318822909	0.0	405596	2163.8678689683943	0.75
11308.985375384476	750	18.352386701724715	0.0	350713	2639.846486504376	0.75
11312.279912864149	750	19.05784922205239	0.0	386472	3294.537479672324	0.75
11316.49487147583	750	18.84289061037063	0.0	399894	4214.958611681757	0.75
11322.4714404791	750	16.866321607101405	0.0	401853	5976.569003269229	0.75
11327.379548792172	750	15.958213294029516	0.0	343800	4908.108313071887	0.75
11331.568533425596	750	15.769228660606482	0.0	359903	4188.984633423034	0.75
11334.671451547185	750	16.66631053901657	0.0	379700	3102.9181215899075	0.75
11338.095998780682	750	17.241763305519648	0.0	425781	3424.5472334969236	0.75
11340.338858332034	750	18.998903754167507	0.0	277716	2242.8595513521427	0.75
11344.534815210955	750	18.80294687524559	0.0	400396	4195.956878921919	0.75
11349.571009540847	750	17.766752545353665	0.0	400508	5036.1943298919205	0.75
11353.120440586992	750	18.217321499209092	0.0	358218	3549.431046144575	0.75
11356.961726288779	750	18.37603579742274	0.0	400322	3841.28570178635	0.75
11362.10603622103	1200	17.23172586517184	0.0	584349	5144.3099322509	0.75
11366.56634217643	750	16.771419909770803	0.0	412837	4460.305955401035	0.3
11372.006033254176	750	15.331728832024243	0.0	401088	5439.69107774656	0.75
11379.20284967277	750	12.134912413430927	0.0	365161	7196.816418593318	0.75
11386.428673138755	750	8.909088947447188	0.0	321064	7225.823465983737	0.75
11389.329067180432	300	10.008694905768763	0.0	124011	2900.394041678424	-0.15000000000000002
11391.122875515024	300	12.214886571178539	0.0	144254	1793.8083345902257	0.3
11392.487037413803	300	14.850724672399883	0.0	149991	1364.161898778655	0.3
11395.135806593265	750	16.20195549293726	0.0	345516	2648.769179462625	0.3
11398.110469772604	750	17.227292313600074	0.0	384505	2974.6631793371853	0.75
11400.67931087474	750	18.65845121146157	0.0	372093	2568.8411021385036	0.75
11404.267082908631	750	19.070679177573403	0.0	438281	3587.772033888169	0.75
11412.335610766298	1850	15.002151319905265	0.0	958994	8068.527857668137	0.75
11421.024376072679	1850	10.313386013525081	0.0	982064	8688.765306380183	1.85
11424.013474627038	750	11.324287459164621	0.0	331053	2989.0985543604593	-0.3500000000000001
11427.38620913239	750	11.951552953813655	0.0	314107	3372.7345053509675	0.75

