24747.225717608835	750	4.0	4.010168074006698	450283	4010.168074006698	-16.4937227182288
24748.39963570148	300	6.8260819073535774	0.0	155580	1173.9180926464226	-0.15000000000000002
24749.404649882086	300	9.821067726748996	0.0	139857	1005.0141806045834	0.3
24750.532868770617	300	12.692848838215301	0.0	155432	1128.218888533694	0.3
24752.93779773474	750	14.287919874092832	0.0	411561	2404.9289641224673	0.3
24754.67258797982	750	16.553129629014798	0.0	318564	1734.7902450780355	0.75
24756.493695993966	750	18.732021614867243	0.0	352642	1821.1080141475536	0.75
24758.756071723164	750	20.469645885670005	0.0	437162	2262.3757291972397	0.75
24763.169324473125	1850	20.05639313570955	0.0	852833	4413.252749960457	0.75
24767.103923656727	1850	20.121793952105723	0.0	913888	3934.5991836038274	1.85
24771.710964063062	1850	19.514753545768716	0.0	939819	4607.040406337008	1.85
24777.295138846217	1850	17.930578762615017	0.0	917428	5584.1747831536995	1.85
24781.868423431748	1850	17.35729417708777	0.0	946851	4573.284585527247	1.85
24786.448957867684	1850	16.776759741147647	0.0	1036454	4580.534435940126	1.85
24790.358821669844	1850	16.866895938989796	0.0	821631	3909.8638021578486	1.85
24794.637003344465	1850	16.5887142643684	0.0	923170	4278.181674621397	1.85
24799.324123972165	1850	15.901593636668185	0.0	966699	4687.120627700214	1.85
24804.019473055992	1850	15.206244552843371	0.0	885714	4695.349083824814	1.85
24809.675580337313	1850	13.550137271521796	0.0	987708	5656.107281321574	1.85
24815.35147838352	1850	11.874239225313444	0.0	923755	5675.898046208353	1.85
24820.493797610652	1850	10.731919998178677	0.0	891604	5142.319227134766	1.85
24826.28518475232	1850	8.940532856510217	0.0	955231	5791.387141668461	1.85
24831.695406752235	1850	7.530310856593264	0.0	968026	5410.221999916953	1.85
24838.027479299257	1850	5.198238309570656	0.0	874175	6332.072547022608	1.85
24842.427010227297	750	4.798707381530797	0.0	359903	4399.53092803986	-0.3500000000000001
24843.670836243255	300	7.554881365573875	0.0	153938	1243.826015956922	-0.15000000000000002
24844.979275924215	300	10.24644168460891	0.0	181901	1308.4396809649643	0.3
24845.814748468692	300	13.410969140133416	0.0	111155	835.4725444754969	0.3
24849.138441626277	750	14.087275982548531	0.0	400396	3323.693157584883	0.3
24854.687389116552	750	12.538328492274392	0.0	400508	5548.947490274141	0.75
24861.27157750479	750	9.954140104034105	0.0	358218	6584.188388240286	0.75
24863.18642031	300	12.039297298824003	0.0	157488	1914.8428052100996	-0.15000000000000002
24864.703710347796	300	14.522007261027323	0.0	143881	1517.2900377966812	0.3
24868.491382898766	750	14.734334710058144	0.0	412837	3787.672550969178	0.3
24872.174599584607	750	15.051118024218475	0.0	401088	3683.216685839671	0.75
24876.69002503051	750	14.535692578309865	0.0	365161	4515.42544590861	0.75
24879.30084542085	750	15.924872187972765	0.0	321064	2610.8203903371	0.75
24882.5400581481	750	16.685659460719204	0.0	361565	3239.212727253561	0.75
24886.45708199142	750	16.768635617399653	0.0	378327	3917.0238433195523	0.75
24890.328724878447	750	16.896992730371014	0.0	390680	3871.642887028639	0.75
24894.040902651803	750	17.18481495701657	0.0	345516	3712.1777733544445	0.75
24898.94038435014	750	16.285333258679472	0.0	384505	4899.4816983370965	0.75
24902.525065999787	750	16.700651609031315	0.0	372093	3584.6816496481583	0.75
24905.998193549356	750	17.22752405946108	0.0	438281	3473.127549570239	0.75
24910.320271092456	750	16.90544651636311	0.0	398987	4322.077543097968	0.75
24914.92857167842	750	16.297145930395992	0.0	393804	4608.3005859671175	0.75
24917.76442671131	750	17.461290897507023	0.0	331053	2835.8550328889687	0.75
24921.261887140838	750	17.96383046798061	0.0	314107	3497.460429526414	0.75

