11818.009036136511	750	4.0	5.8396300502769165	450283	5839.630050276916	-24.36040921619074
11820.249254512259	300	5.759781624254254	0.0	155580	2240.2183757457465	-0.15000000000000002
11821.677346346463	300	8.331689790048644	0.0	139857	1428.0918342056093	0.3
11823.020605243915	300	10.988430892596813	0.0	155432	1343.2588974518294	0.3
11824.45294215234	300	13.556093984173181	0.0	163442	1432.3369084236328	0.3
11827.313793238196	750	14.695242898316847	0.0	318564	2860.8510858563354	0.3
11830.898644417432	750	15.110391719081992	0.0	352642	3584.851179234854	0.75
11835.025081897677	750	14.983954238837205	0.0	437162	4126.437480244787	0.75
11838.631746018404	750	15.377290118109416	0.0	374758	3606.664120727789	0.75
11841.856961310548	750	16.152074825964206	0.0	362795	3225.215292145209	0.75
11845.859959332369	750	16.149076804143245	0.0	353220	4002.9980218209625	0.75
11850.045537268432	750	15.963498868080991	0.0	405134	4185.5779360622555	0.75
11853.353742825713	750	16.655293310800353	0.0	386351	3308.205557280639	0.75
11858.55565887945	750	15.453377257064396	0.0	434409	5201.916053735956	0.75
11863.540068108165	750	14.468968028350558	0.0	337059	4984.409228713838	0.75
11867.924559802976	750	14.0844763335393	0.0	366214	4384.491694811258	0.75
11872.892003776062	750	13.117032360453424	0.0	360831	4967.443973085876	0.75
11879.000732124585	750	11.00830401192917	0.0	372963	6108.728348524255	0.75
11880.24121291994	300	13.767823216575154	0.0	165384	1240.4807953540142	-0.15000000000000002
11881.803787648818	300	16.205248487696526	0.0	140881	1562.574728878628	0.3
11886.669339210717	750	15.339696925797963	0.0	386472	4865.551561898563	0.3
11893.29297485721	750	12.716061279305908	0.0	399894	6623.6356464920555	0.75
11897.14565282295	750	12.863383313564606	0.0	401853	3852.6779657413017	0.75
11899.442092912332	750	14.56694322418475	0.0	343800	2296.440089379855	0.75
11902.19823037994	750	15.810805756577274	0.0	359903	2756.137467607476	0.75
11904.992347406935	750	17.016688729581993	0.0	379700	2794.1170269952795	0.75
11908.014858778222	750	17.994177358294838	0.0	425781	3022.5113712871566	0.75
11909.958210830697	750	20.05082530581981	0.0	277716	1943.3520524750265	0.75
11913.056117276685	750	20.952918859830405	0.0	400396	3097.9064459894043	0.75
11915.942180519256	750	22.06685561725903	0.0	400508	2886.063242571377	0.75
11918.461981731434	750	23.54705440508228	0.0	358218	2519.801212176746	0.75
11921.613406645023	750	24.395629491493477	0.0	400322	3151.424913588804	0.75
11924.324098524876	750	25.684937611640258	0.0	369834	2710.6918798532197	0.75
11933.364751699284	1850	20.644284437233125	0.0	1035329	9040.65317440713	0.75
11944.706461492948	1850	13.302574643567976	0.0	1026056	11341.709793665148	1.85
11947.274617674555	750	14.734418461960116	0.0	365161	2568.156181607859	-0.3500000000000001
11949.475024170699	750	16.53401196581623	0.0	321064	2200.406496143885	0.75
11952.092579267544	750	17.916456868970812	0.0	361565	2617.55509684542	0.75
11955.883135054311	750	18.12590108220483	0.0	378327	3790.5557867659795	0.75
11959.527146506523	750	18.481889629991628	0.0	390680	3644.011452213202	0.75
11963.252606813383	750	18.756429323132544	0.0	345516	3725.4603068590854	0.75
11967.257970054643	750	18.751066081872114	0.0	384505	4005.363241260425	0.75
11970.471160965371	750	19.53787517114324	0.0	372093	3213.190910728874	0.75
11974.653729484402	750	19.35530665211354	0.0	438281	4182.568519029699	0.75
11978.537859624481	750	19.47117651203363	0.0	398987	3884.130140079909	0.75
11981.896219590682	750	20.11281654583191	0.0	393804	3358.3599662017195	0.75
11985.627084107024	750	20.381952029490815	0.0	331053	3730.864516341098	0.75
11989.211609955226	750	20.79742618128888	0.0	314107	3584.5258482019335	0.75

