34423.99370590485	750	4.0	7.375311610704221	450283	7375.3116107042215	-30.96383992602815
34426.50218030572	300	5.491525599133535	0.0	155580	2508.4744008664647	-0.15000000000000002
34428.789544108535	300	7.204161796321972	0.0	139857	2287.3638028115624	0.3
34434.89185028504	750	5.101855619811353	0.0	382355	6102.3061765106195	0.3
34437.53321860444	300	6.460487300422003	0.0	163442	2641.3683193893494	-0.15000000000000002
34439.5825137151	300	8.411192189763279	0.0	126289	2049.2951106587248	0.3
34446.813598034285	750	5.180107870577147	0.0	352642	7231.084319186131	0.3
34449.77363456566	300	6.220071339203751	0.0	173849	2960.0365313733955	-0.15000000000000002
34452.24083655893	300	7.752869345935231	0.0	150710	2467.201993268521	0.3
34458.035739151164	750	5.957966753699139	0.0	362795	5794.902592236092	0.3
34460.331032940376	300	7.66267296449487	0.0	141840	2295.2937892042696	-0.15000000000000002
34466.75469340513	750	5.239012499741363	0.0	405134	6423.660464753507	0.3
34469.365681303614	300	6.628024601259449	0.0	160746	2610.9878984819143	-0.15000000000000002
34472.28248140144	300	7.7112245034393	0.0	179801	2916.8000978201494	0.3
34477.8516753794	750	6.142030525470446	0.0	337059	5569.193977968854	0.3
34480.071830777524	300	7.92187512734689	0.0	138313	2220.1553981235556	-0.15000000000000002
34485.77773027392	750	6.215975630953224	0.0	360831	5705.899496393667	0.3
34488.22337353298	300	7.770332371886376	0.0	150616	2445.6432590668487	-0.15000000000000002
34494.647667325706	750	5.346038579162487	0.0	405596	6424.293792723889	0.3
34496.93983218326	300	7.053873721604527	0.0	140881	2292.1648575579607	-0.15000000000000002
34503.11409210614	750	4.879613798725366	0.0	386472	6174.2599228791605	0.3
34505.670039072174	300	6.323666832698364	0.0	157812	2555.9469660270024	-0.15000000000000002
34508.320648624984	300	7.673057279885664	0.0	163927	2650.6095528127	0.3
34513.75647549303	750	6.237230411839917	0.0	343800	5435.826868045747	0.3
34516.12477416595	300	7.8689317389195175	0.0	146754	2368.2986729203994	-0.15000000000000002
34522.257241416395	750	5.736464488475962	0.0	379700	6132.467250443556	0.3
34525.23501782423	300	6.758688080649147	0.0	181901	2977.7764078268146	-0.15000000000000002
34527.05783388211	300	8.935872022767992	0.0	111155	1822.8160578811548	0.3
34533.652216828465	750	6.341489076409574	0.0	400396	6594.382946358418	0.3
34536.073862834746	300	7.919843070132797	0.0	149029	2421.6460062767765	-0.15000000000000002
34541.76093328251	750	6.2327726223684765	0.0	358218	5687.07044776432	0.3
34544.314436459834	300	7.679269445044454	0.0	157488	2553.503177324023	-0.15000000000000002
34550.14754193564	750	5.8461639692321015	0.0	369834	5833.105475812353	0.3
34552.59479072622	300	7.398915178653504	0.0	163444	2447.248790578598	-0.15000000000000002
34558.837910659655	750	5.155795245219307	0.0	401088	6243.119933434196	0.3
34561.44683277737	300	6.546873127500488	0.0	159914	2608.922117718819	-0.15000000000000002
34563.61090054956	300	8.382805355314067	0.0	131610	2164.067772186421	0.3
34569.36762445095	750	6.626081453926963	0.0	361565	5756.723901387104	0.3
34571.68895327787	300	8.30475262699802	0.0	144254	2321.3288269289424	-0.15000000000000002
34577.87185327581	750	6.121852629060208	0.0	390680	6182.899997937813	0.3
34580.29317499218	300	7.700530912689477	0.0	147968	2421.32171637073	-0.15000000000000002
34586.57217977544	750	5.421526129424696	0.0	384505	6279.0047832647815	0.3
34588.91456840195	300	7.079137502909286	0.0	145210	2342.3886265154097	-0.15000000000000002
34595.96788803784	750	4.025817867027176	0.0	438281	7053.31963588211	0.3
34598.6901848784	300	5.303521026472251	0.0	167025	2722.2968405549254	-0.15000000000000002
34601.34387209025	300	6.649833814612969	0.0	160064	2653.687211859282	0.3
34603.68914605501	300	8.304559849852248	0.0	137507	2345.2739647607214	0.3
34608.7705620677	750	7.223143837162331	0.0	314107	5081.416012689918	0.3

