31678.43196109921	750	4.0	1.7188586863676834	450283	1718.8586863676833	-6.6410923513810385
31679.963677841657	750	6.4682832575557025	0.0	398865	1531.7167424442982	0.75
31681.32049995904	750	9.1114611401717	0.0	350812	1356.8221173840002	0.75
31682.763714501878	750	11.668246597334369	0.0	382355	1443.2145428373326	0.75
31684.28556893181	750	14.146392167400581	0.0	411561	1521.8544299337866	0.75
31685.481619564933	750	16.95034153428076	0.0	318564	1196.0506331198214	0.75
31686.797058369582	750	19.63490272963039	0.0	352642	1315.4388046503689	0.75
31690.49573401516	1850	19.936227084052952	0.0	1060487	3698.6756455774375	0.75
31693.44864450172	1850	20.983316597491875	0.0	852833	2952.910486561077	1.85
31696.557965433425	1850	21.873995665786943	0.0	913888	3109.320931704929	1.85
31699.84983296851	1850	22.582128130701378	0.0	939819	3291.867535085565	1.85
31703.322147862138	1850	23.10981323707453	0.0	917428	3472.314893626848	1.85
31708.117337803065	1850	22.31462329614401	0.0	946851	4795.189940930517	1.85
31711.720035741848	1850	22.711925357362144	0.0	1036454	3602.6979387818674	1.85
31714.58242809528	1850	23.849533003928013	0.0	821631	2862.3923534341297	1.85
31717.781105006306	1850	24.65085609290356	0.0	923170	3198.6769110244527	1.85
31721.07508919159	1850	25.356871907620558	0.0	966699	3293.984185283001	1.85
31724.137950953504	1850	26.29401014570918	0.0	885714	3062.8617619113784	1.85
31727.64212347604	1850	26.78983762317106	0.0	987708	3504.172522538119	1.85
31730.916501331165	1850	27.51545976804394	0.0	923755	3274.3778551271203	1.85
31734.214582140594	1850	28.21737895861518	0.0	891604	3298.0808094287604	1.85
31738.254644310975	1850	28.17731678823719	0.0	955231	4040.0621703779907	1.85
31742.09932367733	1850	28.33263742188226	0.0	968026	3844.6793663549283	1.85
31745.32263732964	1850	29.10932376957135	0.0	874175	3223.3136523109106	1.85
31748.443444323137	1850	29.98851677607015	0.0	897976	3120.806993501202	1.85
31751.598766377356	1850	30.83319472185141	0.0	905935	3155.322054218738	1.85
31755.3621815303	1850	31.069779568906867	0.0	1076599	3763.4151529445458	1.85
31758.065724504675	1850	32.36623659453111	0.0	758197	2703.542974375761	1.85
31761.514309626265	1850	32.91765147294065	0.0	972798	3448.585121590461	1.85
31764.938452983777	1850	33.49350811542992	0.0	975811	3424.1433575107308	1.85
31767.918097379134	1850	34.51386372007484	0.0	873429	2979.6443953550793	1.85
31771.898369855688	1850	34.533591243519126	0.0	954453	3980.272476555708	1.85
31775.576402642822	1850	34.8555584563812	0.0	885062	3678.032787137922	1.85
31779.087777198285	1850	35.34418390091993	0.0	1035329	3511.3745554612733	1.85
31782.559758667172	1850	35.87220243203387	0.0	1026056	3471.9814688860556	1.85
31785.952388181806	1850	36.47957291740004	0.0	943942	3392.6295146338334	1.85
31788.840209469494	1850	37.591751629711915	0.0	728962	2887.821287688131	1.85
31796.255017920084	4300	34.17694317911935	0.0	2147467	7414.808450592566	1.8499999999999996
31803.909591107724	4300	30.522369991483004	0.0	2133870	7654.573187636347	4.3
31811.27444670584	4300	27.15751439336491	0.0	2146120	7364.855598118095	4.3
31818.344615986996	4300	24.087345112210482	0.0	2108491	7070.169281154429	4.3
31825.71394580158	4300	20.718015297622348	0.0	2184571	7369.3298145881345	4.3
31833.307075047564	4300	17.124886051639056	0.0	2121928	7593.129245983292	4.3
31840.878709558867	4300	13.553251540335681	0.0	2219102	7571.634511303374	4.3
31844.105940890717	1850	14.326020208483618	0.0	958994	3227.2313318520632	-0.6000000000000001
31847.425492788494	1850	15.006468310708607	0.0	982064	3319.551897775011	1.85
31850.254250378883	1850	16.177710720319414	0.0	830730	2828.7575903891925	1.85
31853.209264086217	1850	17.22269701298567	0.0	846370	2955.013707333747	1.85

