33376.048099500294	750	4.0	2.8286425470739207	450283	2828.642547073921	-11.413162952417858
33378.56835664221	750	5.479742858086886	0.0	398865	2520.2571419131145	0.75
33380.85382103084	750	7.194278469452465	0.0	350812	2285.4643886344197	0.75
33383.337588109265	750	8.710511391027799	0.0	382355	2483.767078424665	0.75
33386.17347651403	750	9.874622986264127	0.0	411561	2835.888404763673	0.75
33388.397677539775	750	11.650421960518859	0.0	318564	2224.2010257452675	0.75
33390.695385418985	750	13.352714081311028	0.0	352642	2297.707879207831	0.75
33395.175716832804	1200	12.872382667493216	0.0	709534	4480.331413817811	0.75
33398.851991433316	1200	13.196108066975048	0.0	584846	3676.27460051817	1.2
33402.34762361215	1200	13.700475888145213	0.0	560821	3495.632178829835	1.2
33406.185670274404	1200	13.862429225883673	0.0	607410	3838.046662261538	1.2
33409.94345556632	1200	14.104643933969118	0.0	594078	3757.7852919145557	1.2
33413.714837827945	1200	14.333261672346906	0.0	624282	3771.3822616222137	1.2
33420.60154084479	1850	11.446558655493995	0.0	1036454	6886.703016852911	1.2000000000000002
33426.470497316805	1850	9.577602183482796	0.0	821631	5868.9564720112	1.85
33433.51608806471	1850	6.532011435579404	0.0	923170	7045.590747903391	1.85
33437.875716196504	1200	6.172383303779263	0.0	617242	4359.628131800141	0.5499999999999999
33441.6660289281	1200	6.382070572187116	0.0	581493	3790.3127315921465	1.2
33445.54116744065	1200	6.506932059638677	0.0	639204	3875.13851254844	1.2
33449.165497078844	1200	6.882602421442185	0.0	586839	3624.3296381964924	1.2
33452.7471770969	1200	7.300922403389762	0.0	601738	3581.680018052423	1.2
33456.538542237395	1200	7.509557262890248	0.0	616206	3791.3651404995144	1.2
33460.80284268669	1200	7.245256813595805	0.0	656471	4264.300449294443	1.2
33464.21827283378	1200	7.829826666510419	0.0	536667	3415.430147085386	1.2
33467.92578266906	1200	8.122316831228149	0.0	587236	3707.509835282271	1.2
33471.60025712986	1200	8.447842370420732	0.0	590335	3674.474460807416	1.2
33475.838471833245	1200	8.209627667034905	0.0	696376	4238.214703385827	1.2
33478.872393137855	1200	9.175706362424732	0.0	487160	3033.9213046101736	1.2
33482.80174791095	1200	9.246351589331695	0.0	622896	3929.3547730930372	1.2
33486.8479380904	1200	9.200161409880383	0.0	641447	4046.190179451311	1.2
33490.356227630764	1200	9.691871869518192	0.0	570392	3508.2895403621924	1.2
33495.94279488416	1200	8.105304616119296	0.0	620283	5586.567253398895	1.2
33500.12371517162	1200	7.924384328661381	0.0	584349	4180.920287457916	1.2
33505.575613589244	1200	6.472485911040001	0.0	670129	5451.898417621381	1.2
33509.85972172424	1200	6.188377776035845	0.0	690253	4284.108135004155	1.2
33513.6370302554	1200	6.411069244884591	0.0	598727	3777.3085311512546	1.2
33516.75312396302	1200	7.294975537263538	0.0	487812	3116.0937076210544	1.2
33520.26933299985	1200	7.778766500432737	0.0	575591	3516.2090368307995	1.2
33524.156080753375	1200	7.892018746905809	0.0	605884	3886.7477535269286	1.2
33527.90983521114	1200	8.138264289142139	0.0	587506	3753.7544577636704	1.2
33531.41874595976	1200	8.629353540521818	0.0	566904	3508.910748620322	1.2
33535.568520352135	1200	8.479579148145902	0.0	641452	4149.774392375915	1.2
33539.381901414024	1200	8.666198086261181	0.0	599477	3813.3810618847206	1.2
33543.47441040828	1200	8.573689092007676	0.0	634861	4092.5089942535046	1.2
33547.67053241343	1200	8.377567086852029	0.0	630203	4196.122005155649	1.2
33554.366756907344	1850	5.681342592943867	0.0	982064	6696.224493908161	1.2000000000000002
33559.73230104646	1850	4.315798453828517	0.0	830730	5365.54413911535	1.85
33565.010549322804	1850	4.0	0.9624498225191656	846370	5278.248276347683	-2.2885342368324113

