38019.732126556584	750	4.0	2.4613678825406633	450283	2461.3678825406632	-9.833881894924852
38021.9215650663	750	5.810561490285927	0.0	398865	2189.4385097140726	0.75
38023.79016425446	750	7.941962302127182	0.0	350812	1868.5991881587456	0.75
38025.79208229705	750	9.940044259537537	0.0	382355	2001.9180425896445	0.75
38027.942730790506	750	11.789395766083334	0.0	411561	2150.648493454202	0.75
38029.63542013111	750	14.096706425476217	0.0	318564	1692.6893406071176	0.75
38031.50062497048	750	16.231501586102105	0.0	352642	1865.2048393741138	0.75
38033.82969179715	750	17.902434759429376	0.0	437162	2329.0668266727284	0.75
38038.36572144698	1850	17.366405109603104	0.0	852833	4536.029649826274	0.75
38042.82498009713	1850	16.9071464594474	0.0	913888	4459.258650155701	1.85
38047.90921295981	1850	15.822913596775885	0.0	939819	5084.232862671518	1.85
38054.04121409994	1850	13.690912456643677	0.0	917428	6132.001140132208	1.85
38059.607826059146	1850	12.124300497433124	0.0	946851	5566.611959210552	1.85
38068.07269468653	1850	7.659431870049912	0.0	1036454	8464.868627383212	1.85
38070.10777499281	750	9.624351563775582	0.0	337059	2035.0803062743314	-0.3500000000000001
38072.13629521558	750	11.595831341002576	0.0	366214	2028.520222773005	0.75
38074.18391019669	750	13.548216359898328	0.0	360831	2047.6149811042483	0.75
38076.43576807497	750	15.296358481626733	0.0	372963	2251.857878271595	0.75
38079.03171518542	750	16.700411371174344	0.0	405596	2595.9471104523873	0.75
38086.998947730644	1850	12.73317882594754	0.0	923755	7967.232545226805	0.75
38089.06778230134	750	14.664344255254347	0.0	386472	2068.8345706931923	-0.3500000000000001
38093.789281601225	750	13.942844955363466	0.0	399894	4721.499299890882	0.75
38096.043547357156	750	15.688579199436845	0.0	401853	2254.2657559266218	0.75
38097.86740197203	750	17.86472458456565	0.0	343800	1823.8546148711919	0.75
38099.78201463669	750	19.950111919900102	0.0	359903	1914.6126646655462	0.75
38104.57101946294	1850	19.161107093646564	0.0	905935	4789.004826253544	0.75
38111.19804918388	1850	16.534077372717338	0.0	1076599	6627.029720929227	1.85
38115.853280178126	1850	15.878846378468811	0.0	758197	4655.230994248524	1.85
38121.424064445346	1850	14.308062111245853	0.0	972798	5570.784267222959	1.85
38128.022588474094	1850	11.70953808249521	0.0	975811	6598.524028750641	1.85
38133.17228905921	1850	10.559837497380057	0.0	873429	5149.700585115155	1.85
38135.33618500213	750	12.395941554453204	0.0	400322	2163.895942926853	-0.3500000000000001
38137.291736985215	750	14.440389571371176	0.0	369834	1955.5519830820276	0.75
38139.46537157273	750	16.26675498385452	0.0	412837	2173.634587516656	0.75
38141.75133463934	750	17.980791917249412	0.0	401088	2285.96306660511	0.75
38143.89420611909	750	19.837920437502188	0.0	365161	2142.8714797472257	0.75
38147.82362813555	1850	19.908498421047028	0.0	728962	3929.422016455158	0.75
38152.76333857936	1850	18.968787977239458	0.0	938587	4939.710443807568	1.85
38157.507449979035	1850	18.224676577558	0.0	908665	4744.111399681459	1.85
38162.2393758591	1850	17.492750697500362	0.0	930577	4731.9258800576345	1.85
38166.673168579444	1850	17.058957977150857	0.0	858450	4433.7927203495055	1.85
38172.53475543097	1850	15.197371125628528	0.0	1025005	5861.58685152233	1.85
38178.184045983624	1850	13.548080572967727	0.0	886255	5649.2905526608	1.85
38184.16746395725	1850	11.564662599345686	0.0	973972	5983.417973622041	1.85
38190.139006601625	1850	9.593119954972437	0.0	958994	5971.542644373248	1.85
38195.570371944035	1850	8.161754612560761	0.0	982064	5431.365342411676	1.85
38200.63778125748	1850	7.094345299114086	0.0	830730	5067.409313446676	1.85
38202.44483776289	750	9.287288793708555	0.0	314107	1807.0565054055317	-0.3500000000000001

