33855.8391253064	750	4.0	3.4870753772950676	450283	3487.0753772950675	-14.24442412236879
33857.09632450601	300	6.742800800386498	0.0	155580	1257.1991996135023	-0.15000000000000002
33858.050971269324	300	9.788154037075106	0.0	139857	954.646763311392	0.3
33861.46924479053	1200	10.369880515865109	0.0	617681	3418.2735212099983	0.29999999999999993
33865.17350264837	1200	10.665622658017572	0.0	652874	3704.2578578475363	1.2
33868.20100439609	1200	11.638120910302682	0.0	520315	3027.501747714891	1.2
33873.52651471729	1850	10.312610589100514	0.0	905515	5325.510321202169	1.2000000000000002
33877.058066758924	1200	10.781058547467888	0.0	709534	3531.552041632625	0.5499999999999999
33879.99704095273	1200	11.842084353661042	0.0	584846	2938.9741938068473	1.2
33885.02587918509	1850	10.813246121300123	0.0	913888	5028.8382323609185	1.2000000000000002
33889.0343036737	1200	10.804821632685176	0.0	607410	4008.4244886149468	0.5499999999999999
33892.78931936122	1200	11.049805945165868	0.0	594078	3755.0156875193074	1.2
33898.36012449544	1850	9.479000810946625	0.0	946851	5570.805134219244	1.2000000000000002
33901.884468346194	1200	9.954656960189972	0.0	687371	3524.3438507566543	0.5499999999999999
33904.77882684623	1200	11.060298460145976	0.0	526950	2894.3585000439966	1.2
33911.914488323826	1850	7.9246369825569065	0.0	923170	7135.661477589069	1.2000000000000002
33918.420877349774	750	5.418247956608749	0.0	360831	6506.389025948158	-0.3500000000000001
33919.560729758094	300	8.278395548289863	0.0	150616	1139.8524083188843	-0.15000000000000002
33921.91145639638	750	9.927668909999161	0.0	405596	2350.726638290702	0.3
33929.16805368118	1200	6.671071625198804	0.0	586839	7256.597284800358	0.75
33930.19902100248	300	9.640104303900607	0.0	157671	1030.9673212981975	-0.6000000000000001
33933.99556855522	1200	9.84355675116182	0.0	616206	3796.5475527387866	0.29999999999999993
33937.116173044924	1200	10.722952261454562	0.0	656471	3120.6044897072593	1.2
33939.72347065154	1200	12.11565465484234	0.0	536667	2607.297606612223	1.2
33944.61081723045	1850	11.22830807592266	0.0	897976	4887.34657891968	1.2000000000000002
33949.558439863176	1850	10.280685443203863	0.0	905935	4947.622632718796	1.85
33953.38603791593	1200	10.453087390445212	0.0	696376	3827.5980527586516	0.5499999999999999
33955.95918022102	1200	11.879945085357612	0.0	487160	2573.142305087599	1.2
33961.03299580668	1850	10.806129499697247	0.0	972798	5073.815585660364	1.2000000000000002
33964.84134351223	1200	10.99778179414814	0.0	641447	3808.347705549108	0.5499999999999999
33968.309337274586	1200	11.529788031791112	0.0	570392	3467.993762357029	1.2
33974.50042817028	1850	9.338697136100098	0.0	954453	6191.0908956910125	1.2000000000000002
33978.81898475288	1200	9.020140553501726	0.0	584349	4318.556582598372	0.5499999999999999
33982.53376207914	1200	9.305363227236572	0.0	670129	3714.7773262651535	1.2
33985.965675729254	1200	9.873449577126136	0.0	690253	3431.913650110437	1.2
33989.01285002523	1200	10.826275281152448	0.0	598727	3047.174295973687	1.2
33991.42274194893	1200	12.41638335745054	0.0	487812	2409.8919237019068	1.2
33995.84243782018	1850	11.99668748620259	0.0	938587	4419.695871247949	1.2000000000000002
34000.37638436145	1850	11.462740944932884	0.0	908665	4533.946541269705	1.85
34005.28818471499	1850	10.55094059140002	0.0	930577	4911.8003535328635	1.85
34008.424072371476	1200	11.415052934916142	0.0	566904	3135.887656483878	0.5499999999999999
34014.292355522455	1850	9.546769783940501	0.0	1025005	5868.283150975642	1.2000000000000002
34017.68169833507	1200	10.157426971319182	0.0	599477	3389.342812621319	0.5499999999999999
34021.15617365389	1200	10.682951652498737	0.0	634861	3474.475318820445	1.2
34024.766511051035	1200	11.072614255356717	0.0	630203	3610.3373971420206	1.2
34030.46169541579	1850	9.377429890603059	0.0	982064	5695.184364753657	1.2000000000000002
34033.98509811784	1200	9.854027188551395	0.0	538612	3523.402702051664	0.5499999999999999
34038.96818767533	1200	8.870937631053234	0.0	550906	4983.089557498162	1.2

