18659.277681854004	750	4.0	7.076421894127108	450283	7076.421894127108	-29.678614144746565
18661.777642563473	300	5.500039290530609	0.0	155580	2499.9607094693915	-0.15000000000000002
18664.01751666055	300	7.260165193449888	0.0	139857	2239.8740970807216	0.3
18666.49159676794	300	8.786085086061922	0.0	155432	2474.080107387967	0.3
18669.08887331283	300	10.188808541170474	0.0	163442	2597.2765448914465	0.3
18671.11383630738	300	12.163845546621426	0.0	126289	2024.9629945490476	0.3
18673.562094445413	300	13.715587408586627	0.0	153295	2448.2581380347992	0.3
18676.344422409034	300	14.933259444966062	0.0	173849	2782.3279636205652	0.3
18682.24172696002	750	13.035954893981263	0.0	374758	5897.304550984799	0.3
18687.99224503082	750	11.285436823178177	0.0	362795	5750.518070803085	0.75
18693.606881188898	750	9.670800665100455	0.0	353220	5614.636158077722	0.75
18696.11043928238	300	11.16724257161844	0.0	156148	2503.558093482016	-0.15000000000000002
18698.681791548825	300	12.59589030517227	0.0	160746	2571.352266446169	0.3
18701.530026308606	300	13.747655545389971	0.0	179801	2848.2347597822995	0.3
18703.775131538383	300	15.502550315613414	0.0	140051	2245.1052297765573	0.3
18706.036335404806	300	17.241346449189738	0.0	138313	2261.2038664236766	0.3
18711.74867733945	750	15.529004514546735	0.0	360831	5712.341934643006	0.3
18717.61358502425	750	13.66409682974931	0.0	372963	5864.907684797424	0.75
18723.95319278045	750	11.32448907354752	0.0	405596	6339.60775620179	0.75
18729.458567832753	750	9.81911402124589	0.0	350713	5505.3750523016315	0.75
18731.969606980918	300	11.308074873083264	0.0	157671	2511.0391481626243	-0.15000000000000002
18734.4872385294	300	12.790443324600517	0.0	157812	2517.631548482747	0.3
18737.116147083514	300	14.16153477048692	0.0	163927	2628.908554113598	0.3
18739.334932147907	300	15.942749706091647	0.0	137654	2218.7850643952734	0.3
18744.973846065473	750	14.303835788528662	0.0	359903	5638.913917562984	0.3
18750.941977632814	750	12.335704221187829	0.0	379700	5968.1315673408335	0.75
18757.60224357814	750	9.675438275863108	0.0	425781	6660.265945324721	0.75
18761.9816976558	750	9.295984198200896	0.0	277716	4379.454077662211	0.75
18764.444152594104	300	10.8335292598959	0.0	153605	2462.4549383049957	-0.15000000000000002
18766.85679476968	300	12.420887084322583	0.0	149029	2412.642175573317	0.3
18769.401562221552	300	13.876119632448813	0.0	157421	2544.7674518737717	0.3
18771.933669869937	300	15.344011984063881	0.0	157488	2532.10764838493	0.3
18774.2523124417	300	17.025369412303405	0.0	143881	2318.642571760478	0.3
18780.712877557206	750	14.56480429679604	0.0	412837	6460.565115507363	0.3
18786.981716061415	750	12.295965792590506	0.0	401088	6268.838504205534	0.75
18792.79058736289	750	10.487094491112524	0.0	365161	5808.871301477982	0.75
18794.95189203302	300	12.325789820986506	0.0	131610	2161.3046701260196	-0.15000000000000002
18796.955696687433	300	14.32198516657248	0.0	124011	2003.8046544140245	0.3
18799.268344954675	300	16.00933689933228	0.0	144254	2312.6482672402003	0.3
18805.57901092831	750	13.698670925693456	0.0	390680	6310.665973638825	0.3
18811.119424739296	750	12.158257114704673	0.0	345516	5540.413810988783	0.75
18817.164724223207	750	10.112957630795467	0.0	384505	6045.299483909207	0.75
18819.49732725874	300	11.780354595265118	0.0	145210	2332.603035530349	-0.15000000000000002
18822.25097615975	300	13.026705694253042	0.0	172312	2753.6489010120767	0.3
18824.923039812547	300	14.354642041456884	0.0	167025	2672.0636527961583	0.3
18831.157159239272	750	12.120522614729508	0.0	393804	6234.119426727376	0.3
18833.356176042416	300	13.921505811589054	0.0	137507	2199.0168031404537	-0.15000000000000002
18835.26107287563	300	16.0166089783755	0.0	118421	1904.896833213551	0.3

