25862.75184416238	750	4.0	2.749238986231827	450283	2749.238986231827	-11.071727640796855
25863.75410905241	300	6.997735109968737	0.0	155580	1002.2648900312638	-0.15000000000000002
25864.663169347594	300	10.088674814782323	0.0	139857	909.0602951864153	0.3
25868.42427061653	1200	10.327573545847923	0.0	617681	3761.101268934399	0.29999999999999993
25872.348772708163	1200	10.403071454215086	0.0	652874	3924.5020916328376	1.2
25875.454635074795	1200	11.297209087584099	0.0	520315	3105.8623666309863	1.2
25881.087622690327	1850	9.664221472049935	0.0	905515	5632.987615534164	1.2000000000000002
25885.47971378869	1200	9.272130373690805	0.0	709534	4392.091098359129	0.5499999999999999
25892.721483466023	1200	6.0303606963558405	0.0	584846	7241.769677334964	1.2
25893.664511600982	300	9.087332561393577	0.0	139105	943.0281349622637	-0.6000000000000001
25897.447941904986	1200	9.303902257392815	0.0	607410	3783.430304000761	0.29999999999999993
25901.068219026354	1200	9.683625136023915	0.0	594078	3620.2771213689016	1.2
25904.922076361454	1200	9.829767800921276	0.0	624282	3853.8573351026384	1.2
25909.120998424758	1200	9.630845737618834	0.0	687371	4198.9220633024415	1.2
25912.352206163767	1200	10.399637998607838	0.0	526950	3231.2077390109957	1.2
25915.955267078985	1200	10.79657708339263	0.0	587876	3603.060915215208	1.2
25919.896890876298	1200	10.854953286080221	0.0	617242	3941.62379731241	1.2
25923.47077580859	1200	11.281068353785201	0.0	581493	3573.884932295019	1.2
25929.448570528042	1850	9.303273634334092	0.0	987708	5977.79471945111	1.2000000000000002
25933.049390821532	1200	9.702453340843004	0.0	586839	3600.820293491087	0.5499999999999999
25936.63507791823	1200	10.116766244147977	0.0	601738	3585.687096695027	1.2
25940.30062919629	1200	10.451214966084718	0.0	616206	3665.5512780632575	1.2
25944.227873943808	1200	10.523970218563775	0.0	656471	3927.2447475209424	1.2
25947.495043810628	1200	11.256800351746604	0.0	536667	3267.169866817172	1.2
25953.123633125637	1850	9.628211036739696	0.0	897976	5628.589315006908	1.2000000000000002
25956.824807335088	1200	9.927036827289148	0.0	590335	3701.1742094505485	0.5499999999999999
25961.098657092287	1200	9.653187070087869	0.0	696376	4273.849757201279	1.2
25964.079712234023	1200	10.672131928352993	0.0	487160	2981.0551417348743	1.2
25967.85873854194	1200	10.893105620436444	0.0	622896	3779.02630791655	1.2
25971.816332463863	1200	10.93551169851551	0.0	641447	3957.5939219209313	1.2
25975.160924099888	1200	11.590920062490625	0.0	570392	3344.591636024886	1.2
25980.784771359526	1850	9.967072802853915	0.0	954453	5623.84725963671	1.2000000000000002
25984.34960123119	1200	10.402242931187908	0.0	584349	3564.8298716660065	0.5499999999999999
25988.447587797134	1200	10.304256365242251	0.0	670129	4097.986565945657	1.2
25992.630508392223	1200	10.121335770156401	0.0	690253	4182.9205950858495	1.2
25996.272147124208	1200	10.479697038168858	0.0	598727	3641.638731987544	1.2
25999.340734497477	1200	11.411109664900481	0.0	487812	3068.587373268377	1.2
26005.284092986312	1850	9.46775117606359	0.0	938587	5943.358488836892	1.2000000000000002
26009.013921691083	1200	9.737922471291576	0.0	605884	3729.8287047720128	0.5499999999999999
26012.51734301467	1200	10.234501147702609	0.0	587506	3503.4213235889674	1.2
26016.02354080799	1200	10.728303354386586	0.0	566904	3506.197793316024	1.2
26020.006717263735	1200	10.745126898639906	0.0	641452	3983.176455746679	1.2
26023.721258255588	1200	11.030585906788922	0.0	599477	3714.540991850984	1.2
26029.67353684754	1850	9.078307314836382	0.0	973972	5952.2785919525395	1.2000000000000002
26033.494814649304	1200	9.257029513072997	0.0	630203	3821.277801763385	0.5499999999999999
26039.126836058087	1200	7.625008104289287	0.0	638661	5632.02140878371	1.2
26041.21751524606	750	9.534328916315717	0.0	331053	2090.6791879735692	0.3
26044.622521660993	1200	10.129322501382605	0.0	550906	3405.006414933113	0.75

