34046.4995059504	750	4.0	7.531318275061943	450283	7531.318275061943	-31.634668582766352
34049.16265533496	300	5.336850615435176	0.0	155580	2663.1493845648233	-0.15000000000000002
34051.545967034144	300	6.95353891625552	0.0	139857	2383.3116991796564	0.3
34054.18578416183	300	8.313721788568724	0.0	155432	2639.817127686797	0.3
34061.03654657337	750	5.462959377035168	0.0	411561	6850.762411533556	0.3
34063.23730115252	300	7.262204797882297	0.0	126289	2200.754579152872	-0.15000000000000002
34070.5012722169	750	4.0	0.00176626649606078	352642	7263.971064378357	0.2924050540669387
34073.52988386186	300	4.971388355037103	0.0	173849	3028.6116449628976	-0.15000000000000002
34076.197354360054	300	6.303917856849522	0.0	150710	2667.4704981875807	0.3
34078.68667259599	300	7.814599620905899	0.0	139105	2489.3182359436228	0.3
34084.89653617343	750	5.604736043466938	0.0	353220	6209.863577438961	0.3
34087.538844528586	300	6.962427688310698	0.0	156148	2642.30835515624	-0.15000000000000002
34090.2787193299	300	8.222552886996647	0.0	160746	2739.874801314051	0.3
34098.11942574073	750	4.381846476165893	0.0	434409	7840.706410830755	0.3
34100.61629365171	300	5.884978565188723	0.0	140051	2496.86791097717	-0.15000000000000002
34102.776344392354	300	7.7249278245410675	0.0	138313	2160.050740647654	0.3
34108.53614921554	750	5.965123001353725	0.0	360831	5759.804823187343	0.3
34111.05811701205	300	7.443155204850642	0.0	150616	2521.9677965030833	-0.15000000000000002
34117.74820536878	750	4.753066848114029	0.0	405596	6690.088356736613	0.3
34120.23891144243	300	6.2623607744629295	0.0	140881	2490.7060736510994	-0.15000000000000002
34123.08597533162	300	7.415296885275944	0.0	157671	2847.0638891869858	0.3
34130.31025796965	750	4.1910142472451435	0.0	399894	7224.282638030801	0.3
34133.152595831685	300	5.348676385211577	0.0	163927	2842.3378620335675	-0.15000000000000002
34135.5258721999	300	6.975400016996063	0.0	137654	2373.2763682155137	0.3
34138.11510766926	300	8.3861645476292	0.0	146754	2589.2354693668635	0.3
34144.38596097137	750	6.1153112455259535	0.0	379700	6270.853302103246	0.3
34147.30769186073	300	7.193580356159495	0.0	181901	2921.730889366459	-0.15000000000000002
34151.79424243978	750	6.707029777117285	0.0	277716	4486.55057904221	0.3
34154.59871838101	300	7.9025538358867164	0.0	153605	2804.475941230568	-0.15000000000000002
34161.46038505479	750	5.04088716211068	0.0	400508	6861.666673776036	0.3
34164.031169964685	300	6.470102252212575	0.0	157421	2570.7849098981055	-0.15000000000000002
34166.6023779331	300	7.898894283800608	0.0	157488	2571.207968411967	0.3
34172.469175982886	750	6.032096234016787	0.0	369834	5866.798049783821	0.3
34175.06916112761	300	7.432111089292521	0.0	163444	2599.985144724267	-0.15000000000000002
34181.41938083427	750	5.081891382634304	0.0	401088	6350.219706658217	0.3
34186.436810177685	300	4.064462039218254	0.0	159914	5017.42934341605	-0.15000000000000002
34188.85837199633	300	5.642900220575044	0.0	131610	2421.5618186432107	0.3
34190.945381340236	300	7.555890876671319	0.0	124011	2087.009343903724	0.3
34197.85485153254	750	4.646420684368702	0.0	378327	6909.470192302617	0.3
34200.38364370557	300	6.1176285113413575	0.0	149991	2528.7921730273442	-0.15000000000000002
34204.34266367545	300	6.158608541460491	0.0	147968	3959.0199698808674	0.3
34209.103532519766	300	5.397739697142969	0.0	161857	4760.8688443175215	0.3
34211.565639078886	300	6.935633138024616	0.0	145210	2462.1065591183533	0.3
34214.498121320874	300	8.003150896033473	0.0	172312	2932.4822419911425	0.3
34223.71215839697	750	4.0	1.21088618006866	398987	9214.037076102133	-4.906810574295237
34226.33318401714	300	5.378974379835816	0.0	160064	2621.0256201641837	-0.15000000000000002
34228.56744137614	300	7.1447170208413375	0.0	137507	2234.2573589944786	0.3
34233.51572125214	750	6.196437144842937	0.0	314107	4948.2798759984	0.3

