34071.07445632156	750	4.0	2.573422194731831	450283	2573.422194731831	-10.315715437346872
34072.01597368965	300	7.058482631908426	0.0	155580	941.5173680915741	-0.15000000000000002
34072.87042564073	300	10.204030680827419	0.0	139857	854.4519510810084	0.3
34074.98095972172	750	12.093496599847372	0.0	382355	2110.5340809800455	0.3
34077.18139345487	750	13.893062866686044	0.0	411561	2200.4337331613283	0.75
34078.90269049655	750	16.171765825006183	0.0	318564	1721.2970416798612	0.75
34081.1033961257	750	17.97106019585504	0.0	352642	2200.7056291511435	0.75
34083.82935829565	750	19.245098025901804	0.0	437162	2725.962169953236	0.75
34089.49006882222	1850	17.58438749933045	0.0	852833	5660.710526571354	0.75
34094.41692616374	1850	16.657530157813046	0.0	913888	4926.857341517401	1.85
34099.175527137006	1850	15.898929184551296	0.0	939819	4758.600973261749	1.85
34104.30806728168	1850	14.766389039877042	0.0	917428	5132.5401446742535	1.85
34109.42520454952	1850	13.649251772031876	0.0	946851	5117.137267845165	1.85
34119.092596831004	1850	7.981859490553107	0.0	1036454	9667.39228147877	1.85
34121.11740139085	750	9.957054930702965	0.0	337059	2024.804559850141	-0.3500000000000001
34123.39939335978	750	11.675062961773795	0.0	366214	2281.9919689291687	0.75
34125.89057755373	750	13.183878767823924	0.0	360831	2491.1841939498727	0.75
34128.90061930409	750	14.173837017460947	0.0	372963	3010.041750362978	0.75
34131.934894080136	750	15.13956224141837	0.0	405596	3034.2747760425777	0.75
34134.472098222475	750	16.602358099077463	0.0	350713	2537.2041423409037	0.75
34136.7682225545	750	18.30623376705264	0.0	386472	2296.124332024825	0.75
34138.987408826375	750	20.087047495174918	0.0	399894	2219.186271877724	0.75
34141.21497048863	750	21.859485832914732	0.0	401853	2227.5616622601865	0.75
34143.12967130912	750	23.944785012422436	0.0	343800	1914.7008204922954	0.75
34148.20466837945	1850	22.86978794209854	0.0	897976	5074.997070323896	0.75
34153.35054622626	1850	21.7239100952805	0.0	905935	5145.87784681804	1.85
34159.72895942031	1850	19.345496901235133	0.0	1076599	6378.413194045369	1.85
34164.871606699824	1850	18.202849621721697	0.0	758197	5142.647279513437	1.85
34170.099564948105	1850	16.974891373439046	0.0	972798	5227.958248282647	1.85
34176.15163086663	1850	14.922825454910555	0.0	975811	6052.065918528494	1.85
34182.37398166098	1850	12.70047466056115	0.0	873429	6222.350794349405	1.85
34188.64051467737	1850	10.433941644179079	0.0	954453	6266.533016382074	1.85
34190.71006070328	750	12.364395618268807	0.0	369834	2069.546025910271	-0.3500000000000001
34193.183185739304	750	13.891270582246873	0.0	412837	2473.1250360219333	0.75
34195.628496368474	750	15.445959953075915	0.0	401088	2445.3106291709587	0.75
34198.22505827401	750	16.849398047542905	0.0	365161	2596.5619055330103	0.75
34200.662712739584	750	18.41174358196794	0.0	321064	2437.6544655749635	0.75
34203.067396775645	750	20.007059545906216	0.0	361565	2404.684036061724	0.75
34205.4312174563	750	21.64323886525187	0.0	378327	2363.8206806543467	0.75
34207.78520164052	750	23.289254681032578	0.0	390680	2353.984184219296	0.75
34212.637754592484	1850	22.4367017290711	0.0	858450	4852.5529519614765	0.75
34218.32306073186	1850	20.751395589688478	0.0	1025005	5685.306139382625	1.85
34223.529589674086	1850	19.54486664746859	0.0	886255	5206.528942219883	1.85
34229.6600816266	1850	17.414374694955875	0.0	973972	6130.491952512719	1.85
34235.286672009555	1850	15.787784311996562	0.0	958994	5626.590382959311	1.85
34240.59245755681	1850	14.481998764743599	0.0	982064	5305.785547252963	1.85
34245.44096578762	1850	13.63349053393993	0.0	830730	4848.50823080367	1.85
34250.518919171045	1850	12.555537150516193	0.0	846370	5077.953383423738	1.85

