18567.79546826982	750	4.0	8.056939519180194	450283	8056.939519180194	-33.89483993247483
18570.807451206732	300	4.988017063085596	0.0	155580	3011.982936914404	-0.15000000000000002
18574.22597149988	300	5.569496769938319	0.0	139857	3418.5202931472754	0.3
18577.621769522622	300	6.1736987471934786	0.0	155432	3395.7980227448406	0.3
18581.34074197567	300	6.454726294146705	0.0	163442	3718.9724530467734	0.3
18584.7466103271	300	7.048857942718225	0.0	126289	3405.8683514284803	0.3
18588.910387280965	300	6.885080988851685	0.0	153295	4163.77695386654	0.3
18592.424445241446	300	7.371023028366387	0.0	173849	3514.0579604852983	0.3
18595.03555083462	300	8.75991743519572	0.0	150710	2611.105593170667	0.3
18598.566062886763	300	9.22940538305026	0.0	139105	3530.5120521454583	0.3
18601.741811552165	300	10.05365671765001	0.0	141840	3175.748665400249	0.3
18604.415680085032	300	11.379788184780528	0.0	156148	2673.8685328694824	0.3
18607.22741835946	300	12.568049910356388	0.0	160746	2811.7382744241404	0.3
18610.426575393743	300	13.368892876071872	0.0	179801	3199.157034284515	0.3
18613.907501886148	300	13.887966383668497	0.0	140051	3480.9264924033755	0.3
18617.45417328486	300	14.341294984957349	0.0	138313	3546.6713987111475	0.3
18620.994515517767	300	14.800952752049328	0.0	143509	3540.3422329080213	0.3
18625.11295853458	300	14.682509735237613	0.0	150616	4118.443016811716	0.3
18628.502136791976	300	15.293331477840631	0.0	165384	3389.178257396981	0.3
18635.94400829353	750	11.851459976290922	0.0	350713	7441.871501549709	0.3
18639.806089187794	300	11.98937908202461	0.0	157671	3862.0808942663125	-0.15000000000000002
18643.22495928636	300	12.570508983458346	0.0	157812	3418.870098566263	0.3
18646.423070885525	300	13.372397384291292	0.0	163927	3198.111599167056	0.3
18648.845387745296	300	14.95008052452146	0.0	137654	2422.3168597698304	0.3
18656.46761554046	750	11.327852729357955	0.0	359903	7622.227795163506	0.3
18659.745073819504	300	12.050394450313153	0.0	153938	3277.458279044802	-0.15000000000000002
18663.39665211013	300	12.39881615968847	0.0	181901	3651.578290624683	0.3
18665.54057370506	300	14.25489456475641	0.0	111155	2143.921594932061	0.3
18668.974506206603	300	14.820962063217515	0.0	153605	3433.9325015388968	0.3
18672.74566669663	300	15.049801573187757	0.0	149029	3771.1604900297566	0.3
18682.614618248055	750	9.180850021760556	0.0	358218	9868.9515514272	0.3
18686.85377832421	300	8.941689945609117	0.0	157488	4239.160076151441	-0.15000000000000002
18689.63140363368	300	10.164064636138392	0.0	143881	2777.625309470725	0.3
18692.58655543872	300	11.208912831097436	0.0	163444	2955.1518050409563	0.3
18695.35723992945	300	12.438228340366505	0.0	179328	2770.684490730929	0.3
18697.878613627654	300	13.916854642162406	0.0	159914	2521.3736982041014	0.3
18700.31343087368	300	15.482037396136473	0.0	131610	2434.8172460259325	0.3
18707.105358849964	750	12.690109419851051	0.0	361565	6791.927976285421	0.3
18713.702290289846	750	10.093177979972115	0.0	378327	6596.931439878935	0.75
18716.125383909668	300	11.67008436014976	0.0	149991	2423.093619822356	-0.15000000000000002
18718.684161968045	300	13.11130630177193	0.0	147968	2558.7780583778317	0.3
18722.141384075218	300	13.65408419459958	0.0	161857	3457.2221071723484	0.3
18725.843499369654	300	13.951968900162505	0.0	145210	3702.115294437076	0.3
18729.609327597183	300	14.186140672635108	0.0	172312	3765.828227527397	0.3
18732.33515345147	300	15.460314818350374	0.0	167025	2725.8258542847348	0.3
18740.42033968816	750	11.37512858165942	0.0	393804	8085.186236690955	0.3
18743.25990844471	300	12.53555982511048	0.0	137507	2839.568756548939	-0.15000000000000002
18745.490109564176	300	14.305358705642563	0.0	118421	2230.201119467918	0.3

