16814.85639364772	750	4.0	2.8566965744766133	450283	2856.6965744766135	-11.533795270249437
16815.89578685834	300	6.960606789381186	0.0	155580	1039.3932106188142	-0.15000000000000002
16816.8382232657	300	10.018170382018313	0.0	139857	942.4364073628713	0.3
16818.83609052321	750	12.020303124507649	0.0	382355	1997.8672575106655	0.3
16820.883272255793	750	13.97312139192238	0.0	411561	2047.1817325852699	0.75
16822.48770689746	750	16.368686750256245	0.0	318564	1604.4346416661363	0.75
16824.72811642581	750	18.128277221908114	0.0	352642	2240.4095283481306	0.75
16827.48632534656	750	19.3700683011564	0.0	437162	2758.208920751713	0.75
16829.432163373694	750	21.424230274020946	0.0	374758	1945.838027135455	0.75
16831.288637232592	750	23.567756415123046	0.0	362795	1856.4738588978976	0.75
16837.866271844076	1850	20.990121803637685	0.0	939819	6577.634611485363	0.75
16845.18687283927	1850	17.66952080844183	0.0	917428	7320.600995195856	1.85
16850.541190481028	1850	16.315203166679083	0.0	946851	5354.317641762747	1.85
16856.21090055127	1850	14.645493096441292	0.0	1036454	5669.71007023779	1.85
16860.631156659027	1850	14.225236988682237	0.0	821631	4420.2561077590535	1.85
16865.24989823184	1850	13.606495415870558	0.0	923170	4618.74157281168	1.85
16870.29991657153	1850	12.556477076176776	0.0	966699	5050.018339693784	1.85
16875.173458776815	1850	11.682934870892765	0.0	885714	4873.542205284012	1.85
16880.144322884513	1850	10.712070763198678	0.0	987708	4970.864107694086	1.85
16885.09947935873	1850	9.756914288979527	0.0	923755	4955.156474219152	1.85
16890.55757436644	1850	8.298819281266056	0.0	891604	5458.0950077134685	1.85
16896.47403978895	1850	6.382353858758928	0.0	955231	5916.465422507128	1.85
16902.93133729921	1850	4.0	0.0749436515027237	968026	6457.297510261652	1.5277422985382882
16908.042671106545	1850	4.0	1.1113338073312042	874175	5111.333807331204	-2.9287353715241777
16912.674466529043	1850	4.0	0.6317954224993009	897976	4631.795422499301	-0.8667203167469935
16917.22719663007	1850	4.0	0.5527301010265709	905935	4552.730101026571	-0.5267394344142549
16922.597601478217	1850	4.0	1.3704048481509008	1076599	5370.404848150901	-4.042740847048874
16926.458026473192	1850	4.139575005028665	0.0	758197	3860.424994971335	1.85
16931.432385890515	1850	4.0	0.8347844122944389	972798	4974.359417323104	-1.7395729728660871
16936.44063560023	1850	4.0	1.008249709713842	975811	5008.249709713842	-2.4854737517695207
16941.076504018252	1850	4.0	0.6358684180239097	873429	4635.86841802391	-0.8842341975028116
16946.454031204205	1850	4.0	1.3775271859525056	954453	5377.5271859525055	-4.073366899595774
16951.462704568046	1850	4.0	1.0086733638403458	885062	5008.673363840346	-2.4872954645134864
16958.523532285137	1850	4.0	3.0608277170882268	1035329	7060.827717088227	-11.311559183479375
16964.549695087197	1850	4.0	2.0261628020625584	1026056	6026.1628020625585	-6.862500048869
16971.470473172765	1850	4.0	2.920778085568657	943942	6920.778085568657	-10.709345767945225
16973.22923534553	750	6.2412378272337286	0.0	321064	1758.7621727662715	-0.3500000000000001
16973.957657391627	300	9.512815781140368	0.0	124011	728.4220460933586	-0.15000000000000002
16974.791924947225	300	12.678548225543274	0.0	144254	834.2675555970951	0.3
16978.152870554604	750	13.317602618164655	0.0	390680	3360.945607378621	0.3
16980.962015266123	750	14.508457906645988	0.0	345516	2809.1447115186647	0.75
16983.26186627824	750	16.208606894526884	0.0	384505	2299.851012119103	0.75
16985.488842217997	750	17.98163095477238	0.0	372093	2226.9759397545063	0.75
16988.037999303448	750	19.43247386932094	0.0	438281	2549.15708545144	0.75
16990.365784578313	750	21.10468859445615	0.0	398987	2327.7852748647874	0.75
16995.632851013008	1850	19.83762215975996	0.0	982064	5267.066434696194	0.75
16999.692929686924	1850	19.777543485845	0.0	830730	4060.078673914957	1.85
17004.505287091346	1850	18.965186081423518	0.0	846370	4812.357404421485	1.85

