27471.9657646338	750	4.0	4.727099793991955	450283	4727.099793991954	-19.576529114165403
27473.648431574606	300	6.317333059192544	0.0	155580	1682.6669408074556	-0.15000000000000002
27475.168377336104	300	8.797387297695241	0.0	139857	1519.945761497304	0.3
27476.848680857565	300	11.117083776233684	0.0	155432	1680.3035214615566	0.3
27478.5726187007	300	13.39314593310023	0.0	163442	1723.937843133456	0.3
27481.801565207905	750	14.164199425893766	0.0	318564	3228.9465072064636	0.3
27485.80978170273	750	14.155982931070096	0.0	352642	4008.2164948236714	0.75
27490.622495209696	750	13.34326942410479	0.0	437162	4812.713506965306	0.75
27494.473650430104	750	13.492114203702284	0.0	374758	3851.155220402506	0.75
27498.0675274843	750	13.898237149504444	0.0	362795	3593.8770541978397	0.75
27501.60370624043	750	14.362058393379481	0.0	353220	3536.1787561249644	0.75
27505.6260719307	750	14.339692703108765	0.0	405134	4022.3656902707153	0.75
27509.48371191863	750	14.482052715177586	0.0	386351	3857.6399879311784	0.75
27514.030914053496	750	13.93485058031056	0.0	434409	4547.202134867026	0.75
27518.376439564894	750	13.589325068912796	0.0	337059	4345.525511397765	0.75
27522.22147283013	750	13.744291803680012	0.0	366214	3845.0332652327843	0.75
27526.236433295213	750	13.729331338596177	0.0	360831	4014.9604650838337	0.75
27530.424345984222	750	13.541418649587998	0.0	372963	4187.912689008178	0.75
27534.7954356576	750	13.170328976207763	0.0	405596	4371.089673380235	0.75
27538.461157509144	750	13.504607124665663	0.0	350713	3665.7218515421005	0.75
27540.100095630376	750	15.865669003434187	0.0	386472	1638.9381212314772	0.75
27541.531687272556	750	18.434077361256122	0.0	399894	1431.5916421780657	0.75
27546.51320077111	1850	17.452563862701133	0.0	968026	4981.5134985549885	0.75
27555.443809946762	1850	12.521954687047272	0.0	874175	8930.60917565386	1.85
27559.188842603624	750	12.776922030188057	0.0	359903	3745.0326568592136	-0.3500000000000001
27563.057138504828	750	12.908626128982123	0.0	379700	3868.295901205935	0.75
27567.340114821774	750	12.62564981203793	0.0	425781	4282.976316944193	0.75
27570.132237751834	750	13.833526881976198	0.0	277716	2792.1229300617315	0.75
27574.04647981951	750	13.91928481429933	0.0	400396	3914.2420676768684	0.75
27578.027318610573	750	13.938446023234743	0.0	400508	3980.8387910645874	0.75
27581.782708211467	750	14.183056422342444	0.0	358218	3755.3896008922975	0.75
27586.088810507023	750	13.87695412678847	0.0	400322	4306.102295553975	0.75
27589.966760470506	750	13.999004163303905	0.0	369834	3877.9499634845647	0.75
27594.110776772366	750	13.85498786144386	0.0	412837	4144.016301860046	0.75
27598.193998019455	750	13.771766614356235	0.0	401088	4083.2212470876266	0.75
27601.924539194777	750	14.041225439030812	0.0	365161	3730.541175325424	0.75
27605.20739907426	750	14.75836555954988	0.0	321064	3282.859879480932	0.75
27608.93404281104	750	15.031721822770054	0.0	361565	3726.643736779826	0.75
27613.024912084387	750	14.94085254942512	0.0	378327	4090.869273344934	0.75
27617.17864995784	750	14.787114675971004	0.0	390680	4153.737873454116	0.75
27620.67100735676	750	15.29475727705098	0.0	345516	3492.357398920024	0.75
27624.569302088286	750	15.396462545521647	0.0	384505	3898.2947315293327	0.75
27628.631224168155	750	15.334540465654525	0.0	372093	4061.9220798671204	0.75
27633.444835909693	750	14.520928724114732	0.0	438281	4813.611741539792	0.75
27637.72923916841	750	14.236525465399069	0.0	398987	4284.4032587156635	0.75
27641.930810178146	750	14.034954455661914	0.0	393804	4201.571009737153	0.75
27645.545497216903	750	14.42026741690443	0.0	331053	3614.6870387574845	0.75
27648.752526683413	750	15.213237950394934	0.0	314107	3207.0294665094957	0.75

