12972.440827640823	750	4.0	1.3967477194281321	450283	1396.747719428132	-5.256015193540968
12973.687215399432	750	6.753612241391076	0.0	398865	1246.3877586089234	0.75
12974.79308335569	750	9.647744285132408	0.0	350812	1105.867956258668	0.75
12975.991191466059	750	12.449636174761945	0.0	382355	1198.1081103704635	0.75
12977.268041836996	750	15.172785803825498	0.0	411561	1276.8503709364463	0.75
12979.67175602373	1850	16.76907161709087	0.0	801058	2403.7141867346268	0.75
12982.355773102337	1850	18.08505453848507	0.0	905515	2684.0170786057997	1.85
12985.421839503639	1850	19.01898813718408	0.0	1060487	3066.0664013009896	1.85
12988.011124705432	1850	20.429702935390807	0.0	852833	2589.2852017932755	1.85
12990.908197410497	1850	21.53263023032549	0.0	913888	2897.0727050653145	1.85
12993.75538607646	1850	22.68544156436289	0.0	939819	2847.188665962602	1.85
12996.476172159848	1850	23.96465548097291	0.0	917428	2720.7860833899763	1.85
13000.248833349962	1850	24.191994290859512	0.0	946851	3772.6611901134006	1.85
13004.069398516209	1850	24.371429124613645	0.0	1036454	3820.5651662458654	1.85
13006.786081109958	1850	25.654746530863775	0.0	821631	2716.682593749869	1.85
13009.846766754888	1850	26.59406088593303	0.0	923170	3060.6856449307493	1.85
13012.979277294166	1850	27.461550346654377	0.0	966699	3132.5105392786486	1.85
13015.602943270756	1850	28.837884370065026	0.0	885714	2623.665976589353	1.85
13018.590782144733	1850	29.85004549608806	0.0	987708	2987.8388739769653	1.85
13021.52155502211	1850	30.919272618711325	0.0	923755	2930.7728773767326	1.85
13024.440553957564	1850	32.00027368325839	0.0	891604	2918.9989354529357	1.85
13027.626707967742	1850	32.81411967307974	0.0	955231	3186.154010178649	1.85
13030.583598115798	1850	33.85722952502311	0.0	968026	2956.8901480566237	1.85
13033.261839957508	1850	35.17898768331403	0.0	874175	2678.241841709083	1.85
13036.135085829786	1850	36.30574181103418	0.0	897976	2873.2458722798515	1.85
13038.982813058563	1850	37.45801458225831	0.0	905935	2847.727228775873	1.85
13042.226462963614	1850	38.21436467720683	0.0	1076599	3243.649905051479	1.85
13044.571637487395	1850	39.86919015342589	0.0	758197	2345.1745237809414	1.85
13047.595234417127	1850	40.84559322369336	0.0	972798	3023.5969297325237	1.85
13050.570064458943	1850	41.870763181876974	0.0	975811	2974.830041816395	1.85
13053.222928872328	1850	43.21789876849319	0.0	873429	2652.864413383783	1.85
13056.161786375997	1850	44.27904126482645	0.0	954453	2938.857503666736	1.85
13058.906903996263	1850	45.533923644560076	0.0	885062	2745.117620266377	1.85
13062.222560286087	1850	46.21826735473397	0.0	1035329	3315.6562898261145	1.85
13065.533229460709	1850	46.907598180112856	0.0	1026056	3310.6691746211104	1.85
13068.605786365384	1850	47.83504127543744	0.0	943942	3072.5569046754204	1.85
13070.941841847693	1850	49.49898579313035	0.0	728962	2336.0554823070956	1.85
13073.915360965653	1850	50.52546667516956	0.0	938587	2973.5191179607837	1.85
13076.72821892725	1850	51.71260871357259	0.0	908665	2812.8579615969743	1.85
13079.609686692485	1850	52.831140948336355	0.0	930577	2881.4677652362343	1.85
13082.319152143249	1850	54.12167549757347	0.0	858450	2709.4654507628807	1.85
13085.54683332225	1850	54.89399431857247	0.0	1025005	3227.6811790010047	1.85
13088.360728390091	1850	56.08009925073427	0.0	886255	2813.8950678381966	1.85
13091.462093091915	1850	56.97873454890849	0.0	973972	3101.3647018257843	1.85
13094.526921184273	1850	57.9139064565516	0.0	958994	3064.828092356886	1.85
13097.480815726687	1850	58.96001191413949	0.0	982064	2953.894542412111	1.85
13100.48555941169	1850	59.95526822913402	0.0	830730	2504.743685005476	1.85
13104.534333572943	1850	59.90649406788321	0.0	846370	2548.7741612508094	1.85

