24928.988694027383	750	4.0	2.0685219574807663	450283	2068.521957480766	-8.144644417167294
24930.830145848948	750	6.158548178433195	0.0	398865	1841.4518215668054	0.75
24932.436577633893	750	8.552116393490277	0.0	350812	1606.4317849429192	0.75
24934.07639520269	750	10.912298824691279	0.0	382355	1639.8175687989979	0.75
24935.83535867494	750	13.1533353524404	0.0	411561	1758.9634722508779	0.75
24937.214940801463	750	15.773753225916924	0.0	318564	1379.5821265234767	0.75
24941.23691396156	1850	15.751780065822313	0.0	905515	4021.97316009461	0.75
24945.97275939713	1850	15.015934630250033	0.0	1060487	4735.845435572281	1.85
24949.769049697617	1850	15.21964432976278	0.0	852833	3796.2903004872537	1.85
24953.874058429443	1850	15.11463559793757	0.0	913888	4105.008731825209	1.85
24958.249373825744	1850	14.739320201634301	0.0	939819	4375.315396303266	1.85
24962.251037836086	1850	14.737656191293121	0.0	917428	4001.664010341182	1.85
24966.693153857326	1850	14.295540170051376	0.0	946851	4442.116021241744	1.85
24971.43049112279	1850	13.558202904589718	0.0	1036454	4737.337265461658	1.85
24975.099504227936	1850	13.8891897994437	0.0	821631	3669.0131051460176	1.85
24979.28045402151	1850	13.708240005871922	0.0	923170	4180.949793571779	1.85
24983.965807162855	1850	13.022886864525132	0.0	966699	4685.353141346791	1.85
24987.954146859585	1850	13.034547167792848	0.0	885714	3988.3396967322838	1.85
24992.22138771869	1850	12.767306308684917	0.0	987708	4267.24085910793	1.85
24996.33177416026	1850	12.656919867117937	0.0	923755	4110.3864415669805	1.85
25000.315422770276	1850	12.673271257099755	0.0	891604	3983.6486100181824	1.85
25004.5172559624	1850	12.471438064973153	0.0	955231	4201.8331921266	1.85
25008.76632735039	1850	12.222366676985246	0.0	968026	4249.071387987907	1.85
25012.561061438875	1850	12.427632588502185	0.0	874175	3794.7340884830605	1.85
25016.574233407726	1850	12.414460619650988	0.0	897976	4013.1719688511976	1.85
25020.657100249304	1850	12.33159377806913	0.0	905935	4082.8668415818565	1.85
25025.47466069837	1850	11.514033329002192	0.0	1076599	4817.56044906694	1.85
25028.928461520634	1850	12.06023250674067	0.0	758197	3453.8008222615226	1.85
25033.10359380255	1850	11.885100224824805	0.0	972798	4175.132281915863	1.85
25037.43145748465	1850	11.55723654272375	0.0	975811	4327.863682101057	1.85
25041.432897887265	1850	11.55579614010674	0.0	873429	4001.44040261701	1.85
25046.1649884085	1850	10.82370561887067	0.0	954453	4732.0905212360685	1.85
25050.958289282495	1850	10.030404744879329	0.0	885062	4793.300873991341	1.85
25055.91092364923	1850	9.077770378141878	0.0	1035329	4952.63436673745	1.85
25060.36139357581	1850	8.62730045156266	0.0	1026056	4450.46992657922	1.85
25064.358956187516	1850	8.629737839857018	0.0	943942	3997.562611705641	1.85
25067.61194018214	1850	9.376753845229803	0.0	728962	3252.983994627214	1.85
25071.755547400913	1850	9.233146626456003	0.0	938587	4143.6072187738	1.85
25075.715696708547	1850	9.272997318824059	0.0	908665	3960.1493076319457	1.85
25079.821364761927	1850	9.167329265442838	0.0	930577	4105.66805338122	1.85
25083.73177932595	1850	9.256914701417598	0.0	858450	3910.4145640252405	1.85
25088.26404074108	1850	8.724653286288927	0.0	1025005	4532.261415128671	1.85
25092.62785292964	1850	8.360841097728489	0.0	886255	4363.812188560438	1.85
25097.447091889182	1850	7.541602138188186	0.0	973972	4819.238959540303	1.85
25101.61114413432	1850	7.377549893049681	0.0	958994	4164.052245138506	1.85
25105.969881160403	1850	7.018812866964904	0.0	982064	4358.7370260847765	1.85
25110.11026143401	1850	6.878432593361023	0.0	830730	4140.3802736038815	1.85
25116.21564407804	2850	4.773049949327083	0.0	1364537	6105.38264403394	1.85

