10415.111981421727	750	4.0	2.0533714086122092	450283	2053.371408612209	-8.0794970570325
10415.87381290049	300	7.238168521236894	0.0	155580	761.8314787631057	-0.15000000000000002
10416.56673811662	300	10.545243305107753	0.0	139857	692.9252161291404	0.3
10418.32241413579	750	12.78956728593776	0.0	382355	1755.6760191699916	0.3
10420.24531595785	750	14.866665463875922	0.0	411561	1922.9018220618384	0.75
10421.752769162	750	17.359212259727663	0.0	318564	1507.4532041482596	0.75
10423.412922452444	750	19.69905896928288	0.0	352642	1660.1532904447793	0.75
10425.350180800957	750	21.761800620769474	0.0	437162	1937.2583485134053	0.75
10429.031617993669	1850	22.080363428057407	0.0	852833	3681.4371927120665	0.75
10432.992031002586	1850	22.119950419140597	0.0	913888	3960.413008916809	1.85
10437.085984583653	1850	22.02599683807359	0.0	939819	4093.9535810670113	1.85
10441.063184811524	1850	22.048796610201883	0.0	917428	3977.2002278717055	1.85
10445.12880344065	1850	21.983177981078093	0.0	946851	4065.618629123789	1.85
10449.544324062772	1850	21.567657358954943	0.0	1036454	4415.520622123151	1.85
10453.127968935538	1850	21.98401248618968	0.0	821631	3583.6448727652637	1.85
10458.383949128758	1850	20.728032292969292	0.0	923170	5255.980193220388	1.85
10462.909907142383	1850	20.202074279345904	0.0	966699	4525.95801362339	1.85
10466.833644057986	1850	20.278337363743113	0.0	885714	3923.7369156027867	1.85
10471.16847560097	1850	19.943505820756734	0.0	987708	4334.83154298638	1.85
10475.148978295074	1850	19.963003126652097	0.0	923755	3980.5026941046367	1.85
10479.028762405998	1850	20.083219015727963	0.0	891604	3879.784110924133	1.85
10483.328293294453	1850	19.78368812727504	0.0	955231	4299.530888452923	1.85
10487.672603170402	1850	19.43937825132483	0.0	968026	4344.309875950209	1.85
10491.578899735647	1850	19.53308168608001	0.0	874175	3906.2965652448165	1.85
10495.595183581316	1850	19.516797840411332	0.0	897976	4016.283845668678	1.85
10499.71952294426	1850	19.392458477466153	0.0	905935	4124.339362945178	1.85
10504.553839900438	1850	18.55814152128879	0.0	1076599	4834.316956177367	1.85
10507.931995470084	1850	19.179985951643022	0.0	758197	3378.155569645767	1.85
10512.387866808107	1850	18.72411461362028	0.0	972798	4455.871338022742	1.85
10516.897569335742	1850	18.21441208598482	0.0	975811	4509.702527635462	1.85
10520.769090788093	1850	18.342890633633857	0.0	873429	3871.52145235096	1.85
10526.955153253983	1850	16.156828167743612	0.0	954453	6186.062465890245	1.85
10530.777603909337	1850	16.334377512390077	0.0	885062	3822.450655353535	1.85
10535.259347530045	1850	15.852633891681098	0.0	1035329	4481.7436207089795	1.85
10539.613451700905	1850	15.498529720820967	0.0	1026056	4354.104170860132	1.85
10543.640857253615	1850	15.471124168111698	0.0	943942	4027.4055527092673	1.85
10546.77275134388	1850	16.339230077845798	0.0	728962	3131.8940902659015	1.85
10550.759074657064	1850	16.35290676466257	0.0	938587	3986.3233131832276	1.85
10554.7775615817	1850	16.334419840025454	0.0	908665	4018.4869246371145	1.85
10558.818698981226	1850	16.293282440500324	0.0	930577	4041.13739952513	1.85
10562.546204150578	1850	16.565777271147176	0.0	858450	3727.505169353146	1.85
10567.067920416095	1850	16.044061005630198	0.0	1025005	4521.716265516977	1.85
10570.968110627087	1850	16.143870794637273	0.0	886255	3900.190210992926	1.85
10575.216690119267	1850	15.895291302458437	0.0	973972	4248.579492178837	1.85
10579.354967037318	1850	15.757014384406823	0.0	958994	4138.276918051614	1.85
10583.727792765894	1850	15.384188655830496	0.0	982064	4372.825728576327	1.85
10587.553025092542	1850	15.558956329182745	0.0	830730	3825.232326647751	1.85
10591.236659766239	1850	15.87532165548738	0.0	846370	3683.634673695366	1.85

