11133.126704876066	750	4.0	5.242977578178035	450283	5242.977578178035	-21.79480358616555
11134.925810213117	300	6.200894662947537	0.0	155580	1799.1053370524633	-0.15000000000000002
11136.551181823377	300	8.575523052688208	0.0	139857	1625.3716102593285	0.3
11138.348904024395	300	10.777800851670673	0.0	155432	1797.7222010175367	0.3
11140.238024702498	300	12.888680173568648	0.0	163442	1889.120678102024	0.3
11141.715903101664	300	15.410801774400584	0.0	126289	1477.8783991680627	0.3
11145.837365461564	750	15.289339414501747	0.0	352642	4121.462359898838	0.3
11151.260808744515	750	13.865896131551795	0.0	437162	5423.443282949952	0.75
11155.84714785172	750	13.279557024345634	0.0	374758	4586.339107206162	0.75
11160.062339820803	750	13.064365055263675	0.0	362795	4215.191969081959	0.75
11164.177607168303	750	12.949097707762963	0.0	353220	4115.267347500712	0.75
11169.002131285513	750	12.124573590554727	0.0	405134	4824.524117208237	0.75
11173.592149590817	750	11.534555285250857	0.0	386351	4590.018305303869	0.75
11178.54293300694	750	10.583771869126245	0.0	434409	4950.783416124611	0.75
11182.208637349859	750	10.918067526206887	0.0	337059	3665.7043429193577	0.75
11186.289933449681	750	10.83677142638309	0.0	366214	4081.2960998237972	0.75
11190.38563701361	750	10.741067862453782	0.0	360831	4095.703563929307	0.75
11192.091391364855	300	13.035313511209683	0.0	150616	1705.7543512441005	-0.15000000000000002
11193.956552022593	300	15.170152853469771	0.0	165384	1865.16065773991	0.3
11195.65742158394	300	17.46928329212361	0.0	140881	1700.8695613461605	0.3
11204.758254267203	750	12.368450608860261	0.0	386472	9100.83268326335	0.3
11206.723713277494	300	14.402991598570326	0.0	157812	1965.4590102899344	-0.15000000000000002
11211.480964811373	750	13.64574006468933	0.0	401853	4757.251533880998	0.3
11215.389628848616	750	13.737076027447644	0.0	343800	3908.6640372416855	0.75
11219.429804601268	750	13.696900274794263	0.0	359903	4040.1757526533797	0.75
11223.560608204505	750	13.566096671559004	0.0	379700	4130.803603235259	0.75
11228.185900738361	750	12.940804137702417	0.0	425781	4625.2925338565865	0.75
11231.41636589098	750	13.710338985083082	0.0	277716	3230.465152619334	0.75
11236.408802965165	750	12.717901910898796	0.0	400396	4992.437074184287	0.75
11241.199898067842	750	11.926806808222395	0.0	400508	4791.095102676401	0.75
11245.421777302112	750	11.704927573950416	0.0	358218	4221.879234271978	0.75
11250.037539432988	750	11.089165443075151	0.0	400322	4615.762130875265	0.75
11254.303510586691	750	10.823194289371001	0.0	369834	4265.97115370415	0.75
11259.050862909604	750	10.075841966458789	0.0	412837	4747.35232291221	0.75
11263.814950220281	750	9.311754655780783	0.0	401088	4764.087310678005	0.75
11267.985210056648	750	9.141494819414481	0.0	365161	4170.259836366302	0.75
11269.472257562142	300	11.654447313920958	0.0	131610	1487.047505493523	-0.15000000000000002
11270.878063870201	300	14.248641005861105	0.0	124011	1405.8063080598533	0.3
11272.527791414424	300	16.59891346163813	0.0	144254	1649.727544222975	0.3
11276.834618062165	750	16.29208681389754	0.0	390680	4306.82664774059	0.3
11280.547233124256	750	16.57947175180688	0.0	345516	3712.61506209066	0.75
11285.374708530073	750	15.751996345991033	0.0	384505	4827.475405815849	0.75
11289.831313581288	750	15.29539129477584	0.0	372093	4456.605051215193	0.75
11294.899818957732	750	14.226885918331206	0.0	438281	5068.505376444634	0.75
11299.510278106272	750	13.616426769791188	0.0	398987	4610.459148540018	0.75
11303.866186306464	750	13.260518569599858	0.0	393804	4355.9082001913275	0.75
11307.420087157372	750	13.706617718690804	0.0	331053	3553.900850909055	0.75
11310.845754768814	750	14.280950107248257	0.0	314107	3425.667611442546	0.75

