3433.4901614869477	750	4.0	5.95041834428598	450283	5950.41834428598	-24.836798880429715
3435.738231506775	300	5.751929980173405	0.0	155580	2248.070019826595	-0.15000000000000002
3437.767195183101	300	7.722966303846833	0.0	139857	2028.9636763265723	0.3
3439.8153131563563	300	9.674848330591875	0.0	155432	2048.117973254957	0.3
3441.963643204971	300	11.526518281976779	0.0	163442	2148.3300486150956	0.3
3443.6708429480195	300	13.819318538928313	0.0	126289	1707.1997430484655	0.3
3448.4138574605763	750	13.07630402637171	0.0	352642	4743.014512556603	0.3
3454.1431070775798	750	11.347054409367905	0.0	437162	5729.249617003806	0.75
3459.111009178943	750	10.37915230800485	0.0	374758	4967.902101363055	0.75
3464.146824877067	750	9.343336609880778	0.0	362795	5035.815698124072	0.75
3469.1334855399523	750	8.35667594699526	0.0	353220	4986.660662885518	0.75
3474.5695929574777	750	6.9205685294698585	0.0	405134	5436.107417525401	0.75
3476.7513585335255	300	8.738802953422216	0.0	160746	2181.765576047644	-0.15000000000000002
3479.19882403502	300	10.291337451927637	0.0	179801	2447.465501494579	0.3
3481.168015421691	300	12.322146065256897	0.0	140051	1969.1913866707405	0.3
3486.2938289797758	750	11.19633250717198	0.0	366214	5125.813558084916	0.3
3491.436018914474	750	10.054142572473767	0.0	360831	5142.189934698214	0.75
3496.547607660525	750	8.94255382642288	0.0	372963	5111.5887460508875	0.75
3501.9870139900486	750	7.503147496899294	0.0	405596	5439.406329523586	0.75
3507.0246132712377	750	6.465548215710422	0.0	350713	5037.599281188872	0.75
3512.6115604624883	750	4.878601024459718	0.0	386472	5586.947191250704	0.75
3514.8509645648473	300	6.639196922100547	0.0	157812	2239.4041023591703	-0.15000000000000002
3517.058066175287	300	8.432095311660651	0.0	163927	2207.1016104398964	0.3
3518.924251764504	300	10.565909722444148	0.0	137654	1866.185589216502	0.3
3520.963290520833	300	12.526870966114679	0.0	146754	2039.0387563294703	0.3
3526.2504424501476	750	11.239719036800201	0.0	379700	5287.151929314477	0.3
3532.216831030919	750	9.273330456029209	0.0	425781	5966.388580770993	0.75
3535.972276044632	750	9.517885442316004	0.0	277716	3755.4450137132035	0.75
3541.328863810845	750	8.161297676102475	0.0	400396	5356.58776621353	0.75
3546.9152858216194	750	6.5748756653282125	0.0	400508	5586.422010774262	0.75
3551.9961568009867	750	5.494004685961013	0.0	358218	5080.8709793672	0.75
3557.490878450445	750	4.0	0.0007169634971205596	400322	5494.7216494581335	0.7469170569623816
3559.48130904952	300	6.009569400924902	0.0	143881	1990.4305990750984	-0.15000000000000002
3561.6829512735326	300	7.807927176912349	0.0	163444	2201.642224012553	0.3
3564.065506013665	300	9.425372436780016	0.0	179328	2382.5547401323315	0.3
3566.252146417747	300	11.238732032697586	0.0	159914	2186.64040408243	0.3
3570.7407354847737	750	10.750142965670944	0.0	321064	4488.589067026641	0.3
3575.8417129069358	750	9.649165543509152	0.0	361565	5100.977422161793	0.75
3580.8576897035505	750	8.633188746894273	0.0	378327	5015.97679661488	0.75
3586.425634625765	750	7.065243824679839	0.0	390680	5567.944922214434	0.75
3591.0244248062727	750	6.466453644172363	0.0	345516	4598.790180507476	0.75
3596.1807737264285	750	5.310104724016553	0.0	384505	5156.3489201558095	0.75
3598.1732963307045	300	7.317582119740542	0.0	145210	1992.5226042760112	-0.15000000000000002
3600.5227722275986	300	8.968106222846334	0.0	172312	2349.4758968942087	0.3
3605.9575045332367	750	7.533373917208047	0.0	398987	5434.732305638287	0.3
3611.3146213497057	750	6.176257100739207	0.0	393804	5357.116816468841	0.75
3615.8687405682595	750	5.622137882185937	0.0	331053	4554.11921855327	0.75
3623.5480666724616	1200	4.0	2.0571882220162823	550906	7679.3261042022195	-8.095909354670013

