35993.80230072657	750	4.0	1.5737615146908888	450283	1573.7615146908888	-6.017174513170821
35995.205489002736	750	6.596811723833275	0.0	398865	1403.188276166725	0.75
35996.449267036754	750	9.353033689815245	0.0	350812	1243.7780340180288	0.75
35997.79887978018	750	12.003420946386084	0.0	382355	1349.6127434291616	0.75
35999.25073120303	750	14.551569523540769	0.0	411561	1451.8514228453157	0.75
36000.39259682359	750	17.40970390297105	0.0	318564	1141.8656205697214	0.75
36001.648054239275	750	20.15424648729022	0.0	352642	1255.4574156808294	0.75
36005.26045405235	1850	20.541846674208905	0.0	1060487	3612.399813081317	0.75
36008.18446080969	1850	21.61783991687561	0.0	852833	2924.006757333293	1.85
36011.363309979344	1850	22.438990747218472	0.0	913888	3178.849169657142	1.85
36014.625922524894	1850	23.17637820166876	0.0	939819	3262.612545549709	1.85
36017.80826075981	1850	23.994039966749476	0.0	917428	3182.3382349192866	1.85
36021.08247191277	1850	24.71982881378838	0.0	946851	3274.211152961094	1.85
36024.64517217166	1850	25.157128554899803	0.0	1036454	3562.7002588885766	1.85
36027.469262161794	1850	26.33303856476852	0.0	821631	2824.089990131284	1.85
36030.645502783475	1850	27.15679794308476	0.0	923170	3176.2406216837553	1.85
36033.97354414529	1850	27.8287565812777	0.0	966699	3328.0413618070634	1.85
36037.0270678814	1850	28.775232845164776	0.0	885714	3053.5237361129207	1.85
36040.413350800874	1850	29.388949925688255	0.0	987708	3386.2829194765204	1.85
36043.57670308344	1850	30.22559764312287	0.0	923755	3163.3522825653854	1.85
36046.794022653594	1850	31.00827807296775	0.0	891604	3217.319570155118	1.85
36050.37980436925	1850	31.42249635731065	0.0	955231	3585.7817156571014	1.85
36054.679480855324	1850	31.12281987123494	0.0	968026	4299.676486075708	1.85
36061.073748245806	1850	28.728552480749666	0.0	874175	6394.267390485274	1.85
36064.16060069577	1850	29.641700030783767	0.0	897976	3086.852449965898	1.85
36067.26905586494	1850	30.533244861618872	0.0	905935	3108.4551691648944	1.85
36070.94419814375	1850	30.85810258280959	0.0	1076599	3675.1422788092805	1.85
36073.55268626728	1850	32.24961445928068	0.0	758197	2608.488123528906	1.85
36076.950528381705	1850	32.851772344855405	0.0	972798	3397.8421144252748	1.85
36080.417459190874	1850	33.384841535684295	0.0	975811	3466.9308091711064	1.85
36083.62012057963	1850	34.18218014692908	0.0	873429	3202.661388755217	1.85
36086.95242953314	1850	34.8498711934139	0.0	954453	3332.308953515181	1.85
36089.97975309163	1850	35.822547634928675	0.0	885062	3027.323558485218	1.85
36093.53654090236	1850	36.26575982419926	0.0	1035329	3556.7878107294164	1.85
36097.17151268862	1850	36.63078803793508	0.0	1026056	3634.971786264174	1.85
36100.57343467072	1850	37.22886605584234	0.0	943942	3401.921982092748	1.85
36107.422520765744	4300	34.3797799608152	0.0	1919781	6849.086095027134	1.8499999999999996
36115.04792069125	4300	30.754380035305786	0.0	2147467	7625.399925509412	4.3
36122.75260713472	4300	27.049693591842495	0.0	2133870	7704.686443463292	4.3
36130.02970361408	4300	23.77259711248125	0.0	2146120	7277.096479361245	4.3
36137.15258654685	4300	20.64971417970565	0.0	2108491	7122.8829327756	4.3
36144.80870538395	4300	16.993595342610536	0.0	2184571	7656.118837095114	4.3
36152.14383646567	4300	13.658464260888834	0.0	2121928	7335.131081721703	4.3
36155.63223562028	1850	14.170065106276613	0.0	973972	3488.399154612221	-0.6000000000000001
36159.12385048944	1850	14.67845023711321	0.0	958994	3491.614869163403	1.85
36162.60697355984	1850	15.195327166717464	0.0	982064	3483.1230703957485	1.85
36165.49112190902	1850	16.31117881753816	0.0	830730	2884.148349179305	1.85
36168.849219319156	1850	16.953081407399498	0.0	846370	3358.0974101386582	1.85

