22714.382789390023	750	4.0	5.17976775027978	450283	5179.76775027978	-21.52300132620305
22716.20195846394	300	6.180830926088249	0.0	155580	1819.1690739117514	-0.15000000000000002
22717.84536615882	300	8.5374232312041	0.0	139857	1643.4076948841484	0.3
22719.671784641952	300	10.71100474807339	0.0	155432	1826.4184831307107	0.3
22721.695155699676	300	12.687633690351285	0.0	163442	2023.3710577221048	0.3
22723.276767204112	300	15.106022185911382	0.0	126289	1581.6115044399048	0.3
22727.40874936931	750	14.974040020712721	0.0	352642	4131.98216519866	0.3
22732.37184777723	750	14.01094161279346	0.0	437162	4963.098407919259	0.75
22736.64263136384	750	13.740158026186753	0.0	374758	4270.783586606707	0.75
22740.830240215073	750	13.552549174950787	0.0	362795	4187.608851235966	0.75
22744.856006317954	750	13.526783072072046	0.0	353220	4025.766102878741	0.75
22749.46193521448	750	12.92085417554964	0.0	405134	4605.928896522407	0.75
22753.812966483045	750	12.569822906984145	0.0	386351	4351.031268565495	0.75
22758.716443430003	750	11.666345960027837	0.0	434409	4903.476946956309	0.75
22762.5792903716	750	11.803499018430907	0.0	337059	3862.846941596931	0.75
22766.787934242646	750	11.594855147383626	0.0	366214	4208.643871047279	0.75
22770.922935806273	750	11.459853583757502	0.0	360831	4135.001563626125	0.75
22775.188971942476	750	11.193817447554727	0.0	372963	4266.036136202774	0.75
22779.803531433092	750	10.579257956941728	0.0	405596	4614.559490612998	0.75
22784.12848290705	750	10.254306482981672	0.0	350713	4324.951473960055	0.75
22788.779665402242	750	9.6031239877897	0.0	386472	4651.182495191972	0.75
22790.678690228946	300	11.704099161083883	0.0	157812	1899.0248267058187	-0.15000000000000002
22792.585847314895	300	13.796942075135023	0.0	163927	1907.15708594886	0.3
22794.190886689597	300	16.191902700432852	0.0	137654	1605.039374702171	0.3
22799.026255349436	750	15.356534040592138	0.0	359903	4835.368659840713	0.3
22803.985138850876	750	14.39765053915178	0.0	379700	4958.883501440358	0.75
22808.911071267477	750	13.471718122547353	0.0	425781	4925.932416604428	0.75
22812.135480917063	750	14.247308472961315	0.0	277716	3224.4096495860376	0.75
22816.72005981097	750	13.662729579053886	0.0	400396	4584.578893907428	0.75
22821.505525429082	750	12.877263960942964	0.0	400508	4785.465618110923	0.75
22825.70063041783	750	12.682158972197769	0.0	358218	4195.104988745195	0.75
22830.506759276515	750	11.876030113508365	0.0	400322	4806.128858689405	0.75
22834.843346981666	750	11.539442408358475	0.0	369834	4336.58770514989	0.75
22839.63854328138	750	10.744246108647088	0.0	412837	4795.196299711386	0.75
22844.28107922896	750	10.101710161067404	0.0	401088	4642.535947579685	0.75
22848.474155782606	750	9.908633607419862	0.0	365161	4193.07655364754	0.75
22852.159257950316	750	10.223531439708795	0.0	321064	3685.102167711068	0.75
22856.25752703893	750	10.125262351093388	0.0	361565	4098.269088615407	0.75
22860.544813200664	750	9.837976189362804	0.0	378327	4287.286161730584	0.75
22865.030999125527	750	9.351790264502736	0.0	390680	4486.185924860069	0.75
22869.086370515637	750	9.296418874392684	0.0	345516	4055.3713901100505	0.75
22873.85511123086	750	8.527678159167047	0.0	384505	4768.740715225636	0.75
22878.789869061955	750	7.59292032807495	0.0	372093	4934.757831092098	0.75
22880.79460194428	300	9.58818744575082	0.0	172312	2004.7328823241292	-0.15000000000000002
22882.74027879598	300	11.642510594050487	0.0	167025	1945.6768517003325	0.3
22884.695500442893	300	13.687288947138002	0.0	160064	1955.221646912485	0.3
22886.389184254418	300	15.993605135611372	0.0	137507	1693.6838115266314	0.3
22890.09649530685	750	16.28629408318196	0.0	314107	3707.3110524294116	0.3

