36642.901321836565	750	4.0	7.0283336426002965	450283	7028.333642600296	-29.471834663181273
36645.38210790189	300	5.519213934682046	0.0	155580	2480.786065317954	-0.15000000000000002
36647.61687956244	300	7.284442274126896	0.0	139857	2234.7716605551504	0.3
36650.08998793626	300	8.811333900299172	0.0	155432	2473.108373827725	0.3
36652.67690445583	300	10.224417380731394	0.0	163442	2586.916519567776	0.3
36654.688219430005	300	12.213102406556189	0.0	126289	2011.3149741752056	0.3
36657.11862096602	300	13.782700870540346	0.0	153295	2430.401536015843	0.3
36663.92960639984	750	10.97171543672123	0.0	437162	6810.985433819116	0.3
36666.32130580222	300	12.58001603433717	0.0	150710	2391.6994023840602	-0.15000000000000002
36668.604234959945	300	14.297086876615955	0.0	139105	2282.929157721215	0.3
36670.9407774656	300	15.960544370961273	0.0	141840	2336.5425056546806	0.3
36677.29655207432	750	13.604769762246304	0.0	405134	6355.77460871497	0.3
36683.33730209543	750	11.56401974112869	0.0	386351	6040.750021117614	0.75
36686.192406629125	300	12.708915207434915	0.0	179801	2855.104533693776	-0.15000000000000002
36688.545696230154	300	14.355625606405855	0.0	140051	2353.2896010290606	0.3
36690.93566372997	300	15.965658106581214	0.0	138313	2389.967499824639	0.3
36696.660599783114	750	14.240722053442756	0.0	360831	5724.936053138459	0.3
36702.451476590686	750	12.449845245868925	0.0	372963	5790.876807573833	0.75
36708.768497080026	750	10.132824756527196	0.0	405596	6317.020489341728	0.75
36711.026458938526	300	11.87486289802994	0.0	140881	2257.961858497255	-0.15000000000000002
36713.536422551566	300	13.364899284986612	0.0	157671	2509.9636130433273	0.3
36716.037507400455	300	14.863814436097304	0.0	157812	2501.084848889308	0.3
36722.27546745516	750	12.62585438139043	0.0	401853	6237.960054706873	0.3
36727.63663303912	750	11.264688797434303	0.0	343800	5361.165583956128	0.75
36729.95942305616	300	12.941898780387707	0.0	146754	2322.7900170465955	-0.15000000000000002
36732.391058091234	300	14.510263745321437	0.0	153938	2431.6350350662688	0.3
36739.017760569586	750	11.88356126696277	0.0	425781	6626.702478358668	0.3
36740.83447807117	300	14.066843765379833	0.0	111155	1816.7175015829357	-0.15000000000000002
36743.32362501101	300	15.577696825534476	0.0	153605	2489.146939845358	0.3
36749.96154680736	750	12.939775029185538	0.0	400508	6637.921796348937	0.3
36755.51460900432	750	11.38671283222959	0.0	358218	5553.062196955949	0.75
36758.00860342143	300	12.892718415112835	0.0	157488	2493.9944171167544	-0.15000000000000002
36760.30410220732	300	14.597219629221767	0.0	143881	2295.498785891068	0.3
36762.90356148639	300	15.997760350157323	0.0	163444	2599.4592790644438	0.3
36769.19833407514	750	13.70298776141031	0.0	401088	6294.772588747014	0.3
36774.88371282167	750	12.017609014876573	0.0	365161	5685.378746533737	0.75
36776.98437117845	300	13.916950658098948	0.0	131610	2100.658356777625	-0.15000000000000002
36778.96849561991	300	15.932826216631511	0.0	124011	1984.124441467437	0.3
36784.8768097916	750	14.024512044942064	0.0	378327	5908.314171689445	0.3
36790.99833389848	750	11.902987938062994	0.0	390680	6121.52410687907	0.75
36793.35966778069	300	13.5416540558577	0.0	147968	2361.3338822052933	-0.15000000000000002
36795.91693027059	300	14.984391565955233	0.0	161857	2557.2624899024663	0.3
36798.211792582406	300	16.689529254134545	0.0	145210	2294.8623118206897	0.3
36805.16869105217	750	13.73263078437548	0.0	438281	6956.898469759063	0.3
36811.42306782109	750	11.478254015459846	0.0	398987	6254.376768915634	0.75
36813.96476528255	300	12.936556553993075	0.0	160064	2541.6974614667697	-0.15000000000000002
36816.18111543524	300	14.720206401300432	0.0	137507	2216.3501526926434	0.3
36818.10809662831	300	16.79322520823583	0.0	118421	1926.981193064599	0.3

