18972.793824177657	750	4.0	1.6558418488685938	450283	1655.8418488685938	-6.370119950134953
18976.2254055188	1850	4.568418658857387	0.0	957685	3431.581341142614	0.75
18979.3327056002	1850	5.461118577456666	0.0	877771	3107.30008140072	1.85
18982.625196195633	1850	6.1686279820264955	0.0	933276	3292.4905954301707	1.85
18986.126686704632	1850	6.667137473024992	0.0	996749	3501.490509001503	1.85
18989.041534727123	1850	7.752289450532429	0.0	801058	2914.8480224925624	1.85
18992.30780111485	1850	8.486023062806085	0.0	905515	3266.266387726345	1.85
18995.954879770696	1850	8.838944406958682	0.0	1060487	3647.0786558474047	1.85
18999.013261627995	1850	9.780562549660747	0.0	852833	3058.3818572979335	1.85
19002.333809653308	1850	10.460014524346185	0.0	913888	3320.5480253145615	1.85
19005.75823092942	1850	11.03559324823577	0.0	939819	3424.421276110415	1.85
19011.146481672742	2850	9.647342504913253	0.0	1519951	5388.250743322517	1.85
19016.11948575271	2850	8.674338424943606	0.0	1422919	4973.004079969646	2.85
19021.78578266978	2850	7.00804150787682	0.0	1578343	5666.296917066786	2.85
19026.206595070824	2850	6.587229106831842	0.0	1231445	4420.812401044978	2.85
19031.42981722802	2850	5.36400694963435	0.0	1471065	5223.222157197492	2.85
19036.697419309032	2850	4.09640486862554	0.0	1491626	5267.602081008809	2.85
19039.880830401573	1850	4.912993776084319	0.0	885714	3183.411092541221	0.8500000000000001
19043.421532367567	1850	5.37229181008771	0.0	987708	3540.701965996608	1.85
19046.70529133192	1850	6.088532845734689	0.0	923755	3283.7589643530205	1.85
19049.84974673213	1850	6.94407744552691	0.0	891604	3144.45540020778	1.85
19053.21286129717	1850	7.580962880486092	0.0	955231	3363.114565040818	1.85
19056.769413137004	1850	8.024411040649909	0.0	968026	3556.5518398361824	1.85
19059.945612372394	1850	8.848211805260735	0.0	874175	3176.199235389174	1.85
19063.178145611964	1850	9.615678565692441	0.0	897976	3232.533239568292	1.85
19066.428669106976	1850	10.36515507068143	0.0	905935	3250.5234950110107	1.85
19071.860786538626	2850	8.933037639029873	0.0	1547572	5432.117431651557	1.85
19075.876202003787	2850	8.917622173867137	0.0	1141971	4015.4154651627364	2.85
19081.152217793362	2850	7.641606384295416	0.0	1498470	5276.015789571721	2.85
19086.722849343743	2850	6.07097483391329	0.0	1561263	5570.631550382126	2.85
19091.517834628135	2850	5.275989549522064	0.0	1341201	4794.985284391226	2.85
19096.808495453595	2850	4.0	0.014671275940398118	1497683	5290.6608254624625	2.7869135134562883
19099.95622474862	1850	4.852270704973766	0.0	885062	3147.7292950262336	0.8500000000000001
19103.62563982435	1850	5.182855629246007	0.0	1035329	3669.415075727759	1.85
19107.269135073646	1850	5.539360379948559	0.0	1026056	3643.4952492974476	1.85
19110.596918838375	1850	6.211576615222528	0.0	943942	3327.783764726031	1.85
19113.160268731783	1850	7.648226721811571	0.0	728962	2563.349893410957	1.85
19116.836770201382	1850	7.971725252215654	0.0	938587	3676.5014695959158	1.85
19120.554672426086	1850	8.253823027509782	0.0	908665	3717.902224705872	1.85
19125.99328033853	2850	6.815215115066483	0.0	1402287	5438.607912443298	1.85
19130.763668211173	2850	6.044827242421686	0.0	1339500	4770.387872644797	2.85
19134.482797249355	1850	6.3256982042396865	0.0	1025005	3719.1290381819995	0.8500000000000001
19138.162782527823	1850	6.6457129257703675	0.0	886255	3679.9852784693194	1.85
19141.8242296107	1850	6.98426584289861	0.0	973972	3661.4470828717563	1.85
19145.226471483064	1850	7.582023970532291	0.0	958994	3402.241872366319	1.85
19150.46422729564	2850	6.344268157955745	0.0	1483527	5237.755812576546	1.85
19154.798925975378	2850	6.009569478216224	0.0	1231456	4334.698679739521	2.85
19159.587724884255	2850	5.2207705693393525	0.0	1364537	4788.798908876871	2.85

