42608.0586008933	750	4.0	1.7134930595916904	450283	1713.4930595916903	-6.618020156244269
42608.70299895011	300	7.355601943197334	0.0	155580	644.3980568026666	-0.15000000000000002
42610.055640749204	750	10.002960144103254	0.0	350812	1352.6417990940809	0.3
42611.5227111889	750	12.535889704401598	0.0	382355	1467.070439701656	0.75
42613.09184293646	750	14.9667579568442	0.0	411561	1569.1317475573983	0.75
42616.06947516629	1850	15.989125727016747	0.0	801058	2977.6322298274536	0.75
42619.42418688618	1850	16.634414007128807	0.0	905515	3354.71171988794	1.85
42623.349355663435	1850	16.709245229869826	0.0	1060487	3925.1687772589808	1.85
42626.53675708113	1850	17.52184381217279	0.0	852833	3187.4014176970377	1.85
42629.952114425265	1850	18.106486468037765	0.0	913888	3415.3573441350254	1.85
42633.46230182976	1850	18.596299063546606	0.0	939819	3510.1874044911597	1.85
42636.88925401051	1850	19.169346882797367	0.0	917428	3426.9521807492374	1.85
42640.406582634925	1850	19.65201825837479	0.0	946851	3517.328624422574	1.85
42644.26387647853	1850	19.794724414772844	0.0	1036454	3857.2938436019467	1.85
42647.3534239957	1850	20.705176897601653	0.0	821631	3089.5475171711905	1.85
42650.79822249495	1850	21.2603783983491	0.0	923170	3444.798499252551	1.85
42654.40985976567	1850	21.648741127634004	0.0	966699	3611.637270715097	1.85
42657.73474909767	1850	22.323851795634397	0.0	885714	3324.889331999605	1.85
42661.41203222561	1850	22.646568667682683	0.0	987708	3677.2831279517136	1.85
42664.87921133471	1850	23.179389558596714	0.0	923755	3467.1791090859692	1.85
42668.24434033762	1850	23.814260555682594	0.0	891604	3365.12900291412	1.85
42671.82733708213	1850	24.23126381116904	0.0	955231	3582.996744513555	1.85
42675.43443228476	1850	24.624168608542853	0.0	968026	3607.095202626188	1.85
42678.68812564424	1850	25.370475249053715	0.0	874175	3253.6933594891393	1.85
42682.02918875835	1850	26.029412134946636	0.0	897976	3341.063114107076	1.85
42685.4019534884	1850	26.65664740489203	0.0	905935	3372.7647300546046	1.85
42689.39989022422	1850	26.65871066907327	0.0	1076599	3997.9367358187633	1.85
42692.24542937996	1850	27.81317151332747	0.0	758197	2845.5391557458	1.85
42695.861692537	1850	28.1969083562912	0.0	972798	3616.26315703627	1.85
42699.48731501792	1850	28.57128587537981	0.0	975811	3625.6224809113883	1.85
42702.7604569004	1850	29.29814399289159	0.0	873429	3273.1418824882194	1.85
42706.32779460321	1850	29.730806290077233	0.0	954453	3567.3377028143595	1.85
42709.64658238835	1850	30.412018504938985	0.0	885062	3318.787785138246	1.85
42713.54196775778	1850	30.516633135507547	0.0	1035329	3895.3853694314403	1.85
42717.399190188684	1850	30.659410704605566	0.0	1026056	3857.222430901979	1.85
42720.95686717756	1850	31.10173371572712	0.0	943942	3557.6769888784424	1.85
42723.725111479056	1850	32.33348941423089	0.0	728962	2768.24430149623	1.85
42727.28104465775	1850	32.777556235537105	0.0	938587	3555.93317869378	1.85
42730.7078534066	1850	33.350747486685606	0.0	908665	3426.808748851504	1.85
42734.179284719554	1850	33.87931617372764	0.0	930577	3471.4313129579723	1.85
42737.40267747626	1850	34.65592341702757	0.0	858450	3223.3927567000605	1.85
42741.25299176538	1850	34.80560912790571	0.0	1025005	3850.314289121859	1.85
42744.61136343834	1850	35.44723745494868	0.0	886255	3358.371672957036	1.85
42748.24081996395	1850	35.81778092933986	0.0	973972	3629.456525608815	1.85
42751.82370448668	1850	36.23489640660997	0.0	958994	3582.884522729886	1.85
42755.49884739746	1850	36.55975349582268	0.0	982064	3675.14291078729	1.85
42758.61156622918	1850	37.44703466410193	0.0	830730	3112.718831720758	1.85
42761.78691316267	1850	38.27168773060853	0.0	846370	3175.3469334933966	1.85

