17443.23180793599	750	4.0	6.358794604917855	450283	6358.794604917855	-26.592816801146775
17445.466074496362	300	5.765733439629685	0.0	155580	2234.266560370316	-0.15000000000000002
17447.488393438853	300	7.743414497138548	0.0	139857	2022.3189424911372	0.3
17452.943855774247	750	6.2879521617475715	0.0	382355	5455.4623353909765	0.3
17455.317862694854	300	7.913945241142939	0.0	163442	2374.0069206046323	-0.15000000000000002
17460.205906185045	750	7.025901750950779	0.0	318564	4888.04349019216	0.3
17465.49464678043	750	5.737161155568384	0.0	352642	5288.740595382395	0.75
17468.012591936407	300	7.21921599959113	0.0	173849	2517.9451559772547	-0.15000000000000002
17473.299492458184	750	5.9323154778125415	0.0	374758	5286.900521778588	0.3
17475.32841971982	300	7.903388216175835	0.0	139105	2028.9272616367073	-0.15000000000000002
17480.33333103246	750	6.898476903537303	0.0	353220	5004.911312638532	0.3
17482.580987114114	300	8.650820821884409	0.0	156148	2247.656081652895	-0.15000000000000002
17488.114314343915	750	7.117493592082462	0.0	386351	5533.3272298019465	0.3
17494.284730884916	750	4.947077051079315	0.0	434409	6170.416541003146	0.75
17496.29906148597	300	6.932746450028874	0.0	140051	2014.3306010504425	-0.15000000000000002
17498.289698213513	300	8.942109722482844	0.0	138313	1990.6367275460286	0.3
17503.366219518844	750	7.86558841715138	0.0	360831	5076.521305331465	0.3
17508.672756059812	750	6.559051876184287	0.0	372963	5306.536540967093	0.75
17511.097610217996	300	8.134197717998719	0.0	165384	2424.854158185568	-0.15000000000000002
17516.10691050838	750	7.124897427613457	0.0	350713	5009.300290385261	0.3
17521.737226885918	750	5.494581050074995	0.0	386472	5630.316377538463	0.75
17524.122581140717	300	7.1092267952773565	0.0	157812	2385.354254797639	-0.15000000000000002
17529.96069545265	750	5.271112483343703	0.0	401853	5838.114311933653	0.3
17532.01023395161	300	7.2215739843846025	0.0	137654	2049.538498959101	-0.15000000000000002
17537.161847126965	750	6.069960809030438	0.0	359903	5151.613175354164	0.3
17539.388920685276	300	7.842887250717442	0.0	153938	2227.0735583129963	-0.15000000000000002
17545.359171420732	750	5.87263651526141	0.0	425781	5970.250735456031	0.3
17546.97715108164	300	8.254656854352339	0.0	111155	1617.9796609090727	-0.15000000000000002
17552.62928550023	750	6.602522435764939	0.0	400396	5652.1344185873995	0.3
17554.794182531965	300	8.437625404030081	0.0	149029	2164.897031734858	-0.15000000000000002
17559.901481558787	750	7.3303263772062826	0.0	358218	5107.299026823798	0.3
17565.525216074293	750	5.706591861702068	0.0	400322	5623.734515504215	0.75
17567.60707558683	300	7.624732349161489	0.0	143881	2081.859512540579	-0.15000000000000002
17573.40868350034	750	5.82312443565773	0.0	412837	5801.607913503759	0.3
17575.974173809518	300	7.257634126480197	0.0	179328	2565.490309177532	-0.15000000000000002
17581.116683973938	750	6.115123962060244	0.0	365161	5142.510164419954	0.3
17583.013667823547	300	8.218140112452552	0.0	131610	1896.9838496076907	-0.15000000000000002
17588.087752597927	750	7.14405533807069	0.0	361565	5074.084774381862	0.3
17593.39997876612	750	5.831829169876962	0.0	378327	5312.226168193728	0.75
17595.552053925694	300	7.6797540103037445	0.0	149991	2152.0751595732177	-0.15000000000000002
17600.386308119767	750	6.845499816230694	0.0	345516	4834.254194073051	0.3
17602.757498618495	300	8.474309317500719	0.0	161857	2371.190498729973	-0.15000000000000002
17608.03428792934	750	7.197520006657883	0.0	372093	5276.789310842837	0.3
17614.145408477827	750	5.086399458166064	0.0	438281	6111.120548491818	0.75
17616.526924939062	300	6.704882996929988	0.0	167025	2381.5164612360772	-0.15000000000000002
17618.82041926277	300	8.411388673223522	0.0	160064	2293.4943237064663	0.3
17623.467381958064	750	7.764425977931437	0.0	331053	4646.962695292085	0.3
17627.872225659426	750	7.359582276569027	0.0	314107	4404.84370136241	0.75

