2007.7310300906652	750	4.0	4.71699567357016	450283	4716.995673570161	-19.53308139635169
2009.3660588509963	300	6.364971239669052	0.0	155580	1635.0287603309484	-0.15000000000000002
2010.8315249395475	300	8.899505151117832	0.0	139857	1465.4660885512214	0.3
2012.4512817273787	300	11.279748363286737	0.0	155432	1619.7567878310952	0.3
2014.134685891278	300	13.596344199387627	0.0	163442	1683.4041638991112	0.3
2017.3031833797725	750	14.42784671089324	0.0	318564	3168.4974884943863	0.3
2020.8316002487795	750	14.899429841885858	0.0	352642	3528.416869007382	0.75
2025.2333291457908	750	14.49770094487478	0.0	437162	4401.7288970110785	0.75
2029.0609763706138	750	14.670053720051843	0.0	374758	3827.647224822936	0.75
2032.785012055134	750	14.946018035531448	0.0	362795	3724.035684520394	0.75
2036.459464077996	750	15.271566012669492	0.0	353220	3674.452022861956	0.75
2040.598552232168	750	15.132477858497625	0.0	405134	4139.088154171868	0.75
2044.4420077000584	750	15.2890223906072	0.0	386351	3843.455467890426	0.75
2048.839841492496	750	14.891188598169787	0.0	434409	4397.833792437412	0.75
2052.363254252078	750	15.367775838587267	0.0	337059	3523.4127595825194	0.75
2056.1949017631387	750	15.536128327526614	0.0	366214	3831.647511060654	0.75
2059.9886412490396	750	15.742388841625974	0.0	360831	3793.7394859006404	0.75
2063.996305556285	750	15.734724534380545	0.0	372963	4007.66430724543	0.75
2068.3616232253953	750	15.369406865270259	0.0	405596	4365.317669110286	0.75
2072.0527454076164	750	15.678284683049153	0.0	350713	3691.1221822211064	0.75
2076.079526749453	750	15.651503341212647	0.0	386472	4026.781341836505	0.75
2080.2752577277347	750	15.455772362930873	0.0	399894	4195.730978281774	0.75
2084.4936649703313	750	15.237365120334587	0.0	401853	4218.407242596287	0.75
2088.1029316658837	750	15.628098424781784	0.0	343800	3609.266695552802	0.75
2091.873050936496	750	15.85797915416947	0.0	359903	3770.1192706123147	0.75
2095.8274293007908	750	15.903600789875012	0.0	379700	3954.3783642944577	0.75
2100.178949716535	750	15.552080374130721	0.0	425781	4351.52041574429	0.75
2102.938816806838	750	16.792213283827564	0.0	277716	2759.8670903031575	0.75
2106.891062118775	750	16.839967971890125	0.0	400396	3952.245311937441	0.75
2110.8634036766834	750	16.867626413981885	0.0	400508	3972.34155790824	0.75
2114.467939453487	750	17.263090637178475	0.0	358218	3604.5357768034087	0.75
2118.445090218835	750	17.28593987183044	0.0	400322	3977.1507653480376	0.75
2122.151583271272	750	17.57944681939335	0.0	369834	3706.4930524370893	0.75
2126.3620320541527	750	17.368998036512398	0.0	412837	4210.448782880949	0.75
2130.5528443597473	750	17.178185730918013	0.0	401088	4190.812305594385	0.75
2134.322031560573	750	17.408998530092003	0.0	365161	3769.1872008260125	0.75
2137.632074223612	750	18.09895586705323	0.0	321064	3310.042663038769	0.75
2141.3335624213964	750	18.39746766926895	0.0	361565	3701.4881977842815	0.75
2145.138128144325	750	18.592901946340177	0.0	378327	3804.565722928774	0.75
2149.0700901197115	750	18.66093997095363	0.0	390680	3931.9619753865486	0.75
2152.5662375890834	750	19.16479250158211	0.0	345516	3496.1474693715218	0.75
2156.4610595295953	750	19.26997056106992	0.0	384505	3894.821940512192	0.75
2160.178043840102	750	19.55298625056375	0.0	372093	3716.984310506168	0.75
2168.3446119570185	750	15.386418133647018	0.0	438281	8166.568116916734	0.75
2172.5149178730503	750	15.216112217615892	0.0	398987	4170.305916031126	0.75
2176.620297027742	750	15.11073306292415	0.0	393804	4105.379154691742	0.75
2180.0103334361684	750	15.720696654498123	0.0	331053	3390.0364084260254	0.75
2183.2853445442897	750	16.445685546376538	0.0	314107	3275.011108121583	0.75

