39820.09582205303	750	4.0	2.026468475006167	450283	2026.4684750061667	-7.963814442526516
39821.90002249649	750	6.1957995565381445	0.0	398865	1804.2004434618557	0.75
39823.49622494302	750	8.599597110013622	0.0	350812	1596.2024465245217	0.75
39825.22661827946	750	10.86920377357033	0.0	382355	1730.3933364432924	0.75
39827.08307610515	750	13.01274594788494	0.0	411561	1856.4578256853915	0.75
39828.53812260077	750	15.557699452270338	0.0	318564	1455.0464956146018	0.75
39830.10298837481	750	17.99283367821925	0.0	352642	1564.8657740510882	0.75
39834.635965301466	1850	17.459856751565805	0.0	1060487	4532.97692665344	0.75
39838.26202947795	1850	17.833792575090243	0.0	852833	3626.064176475563	1.85
39842.0798007101	1850	18.016021342938068	0.0	913888	3817.7712321521767	1.85
39846.630935281384	1850	17.464886771651432	0.0	939819	4551.134571286635	1.85
39851.68592491791	1850	16.40989713512135	0.0	917428	5054.98963653008	1.85
39856.32766968356	1850	15.76815236947208	0.0	946851	4641.744765649271	1.85
39861.284796342	1850	14.811025711028735	0.0	1036454	4957.126658443344	1.85
39865.922959466174	1850	14.172862586856372	0.0	821631	4638.163124172362	1.85
39873.04917033098	1850	11.046651722048985	0.0	923170	7126.210864807389	1.85
39875.71862834184	750	12.377193711186166	0.0	360831	2669.458010862819	-0.3500000000000001
39877.78997061632	750	14.30585143670219	0.0	372963	2071.3422744839763	0.75
39880.03167227592	750	16.064149777103655	0.0	405596	2241.7016595985324	0.75
39881.96794852109	750	18.127873531940836	0.0	350713	1936.2762451628184	0.75
39884.0934922934	750	20.002329759623972	0.0	386472	2125.543772316865	0.75
39886.016010958556	750	22.079811094471502	0.0	399894	1922.5186651524705	0.75
39890.29212221288	1850	21.803699840145217	0.0	968026	4276.111254326282	0.75
39894.49489444855	1850	21.600927604475967	0.0	874175	4202.772235669249	1.85
39898.45855339414	1850	21.63726865888108	0.0	897976	3963.6589455948883	1.85
39902.39833906326	1850	21.697482989772375	0.0	905935	3939.7856691087027	1.85
39907.0997736117	1850	20.99604844132421	0.0	1076599	4701.4345484481655	1.85
39910.52519827747	1850	21.570623775552793	0.0	758197	3425.4246657714134	1.85
39915.826745681225	1850	20.26907637180285	0.0	972798	5301.547403749943	1.85
39920.288279193934	1850	19.80754285909568	0.0	975811	4461.5335127071685	1.85
39925.16236390079	1850	18.933458152235993	0.0	873429	4874.084706859688	1.85
39929.59494245244	1850	18.50087960058959	0.0	954453	4432.578551646399	1.85
39933.578217487826	1850	18.51760456519962	0.0	885062	3983.2750353899773	1.85
39938.23720286746	1850	17.858619185573858	0.0	1035329	4658.985379625758	1.85
39943.49138919143	1850	16.60443286159564	0.0	1026056	5254.186323978216	1.85
39948.452874593306	1850	15.64294745972726	0.0	943942	4961.48540186838	1.85
39952.07901331619	1850	16.016808736838726	0.0	728962	3626.138722888534	1.85
39957.177862258526	1850	14.917959794505542	0.0	938587	5098.848942333185	1.85
39962.035189755974	1850	14.060632297054697	0.0	908665	4857.327497450843	1.85
39966.19588144286	1850	13.899940610173084	0.0	930577	4160.691686881613	1.85
39970.02465144448	1850	14.071170608553588	0.0	858450	3828.7700016194954	1.85
39975.496490436504	1850	12.599331616528165	0.0	1025005	5471.838992025422	1.85
39980.54521462892	1850	11.550607424110446	0.0	886255	5048.72419241772	1.85
39986.437439869056	1850	9.658382183980342	0.0	973972	5892.225240130103	1.85
39991.03336106563	1850	9.062460987401657	0.0	958994	4595.921196578685	1.85
39995.60627193575	1850	8.48955011728351	0.0	982064	4572.910870118147	1.85
39999.46103886866	1850	8.634783184372548	0.0	830730	3854.7669329109635	1.85
40003.358484801676	1850	8.737337251355346	0.0	846370	3897.445933017201	1.85

