34236.01403739902	750	4.0	2.4983161468909967	450283	2498.3161468909966	-9.992759431631285
34236.92960442272	300	7.08443297629868	0.0	155580	915.5670237013195	-0.15000000000000002
34238.956830563635	750	9.057206835390971	0.0	350812	2027.2261409077082	0.3
34243.86899712558	1200	8.145040273447922	0.0	617681	4912.166561943049	0.75
34246.89215205972	750	9.12188533930779	0.0	411561	3023.1549341401324	0.3
34250.362220262796	1200	9.651817136231278	0.0	520315	3470.0682030765115	0.75
34253.676685777944	1200	10.337351621076962	0.0	561791	3314.4655151543157	1.2
34258.35105753711	1200	9.662979861913252	0.0	709534	4674.3717591637105	1.2
34262.13894256144	1200	9.875094837585136	0.0	584846	3787.8850243281163	1.2
34265.5114917744	1200	10.502545624623998	0.0	560821	3372.5492129611375	1.2
34268.789513814016	1200	11.224523585012932	0.0	607410	3278.022039611068	1.2
34273.62036115069	1850	10.393676248330912	0.0	917428	4830.84733668202	1.2000000000000002
34277.14196348406	1200	10.872073914967784	0.0	624282	3521.6023333631283	0.5499999999999999
34281.20994454196	1200	10.804092857062093	0.0	687371	4067.981057905691	1.2
34284.48962733648	1200	11.52441006254494	0.0	526950	3279.682794517154	1.2
34289.86394715638	1850	10.150090242645675	0.0	923170	5374.319819899265	1.2000000000000002
34293.341557486565	1200	10.672479912455321	0.0	617242	3477.610330190354	0.5499999999999999
34296.72308633291	1200	11.290951066108338	0.0	581493	3381.528846346982	1.2
34302.35431814413	1850	9.659719254889431	0.0	987708	5631.231811218907	1.2000000000000002
34305.60432579376	1200	10.409711605253717	0.0	586839	3250.007649635714	0.5499999999999999
34309.14140849495	1200	10.872628904067815	0.0	601738	3537.0827011859024	1.2
34312.70558375443	1200	11.30845364458418	0.0	616206	3564.1752594836353	1.2
34318.1029689454	1850	9.911068453617878	0.0	968026	5397.3851909663035	1.2000000000000002
34321.06200724434	1200	10.952030154676704	0.0	536667	2959.0382989411733	0.5499999999999999
34324.25415013763	1200	11.75988726138269	0.0	587236	3192.142893294014	1.2
34329.2328638469	1850	10.781173552116444	0.0	905935	4978.713709266244	1.2000000000000002
34335.074550982215	1200	8.939486416799497	0.0	696376	5841.687135316948	0.5499999999999999
34336.96557272178	750	11.048464677230738	0.0	277716	1891.0217395687578	0.3
34342.30888446465	1850	9.705152934364172	0.0	972798	5343.311742866566	0.75
34345.605367657954	1200	10.408669741062633	0.0	641447	3296.4831933015403	0.5499999999999999
34348.91473731648	1200	11.099300082535983	0.0	570392	3309.36965852665	1.2
34354.73371992334	1850	9.280317475675158	0.0	954453	5818.982606860825	1.2000000000000002
34358.19392248363	1200	9.820114915386439	0.0	584349	3460.202560288719	0.5499999999999999
34361.976273541644	1200	10.037763857371347	0.0	670129	3782.351058015093	1.2
34365.79955471331	1200	10.214482685709095	0.0	690253	3823.2811716622514	1.2
34369.38329564528	1200	10.630741753739162	0.0	598727	3583.740931969932	1.2
34372.47417862412	1200	11.539858774900978	0.0	487812	3090.882978838185	1.2
34378.63244978205	1850	9.381587616971224	0.0	938587	6158.271157929755	1.2000000000000002
34382.34612223884	1200	9.667915160180488	0.0	605884	3713.6724567907363	0.5499999999999999
34385.81537820525	1200	10.198659193780795	0.0	587506	3469.255966399692	1.2
34389.12574145871	1200	10.888295940322195	0.0	566904	3310.363253458602	1.2
34392.85690547829	1200	11.157131920734926	0.0	641452	3731.1640195872674	1.2
34397.98643697265	1850	10.02760042638185	0.0	886255	5129.531494353075	1.2000000000000002
34401.562077649476	1200	10.451959749551976	0.0	634861	3575.6406768298752	0.5499999999999999
34405.2736910672	1200	10.740346331820634	0.0	630203	3711.6134177313415	1.2
34408.871191859405	1200	11.142845539626409	0.0	638661	3597.5007921942247	1.2
34413.38295102765	1850	10.631086371378084	0.0	830730	4511.759168248325	1.2000000000000002
34416.61839429415	1200	11.395643104874047	0.0	550906	3235.443266504037	0.5499999999999999

