22030.302330986688	750	4.0	1.8690049615176088	450283	1869.0049615176088	-7.286721334525717
22031.96704873969	750	6.335282246996398	0.0	398865	1664.7177530036022	0.75
22033.440848657876	750	8.861482328811798	0.0	350812	1473.799918184598	0.75
22034.887037234017	750	11.415293752673348	0.0	382355	1446.1885761384508	0.75
22036.407837899384	750	13.894493087307644	0.0	411561	1520.800665365704	0.75
22039.28043123957	1850	15.021899747121159	0.0	801058	2872.593340186485	0.75
22042.432029240368	1850	15.870301746323506	0.0	905515	3151.5980007976523	1.85
22046.19588790002	1850	16.10644308667238	0.0	1060487	3763.858659651129	1.85
22049.28255180531	1850	17.019779181381516	0.0	852833	3086.663905290862	1.85
22052.37846036258	1850	17.923870624111256	0.0	913888	3095.9085572702616	1.85
22055.647439321376	1850	18.654891665314587	0.0	939819	3268.9789587966684	1.85
22058.967526602228	1850	19.3348043844631	0.0	917428	3320.087280851484	1.85
22062.36290076575	1850	19.93943022094064	0.0	946851	3395.3741635224624	1.85
22065.9536960017	1850	20.34863498498843	0.0	1036454	3590.795235952211	1.85
22068.691132715103	1850	21.61119827158577	0.0	821631	2737.4367134026575	1.85
22071.788759756295	1850	22.51357123039426	0.0	923170	3097.6270411915107	1.85
22075.035999796917	1850	23.26633118977207	0.0	966699	3247.240040622191	1.85
22077.932236126824	1850	24.370094859864277	0.0	885714	2896.2363299077933	1.85
22081.2879718005	1850	25.014359186190244	0.0	987708	3355.735673674035	1.85
22084.636232311204	1850	25.66609867548374	0.0	923755	3348.2605107065024	1.85
22087.8408263876	1850	26.461504599086968	0.0	891604	3204.5940763967756	1.85
22091.263022355048	1850	27.03930863163902	0.0	955231	3422.1959674479476	1.85
22094.728348601417	1850	27.573982385267854	0.0	968026	3465.326246371167	1.85
22097.850714330256	1850	28.45161665642645	0.0	874175	3122.3657288414024	1.85
22101.05773426249	1850	29.244596724194295	0.0	897976	3207.0199322321537	1.85
22104.31329123525	1850	29.989039751434056	0.0	905935	3255.55697276024	1.85
22108.154705841633	1850	30.147625145048654	0.0	1076599	3841.4146063854014	1.85
22110.88125316111	1850	31.421077825571988	0.0	758197	2726.547319476663	1.85
22114.38152262391	1850	31.920808362773034	0.0	972798	3500.269462798956	1.85
22118.008453952683	1850	32.29387703399455	0.0	975811	3626.931328778484	1.85
22121.34181683429	1850	32.96051415238828	0.0	873429	3333.3628816062774	1.85
22125.045919633638	1850	33.256411353039184	0.0	954453	3704.1027993490916	1.85
22128.15002298724	1850	34.15230799943752	0.0	885062	3104.103353601673	1.85
22131.623182400996	1850	34.67914858568261	0.0	1035329	3473.1594137549046	1.85
22135.130009973927	1850	35.17232101274857	0.0	1026056	3506.8275729340485	1.85
22138.35191076064	1850	35.95042022603603	0.0	943942	3221.9007867125315	1.85
22140.853811600064	1850	37.448519386615935	0.0	728962	2501.9008394201023	1.85
22143.9877340886	1850	38.31459689807982	0.0	938587	3133.9224885361077	1.85
22147.024621554796	1850	39.277709431885334	0.0	908665	3036.887466194485	1.85
22150.20715867339	1850	40.09517231329204	0.0	930577	3182.5371185932954	1.85
22153.207444131887	1850	41.094886854793586	0.0	858450	3000.2854584984516	1.85
22156.84063378247	1850	41.46169720420899	0.0	1025005	3633.1896505845907	1.85
22159.82755708351	1850	42.47477390317307	0.0	886255	2986.9233010359167	1.85
22163.187467942957	1850	43.11486304372495	0.0	973972	3359.91085944812	1.85
22166.64645235183	1850	43.65587863484942	0.0	958994	3458.984408875527	1.85
22170.019973336726	1850	44.2823576499539	0.0	982064	3373.520984895522	1.85
22172.886655252754	1850	45.4156757339263	0.0	830730	2866.681916027603	1.85
22175.86407899948	1850	46.43825198720106	0.0	846370	2977.4237467252415	1.85

