45316.06284827933	750	4.0	2.557230337617211	450283	2557.2303376172113	-10.246090451754007
45318.33720267116	750	5.725645608175994	0.0	398865	2274.3543918240057	0.75
45320.317971222765	750	7.744877056567581	0.0	350812	1980.7685516084143	0.75
45322.463114891776	750	9.599733387559844	0.0	382355	2145.1436690077353	0.75
45324.800558297145	750	11.26228998218941	0.0	411561	2337.443405370435	0.75
45326.670262039894	750	13.39258623944036	0.0	318564	1869.703742749048	0.75
45331.6604201422	1850	12.402428137126186	0.0	905515	4990.158102314174	0.75
45337.44277535116	1850	10.620072928171874	0.0	1060487	5782.355208954313	1.85
45342.0848331177	1850	9.978015161635355	0.0	852833	4642.05776653652	1.85
45346.974344139264	1850	9.088504140065572	0.0	913888	4889.511021569783	1.85
45352.173648100324	1850	7.889200179001696	0.0	939819	5199.303961063876	1.85
45357.40624349209	1850	6.656604787233162	0.0	917428	5232.595391768534	1.85
45362.74483455075	1850	5.318013728570066	0.0	946851	5338.591058663096	1.85
45368.73348172798	1850	4.0	0.6706334486596833	1036454	5988.647177229749	-1.0337238292366382
45371.72237552856	1200	5.011106199420804	0.0	526950	2988.893800579196	0.5499999999999999
45374.978576236834	1200	5.754905491140721	0.0	587876	3256.200708280083	1.2
45378.31828914206	1200	6.415192585923218	0.0	617242	3339.7129052175032	1.2
45381.697952928575	1200	7.035528799405784	0.0	581493	3379.663786517434	1.2
45385.80719637029	1200	6.926285357687476	0.0	639204	4109.243441718308	1.2
45390.226831532076	1200	6.506650195902088	0.0	586839	4419.635161785388	1.2
45393.5171405775	1200	7.216341150479244	0.0	601738	3290.3090454228445	1.2
45396.8512851898	1200	7.882196538180775	0.0	616206	3334.1446122984685	1.2
45400.36096709335	1200	8.37251463463263	0.0	656471	3509.681903548145	1.2
45403.15963147684	1200	9.573850251136042	0.0	536667	2798.6643834965867	1.2
45406.332563774165	1200	10.400917953810938	0.0	587236	3172.9322973251033	1.2
45409.901321206286	1200	10.832160521692664	0.0	590335	3568.757432118275	1.2
45413.666137528635	1200	11.06734419934172	0.0	696376	3764.816322350944	1.2
45416.300144169	1200	12.433337558972315	0.0	487160	2634.0066403694054	1.2
45419.82494981158	1200	12.908531916400847	0.0	622896	3524.8056425714676	1.2
45423.36175540356	1200	13.371726324422829	0.0	641447	3536.8055919780186	1.2
45426.47233910235	1200	14.261142625625332	0.0	570392	3110.5836987974967	1.2
45429.78334363607	1200	14.950138091911574	0.0	620283	3311.0045337137585	1.2
45434.294913184815	1200	14.438568543161761	0.0	584349	4511.569548749813	1.2
45440.417728551765	1200	12.315753176211391	0.0	670129	6122.815366950371	1.2
45446.682874346334	1200	10.05060738164746	0.0	690253	6265.145794563931	1.2
45450.58241173554	1200	10.151069992442222	0.0	598727	3899.5373892052376	1.2
45453.38800218204	1200	11.345479545937945	0.0	487812	2805.5904465042786	1.2
45456.52544229284	1200	12.208039435133221	0.0	575591	3137.440110804722	1.2
45460.24075658046	1200	12.492725147517477	0.0	605884	3715.3142876157426	1.2
45463.69938997605	1200	13.034091751930092	0.0	587506	3458.6333955873865	1.2
45466.944694833146	1200	13.788786894829522	0.0	566904	3245.3048571005693	1.2
45470.565029520534	1200	14.168452207439907	0.0	641452	3620.3346873896153	1.2
45473.92927239178	1200	14.804209336194944	0.0	599477	3364.2428712449614	1.2
45479.276968598315	1850	13.456513129658882	0.0	973972	5347.696206536062	1.2000000000000002
45484.36754266523	1850	12.365939062734093	0.0	958994	5090.57406692479	1.85
45489.641633895066	1850	11.091847832903428	0.0	982064	5274.091229830665	1.85
45496.85477822205	2850	7.87870350592855	0.0	1231456	7213.144326974877	1.85
45504.12875520293	2850	4.604726525041018	0.0	1364537	7273.976980887533	2.85

