22261.812480122484	750	4.0	1.8690049615176088	450283	1869.0049615176088	-7.286721334525717
22263.477197875487	750	6.335282246996398	0.0	398865	1664.7177530036022	0.75
22264.950997793676	750	8.861482328811798	0.0	350812	1473.799918184598	0.75
22266.397186369813	750	11.415293752673348	0.0	382355	1446.1885761384508	0.75
22267.91798703518	750	13.894493087307644	0.0	411561	1520.800665365704	0.75
22270.79058037537	1850	15.021899747121159	0.0	801058	2872.593340186485	0.75
22273.942178376168	1850	15.870301746323506	0.0	905515	3151.5980007976523	1.85
22277.70603703582	1850	16.10644308667238	0.0	1060487	3763.858659651129	1.85
22280.792700941107	1850	17.019779181381516	0.0	852833	3086.663905290862	1.85
22283.88860949838	1850	17.923870624111256	0.0	913888	3095.9085572702616	1.85
22287.157588457176	1850	18.654891665314587	0.0	939819	3268.9789587966684	1.85
22290.477675738024	1850	19.3348043844631	0.0	917428	3320.087280851484	1.85
22293.873049901547	1850	19.93943022094064	0.0	946851	3395.3741635224624	1.85
22297.4638451375	1850	20.34863498498843	0.0	1036454	3590.795235952211	1.85
22300.2012818509	1850	21.61119827158577	0.0	821631	2737.4367134026575	1.85
22303.29890889209	1850	22.51357123039426	0.0	923170	3097.6270411915107	1.85
22306.546148932714	1850	23.26633118977207	0.0	966699	3247.240040622191	1.85
22309.442385262624	1850	24.370094859864277	0.0	885714	2896.2363299077933	1.85
22312.798120936295	1850	25.014359186190244	0.0	987708	3355.735673674035	1.85
22316.146381447	1850	25.66609867548374	0.0	923755	3348.2605107065024	1.85
22319.350975523397	1850	26.461504599086968	0.0	891604	3204.5940763967756	1.85
22322.773171490844	1850	27.03930863163902	0.0	955231	3422.1959674479476	1.85
22326.238497737213	1850	27.573982385267854	0.0	968026	3465.326246371167	1.85
22329.360863466056	1850	28.45161665642645	0.0	874175	3122.3657288414024	1.85
22332.567883398286	1850	29.244596724194295	0.0	897976	3207.0199322321537	1.85
22335.82344037105	1850	29.989039751434056	0.0	905935	3255.55697276024	1.85
22339.664854977433	1850	30.147625145048654	0.0	1076599	3841.4146063854014	1.85
22342.391402296907	1850	31.421077825571988	0.0	758197	2726.547319476663	1.85
22345.891671759706	1850	31.920808362773034	0.0	972798	3500.269462798956	1.85
22349.518603088483	1850	32.29387703399455	0.0	975811	3626.931328778484	1.85
22352.851965970087	1850	32.96051415238828	0.0	873429	3333.3628816062774	1.85
22356.556068769438	1850	33.256411353039184	0.0	954453	3704.1027993490916	1.85
22359.660172123036	1850	34.15230799943752	0.0	885062	3104.103353601673	1.85
22363.133331536792	1850	34.67914858568261	0.0	1035329	3473.1594137549046	1.85
22366.640159109727	1850	35.17232101274857	0.0	1026056	3506.8275729340485	1.85
22369.86205989644	1850	35.95042022603603	0.0	943942	3221.9007867125315	1.85
22372.36396073586	1850	37.448519386615935	0.0	728962	2501.9008394201023	1.85
22379.455685371548	4300	34.35679475093096	0.0	2147467	7091.724635684975	1.8499999999999996
22386.795409993272	4300	31.01707012920739	0.0	2133870	7339.724621723571	4.3
22394.04622084521	4300	27.7662592772701	0.0	2146120	7250.810851937291	4.3
22401.374643235875	4300	24.43783688660754	0.0	2108491	7328.422390662558	4.3
22408.858254033705	4300	20.954226088778515	0.0	2184571	7483.610797829026	4.3
22415.979906822267	4300	17.83257330021309	0.0	2121928	7121.652788565424	4.3
22423.63830276167	4300	14.174177360809335	0.0	2219102	7658.395939403755	4.3
22431.399937650942	4300	10.412542471539753	0.0	2124950	7761.634889269583	4.3
22434.979349670677	1850	10.833130451802369	0.0	982064	3579.4120197373854	-0.6000000000000001
22437.8216615195	1850	11.9908186029782	0.0	830730	2842.311848824169	1.85
22440.791167764284	1850	13.021312358196774	0.0	846370	2969.506244781426	1.85

