41689.005377330395	750	4.0	8.129839025422095	450283	8129.839025422095	-34.20830780931501
41692.04936823905	300	4.9560090913431685	0.0	155580	3043.9909086568314	-0.15000000000000002
41695.03785001113	300	5.967527319264911	0.0	139857	2988.481772078257	0.3
41698.01065495199	300	6.994722378409193	0.0	155432	2972.8049408557185	0.3
41700.95394248493	300	8.05143484546587	0.0	163442	2943.2875329433236	0.3
41703.26170503677	300	9.743672293630997	0.0	126289	2307.762551834873	0.3
41706.04902700975	300	10.9563503206477	0.0	153295	2787.321972983295	0.3
41709.68143952304	300	11.32393780735362	0.0	173849	3632.4125132940826	0.3
41712.69187045688	300	12.313506873516275	0.0	150710	3010.430933837343	0.3
41715.20522191724	300	13.800155413153353	0.0	139105	2513.351460362921	0.3
41717.80093154938	300	15.204445781020102	0.0	141840	2595.709632133252	0.3
41720.70567747275	300	16.29969985764288	0.0	156148	2904.7459233772206	0.3
41723.9599383185	300	17.04543901190215	0.0	160746	3254.2608457407305	0.3
41727.66389487822	300	17.34148245218038	0.0	179801	3703.9565597217743	0.3
41730.2264799035	300	18.77889742690933	0.0	140051	2562.5850252710466	0.3
41732.750133608526	300	20.255243721879257	0.0	138313	2523.653705030072	0.3
41735.33973145321	300	21.66564587720007	0.0	143509	2589.5978446791883	0.3
41738.06831281475	300	22.937064515664076	0.0	150616	2728.5813615359966	0.3
41745.30220797439	750	19.703169356022162	0.0	405596	7233.895159641915	0.3
41752.19799646855	750	16.80738086186177	0.0	350713	6895.78849416039	0.75
41759.46292344696	750	13.542453883449477	0.0	386472	7264.926978412292	0.75
41762.78633900291	300	14.219038327505974	0.0	157812	3323.4155559435035	-0.15000000000000002
41765.820309966315	300	15.185067364096113	0.0	163927	3033.97096340986	0.3
41768.485868003874	300	16.519509326540216	0.0	137654	2665.558037555899	0.3
41771.68491650216	300	17.32046082825206	0.0	146754	3199.048498288156	0.3
41774.671420829174	300	18.33395650123893	0.0	153938	2986.5043270131314	0.3
41777.93898746006	300	19.066389870356982	0.0	181901	3267.566630881945	0.3
41779.97432324015	300	21.031054090262558	0.0	111155	2035.3357800944266	0.3
41782.75694034755	300	22.248436982866057	0.0	153605	2782.6171073965024	0.3
41785.573507091016	300	23.43187023940089	0.0	149029	2816.5667434651673	0.3
41788.57332431219	300	24.432053018226323	0.0	157421	2999.8172211745655	0.3
41796.61950639182	750	20.385870938588642	0.0	400322	8046.182079637681	0.3
41803.626394005165	750	17.378983325244086	0.0	369834	7006.88761334456	0.75
41810.97348937918	750	14.031887951226537	0.0	412837	7347.0953740175455	0.75
41818.486342712386	750	10.51903461802382	0.0	401088	7512.853333202718	0.75
41825.04224073811	750	7.963136592300772	0.0	365161	6555.898025723047	0.75
41830.87932921881	750	6.12604811159767	0.0	321064	5837.0884807031025	0.75
41833.142620511375	300	7.862756819032218	0.0	124011	2263.2912925654523	-0.15000000000000002
41835.759013829076	300	9.246363501333663	0.0	144254	2616.393317698556	0.3
41838.474783902326	300	10.530593428081216	0.0	149991	2715.770073252446	0.3
41841.5188562637	300	11.486521066711587	0.0	147968	3044.0723613696277	0.3
41844.95687726099	300	12.048500069417711	0.0	161857	3438.0209972938765	0.3
41848.03694363186	300	12.968433698553332	0.0	145210	3080.0663708643788	0.3
41851.34906805548	300	13.65630927492696	0.0	172312	3312.124423626371	0.3
41854.38390561238	300	14.621471718017258	0.0	167025	3034.8375569097025	0.3
41862.303490377584	750	10.701886952824601	0.0	393804	7919.584765192656	0.3
41868.19964241336	750	8.805734917045468	0.0	331053	5896.152035779131	0.75
41878.69819777039	1200	4.0	1.692820439987654	550906	10498.555357033123	-6.529127891946913

