41730.057325135946	750	4.0	1.292277730175302	450283	1292.277730175302	-4.806794239753798
41731.21117237612	750	6.8461527598279925	0.0	398865	1153.847240172007	0.75
41732.23564857237	750	9.821676563573064	0.0	350812	1024.4761962549287	0.75
41733.34504664318	750	12.712278492757205	0.0	382355	1109.3980708158595	0.75
41734.49455275672	750	15.562772379222631	0.0	411561	1149.5061135345734	0.75
41736.50546654221	1850	17.551858593734455	0.0	801058	2010.9137854881785	0.75
41738.768169163566	1850	19.289155972368302	0.0	905515	2262.7026213661534	1.85
41741.468667379195	1850	20.58865775674738	0.0	1060487	2700.498215620923	1.85
41743.670435302265	1850	22.386889833673916	0.0	852833	2201.767923073464	1.85
41746.35218317672	1850	23.705141959222544	0.0	913888	2681.7478744513724	1.85
41749.29612387015	1850	24.7612012657922	0.0	939819	2943.9406934303443	1.85
41751.73678907605	1850	26.32053605988765	0.0	917428	2440.665205904547	1.85
41754.18913469852	1850	27.868190437419432	0.0	946851	2452.3456224682204	1.85
41759.16960939229	1850	26.88771574365427	0.0	1036454	4980.4746937651635	1.85
41761.854511109894	1850	28.202814026040926	0.0	821631	2684.90171761334	1.85
41764.463902160176	1850	29.593422975764973	0.0	923170	2609.3910502759522	1.85
41766.986142345144	1850	31.07118279079638	0.0	966699	2522.240184968594	1.85
41769.25062472509	1850	32.80670041084575	0.0	885714	2264.482379950631	1.85
41771.81760517464	1850	34.23971996129978	0.0	987708	2566.980449545964	1.85
41774.254249130274	1850	35.80307600566975	0.0	923755	2436.6439556300243	1.85
41776.615515205136	1850	37.44180993080023	0.0	891604	2361.266074869521	1.85
41779.14637209364	1850	38.91095304229774	0.0	955231	2530.8568885024915	1.85
41781.683870890265	1850	40.37345424566789	0.0	968026	2537.4987966298513	1.85
41783.95360869317	1850	42.10371644276953	0.0	874175	2269.7378028983608	1.85
41786.303039030114	1850	43.754286105825585	0.0	897976	2349.4303369439435	1.85
41788.740283994935	1850	45.31704114100092	0.0	905935	2437.2449648246693	1.85
41791.61009070101	1850	46.44723443492327	0.0	1076599	2869.806706077655	1.85
41793.63033164486	1850	48.426993491077525	0.0	758197	2020.240943845739	1.85
41796.20200074381	1850	49.85532439212844	0.0	972798	2571.6690989490908	1.85
41798.82832523057	1850	51.22899990537678	0.0	975811	2626.324486751655	1.85
41801.18748958733	1850	52.86983554861198	0.0	873429	2359.1643567647952	1.85
41803.601653861355	1850	54.45567127459506	0.0	954453	2414.1642740169195	1.85
41805.842687309916	1850	56.214637826033005	0.0	885062	2241.033448562064	1.85
41808.4493833879	1850	57.60794174804634	0.0	1035329	2606.696077986654	1.85
41811.03309719511	1850	59.02422794083356	0.0	1026056	2583.7138072127855	1.85
41817.301855345504	1850	56.755469790441495	0.0	943942	6268.7581503920655	1.85
41819.276160164845	1850	58.78116497109766	0.0	728962	1974.3048193438353	1.85
41822.285359511356	1850	59.762121677382105	0.0	938587	2519.043293715547	1.85
41826.19571006957	1850	59.85177111915964	0.0	908665	2410.3505582224593	1.85
41830.1202947826	1850	59.92718640613068	0.0	930577	2424.5847130289712	1.85
41834.36206351298	1850	59.685417675752774	0.0	858450	2241.7687303779044	1.85
41838.12332711971	1850	59.92415406901545	0.0	1025005	2761.2636067373237	1.85
41840.69400394783	1850	59.60287748553877	0.0	886255	2321.2765834766815	1.85
41844.642240052686	1850	59.65464138068672	0.0	973972	2448.236104852048	1.85
41849.006435048526	1850	59.29044638484497	0.0	958994	4364.194995841752	1.85
41852.83025462896	1850	59.46662680440698	0.0	982064	3823.819580437985	1.85
41856.13402768934	1850	59.847565737104574	0.0	830730	2619.0610673024025	1.85
41859.98448277123	1850	59.99711065521027	0.0	846370	2350.4550818943	1.85

