8092.464770841898	750	4.0	6.298804001402269	450283	6298.804001402269	-26.334857206029756
8093.86338635917	300	6.6013844827270205	0.0	155580	1398.6155172729798	-0.15000000000000002
8095.128741870157	300	9.33602897174073	0.0	139857	1265.3555109862907	0.3
8096.524082926208	300	11.94068791568869	0.0	155432	1395.3410560520394	0.3
8099.916697711118	750	12.548073130778532	0.0	411561	3392.614784910157	0.3
8102.504621006362	750	13.960149835534748	0.0	318564	2587.9232952437833	0.75
8105.248733421387	750	15.21603742051003	0.0	352642	2744.1124150247188	0.75
8110.345564310288	750	14.119206531608878	0.0	437162	5096.830888901152	0.75
8114.096466636675	750	14.36830420522153	0.0	374758	3750.902326387346	0.75
8117.093801675617	750	15.370969166279762	0.0	362795	2997.3350389417697	0.75
8120.0534866565695	750	16.41128418532643	0.0	353220	2959.6849809533314	0.75
8123.289557811939	750	17.175213029956733	0.0	405134	3236.0711553696956	0.75
8126.166375521573	750	18.29839532032263	0.0	386351	2876.817709634102	0.75
8129.535548646444	750	18.929222195451846	0.0	434409	3369.1731248707856	0.75
8132.222979238416	750	20.241791603480145	0.0	337059	2687.4305919716994	0.75
8137.891656595279	750	18.573114246617994	0.0	366214	5668.677356862148	0.75
8141.045863495356	750	19.418907346540838	0.0	360831	3154.206900077158	0.75
8144.307095022153	750	20.1576758197431	0.0	372963	3261.2315267977356	0.75
8147.829675156081	750	20.635095685814758	0.0	405596	3522.580133928341	0.75
8150.530752805431	750	21.934018036465066	0.0	350713	2701.077649349692	0.75
8157.936562808453	1850	18.528208033442557	0.0	891604	7405.8100030225105	0.75
8165.280902230805	1850	15.183868611090723	0.0	955231	7344.339422351832	1.85
8176.654872019085	1850	7.809898822810421	0.0	968026	11373.969788280303	1.85
8179.434514193471	750	9.030256648424588	0.0	343800	2779.642174385832	-0.3500000000000001
8181.86964927683	750	10.595121565065101	0.0	359903	2435.1350833594884	0.75
8184.755581929365	750	11.709188912530257	0.0	379700	2885.9326525348442	0.75
8188.3655874550495	750	12.099183386845997	0.0	425781	3610.005525684261	0.75
8190.310688230252	750	14.154082611643087	0.0	277716	1945.1007752029093	0.75
8193.079690268261	750	15.385080573632514	0.0	400396	2769.002038010572	0.75
8196.405348279615	750	16.059422562278698	0.0	400508	3325.6580113538184	0.75
8200.836124080293	750	15.62864676160193	0.0	358218	4430.775800676768	0.75
8206.050258239298	750	14.414512602596067	0.0	400322	5214.134159005861	0.75
8209.26325121539	750	15.201519626504487	0.0	369834	3212.992976091581	0.75
8212.719302047879	750	15.74546879401618	0.0	412837	3456.0508324883062	0.75
8216.072620413785	750	16.39215042811112	0.0	401088	3353.3183659050596	0.75
8219.129980236336	750	17.334790605560475	0.0	365161	3057.3598225506444	0.75
8221.845753208938	750	18.61901763295915	0.0	321064	2715.7729726013267	0.75
8224.85328784884	750	19.61148299305537	0.0	361565	3007.5346399037794	0.75
8227.855300754249	750	20.609470087647047	0.0	378327	3002.012905408322	0.75
8232.115430601225	750	20.34934024067121	0.0	390680	4260.129846975831	0.75
8235.596180249446	750	20.868590592450325	0.0	345516	3480.749648220887	0.75
8238.169881829725	750	22.29488901217262	0.0	384505	2573.701580277703	0.75
8245.027736866197	1850	19.4370339756996	0.0	886255	6857.855036473023	0.75
8255.877710085644	1850	12.587060756251372	0.0	973972	10849.973219448228	1.85
8259.110872948355	750	13.353897893540625	0.0	398987	3233.162862710748	-0.3500000000000001
8262.19989264325	750	14.264878198646116	0.0	393804	3089.0196948945086	0.75
8264.78631171132	750	15.678459130576218	0.0	331053	2586.419068069898	0.75
8267.191270254805	750	17.273500587090446	0.0	314107	2404.9585434857727	0.75

