22896.282333580682	750	4.0	3.2724006227649514	450283	3272.4006227649515	-13.32132267788929
22897.465359208767	300	6.816974371917725	0.0	155580	1183.0256280822753	-0.15000000000000002
22898.537620190626	300	9.7447133900586	0.0	139857	1072.2609818591256	0.3
22903.007632977453	1200	9.274700603228899	0.0	617681	4470.0127868296995	0.29999999999999993
22907.583526692917	1200	8.698806887765846	0.0	652874	4575.893715463053	1.2
22909.907547262555	750	10.374786318123695	0.0	318564	2324.0205696421503	0.3
22913.993320901198	1200	10.28901267948561	0.0	561791	4085.7736386380852	0.75
22919.01776889786	1200	9.264564682825254	0.0	709534	5024.447996660355	1.2
22923.172194465933	1200	9.110139114750408	0.0	584846	4154.425568074845	1.2
22927.156903425563	1200	9.125430155119655	0.0	560821	3984.708959630754	1.2
22931.400918655556	1200	8.881414925126908	0.0	607410	4244.015229992746	1.2
22934.24510543836	750	10.037228142323743	0.0	405134	2844.1867828031636	0.3
22938.798169417	1200	9.484164163680859	0.0	624282	4553.063978642886	0.75
22946.11356682317	1200	6.168766757513937	0.0	687371	7315.397406166921	1.2
22947.19752249137	300	9.08481108931336	0.0	140051	1083.9556682005764	-0.6000000000000001
22951.475628933556	1200	8.806704647127754	0.0	587876	4278.106442185606	0.29999999999999993
22954.123352106537	750	10.158981474145024	0.0	360831	2647.723172982728	0.3
22958.323985717103	1200	9.958347863578082	0.0	581493	4200.633610566944	0.75
22962.92929107163	1200	9.35304250905242	0.0	639204	4605.305354525661	1.2
22967.16305015325	1200	9.119283427432489	0.0	586839	4233.759081619933	1.2
22971.446738913408	1200	8.83559466727247	0.0	601738	4283.6887601600165	1.2
22974.270478206236	750	10.01185537444432	0.0	399894	2823.7392928281515	0.3
22978.960762633	1200	9.321570947679316	0.0	656471	4690.2844267650025	0.75
22982.81454528447	1200	9.467788296211186	0.0	536667	3853.782651468131	1.2
22986.989608678152	1200	9.29272490253032	0.0	587236	4175.063393680864	1.2
22991.186407157096	1200	9.095926423582988	0.0	590335	4196.798478947334	1.2
22996.250456217826	1200	8.031877362855814	0.0	696376	5064.049060727173	1.2
22998.336760867423	750	9.94557271325801	0.0	277716	2086.304649597805	0.3
23003.09663957477	1200	9.18569400591093	0.0	622896	4759.878707347078	0.75
23008.14852373744	1200	8.133809843238163	0.0	641447	5051.884162672767	1.2
23010.96294069035	750	9.319392890330057	0.0	358218	2814.416952908107	0.3
23015.40817200363	1200	8.874161577047685	0.0	620283	4445.231313282371	0.75
23018.066416995483	750	10.215916585193781	0.0	369834	2658.2449918539046	0.3
23022.790544518404	1200	9.491789062273556	0.0	670129	4724.127522920226	0.75
23027.640152919834	1200	8.642180660845861	0.0	690253	4849.608401427694	1.2
23030.258378512735	750	10.023955067940584	0.0	365161	2618.2255929052776	0.3
23033.66471776193	1200	10.61761581874815	0.0	487812	3406.3392491924337	0.75
23038.403963142704	1200	9.878370437972624	0.0	575591	4739.245380775526	1.2
23043.53994845787	1200	8.742385122805445	0.0	605884	5135.985315167179	1.2
23046.375491027502	750	9.906842553175082	0.0	390680	2835.5425696303623	0.3
23050.262129717572	1200	10.020203863102127	0.0	566904	3886.638690072954	0.75
23054.871574353507	1200	9.410759227170445	0.0	641452	4609.444635931683	1.2
23059.169988717935	1200	9.112344862738533	0.0	599477	4298.414364431913	1.2
23063.628046599235	1200	8.654286981437862	0.0	634861	4458.057881300671	1.2
23066.42995897212	750	9.85237460855305	0.0	398987	2801.912372884811	0.3
23071.034364214578	1200	9.24796936609516	0.0	638661	4604.4052424578895	0.75
23074.776603416998	1200	9.505730163675093	0.0	538612	3742.239202420068	1.2
23078.602851577587	1200	9.679482003085953	0.0	550906	3826.2481605891385	1.2

