45400.19352657156	750	4.0	4.835955632113524	450283	4835.955632113524	-20.044609218088155
45401.92851857094	300	6.265008000619782	0.0	155580	1734.9919993802175	-0.15000000000000002
45403.49809578011	300	8.695430791448238	0.0	139857	1569.5772091715446	0.3
45405.233557893385	300	10.959968678175741	0.0	155432	1735.4621132724965	0.3
45407.18132277628	300	13.012203795284325	0.0	163442	1947.7648828914155	0.3
45408.73811225683	300	15.45541431473005	0.0	126289	1556.7894805542771	0.3
45412.65041665045	750	15.543109921111215	0.0	352642	3912.304393618834	0.3
45417.14946939888	750	15.04405717268217	0.0	437162	4499.052748429046	0.75
45421.12949357432	750	15.064032997236287	0.0	374758	3980.0241754458825	0.75
45425.25036339245	750	14.943163179109957	0.0	362795	4120.86981812633	0.75
45429.52387154713	750	14.669655024433657	0.0	353220	4273.5081546762995	0.75
45434.05785992783	750	14.135666643726323	0.0	405134	4533.988380707336	0.75
45438.21565118756	750	13.977875383994778	0.0	386351	4157.791259731544	0.75
45442.94736405651	750	13.246162515042613	0.0	434409	4731.712868952165	0.75
45446.60629685993	750	13.58722971162713	0.0	337059	3658.9328034154832	0.75
45450.53082008038	750	13.662706491179918	0.0	366214	3924.5232204472104	0.75
45454.762394093115	750	13.431132478438993	0.0	360831	4231.574012740926	0.75
45459.22487002355	750	12.968656548005306	0.0	372963	4462.475930433686	0.75
45464.087449727536	750	12.10607684401651	0.0	405596	4862.579703988797	0.75
45468.20474532131	750	11.988781250242623	0.0	350713	4117.295593773888	0.75
45472.35213337425	750	11.84139319730718	0.0	386472	4147.388052935442	0.75
45476.53571259252	750	11.65781397903074	0.0	399894	4183.579218276441	0.75
45480.85325707127	750	11.34026950027826	0.0	401853	4317.544478752479	0.75
45484.510506727835	750	11.683019843713184	0.0	343800	3657.2496565650767	0.75
45486.10146661552	300	14.092059956030813	0.0	146754	1590.9598876823704	-0.15000000000000002
45488.266480674014	300	15.927045897535907	0.0	153938	2165.014058494905	0.3
45498.7615541669	750	9.431972404650784	0.0	425781	10495.073492885123	0.3
45500.057025939954	300	12.136500631592066	0.0	111155	1295.471773058719	-0.15000000000000002
45501.81668534979	300	14.376841221752791	0.0	153605	1759.6594098392745	0.3
45506.175351490005	750	14.018175081538265	0.0	400508	4358.6661402145255	0.3
45510.3264248304	750	13.867101741144682	0.0	358218	4151.073340393586	0.75
45515.09760303028	750	13.0959235412682	0.0	400322	4771.178199876481	0.75
45519.230784910105	750	12.962741661444925	0.0	369834	4133.181879823274	0.75
45523.37879320146	750	12.814733370091517	0.0	412837	4148.008291353408	0.75
45527.392234558116	750	12.801292013440248	0.0	401088	4013.4413566512676	0.75
45531.21896620436	750	12.974560367191684	0.0	365161	3826.731646248565	0.75
45535.37782044757	750	12.815706123991243	0.0	321064	4158.8542432004415	0.75
45541.71524510866	750	10.478281462900036	0.0	361565	6337.424661091208	0.75
45548.174978743584	750	8.018547827973126	0.0	378327	6459.733634926908	0.75
45552.66367270923	300	7.5298538623262505	0.0	149991	4488.693965646877	-0.15000000000000002
45554.80112563718	300	9.392400934372802	0.0	147968	2137.452927953449	0.3
45556.45928932058	300	11.734237250970335	0.0	161857	1658.1636834024655	0.3
45557.95513879553	300	14.238387776021014	0.0	145210	1495.8494749493195	0.3
45564.90452581166	750	11.289000759895076	0.0	438281	6949.387016125938	0.3
45566.855155304664	300	13.338371266891388	0.0	167025	1950.629493003689	-0.15000000000000002
45571.256131443864	750	12.93739512769179	0.0	393804	4400.976139199597	0.3
45574.8316713865	750	13.36185518506159	0.0	331053	3575.5399426302015	0.75
45577.99770278796	750	14.195823783598827	0.0	314107	3166.0314014627625	0.75

