9529.90221460852	750	4.0	2.4281955876192804	450283	2428.1955876192806	-9.691241026762906
9530.79355385411	300	7.108660754410431	0.0	155580	891.3392455895683	-0.15000000000000002
9532.703014860817	750	9.19919974770155	0.0	350812	1909.4610067088809	0.3
9535.155614821235	1200	10.746599787284657	0.0	617681	2452.599960416894	0.75
9537.74032152385	1200	12.161893084668703	0.0	652874	2584.7067026159525	1.2
9540.93117758852	1850	12.9710370199985	0.0	801058	3190.8560646702044	1.2000000000000002
9544.578903410715	1850	13.32331119780515	0.0	905515	3647.7258221933484	1.85
9551.251139998276	2850	10.651074610243146	0.0	1638769	6672.236587562005	1.85
9553.678590203897	1200	12.22362440462051	0.0	584846	2427.4502056226356	-0.44999999999999996
9557.361758443241	1850	12.540456165276158	0.0	913888	3683.168239344352	1.2000000000000002
9561.249870260079	1850	12.652344348438856	0.0	939819	3888.111816837303	1.85
9565.1389661249	1850	12.76324848361735	0.0	917428	3889.0958648215046	1.85
9569.164152586914	1850	12.738062021603026	0.0	946851	4025.1864620143247	1.85
9573.24004028322	1850	12.662174325295487	0.0	1036454	4075.887696307539	1.85
9577.7921845277	1850	12.11003008081892	0.0	821631	4552.144244476568	1.85
9581.848859889666	1850	12.053354718851873	0.0	923170	4056.6753619670467	1.85
9585.743288042213	1850	12.158926566303796	0.0	966699	3894.428152548076	1.85
9589.245869066943	1850	12.656345541574451	0.0	885714	3502.5810247293466	1.85
9593.18000841888	1850	12.722206189635884	0.0	987708	3934.139351938566	1.85
9597.186892461788	1850	12.715322146728871	0.0	923755	4006.8840429070124	1.85
9602.115962972444	1850	11.786251636073215	0.0	891604	4929.070510655656	1.85
9607.198062765612	1850	10.704151842904714	0.0	955231	5082.099793168501	1.85
9610.277293676265	1200	11.624920932250832	0.0	656471	3079.230910653882	0.5499999999999999
9614.240836913294	1850	11.66137769522142	0.0	874175	3963.5432370294134	1.2000000000000002
9617.836023320178	1850	12.066191288337098	0.0	897976	3595.18640688432	1.85
9621.39223675922	1850	12.50997784929262	0.0	905935	3556.2134390444794	1.85
9625.863612625704	1850	12.038601982808727	0.0	1076599	4471.375866483894	1.85
9629.777037892494	1850	12.125176716019679	0.0	758197	3913.4252667890464	1.85
9633.646640130499	1850	12.25557447801499	0.0	972798	3869.6022380046893	1.85
9637.600652958565	1850	12.301561649950784	0.0	975811	3954.0128280642057	1.85
9641.254408970784	1850	12.647805637730595	0.0	873429	3653.7560122201908	1.85
9645.37645364503	1850	12.5257609634847	0.0	954453	4122.044674245896	1.85
9648.998163840084	1850	12.90405076843067	0.0	885062	3621.7101950540286	1.85
9653.113251619054	1850	12.788962989460906	0.0	1035329	4115.087778969764	1.85
9657.170186013123	1850	12.73202859539255	0.0	1026056	4056.934394068358	1.85
9661.038843503788	1850	12.863371104726582	0.0	943942	3868.657490665966	1.85
9664.51452646439	1850	13.387688144123624	0.0	728962	3475.6829606029587	1.85
9671.28581915526	2850	10.61639545325334	0.0	1499009	6771.292690870286	1.85
9673.751465133018	1200	12.150749475495084	0.0	605884	2465.6459777582545	-0.44999999999999996
9677.545177966842	1850	12.357036641670533	0.0	930577	3793.7128338245516	1.2000000000000002
9681.096699386671	1850	12.8055152218427	0.0	858450	3551.5214198278313	1.85
9685.314874603624	1850	12.587340004889832	0.0	1025005	4218.17521695287	1.85
9689.329553613883	1850	12.572660994631033	0.0	886255	4014.679010258798	1.85
9693.744516989585	1850	12.157697618929435	0.0	973972	4414.963375701598	1.85
9698.2091118123	1850	11.693102796212543	0.0	958994	4464.594822716892	1.85
9702.798977909257	1850	11.103236699256327	0.0	982064	4589.866096956216	1.85
9706.466772514521	1850	11.435442093993816	0.0	830730	3667.79460526251	1.85
9709.88809097667	1850	12.014123631844353	0.0	846370	3421.318462149463	1.85

