24554.857852031288	750	4.0	9.430230506494885	450283	9430.230506494885	-39.79999117792801
24557.572018781502	300	5.28583324978669	0.0	155580	2714.1667502133096	-0.15000000000000002
24559.674520426463	300	7.183331604823892	0.0	139857	2102.5016449627988	0.3
24561.962450957868	300	8.895401073417679	0.0	155432	2287.930531406213	0.3
24564.331033738395	300	10.526818292888038	0.0	163442	2368.5827805296417	0.3
24566.181826820124	300	12.676025211159924	0.0	126289	1850.7930817281142	0.3
24568.427615357814	300	14.430236673471608	0.0	153295	2245.788537688316	0.3
24570.963795738706	300	15.894056292581325	0.0	173849	2536.180380890284	0.3
24573.19939653484	300	17.658455496445228	0.0	150710	2235.600796136096	0.3
24578.423483065453	750	16.434368965835723	0.0	362795	5224.086530609506	0.3
24583.5457372962	750	15.312114735088427	0.0	353220	5122.254230747299	0.75
24589.577659104954	750	13.280192926333614	0.0	405134	6031.921808754813	0.75
24595.271960468068	750	11.585891563217968	0.0	386351	5694.301363115645	0.75
24601.688086986454	750	9.169765044830497	0.0	434409	6416.126518387473	0.75
24606.558378750495	750	8.299473280789233	0.0	337059	4870.2917640412625	0.75
24611.828770133056	750	7.0290818982285534	0.0	366214	5270.391382560679	0.75
24617.09222272687	750	5.765629304415609	0.0	360831	5263.4525938129445	0.75
24619.396453337067	300	7.461398694220087	0.0	150616	2304.2306101955223	-0.15000000000000002
24621.91877125307	300	8.93908077821796	0.0	165384	2522.317916002127	0.3
24624.154360281962	300	10.703491749324149	0.0	140881	2235.589028893811	0.3
24626.648031645018	300	12.209820386269412	0.0	157671	2493.6713630547365	0.3
24629.080146355544	300	13.777705675746423	0.0	157812	2432.1147105229893	0.3
24635.085023176092	750	11.77282885519805	0.0	401853	6004.876820548374	0.3
24640.162961539925	750	10.69489049136738	0.0	343800	5077.93836383067	0.75
24645.472034791026	750	9.385817240267093	0.0	359903	5309.073251100287	0.75
24651.063914091985	750	7.7939379393095285	0.0	379700	5591.879300957565	0.75
24657.912860459204	750	4.944991572091145	0.0	425781	6848.946367218384	0.75
24659.641704391983	300	7.2161476393117026	0.0	111155	1728.8439327794417	-0.15000000000000002
24662.000240420904	300	8.85761161039185	0.0	153605	2358.536028919852	0.3
24664.25906588218	300	10.598786149116735	0.0	149029	2258.8254612751143	0.3
24666.623409910157	300	12.234442121139429	0.0	157421	2364.344027977305	0.3
24668.974787594994	300	13.883064436305249	0.0	157488	2351.377684834181	0.3
24674.511149720234	750	12.346702311063828	0.0	369834	5536.362125241421	0.3
24680.962713789842	750	9.895138241454736	0.0	412837	6451.5640696090895	0.75
24687.073208901766	750	7.784643129529977	0.0	401088	6110.49511192476	0.75
24692.46607226568	750	6.391779765616805	0.0	365161	5392.863363913172	0.75
24697.090177222493	750	5.767674808805241	0.0	321064	4624.104956811564	0.75
24698.903600570273	300	7.9542514610275115	0.0	124011	1813.4233477777298	-0.15000000000000002
24700.94631412851	300	9.911537902794532	0.0	144254	2042.7135582329809	0.3
24703.067085055573	300	11.790766975728916	0.0	149991	2120.7709270656137	0.3
24705.28947643901	300	13.568375592288772	0.0	147968	2222.3913834401437	0.3
24710.999262173005	750	11.858589858294595	0.0	384505	5709.785733994177	0.3
24716.342598964045	750	10.51525306725093	0.0	372093	5343.336791043666	0.75
24722.52344467528	750	8.334407356017257	0.0	438281	6180.845711233673	0.75
24728.150853362567	750	6.706998668731285	0.0	398987	5627.408687285972	0.75
24733.75655395605	750	5.101298075249816	0.0	393804	5605.700593481469	0.75
24738.71186573007	750	4.145986301230663	0.0	331053	4955.311774019153	0.75
24743.893538482982	750	4.0	1.0356864516806537	314107	5181.672752911317	-3.703451742226811

