23456.17174790262	750	4.0	4.241689545231836	450283	4241.689545231836	-17.489265044496893
23457.69008670459	300	6.481661198027601	0.0	155580	1518.3388019723986	-0.15000000000000002
23459.0635793449	300	9.108168557722525	0.0	139857	1373.4926403050767	0.3
23464.865943479286	1200	7.305804423338097	0.0	617681	5802.364134384428	0.29999999999999993
23468.791900551227	750	7.3798473513971246	0.0	411561	3925.957071940972	0.3
23471.88157610772	750	8.290171794902054	0.0	318564	3089.6755564950704	0.75
23475.313238360563	750	8.858509542063294	0.0	352642	3431.662252838761	0.75
23478.646578247004	750	9.525169655622973	0.0	437162	3333.3398864403207	0.75
23481.74786208057	1200	10.423885822055858	0.0	584846	3101.283833567114	0.75
23484.48985066322	1200	11.681897239406124	0.0	560821	2741.9885826497343	1.2
23489.91005078434	1850	10.261697118285989	0.0	939819	5420.200121120136	1.2000000000000002
23494.304375927	1200	9.86737197562268	0.0	594078	4394.325142663309	0.5499999999999999
23497.558630520693	1200	10.613117381928687	0.0	624282	3254.2545936939932	1.2
23503.682227181256	1200	8.489520721368514	0.0	687371	6123.596660560174	1.2
23506.90071465552	750	9.271033247107228	0.0	337059	3218.4874742612838	0.3
23512.302015255198	1200	7.869732647429391	0.0	587876	5401.300599677837	0.75
23515.51328002749	750	8.658467875137674	0.0	360831	3211.264772291718	0.3
23518.775558591846	750	9.396189310781706	0.0	372963	3262.2785643559696	0.75
23524.19065001338	1200	7.981097889250094	0.0	639204	5415.091421531611	0.75
23527.216722277888	750	8.955025624742596	0.0	350713	3026.0722645074975	0.3
23529.788337216418	750	10.383410686211208	0.0	386472	2571.6149385313893	0.75
23533.023390282695	1200	11.148357619933465	0.0	616206	3235.053066277742	0.75
23541.28035307849	1850	6.89139482413742	0.0	968026	8256.962795796046	1.2000000000000002
23542.574769007388	300	9.596978895239339	0.0	137654	1294.4159288980798	-1.25
23547.59947498802	1200	8.572272914605298	0.0	587236	5024.70598063404	0.29999999999999993
23550.838170368883	750	9.333577533743219	0.0	379700	3238.69538086208	0.3
23556.733844078975	1200	7.437903823649998	0.0	696376	5895.6737100932205	0.75
23559.136668117313	750	9.03507978531181	0.0	277716	2402.8240383381894	0.3
23562.216660801605	1200	9.955087101023643	0.0	622896	3079.992684288166	0.75
23566.325425916853	1200	9.846321985772272	0.0	641447	4108.765115251371	1.2
23571.60176962272	1200	8.56997827990618	0.0	570392	5276.343705866091	1.2
23574.93671405062	750	9.235033852011062	0.0	400322	3334.9444278951196	0.3
23577.962650714257	1200	10.209097188371336	0.0	584349	3025.9366636397262	0.75
23582.764370120192	1200	9.407377782433318	0.0	670129	4801.719405938016	1.2
23588.73050286141	1200	7.441245041217683	0.0	690253	5966.132741215636	1.2
23591.001034875357	750	9.17071302727407	0.0	365161	2270.532013943613	0.3
23593.444254719518	1200	10.727493183110488	0.0	487812	2443.219844163583	0.75
23596.39239071343	1200	11.779357189199393	0.0	575591	2948.135993911096	1.2
23601.15047945529	1850	11.021268447341889	0.0	908665	4758.088741857504	1.2000000000000002
23606.727149391572	1850	9.444598511058881	0.0	930577	5576.669936283009	1.85
23611.800601209816	1200	8.371146692816232	0.0	566904	5073.451818242649	0.5499999999999999
23615.25331858361	750	8.918429319019294	0.0	384505	3452.717373796936	0.3
23618.815180429952	750	9.356567472677735	0.0	372093	3561.861846341559	0.75
23624.775125242406	1200	7.39662266022791	0.0	634861	5959.944812449826	0.75
23628.506373741526	750	7.665374161107433	0.0	398987	3731.248499120478	0.3
23632.164313931986	750	8.007433970645042	0.0	393804	3657.9401904623905	0.75
23635.231243358245	750	8.940504544389919	0.0	331053	3066.9294262551243	0.75
23637.033364295006	750	11.138383607627103	0.0	314107	1802.1209367628135	0.75

