36484.92692899527	750	4.0	4.5457995898013674	450283	4545.799589801368	-18.79693823614588
36487.159168882536	300	5.767760112736862	0.0	155580	2232.239887263138	-0.15000000000000002
36489.463911522835	300	7.463017472432779	0.0	139857	2304.742640304083	0.3
36494.26608901059	750	6.660839984678182	0.0	382355	4802.177487754597	0.3
36496.158747293506	300	8.768181701760696	0.0	163442	1892.658282917487	-0.15000000000000002
36499.338142364	750	9.588786631265448	0.0	318564	3179.3950704952476	0.3
36504.72886719824	1200	8.198061797033253	0.0	561791	5390.7248342321955	0.75
36509.19616053056	750	7.730768464709156	0.0	437162	4467.293332324098	0.3
36512.94265580146	750	7.984273193807408	0.0	374758	3746.4952709017466	0.75
36516.40380711448	750	8.523121880787661	0.0	362795	3461.151313019747	0.75
36519.88282918114	750	9.044099814136633	0.0	353220	3479.0220666510295	0.75
36525.91685973993	1200	7.010069255345536	0.0	594078	6034.030558791096	0.75
36529.76512013482	750	7.1618088604499315	0.0	386351	3848.260394895605	0.3
36534.06161032379	750	6.865318671480289	0.0	434409	4296.490188969642	0.75
36535.50105671614	300	9.425872279138174	0.0	140051	1439.4463923421151	-0.15000000000000002
36541.195767230885	1200	7.731161764391434	0.0	587876	5694.710514746739	0.29999999999999993
36544.828095361314	750	8.098833633958554	0.0	360831	3632.32813043288	0.3
36548.5157467646	750	8.411182230672255	0.0	372963	3687.6514032862997	0.75
36552.41399010276	750	8.51293889251206	0.0	405596	3898.2433381601954	0.75
36555.75471184425	750	9.172217151023924	0.0	350713	3340.721741488136	0.75
36561.483027916416	1200	7.443901078854934	0.0	601738	5728.31607216899	0.75
36565.250858192354	750	7.676070802917206	0.0	399894	3767.830275937729	0.3
36569.06576666663	750	7.861162328643673	0.0	401853	3814.9084742735317	0.75
36572.37955586642	750	8.547373128853675	0.0	343800	3313.7891997899987	0.75
36575.84398393611	750	9.082945059164095	0.0	359903	3464.42806968958	0.75
36581.52656733371	1200	7.400361661559968	0.0	590335	5682.583397604127	0.75
36585.60377658852	750	7.323152406748439	0.0	425781	4077.2092548115284	0.3
36588.85476090146	750	8.072168093808683	0.0	277716	3250.984312939756	0.75
36594.48227938959	750	6.444649605679544	0.0	400396	5627.518488129139	0.75
36595.9947786107	300	8.932150384569574	0.0	149029	1512.4992211099686	-0.15000000000000002
36599.462064209605	750	9.46486478566246	0.0	358218	3467.2855989071154	0.3
36605.38839557555	1200	7.538533419713497	0.0	620283	5926.331365948962	0.75
36609.45278768643	750	7.474141308835164	0.0	369834	4064.3921108783334	0.3
36614.61546925876	750	6.311459736509749	0.0	412837	5162.681572325414	0.75
36616.47991136312	300	8.447017632142156	0.0	179328	1864.4421043675936	-0.15000000000000002
36620.05600514028	750	8.87092385498823	0.0	365161	3576.093777153927	0.3
36623.10346136112	750	9.82346763414998	0.0	321064	3047.4562208382504	0.75
36628.49760074191	1200	8.429328253362298	0.0	575591	5394.139380787681	0.75
36632.162045192665	750	8.764883802601547	0.0	378327	3664.444450760752	0.3
36635.90471650819	750	9.022212487078159	0.0	390680	3742.6713155233874	0.75
36641.310841737955	1200	7.61608725731136	0.0	566904	5406.125229766799	0.75
36645.0245833646	750	7.902345630672216	0.0	384505	3713.741626639144	0.3
36648.60544895367	750	8.321480041601218	0.0	372093	3580.8655890709974	0.75
36652.8302525751	750	8.096676420164862	0.0	438281	4224.803621436357	0.75
36656.58057817028	750	8.346350824986812	0.0	398987	3750.3255951780493	0.75
36661.08055838512	750	7.846370610142983	0.0	393804	4499.980214843829	0.75
36665.44976148215	750	7.477167513111441	0.0	331053	4369.203097031542	0.75
36668.47965618142	750	8.447272813834811	0.0	314107	3029.89469927663	0.75

