13644.44867533644	750	4.0	7.0675230289935795	450283	7067.52302899358	-29.64034902467239
13646.433180756287	300	6.015494580153139	0.0	155580	1984.505419846861	-0.15000000000000002
13648.720588678161	300	7.72808665827824	0.0	139857	2287.407921874899	0.3
13652.263619688076	300	8.185055648363067	0.0	155432	3543.0310099151743	0.3
13654.562113106997	300	9.886562229441905	0.0	163442	2298.4934189211617	0.3
13656.20615557389	300	12.242519762547566	0.0	126289	1644.0424668943376	0.3
13658.182929247678	300	14.265746088760343	0.0	153295	1976.7736737872244	0.3
13660.40070498283	300	16.047970353607504	0.0	173849	2217.7757351528408	0.3
13665.08567364987	750	15.363001686568756	0.0	374758	4684.968667038747	0.3
13669.626740461765	750	14.821934874673259	0.0	362795	4541.066811895496	0.75
13674.369547165817	750	14.079128170621848	0.0	353220	4742.806704051411	0.75
13680.521069885936	750	11.927605450501964	0.0	405134	6151.522720119884	0.75
13685.389759888201	750	11.05891544823538	0.0	386351	4868.690002266583	0.75
13690.868136918842	750	9.58053841759706	0.0	434409	5478.377030638321	0.75
13692.685212203554	300	11.76346313288247	0.0	140051	1817.075284714591	-0.15000000000000002
13694.7236678595	300	13.725007476936245	0.0	138313	2038.455655946223	0.3
13697.11124544492	300	15.337429891516006	0.0	143509	2387.5775854202407	0.3
13699.671844757766	300	16.776830578671145	0.0	150616	2560.5993128448595	0.3
13707.665561072185	750	12.783114264253312	0.0	405596	7993.716314417833	0.3
13710.082140820137	300	14.366534516298044	0.0	140881	2416.579747955268	-0.15000000000000002
13712.16663937608	300	16.28203596035548	0.0	157671	2084.498555942566	0.3
13716.778973589895	750	15.669701746541024	0.0	399894	4612.334213814454	0.3
13721.111739482525	750	15.336935853910676	0.0	401853	4332.7658926303475	0.75
13724.886040307243	750	15.562635029194599	0.0	343800	3774.3008247160783	0.75
13728.985405467265	750	15.463269869172375	0.0	359903	4099.365160022224	0.75
13733.116151231823	750	15.332524104613292	0.0	379700	4130.745764559082	0.75
13737.60795666281	750	14.840718673624968	0.0	425781	4491.8054309883255	0.75
13745.594844706893	750	10.853830629543328	0.0	277716	7986.88804408164	0.75
13747.351990921496	300	13.096684414941658	0.0	153605	1757.1462146016702	-0.15000000000000002
13749.05917378153	300	15.389501554905381	0.0	149029	1707.182860036277	0.3
13752.969207158649	750	15.479468177786348	0.0	358218	3910.033377119032	0.3
13757.294467721738	750	15.154207614698658	0.0	400322	4325.260563087691	0.75
13761.330482151112	750	15.118193185324973	0.0	369834	4036.014429373685	0.75
13765.935818608066	750	14.51285672837088	0.0	412837	4605.336456954093	0.75
13770.433242441384	750	14.015432895052836	0.0	401088	4497.423833318043	0.75
13774.530403005529	750	13.918272330907127	0.0	365161	4097.160564145708	0.75
13777.986965536316	750	14.461709800119005	0.0	321064	3456.562530788124	0.75
13781.824391461698	750	14.624283874738092	0.0	361565	3837.4259253809128	0.75
13785.841405007777	750	14.607270328658363	0.0	378327	4017.01354607973	0.75
13790.034988147647	750	14.413687188789769	0.0	390680	4193.583139868592	0.75
13795.664902976503	750	12.783772359931463	0.0	345516	5629.914828858306	0.75
13799.7655365579	750	12.683138778535932	0.0	384505	4100.633581395531	0.75
13805.53305046634	750	10.915624870096387	0.0	372093	5767.513908439544	0.75
13810.306249150546	750	10.14242618588961	0.0	438281	4773.198684206778	0.75
13812.117219036996	300	12.331456299440019	0.0	167025	1810.9698864495906	-0.15000000000000002
13813.848273148773	300	14.600402187663992	0.0	160064	1731.0541117760251	0.3
13817.379838803527	750	15.068836532910908	0.0	331053	3531.5656547530853	0.3
13820.798951582443	750	15.649723753993305	0.0	314107	3419.1127789176035	0.75

