5269.265809956201	750	4.0	9.414860284346739	450283	9414.86028434674	-39.73389922269098
5272.774410697982	300	4.4913992582199445	0.0	155580	3508.600741780055	-0.15000000000000002
5275.901067482983	300	5.364742473217639	0.0	139857	3126.656785002306	0.3
5279.005344518995	300	6.260465437206431	0.0	155432	3104.2770360112086	0.3
5282.558602760513	300	6.70720719568817	0.0	163442	3553.25824151826	0.3
5285.434037098709	300	7.831772857491767	0.0	126289	2875.434338196403	0.3
5288.390834422619	300	8.874975533582301	0.0	153295	2956.7973239094663	0.3
5291.719795566464	300	9.546014389737971	0.0	173849	3328.961143844329	0.3
5294.597210588671	300	10.668599367530206	0.0	150710	2877.415022207765	0.3
5297.287594905715	300	11.9782150504858	0.0	139105	2690.3843170444047	0.3
5300.046821549136	300	13.21898840706529	0.0	141840	2759.22664342051	0.3
5303.040436554917	300	14.22537340128553	0.0	156148	2993.6150057797577	0.3
5306.153545685554	300	15.112264270647483	0.0	160746	3113.1091306380467	0.3
5315.978990844193	750	9.286819112008365	0.0	434409	9825.445158639119	0.3
5318.747960794136	300	10.517849162064993	0.0	140051	2768.9699499433723	-0.15000000000000002
5321.471586867112	300	11.794223089089064	0.0	138313	2723.6260729759283	0.3
5324.213380376823	300	13.052429579377373	0.0	143509	2741.7935097116915	0.3
5327.115864974998	300	14.149944981202742	0.0	150616	2902.4845981746303	0.3
5330.374647718822	300	14.891162237377786	0.0	165384	3258.782743824956	0.3
5333.198477104551	300	16.067332851648864	0.0	140881	2823.8293857289227	0.3
5340.649036786705	750	12.616773169494522	0.0	386472	7450.559682154341	0.3
5348.336983523149	750	8.92882643305064	0.0	399894	7687.946736443883	0.75
5351.484841448017	300	9.780968508183	0.0	163927	3147.8579248676397	-0.15000000000000002
5354.1309568278575	300	11.134853128341627	0.0	137654	2646.1153798413725	0.3
5356.947241228779	300	12.31856872742035	0.0	146754	2816.284400921277	0.3
5359.940123506379	300	13.325686449821086	0.0	153938	2992.882277599263	0.3
5368.053086671992	750	9.212723284207096	0.0	425781	8112.963165613991	0.3
5370.199103776042	300	11.066706180157889	0.0	111155	2146.017104049207	-0.15000000000000002
5373.156844682656	300	12.108965273542836	0.0	153605	2957.740906615053	0.3
5376.072139902641	300	13.193670053557703	0.0	149029	2915.295219985132	0.3
5379.1446763611775	300	14.121133595021218	0.0	157421	3072.5364585364855	0.3
5382.216916606028	300	15.048893350170816	0.0	157488	3072.2402448504017	0.3
5385.1941540596745	300	16.071655896523808	0.0	143881	2977.2374536470074	0.3
5393.343113831066	750	11.922696125131676	0.0	412837	8148.959771392134	0.3
5396.809770494839	300	12.456039461359962	0.0	179328	3466.6566637717133	-0.15000000000000002
5399.915559969429	300	13.350249986769214	0.0	159914	3105.789474590748	0.3
5406.10695665281	750	11.1588533033871	0.0	321064	6191.396683382114	0.3
5408.548412805392	300	12.717397150805487	0.0	124011	2441.4561525816116	-0.15000000000000002
5411.346470216051	300	13.91933974014737	0.0	144254	2798.0574106581166	0.3
5414.431687319872	300	14.834122636326077	0.0	149991	3085.2171038212928	0.3
5422.027577820501	750	11.23823213569686	0.0	345516	7595.890500629217	0.3
5425.304438303753	300	11.961371652445361	0.0	161857	3276.860483251499	-0.15000000000000002
5428.114351756699	300	13.151458199500109	0.0	145210	2809.913452945253	0.3
5431.440766707179	300	13.825043249019311	0.0	172312	3326.414950480798	0.3
5434.656328164134	300	14.60948179206391	0.0	167025	3215.5614569554	0.3
5437.72352614037	300	15.542283815827833	0.0	160064	3067.1979762360775	0.3
5440.380506757128	300	16.88530319907011	0.0	137507	2656.9806167577253	0.3
5447.024421840218	750	14.241388115980115	0.0	314107	6643.915083089994	0.3

