30310.51549948309	750	4.0	1.4466506072328762	450283	1446.6506072328762	-5.470597611101367
30311.806091698327	750	6.709407784762158	0.0	398865	1290.5922152378419	0.75
30312.950838608213	750	9.56466087487531	0.0	350812	1144.7469098868482	0.75
30314.191321444403	750	12.324178038684455	0.0	382355	1240.4828361908542	0.75
30315.757905150298	750	14.75759433278815	0.0	411561	1566.5837058963034	0.75
30318.81819088078	1850	15.697308602305249	0.0	801058	3060.285730482902	0.75
30322.1960583932	1850	16.319441089881188	0.0	905515	3377.8675124240594	1.85
30326.30889378922	1850	16.20660569386486	0.0	1060487	4112.8353960163295	1.85
30329.897931281663	1850	16.617568201420603	0.0	852833	3589.037492444259	1.85
30333.626698217107	1850	16.88880126597541	0.0	913888	3728.766935445193	1.85
30337.417672778804	1850	17.097826704279793	0.0	939819	3790.974561695618	1.85
30341.19571964656	1850	17.319779836524678	0.0	917428	3778.046867755112	1.85
30345.30361789212	1850	17.21188159096301	0.0	946851	4107.898245561668	1.85
30349.376080220132	1850	17.139419262951787	0.0	1036454	4072.462328011227	1.85
30352.50989029092	1850	18.005609192163526	0.0	821631	3133.810070788258	1.85
30356.0667575864	1850	18.448741896687107	0.0	923170	3556.8672954764197	1.85
30360.195420962275	1850	18.32007852081055	0.0	966699	4128.6633758765565	1.85
30364.238257470082	1850	18.277242013003125	0.0	885714	4042.836507807427	1.85
30368.90371568973	1850	17.611783793355226	0.0	987708	4665.458219647898	1.85
30373.51008408498	1850	17.005415398104255	0.0	923755	4606.368395250969	1.85
30377.91602846875	1850	16.599471014332593	0.0	891604	4405.944383771662	1.85
30382.41398122087	1850	16.101518262213602	0.0	955231	4497.952752118993	1.85
30386.846353626832	1850	15.669145856254072	0.0	968026	4432.37240595953	1.85
30390.80670342316	1850	15.708796059926106	0.0	874175	3960.349796327967	1.85
30395.23965403158	1850	15.275845451509703	0.0	897976	4432.950608416401	1.85
30399.4716262185	1850	15.04387326459036	0.0	905935	4231.972186919344	1.85
30404.215637041434	1850	14.299862441652127	0.0	1076599	4744.010822938233	1.85
30407.552976476552	1850	14.962523006534083	0.0	758197	3337.3394351180455	1.85
30411.943876029978	1850	14.571623453108602	0.0	972798	4390.89955342548	1.85
30416.564778616812	1850	13.950720866276994	0.0	975811	4620.902586831608	1.85
30420.438206733837	1850	14.077292749249887	0.0	873429	3873.4281170271065	1.85
30424.492840221126	1850	14.022659261961117	0.0	954453	4054.633487288771	1.85
30428.269648348225	1850	14.245851134863663	0.0	885062	3776.8081270974526	1.85
30432.764091274446	1850	13.751408208639146	0.0	1035329	4494.4429262245185	1.85
30437.128200274008	1850	13.387299209078488	0.0	1026056	4364.108999560658	1.85
30441.103436533416	1850	13.41206294966973	0.0	943942	3975.236259408758	1.85
30444.52257668334	1850	13.992922799749419	0.0	728962	3419.140149920311	1.85
30448.937672051667	1850	13.577827431421094	0.0	938587	4415.095368328323	1.85
30453.12773186727	1850	13.3877676158222	0.0	908665	4190.059815598894	1.85
30457.68756369165	1850	12.827935791442572	0.0	930577	4559.8318243796275	1.85
30461.79424499937	1850	12.721254483719829	0.0	858450	4106.681307722743	1.85
30466.649012603655	1850	11.866486879435826	0.0	1025005	4854.767604284002	1.85
30470.951997738674	1850	11.563501744418495	0.0	886255	4302.98513501733	1.85
30475.60652585195	1850	10.908973631142446	0.0	973972	4654.528113276051	1.85
30479.82318001437	1850	10.692319468725184	0.0	958994	4216.654162417262	1.85
30484.026258886846	1850	10.489240596244203	0.0	982064	4203.07887248098	1.85
30487.918930798667	1850	10.59656868442253	0.0	830730	3892.671911821671	1.85
30491.966827389668	1850	10.54867209342314	0.0	846370	4047.896590999391	1.85

