5207.851841088897	750	4.0	9.032616978701375	450283	9032.616978701375	-38.090253008415914
5211.003358756826	300	4.848482332070899	0.0	155580	3151.5176679291008	-0.15000000000000002
5213.8672793100795	300	5.984561778818021	0.0	139857	2863.920553252879	0.3
5217.054929136159	300	6.796911952737075	0.0	155432	3187.6498260809453	0.3
5220.408714966619	300	7.4431261222773974	0.0	163442	3353.785830459678	0.3
5223.025161357806	300	8.826679731090861	0.0	126289	2616.4463911865373	0.3
5226.182030796708	300	9.66981029218793	0.0	153295	3156.86943890293	0.3
5229.75002968043	300	10.10181140846697	0.0	173849	3567.9988837209607	0.3
5232.8553279872685	300	10.996513101628334	0.0	150710	3105.2983068386375	0.3
5235.730235319587	300	12.12160576930933	0.0	139105	2874.9073323190046	0.3
5238.664065551496	300	13.187775537400414	0.0	141840	2933.8302319089166	0.3
5241.866612453349	300	13.985228635547799	0.0	156148	3202.546901852615	0.3
5245.151480518113	300	14.70036057078427	0.0	160746	3284.868064763531	0.3
5248.816997642078	300	15.034843446819643	0.0	179801	3665.517123964627	0.3
5251.724212161077	300	16.127628927819554	0.0	140051	2907.214519000088	0.3
5259.388352196956	750	12.46348889194146	0.0	366214	7664.140035878095	0.3
5262.588424556674	300	13.263416532222287	0.0	143509	3200.0723597191713	-0.15000000000000002
5270.576132013688	750	9.27570907520856	0.0	372963	7987.707457013727	0.3
5274.08866080917	300	9.763180279727111	0.0	165384	3512.5287954814503	-0.15000000000000002
5277.089035289299	300	10.76280579959723	0.0	140881	3000.374480129879	0.3
5280.434447499155	300	11.417393589741927	0.0	157671	3345.412209855303	0.3
5283.77058304388	300	12.081258045016755	0.0	157812	3336.135544725171	0.3
5287.219430381181	300	12.632410707715614	0.0	163927	3448.8473373011407	0.3
5290.115599612383	300	13.736241476513612	0.0	137654	2896.1692312020027	0.3
5293.149180377669	300	14.70266071122834	0.0	146754	3033.580765285273	0.3
5296.315101726434	300	15.536739362463853	0.0	153938	3165.921348764487	0.3
5304.8887295889435	750	10.963111499953772	0.0	425781	8573.62786251008	0.3
5307.1591997625865	300	12.692641326310623	0.0	111155	2270.4701736431516	-0.15000000000000002
5310.255259857984	300	13.596581230913154	0.0	153605	3096.0600953974676	0.3
5313.2757300669655	300	14.576111021931977	0.0	149029	3020.4702089811767	0.3
5316.4690722747255	300	15.382768814171362	0.0	157421	3193.3422077606147	0.3
5324.472244636699	750	11.379596452198594	0.0	400322	8003.172361972767	0.3
5327.397606164917	300	12.454234923979508	0.0	143881	2925.361528219088	-0.15000000000000002
5330.741081034664	300	13.110760054232527	0.0	163444	3343.4748697469813	0.3
5334.3737958812935	300	13.478045207602737	0.0	179328	3632.7148466297904	0.3
5337.6277575382865	300	14.224083550610867	0.0	159914	3253.961656991868	0.3
5340.346190175784	300	15.505650913112937	0.0	131610	2718.4326374979296	0.3
5347.814632469751	750	12.037208619145915	0.0	361565	7468.442293967022	0.3
5350.751706006407	300	13.100135082488993	0.0	144254	2937.073536656921	-0.15000000000000002
5353.80755393191	300	14.044287156987004	0.0	149991	3055.8479255019906	0.3
5356.826647412812	300	15.025193676084568	0.0	147968	3019.093480902437	0.3
5360.1059342030885	300	15.74590688580817	0.0	161857	3279.2867902763974	0.3
5363.055225504684	300	16.79661558421247	0.0	145210	2949.2913015956997	0.3
5371.803323336916	750	12.048517751980764	0.0	438281	8748.097832231708	0.3
5375.18812175432	300	12.663719334576964	0.0	167025	3384.798417403799	-0.15000000000000002
5378.432141867267	300	13.419699221629816	0.0	160064	3244.0201129471475	0.3
5381.224167733746	300	14.627673355150845	0.0	137507	2792.025866478971	0.3
5383.585662142679	300	16.26617894621753	0.0	118421	2361.494408933319	0.3

