42331.34106519965	750	4.0	8.711825687979621	450283	8711.82568797962	-36.71085045831237
42334.38301770954	300	4.958047490108818	0.0	155580	3041.9525098911818	-0.15000000000000002
42337.128222096755	300	6.212843102889344	0.0	139857	2745.2043872194745	0.3
42340.39157696527	300	6.949488234383654	0.0	155432	3263.354868505689	0.3
42343.82594196893	300	7.515123230726101	0.0	163442	3434.365003657553	0.3
42346.336734497	300	9.00433070264769	0.0	126289	2510.792528078412	0.3
42349.50412939205	300	9.836935807598676	0.0	153295	3167.394895049014	0.3
42353.31392458124	300	10.027140618403866	0.0	173849	3809.795189194811	0.3
42356.30739498391	300	11.033670215738033	0.0	150710	2993.4704026658324	0.3
42359.0861643038	300	12.25490089584944	0.0	139105	2778.769319888593	0.3
42361.949010482094	300	13.392054717554227	0.0	141840	2862.846178295213	0.3
42365.06812449113	300	14.272940708520208	0.0	156148	3119.1140090340195	0.3
42368.25060740775	300	15.09045779190139	0.0	160746	3182.4829166188174	0.3
42376.76966164808	750	10.571403551570048	0.0	434409	8519.054240331341	0.3
42379.580657625345	300	11.760407574300306	0.0	140051	2810.9959772697443	-0.15000000000000002
42382.34778573326	300	12.993279466386213	0.0	138313	2767.128107914092	0.3
42385.22135863288	300	14.119706566767135	0.0	143509	2873.5728996190774	0.3
42388.24062249477	300	15.10044270487054	0.0	150616	3019.263861896595	0.3
42396.073369052814	750	11.267696146833284	0.0	405596	7832.746558037255	0.3
42398.69101844296	300	12.650046756687544	0.0	140881	2617.649390145739	-0.15000000000000002
42401.78590106267	300	13.555164136976611	0.0	157671	3094.8826197109343	0.3
42404.93122092196	300	14.40984427768609	0.0	157812	3145.319859290522	0.3
42408.22878486762	300	15.1122803320204	0.0	163927	3297.56394566569	0.3
42415.02064188807	750	12.320423311578553	0.0	343800	6791.857020441846	0.3
42422.136954539965	750	9.20411065968677	0.0	359903	7116.312651891785	0.75
42425.18093369043	300	10.160131509214256	0.0	153938	3043.9791504725126	-0.15000000000000002
42428.769001696244	300	10.572063503404472	0.0	181901	3588.068005809784	0.3
42430.984153040394	300	12.356912159254463	0.0	111155	2215.151344150008	0.3
42434.004001741676	300	13.337063457968345	0.0	153605	3019.8487012861183	0.3
42436.914452942925	300	14.426612256725525	0.0	149029	2910.45120124282	0.3
42439.97286728603	300	15.368197913619271	0.0	157421	3058.4143431062525	0.3
42447.64123014085	750	11.699835058793528	0.0	400322	7668.362854825742	0.3
42450.28732141905	300	13.053743780600037	0.0	143881	2646.091278193493	-0.15000000000000002
42453.30397949357	300	14.037085706077244	0.0	163444	3016.6580745227925	0.3
42456.586490433765	300	14.754574765877885	0.0	179328	3282.5109401993577	0.3
42459.492013326184	300	15.849051873460102	0.0	159914	2905.522892417784	0.3
42465.650919234	750	13.690145965639935	0.0	321064	6158.905907820165	0.3
42472.66439881344	750	10.676666386200202	0.0	361565	7013.479579439732	0.75
42475.41332081856	300	11.927744381085912	0.0	144254	2748.92200511429	-0.15000000000000002
42478.3033379963	300	13.037727203340829	0.0	149991	2890.017177745083	0.3
42481.138688745996	300	14.202376453646837	0.0	147968	2835.35074969399	0.3
42483.99580022886	300	15.345264970783198	0.0	161857	2857.1114828636382	0.3
42490.52214022876	750	12.818924970894168	0.0	372093	6526.33999988903	0.3
42498.1447016489	750	9.196363550751798	0.0	438281	7622.56142014237	0.75
42501.12076710059	300	10.220298099065719	0.0	167025	2976.0654516860773	-0.15000000000000002
42504.29015528608	300	11.050909913574454	0.0	160064	3169.3881854912643	0.3
42507.08413659215	300	12.25692860750804	0.0	137507	2793.9813060664146	0.3
42509.63330869045	300	13.707756509209048	0.0	118421	2549.172098298992	0.3

