7705.5646113912135	750	4.0	1.7306428879093083	450283	1730.6428879093082	-6.691764418010026
7709.1565883736985	1850	4.408023017515004	0.0	957685	3591.9769824849964	0.75
7712.4803421375655	1850	5.08426925364733	0.0	877771	3323.7537638676745	1.85
7715.985894881081	1850	5.578716510132447	0.0	933276	3505.5527435148824	1.85
7719.708184726029	1850	5.856426665184848	0.0	996749	3722.2898449475997	1.85
7722.743355931169	1850	6.821255460044182	0.0	801058	3035.171205140666	1.85
7726.156674785769	1850	7.407936605444582	0.0	905515	3413.3188545996004	1.85
7730.136267001648	1850	7.428344389566019	0.0	1060487	3979.5922158785634	1.85
7733.365265828711	1850	8.199345562502385	0.0	852833	3228.998827063634	1.85
7736.804076052211	1850	8.760535339002042	0.0	913888	3438.810223500345	1.85
7740.338746093453	1850	9.22586529776081	0.0	939819	3534.6700412412292	1.85
7743.832832790336	1850	9.73177860087726	0.0	917428	3494.0866968835503	1.85
7747.416075455476	1850	10.148535935738554	0.0	946851	3583.242665138707	1.85
7751.307118338489	1850	10.257493052725643	0.0	1036454	3891.0428830129113	1.85
7754.3863727054795	1850	11.17823868573503	0.0	821631	3079.2543669906113	1.85
7759.821976699725	2850	9.742634691488536	0.0	1471065	5435.603994246494	1.85
7765.372364289541	2850	8.192247101673424	0.0	1491626	5550.387589815114	2.85
7770.477879684249	2850	7.086731706965708	0.0	1358801	5105.515394707716	2.85
7776.177871690237	2850	5.38673970097757	0.0	1537156	5699.992005988138	2.85
7781.152593497837	2850	4.412017893377767	0.0	1336050	4974.721807599803	2.85
7784.513821711691	1850	5.050789679523499	0.0	891604	3361.2282138542673	0.8500000000000001
7788.095121256033	1850	5.469490135181537	0.0	955231	3581.2995443419622	1.85
7791.718425431014	1850	5.846185960200242	0.0	968026	3623.3041749812946	1.85
7794.999892977072	1850	6.564718414142466	0.0	874175	3281.4675460577764	1.85
7798.381508800942	1850	7.183102590272106	0.0	897976	3381.61582387036	1.85
7801.794047824888	1850	7.770563566325751	0.0	905935	3412.539023946355	1.85
7805.826997001347	1850	7.737614389867538	0.0	1076599	4032.949176458212	1.85
7808.710981244208	1850	8.853630147007001	0.0	758197	2883.984242860537	1.85
7812.396340235586	1850	9.16827115562902	0.0	972798	3685.358991377981	1.85
7816.104532942017	1850	9.460078449197598	0.0	975811	3708.1927064314227	1.85
7819.501286230841	1850	10.063325160372127	0.0	873429	3396.7532888254705	1.85
7823.144609056667	1850	10.420002334547089	0.0	954453	3643.3228258250388	1.85
7826.469362696527	1850	11.095248694685756	0.0	885062	3324.753639861334	1.85
7830.355185753883	1850	11.20942563733057	0.0	1035329	3885.823057355185	1.85
7835.875906633745	2850	9.688704757468514	0.0	1492672	5520.720879862056	1.85
7841.226398923239	2850	8.338212467974682	0.0	1439896	5350.492289493834	2.85
7845.510171391025	2850	8.05444000018788	0.0	1139291	4283.772467786802	2.85
7851.084339864114	2850	6.480271527100151	0.0	1499009	5574.168473087728	2.85
7856.426699083522	2850	5.137912307691827	0.0	1427478	5342.359219408325	2.85
7861.639883643525	2850	4.0	0.07527225231112515	1402287	5213.184560002952	2.5263293150621617
7864.881817625948	1850	4.7580660175762555	0.0	858450	3241.9339824237445	0.8500000000000001
7868.741846497235	1850	4.898037146289559	0.0	1025005	3860.0288712866964	1.85
7872.091136235365	1850	5.54874740815865	0.0	886255	3349.2897381309085	1.85
7875.785590094952	1850	5.8542935485725796	0.0	973972	3694.453859586071	1.85
7879.424400925507	1850	6.215482718018065	0.0	958994	3638.8108305545143	1.85
7884.9895216051555	2850	4.6503620383694155	0.0	1483527	5565.12067964865	1.85
7889.601060416986	2850	4.038823226538996	0.0	1231456	4611.538811830419	2.85
7894.684342848016	2850	4.0	1.0444592044910224	1364537	5083.282431030018	-1.641174579311396

