40368.898614347076	750	4.0	1.8472299033417674	450283	1847.2299033417673	-7.193088584369599
40370.54404354471	750	6.354570802370033	0.0	398865	1645.4291976299664	0.75
40372.00087868361	750	8.897735663465985	0.0	350812	1456.8351389040495	0.75
40373.58726492056	750	11.311349426517253	0.0	382355	1586.386236948731	0.75
40375.29020256227	750	13.608411784814686	0.0	411561	1702.9376417025662	0.75
40376.626418547	750	16.272195800084994	0.0	318564	1336.2159847296907	0.75
40378.080809811865	750	18.817804535215362	0.0	352642	1454.391264869632	0.75
40382.20314179908	1850	18.695472548008425	0.0	1060487	4122.331987206939	0.75
40385.48499162434	1850	19.413622722743174	0.0	852833	3281.8498252652485	1.85
40388.90937939159	1850	19.98923495549745	0.0	913888	3424.3877672457224	1.85
40392.26834897581	1850	20.630265371268003	0.0	939819	3358.9695842294454	1.85
40395.57150186113	1850	21.327112485947225	0.0	917428	3303.152885320778	1.85
40399.02536988501	1850	21.87324446207127	0.0	946851	3453.868023875956	1.85
40402.922175170184	1850	21.976439176896264	0.0	1036454	3896.8052851750076	1.85
40405.66987814943	1850	23.22873619764827	0.0	821631	2747.702979247992	1.85
40408.71269308386	1850	24.18592126321637	0.0	923170	3042.814934431904	1.85
40411.90613975655	1850	24.992474590526726	0.0	966699	3193.446672689643	1.85
40414.83901271964	1850	26.059601627442873	0.0	885714	2932.8729630838548	1.85
40418.10072419564	1850	26.79789015144528	0.0	987708	3261.711475997593	1.85
40421.00740369584	1850	27.891210651248258	0.0	923755	2906.679500197023	1.85
40423.792046625866	1850	29.1065677212178	0.0	891604	2784.642930030455	1.85
40426.93628106587	1850	29.96233328120816	0.0	955231	3144.2344400096417	1.85
40430.08429582095	1850	30.8143185261357	0.0	968026	3148.0147550724632	1.85
40432.88357054207	1850	32.01504380500484	0.0	874175	2799.274721130861	1.85
40436.0773973138	1850	32.821217033285144	0.0	897976	3193.826771719695	1.85
40439.44854563061	1850	33.45006871647762	0.0	905935	3371.1483168075333	1.85
40442.90511549614	1850	33.99349885094111	0.0	1076599	3456.569865536511	1.85
40445.34763033905	1850	35.55098400803863	0.0	758197	2442.514842902472	1.85
40448.43468590651	1850	36.46392844057146	0.0	972798	3087.055567467181	1.85
40451.47022862004	1850	37.428385727049296	0.0	975811	3035.54271352216	1.85
40458.036894301775	4300	34.86172004531567	0.0	2113193	6566.66568173363	1.8499999999999996
40464.98943494823	4300	31.90917939886071	0.0	2147852	6952.540646454957	4.3
40472.247986580805	4300	28.650627766281726	0.0	2191074	7258.551632578987	4.3
40479.66415547263	4300	25.23445887445924	0.0	2286761	7416.168891822486	4.3
40487.07403330854	4300	21.824581038547603	0.0	2307787	7409.877835911637	4.3
40493.7549375409	4300	19.143676806197078	0.0	2143948	6680.904232350524	4.3
40499.63910914087	4300	17.25950520621976	0.0	1919781	5884.171599977319	4.3
40506.441251504206	4300	14.457362842888221	0.0	2147467	6802.142363331538	4.3
40513.41221479826	4300	11.48639954883176	0.0	2133870	6970.9632940564625	4.3
40516.464054357944	1850	12.43455998915094	0.0	930577	3051.839559680819	-0.6000000000000001
40519.258973283366	1850	13.639641063731633	0.0	858450	2794.9189254193084	1.85
40522.79628748524	1850	14.102326861854714	0.0	1025005	3537.31420187692	1.85
40525.9241607507	1850	14.974453596394495	0.0	886255	3127.8732654602195	1.85
40529.14652630293	1850	15.752088044163727	0.0	973972	3222.3655522307668	1.85
40532.335550453834	1850	16.56306389326247	0.0	958994	3189.024150901256	1.85
40535.612464038175	1850	17.286150308921314	0.0	982064	3276.9135843411577	1.85
40538.48769122528	1850	18.41092312181872	0.0	830730	2875.2271871025937	1.85
40541.43921510239	1850	19.459399244712184	0.0	846370	2951.5238771065365	1.85

