7769.617287345796	750	4.0	2.0967584713464094	450283	2096.7584713464094	-8.26606142678956
7770.394109750755	300	7.223177595041176	0.0	155580	776.8224049588244	-0.15000000000000002
7772.0453506655795	750	9.57193668021655	0.0	350812	1651.2409148246247	0.3
7773.791011069504	750	11.826276276292338	0.0	382355	1745.660403924215	0.75
7775.627734717006	750	13.989552628790399	0.0	411561	1836.723647501938	0.75
7777.067506201774	750	16.5497811440219	0.0	318564	1439.771484768497	0.75
7778.679869270319	750	18.937418075477748	0.0	352642	1612.3630685441537	0.75
7783.505791243771	1850	18.11149610202716	0.0	1060487	4825.921973450586	0.75
7787.450867110453	1850	18.166420235343328	0.0	852833	3945.075866683836	1.85
7791.588672339714	1850	18.028615006082443	0.0	913888	4137.8052292608845	1.85
7795.818817991701	1850	17.798469354095186	0.0	939819	4230.145651987257	1.85
7800.239641601749	1850	17.37764574404771	0.0	917428	4420.823610047472	1.85
7805.035841315751	1850	16.58144603004538	0.0	946851	4796.199714002334	1.85
7809.682097662397	1850	15.935189683399345	0.0	1036454	4646.256346646033	1.85
7813.357551505951	1850	16.259735839844588	0.0	821631	3675.453843554757	1.85
7818.1490511988095	1850	15.468236146986147	0.0	923170	4791.499692858443	1.85
7823.001968525007	1850	14.615318820787815	0.0	966699	4852.9173261983315	1.85
7827.0386555738505	1850	14.578631771944481	0.0	885714	4036.687048843335	1.85
7831.440568797667	1850	14.176718548128079	0.0	987708	4401.913223816402	1.85
7835.6392243367145	1850	13.978063009080525	0.0	923755	4198.655539047553	1.85
7839.788284019608	1850	13.82900332618709	0.0	891604	4149.059682893436	1.85
7844.139645752566	1850	13.477641593229531	0.0	955231	4351.361732957559	1.85
7848.556982630958	1850	13.060304714836496	0.0	968026	4417.336878393035	1.85
7852.4681891625405	1850	13.149098183254969	0.0	874175	3911.2065315815266	1.85
7856.482802036678	1850	13.134485309117434	0.0	897976	4014.612874137537	1.85
7860.55888167839	1850	13.058405667404516	0.0	905935	4076.0796417129163	1.85
7865.4169335721035	1850	12.200353773691248	0.0	1076599	4858.051893713268	1.85
7868.914593097132	1850	12.702694248663057	0.0	758197	3497.65952502819	1.85
7873.9478850644045	1850	11.669402281390619	0.0	972798	5033.291967272437	1.85
7878.426112743229	1850	11.191174602565216	0.0	975811	4478.227678825404	1.85
7882.324439735609	1850	11.292847610185769	0.0	873429	3898.3269923794464	1.85
7886.585902750544	1850	11.031384595250229	0.0	954453	4261.46301493554	1.85
7890.599549808447	1850	11.01773753734774	0.0	885062	4013.647057902487	1.85
7895.831070737248	1850	9.786216608545717	0.0	1035329	5231.520928802025	1.85
7900.4013071724685	1850	9.215980173325503	0.0	1026056	4570.236435220213	1.85
7904.573208735598	1850	9.04407861019567	0.0	943942	4171.901563129832	1.85
7907.810325463149	1850	9.806961882645032	0.0	728962	3237.1167275506386	1.85
7912.233661438437	1850	9.383625907357706	0.0	938587	4423.335975287327	1.85
7916.796420798371	1850	8.820866547422643	0.0	908665	4562.759359935062	1.85
7920.883255602183	1850	8.734031743610574	0.0	930577	4086.83480381207	1.85
7924.738990703875	1850	8.878296641919288	0.0	858450	3855.7351016912853	1.85
7929.277435858288	1850	8.339851487506664	0.0	1025005	4538.445154412626	1.85
7933.206108612337	1850	8.411178733457445	0.0	886255	3928.672754049217	1.85
7937.500240336033	1850	8.117047009761402	0.0	973972	4294.131723696043	1.85
7941.691678511047	1850	7.925608834747824	0.0	958994	4191.438175013578	1.85
7945.98555167701	1850	7.631735668784174	0.0	982064	4293.8731659636505	1.85
7949.606960270876	1850	8.010327074917829	0.0	830730	3621.4085938663457	1.85
7953.484396750196	1850	8.132890595597905	0.0	846370	3877.4364793199234	1.85

