17301.41681404375	750	4.0	5.208185851472101	450283	5208.185851472101	-21.645199161330034
17303.494062980328	300	5.922751063421447	0.0	155580	2077.248936578553	-0.15000000000000002
17305.369468845623	300	8.047345198123422	0.0	139857	1875.4058652980245	0.3
17307.250532608818	300	10.166281434927795	0.0	155432	1881.0637631956267	0.3
17308.983774561795	300	12.433039481948368	0.0	163442	1733.2419529794267	0.3
17310.3412079816	300	15.075606062143063	0.0	126289	1357.433419805306	0.3
17314.05306822031	750	15.363745823436348	0.0	352642	3711.860238706714	0.3
17318.714019587886	750	14.702794455862026	0.0	437162	4660.951367574322	0.75
17322.763139688468	750	14.653674355278817	0.0	374758	4049.1201005832086	0.75
17326.70111572254	750	14.71569832121161	0.0	362795	3937.9760340672065	0.75
17330.703953755354	750	14.712860288396433	0.0	353220	4002.8380328151784	0.75
17335.197969067893	750	14.21884497585574	0.0	405134	4494.015312540693	0.75
17339.48654369778	750	13.930270345966875	0.0	386351	4288.574629888864	0.75
17344.251777519854	750	13.165036523894312	0.0	434409	4765.233822072564	0.75
17347.888748345857	750	13.528065697895942	0.0	337059	3636.9708259983718	0.75
17351.956958419134	750	13.459855624620012	0.0	366214	4068.2100732759304	0.75
17356.041375795354	750	13.375438248398323	0.0	360831	4084.4173762216888	0.75
17360.149536543246	750	13.26727750050438	0.0	372963	4108.160747893944	0.75
17364.567679116186	750	12.849134927564895	0.0	405596	4418.142572939483	0.75
17368.42657817618	750	12.990235867572833	0.0	350713	3858.8990599920617	0.75
17372.590242836	750	12.826571207752744	0.0	386472	4163.66465982009	0.75
17377.035006100774	750	12.381807942976614	0.0	399894	4444.763264776128	0.75
17381.74984526776	750	11.666968775990497	0.0	401853	4714.839166986118	0.75
17385.57502329276	750	11.841790750989803	0.0	343800	3825.1780250006946	0.75
17389.519813483443	750	11.897000560307992	0.0	359903	3944.790190681811	0.75
17393.80959913285	750	11.607214910903494	0.0	379700	4289.785649404497	0.75
17398.27233406141	750	11.144479982341633	0.0	425781	4462.734928561861	0.75
17401.40779045914	750	12.009023584611265	0.0	277716	3135.4563977303683	0.75
17405.719585928047	750	11.697228115702618	0.0	400396	4311.795468908647	0.75
17409.83457692272	750	11.582237121032863	0.0	400508	4114.9909946697535	0.75
17413.443367642423	750	11.973446401325516	0.0	358218	3608.7907197073478	0.75
17417.73869157267	750	11.678122471082421	0.0	400322	4295.323930243096	0.75
17421.639981209817	750	11.77683283393438	0.0	369834	3901.2896371480397	0.75
17425.975037935597	750	11.441776108156851	0.0	412837	4335.056725777529	0.75
17430.27350377853	750	11.143310265219169	0.0	401088	4298.465842937683	0.75
17434.32044455086	750	11.096369492892356	0.0	365161	4046.940772326812	0.75
17437.856540363588	750	11.560273680164645	0.0	321064	3536.0958127277117	0.75
17441.93582990411	750	11.4809841396445	0.0	361565	4079.289540520145	0.75
17446.16862457209	750	11.248189471666144	0.0	378327	4232.794667978355	0.75
17450.38073505334	750	11.036078990416684	0.0	390680	4212.110481249461	0.75
17453.98852519681	750	11.428288846942843	0.0	345516	3607.79014347384	0.75
17458.175946189804	750	11.24086785395295	0.0	384505	4187.420992989893	0.75
17462.402125203094	750	11.014688840659478	0.0	372093	4226.179013293472	0.75
17467.31024835246	750	10.106565691292525	0.0	438281	4908.123149366951	0.75
17471.58888772349	750	9.827926320264083	0.0	398987	4278.639371028444	0.75
17475.783639127865	750	9.633174915888423	0.0	393804	4194.751404375661	0.75
17479.592019951964	750	9.824794091789144	0.0	331053	3808.3808240992785	0.75
17483.152295653803	750	10.264518389952164	0.0	314107	3560.2757018369816	0.75

