16507.259431502076	750	4.0	5.437820278837844	450283	5437.820278837844	-22.632627199002727
16508.652086040667	300	6.607345461410241	0.0	155580	1392.654538589759	-0.15000000000000002
16509.91208299274	300	9.347348509337044	0.0	139857	1259.9969520731968	0.3
16513.286382385315	750	9.973049116763697	0.0	382355	3374.299392573347	0.3
16517.05913028428	750	10.200301217796303	0.0	411561	3772.7478989673955	0.75
16521.483096769047	750	9.776334733029328	0.0	318564	4423.966484766975	0.75
16524.956448827357	750	10.302982674719033	0.0	352642	3473.352058310296	0.75
16528.626654227322	750	10.632777274755364	0.0	437162	3670.2053999636687	0.75
16531.428426497194	750	11.83100500488297	0.0	374758	2801.7722698723946	0.75
16535.654382743913	750	11.60504875816575	0.0	362795	4225.956246717217	0.75
16539.50978804015	750	11.749643461927473	0.0	353220	3855.4052962382766	0.75
16542.974260084404	750	12.285171417672478	0.0	405134	3464.472044254995	0.75
16546.51116000882	750	12.748271493257016	0.0	386351	3536.8999244154616	0.75
16550.225178719724	750	13.034252782354564	0.0	434409	3714.018710902451	0.75
16553.020355573066	750	14.239075929011886	0.0	337059	2795.176853342678	0.75
16556.276061863817	750	14.98336963825997	0.0	366214	3255.7062907519153	0.75
16561.211087909138	1200	14.048343592939514	0.0	617242	4935.026045320457	0.75
16567.910772231135	1200	11.34865927094346	0.0	581493	6699.684321996055	1.2
16575.13132256783	1200	8.12810893424551	0.0	639204	7220.550336697949	1.2
16579.540130708352	1200	7.719300793723652	0.0	586839	4408.808140521858	1.2
16582.794380380765	750	8.465051121310033	0.0	386472	3254.249672413618	0.3
16586.52681957153	750	8.73261193054555	0.0	399894	3732.439190764482	0.75
16590.234598054703	750	9.024833447373508	0.0	401853	3707.778483172041	0.75
16593.270843811762	750	9.988587690312762	0.0	343800	3036.2457570607457	0.75
16596.44658428788	750	10.812847214194269	0.0	359903	3175.7404761184935	0.75
16599.744347816024	750	11.51508368605134	0.0	379700	3297.7635281429275	0.75
16605.35031720309	1200	9.909114298985493	0.0	696376	5605.969387065849	0.75
16609.028635929364	1200	10.230795572711731	0.0	487160	3678.3187262737615	1.2
16613.882178745705	1200	9.377252756369629	0.0	622896	4853.542816342102	1.2
16619.730301722553	1200	7.529129779521654	0.0	641447	5848.122976847976	1.2
16624.28715093091	1200	6.972280571163546	0.0	570392	4556.849208358107	1.2
16629.713442133885	1200	5.545989368192149	0.0	620283	5426.291202971397	1.2
16632.774514207555	750	6.484917294523395	0.0	369834	3061.072073668755	0.3
16637.32372159518	750	5.935709906896163	0.0	412837	4549.2073876272325	0.75
16641.62466668226	750	5.634764819819191	0.0	401088	4300.9450870769715	0.75
16644.76840955955	750	6.491021942527523	0.0	365161	3143.7428772916687	0.75
16647.589050238	750	7.670381264076743	0.0	321064	2820.6406784507794	0.75
16650.803179824947	750	8.456251677129556	0.0	361565	3214.129586947186	0.75
16654.285215955177	750	8.974215546901029	0.0	378327	3482.0361302285264	0.75
16657.66217637431	750	9.597255127770069	0.0	390680	3376.96041913096	0.75
16660.641151060507	750	10.618280441571608	0.0	345516	2978.9746861984618	0.75
16664.086003403278	750	11.17342809880175	0.0	384505	3444.852342769857	0.75
16667.579421061808	750	11.680010440269871	0.0	372093	3493.41765853188	0.75
16673.21384586556	1200	10.045585636514625	0.0	634861	5634.424803755246	0.75
16678.720660768213	1200	8.538770733865324	0.0	630203	5506.8149026493	1.2
16684.377723326477	1200	6.881708175602262	0.0	638661	5657.062558263061	1.2
16689.340511271792	1200	5.918920230286359	0.0	538612	4962.787945315904	1.2
16696.446234241175	1850	4.0	1.1868027390985407	846370	7105.722969384899	-3.9032517781237246

