18930.091828319033	750	4.0	11.534127240852039	450283	11534.127240852038	-48.84674713566376
18933.95841505031	300	4.133413268722484	0.0	155580	3866.586731277515	-0.15000000000000002
18937.412031960725	300	4.679796358303994	0.0	139857	3453.616910418491	0.3
18941.255610709177	300	4.836217609853993	0.0	155432	3843.5787484500006	0.3
18945.296555124813	300	4.79527319421894	0.0	163442	4040.9444156350532	0.3
18948.429006634524	300	5.662821684507589	0.0	126289	3132.4515097113513	0.3
18952.61180871008	300	5.480019608950918	0.0	153295	4182.802075556672	0.3
18957.100388259034	300	4.9914400599972	0.0	173849	4488.579548953718	0.3
18960.86073293383	300	5.231095385200829	0.0	150710	3760.3446747963694	0.3
18964.329015281357	300	5.762813037675667	0.0	139105	3468.282347525163	0.3
18967.87383510011	300	6.217993218927073	0.0	141840	3544.819818748594	0.3
18971.757071093765	300	6.334757225271359	0.0	156148	3883.235993655714	0.3
18975.744780186807	300	6.347048132230994	0.0	160746	3987.7090930403647	0.3
18980.194501965816	300	5.897326353218021	0.0	179801	4449.7217790129735	0.3
18983.663652225037	300	6.428176093997067	0.0	140051	3469.150259220955	0.3
18987.088234609448	300	7.003593709586636	0.0	138313	3424.5823844104307	0.3
18996.704050521665	750	4.0	2.612222202628471	360831	9615.815912215106	-10.932555471302424
19000.414150482964	300	4.289900038702381	0.0	150616	3710.0999612976198	-0.15000000000000002
19004.500465763726	300	4.20358475793946	0.0	165384	4086.3152807629212	0.3
19007.993310365142	300	4.710740156523816	0.0	140881	3492.8446014156434	0.3
19011.89540460336	300	4.808645918301676	0.0	157671	3902.0942382221406	0.3
19015.805659352314	300	4.898391169351196	0.0	157812	3910.254748950479	0.3
19019.874926122833	300	4.82912439883223	0.0	163927	4069.2667705189665	0.3
19027.543578563273	300	4.0	2.8395280416076756	137654	7668.652440439905	-11.909970578913004
19031.188591111488	300	4.354987451782581	0.0	146754	3645.0125482174194	0.3
19035.002747907358	300	4.540830655912185	0.0	153938	3814.1567958703968	0.3
19039.98565861115	300	4.0	0.44208004787721256	181901	4982.910703789397	-1.6009442058720138
19042.852447142264	300	5.133211468882381	0.0	111155	2866.7885311176187	0.3
19046.77203109454	300	5.213627516606536	0.0	153605	3919.583952275845	0.3
19050.945116945073	300	5.040541666074659	0.0	149029	4173.085850531877	0.3
19055.360108224235	300	4.625550386911902	0.0	157421	4414.991279162757	0.3
19062.09995370713	300	4.0	2.1142950959811677	157488	6739.84548289307	-8.79146891271902
19065.623139325682	300	4.4768143814459815	0.0	143881	3523.185618554018	0.3
19069.708247488674	300	4.391706218453027	0.0	163444	4085.108162992954	0.3
19074.192794523082	300	4.0	0.09284081595422868	179328	4484.547034407256	-0.09921550860318329
19078.18318069117	300	4.0096138319147006	0.0	159914	3990.3861680852997	0.3
19081.46764127303	300	4.725153250054683	0.0	131610	3284.4605818600166	0.3
19084.57358508325	300	5.619209439835038	0.0	124011	3105.9438102196455	0.3
19088.165424421124	300	6.027370101961306	0.0	144254	3591.839337873732	0.3
19091.886990154075	300	6.305804369007861	0.0	149991	3721.5657329534456	0.3
19095.60174928232	300	6.591045240764926	0.0	147968	3714.7591282429357	0.3
19099.608733127578	300	6.584061395503552	0.0	161857	4006.983845261374	0.3
19103.201264309988	300	6.991530213096221	0.0	145210	3592.531182407331	0.3
19107.521507002348	300	6.671287520737089	0.0	172312	4320.242692359131	0.3
19112.18485403992	300	6.007940483165993	0.0	167025	4663.347037571097	0.3
19116.133526455713	300	6.059268067372652	0.0	160064	3948.6724157933413	0.3
19119.53877886615	300	6.654015656933461	0.0	137507	3405.2524104391914	0.3
19122.48362646778	300	7.709168055302702	0.0	118421	2944.847601630759	0.3

