34216.76475884257	750	4.0	9.014061696539095	450283	9014.061696539095	-38.0104652951181
34219.69858203498	300	5.066176807582612	0.0	155580	2933.823192417388	-0.15000000000000002
34222.32972024216	300	6.435038600408545	0.0	139857	2631.1382071740672	0.3
34225.34044217028	300	7.4243166722925835	0.0	155432	3010.721928115962	0.3
34228.57314534779	300	8.191613494776812	0.0	163442	3232.7031775157716	0.3
34231.31244618345	300	9.452312659119283	0.0	126289	2739.3008356575288	0.3
34234.43149060883	300	10.333268233736998	0.0	153295	3119.044425382284	0.3
34237.64420277201	300	11.12055607055392	0.0	173849	3212.712163183078	0.3
34240.770413531136	300	11.994345311426798	0.0	150710	3126.210759127124	0.3
34243.7439251744	300	13.020833668163185	0.0	139105	2973.5116432636128	0.3
34246.36485885646	300	14.399899986102348	0.0	141840	2620.933682060836	0.3
34249.24227687739	300	15.522481965179326	0.0	156148	2877.418020923021	0.3
34256.72062935651	750	12.04412948605341	0.0	386351	7478.352479125915	0.3
34260.318484693365	300	12.446274149200713	0.0	179801	3597.8553368526977	-0.15000000000000002
34262.84109818393	300	13.92366065863198	0.0	140051	2522.6134905687322	0.3
34265.56721499674	300	15.197543845824754	0.0	138313	2726.1168128072272	0.3
34272.56813905746	750	12.196619785106586	0.0	360831	7000.924060718167	0.3
34279.32584446241	750	9.43891438015513	0.0	372963	6757.705404951456	0.75
34282.350618596276	300	10.41414024628448	0.0	165384	3024.7741338706496	-0.15000000000000002
34284.929524530475	300	11.835234312082225	0.0	140881	2578.9059342022556	0.3
34287.77127513155	300	12.993483711012923	0.0	157671	2841.7506010693023	0.3
34290.62940586167	300	14.135352980892927	0.0	157812	2858.1307301199954	0.3
34293.61688855866	300	15.147870283906393	0.0	163927	2987.4826969865335	0.3
34300.04796434756	750	12.716794494999478	0.0	343800	6431.075788906916	0.3
34306.90247172002	750	9.86228712253703	0.0	359903	6854.507372462448	0.75
34310.18674301663	300	10.57801582593372	0.0	153938	3284.271296603309	-0.15000000000000002
34314.050828724976	300	10.713930117591719	0.0	181901	3864.0857083420015	0.3
34316.2118943355	300	12.552864507066367	0.0	111155	2161.065610525351	0.3
34318.978502354046	300	13.78625648851958	0.0	153605	2766.6080185467868	0.3
34321.70204505797	300	15.06271378459486	0.0	149029	2723.5427039247206	0.3
34328.21307043896	750	12.551688403608305	0.0	358218	6511.025380986555	0.3
34335.47677666732	750	9.287982175244327	0.0	400322	7263.706228363976	0.75
34338.092733538026	300	10.67202530454189	0.0	143881	2615.9568707024373	-0.15000000000000002
34341.055343404834	300	11.709415437727468	0.0	163444	2962.609866814423	0.3
34344.306087995756	300	12.458670846810994	0.0	179328	3250.7445909164753	0.3
34347.206119405666	300	13.558639436901464	0.0	159914	2900.0314099095294	0.3
34349.602198367225	300	15.162560475344616	0.0	131610	2396.0789615568465	0.3
34356.83737948028	750	11.927379362286985	0.0	361565	7235.181113057632	0.3
34363.73178155242	750	9.032977290147402	0.0	378327	6894.402072139583	0.75
34366.52103516815	300	10.243723674412179	0.0	149991	2789.2536157352242	-0.15000000000000002
34369.33415628476	300	11.430602557801574	0.0	147968	2813.1211166106036	0.3
34372.347736270734	300	12.4170225718355	0.0	161857	3013.579985966075	0.3
34374.99358317161	300	13.771175670960131	0.0	145210	2645.846900875367	0.3
34378.14413894187	300	14.620619900699552	0.0	172312	3150.5557702605793	0.3
34381.216697187236	300	15.54806165533038	0.0	167025	3072.558245369172	0.3
34389.090373322135	750	11.674385520432587	0.0	393804	7873.676134897794	0.3
34391.670323232334	300	13.094435610231676	0.0	137507	2579.94991020091	-0.15000000000000002
34393.82419487255	300	14.940563970016122	0.0	118421	2153.871640215555	0.3

