28707.79611250676	750	4.0	2.740735576686574	450283	2740.735576686574	-11.035162979752268
28708.795439332378	300	7.000673174379451	0.0	155580	999.3268256205478	-0.15000000000000002
28709.70185848555	300	10.094254021205437	0.0	139857	906.4191531740131	0.3
28711.68551641383	750	12.110596092923467	0.0	382355	1983.65792828197	0.3
28713.67817567924	750	14.117936827515104	0.0	411561	1992.6592654083638	0.75
28715.238647313396	750	16.557465193357473	0.0	318564	1560.471634157634	0.75
28717.221529633527	750	18.574582873230707	0.0	352642	1982.8823201267674	0.75
28723.786101394453	1850	16.010011112304362	0.0	1060487	6564.571760926345	0.75
28732.46916712339	1850	11.32694538336689	0.0	852833	8683.06572893747	1.85
28734.377139478955	750	13.418973027798945	0.0	362795	1907.972355567945	-0.3500000000000001
28736.300485779855	750	15.49562672689794	0.0	353220	1923.346300901005	0.75
28738.852527389165	750	16.94358511758808	0.0	405134	2552.041609309864	0.75
28741.25405637178	750	18.5420561349715	0.0	386351	2401.528982616578	0.75
28743.495647108382	750	20.30046539837023	0.0	434409	2241.5907366012702	0.75
28747.92151316847	1850	19.87459933828372	0.0	821631	4425.866060086513	0.75
28757.60355066582	1850	14.19256184093521	0.0	923170	9682.037497348509	1.85
28762.916224554032	1850	12.87988795272177	0.0	966699	5312.67388821344	1.85
28767.61520948457	1850	12.18090302218594	0.0	885714	4698.984930535831	1.85
28773.952120338407	1850	9.843992168349821	0.0	987708	6336.910853836118	1.85
28779.480866265272	1850	8.315246241484845	0.0	923755	5528.745926864977	1.85
28781.406210664787	750	10.389901841967726	0.0	386472	1925.3443995171199	-0.3500000000000001
28783.493523214092	750	12.302589292663116	0.0	399894	2087.3125493046086	0.75
28785.61115730203	750	14.18495520472162	0.0	401853	2117.634087941496	0.75
28787.691314522774	750	16.104797983982447	0.0	343800	2080.1572207391737	0.75
28790.61746933463	750	17.178643172125927	0.0	359903	2926.1548118565206	0.75
28793.7878364554	750	18.008276051354965	0.0	379700	3170.3671207709617	0.75
28797.403269807273	750	18.392842699484426	0.0	425781	3615.433351870541	0.75
28799.576286096173	750	20.219826410583423	0.0	277716	2173.0162889010016	0.75
28802.59069979596	750	21.205412710798004	0.0	400396	3014.4136997854175	0.75
28804.847997167457	750	22.948115339302024	0.0	400508	2257.297371495982	0.75
28809.441064950923	1850	22.355047555834307	0.0	873429	4593.067783467718	0.75
28814.163612182125	1850	21.632500324633614	0.0	954453	4722.547231200695	1.85
28819.0458045971	1850	20.750307909658847	0.0	885062	4882.192414974766	1.85
28825.318588319307	1850	18.47752418744637	0.0	1035329	6272.783722212476	1.85
28830.42550093026	1850	17.37061157649394	0.0	1026056	5106.912610952435	1.85
28839.089048684036	1850	12.707063822721913	0.0	943942	8663.547753772025	1.85
28840.690293837957	750	15.105818668799394	0.0	321064	1601.24515392252	-0.3500000000000001
28842.483438270465	750	17.312674236293738	0.0	361565	1793.144432505656	0.75
28844.428566402206	750	19.367546104548893	0.0	378327	1945.128131744845	0.75
28849.250448699124	1850	18.54566380763115	0.0	930577	4821.882296917742	0.75
28853.97751550882	1850	17.818596997937746	0.0	858450	4727.066809693404	1.85
28859.84961685801	1850	15.946495648747282	0.0	1025005	5872.101349190465	1.85
28864.579374046865	1850	15.216738459890726	0.0	886255	4729.757188856556	1.85
28869.430855501712	1850	14.365257005044386	0.0	973972	4851.48145484634	1.85
28874.069134708276	1850	13.726977798482647	0.0	958994	4638.279206561739	1.85
28879.645237129153	1850	12.150875377605942	0.0	982064	5576.102420876704	1.85
28885.195257985284	1850	10.600854521475998	0.0	830730	5550.020856129944	1.85
28886.903560054245	750	12.892552452513161	0.0	314107	1708.302068962836	-0.3500000000000001

