43825.556283773054	750	4.0	1.292277730175302	450283	1292.277730175302	-4.806794239753798
43826.05514517635	300	7.501138596703244	0.0	155580	498.8614032967567	-0.15000000000000002
43827.079621372606	750	10.476662400448316	0.0	350812	1024.4761962549287	0.3
43828.8225776038	1200	12.733706169250578	0.0	617681	1742.9562311977372	0.75
43831.3848955801	1850	14.171388192954526	0.0	996749	2562.3179762960513	1.2000000000000002
43834.415918491075	2850	15.140365281977095	0.0	1224260	3031.0229109774295	1.85
43839.8596663051	4300	13.696617467947034	0.0	2157535	5443.747814030063	2.8499999999999996
43844.92828867279	2850	12.627995100263146	0.0	1638769	5068.622367683888	1.4000000000000001
43847.145071159415	1850	14.411212613634902	0.0	852833	2216.782486628244	0.8500000000000001
43851.67181285709	2850	13.884470915963176	0.0	1429765	4526.741697671725	1.85
43857.1402572468	2850	12.416026526247277	0.0	1354548	5468.4443897159	2.85
43859.733915806406	1850	13.822367966640089	0.0	917428	2593.658559607187	0.8500000000000001
43863.372264303944	2850	14.184019469098887	0.0	1422919	3638.3484975412034	1.85
43867.41244238586	2850	14.143841387184757	0.0	1578343	4040.1780819141295	2.85
43870.635022618044	2850	14.921261155003874	0.0	1231445	3222.5802321808815	2.85
43874.48936598492	2850	15.06691778812726	0.0	1471065	3854.3433668766165	2.85
43880.32984491889	4300	13.226438854160133	0.0	2289689	5840.478933967125	2.8499999999999996
43883.93404747358	2850	13.622236299468234	0.0	1358801	3604.2025546919	1.4000000000000001
43887.97689786707	2850	13.579385905977258	0.0	1537156	4042.850393490976	2.85
43891.487932664255	2850	14.068351108793802	0.0	1336050	3511.034797183456	2.85
43895.260599094945	2850	14.295684678107886	0.0	1415116	3772.666430685917	2.85
43898.96922359273	2850	14.587060180321341	0.0	1468126	3708.624497786544	2.85
43902.72477608257	2850	14.831507690478292	0.0	1505760	3755.5524898430494	2.85
43906.035488678775	2850	15.520795094273351	0.0	1323990	3310.7125962049395	2.85
43915.5588588165	4300	9.997424956548567	0.0	2186790	9523.370137724783	2.8499999999999996
43917.162062852	1200	12.394220921044216	0.0	590335	1603.204035504352	-1.9000000000000001
43920.00309478416	1850	13.553188988889085	0.0	1076599	2841.03193215513	1.2000000000000002
43922.97471632055	2850	14.581567452497646	0.0	1141971	2971.6215363914407	1.85
43926.813249769475	2850	14.743034003567159	0.0	1498470	3838.533448930488	2.85
43930.97771275209	2850	14.57857102095296	0.0	1561263	4164.462982614198	2.85
43934.47239052212	2850	15.083893250924918	0.0	1341201	3494.6777700280445	2.85
43939.862438799326	4300	13.693844973707822	0.0	2147852	5390.048277217095	2.8499999999999996
43945.05045344089	2850	12.505830332150575	0.0	1358081	5188.014641557247	1.4000000000000001
43949.15567817289	1850	12.400605600155126	0.0	1035329	4105.2247319954495	0.8500000000000001
43952.334098071115	1850	13.222185701927334	0.0	1026056	3178.4198982277926	1.85
43956.276734023	2850	13.279549750039537	0.0	1439896	3942.6359518877966	1.85
43959.386583952466	2850	14.16969982057459	0.0	1139291	3109.849929464948	2.85
43963.49170615055	2850	14.064577622490056	0.0	1499009	4105.122198084533	2.85
43967.56805383107	2850	13.988229941968422	0.0	1427478	4076.347680521634	2.85
43972.54202250553	2850	13.01426126750689	0.0	1402287	4973.968674461532	2.85
43976.138948961234	2850	13.417334811801767	0.0	1339500	3596.9264557051224	2.85
43980.10731711971	2850	13.448966653328258	0.0	1527299	3968.3681584735086	2.85
43983.54653567245	2850	14.009748100583232	0.0	1343002	3439.218552745025	2.85
43987.58874521743	2850	13.967538555614821	0.0	1587250	4042.2095449684107	2.85
43991.67858093954	2850	13.877702833505897	0.0	1464921	4089.8357221089245	2.85
43995.610559343564	2850	13.94572442948377	0.0	1483527	3931.978404022128	2.85
43998.78524756096	2850	14.771036212081595	0.0	1231456	3174.6882174021734	2.85
44002.21221768007	2850	15.344066092975185	0.0	1364537	3426.9701191064105	2.85

