30313.53158804939	750	4.0	2.740735576686574	450283	2740.735576686574	-11.035162979752268
30315.96472649175	750	5.566861557636011	0.0	398865	2433.138442363989	0.75
30317.675065183263	750	7.856522866126275	0.0	350812	1710.3386915097371	0.75
30319.53199456536	750	9.999593484029294	0.0	382355	1856.9293820969795	0.75
30322.932413816867	1200	10.599174232524867	0.0	652874	3400.4192515044265	0.75
30325.906205532017	1200	11.625382517370767	0.0	520315	2973.791715154101	1.2
30329.757101791634	1200	11.774486257754788	0.0	561791	3850.8962596159777	1.2
30337.63422236452	1200	7.897365684871856	0.0	709534	7877.120572882933	1.2
30339.602471276514	750	9.92911677287491	0.0	374758	1968.2489119969457	0.3
30341.51044363208	750	12.021144417306965	0.0	362795	1907.972355567945	0.75
30343.728749741786	750	13.802838307602622	0.0	353220	2218.3061097043437	0.75
30346.280791351095	750	15.250796698292758	0.0	405134	2552.041609309864	0.75
30348.36998054716	750	17.16160750222768	0.0	386351	2089.1891960650746	0.75
30353.917398590165	1850	15.614189459222827	0.0	1036454	5547.4180430048555	0.75
30363.01628502728	1850	10.515303022108514	0.0	821631	9098.886437114314	1.85
30365.130500563257	750	12.401087486131333	0.0	366214	2114.21553597718	-0.3500000000000001
30367.20946243302	750	14.32212561636536	0.0	360831	2078.9618697659735	0.75
30369.187799092273	750	16.34378895711401	0.0	372963	1978.336659251349	0.75
30371.332233783236	750	18.199354266150802	0.0	405596	2144.434690963206	0.75
30373.285884113222	750	20.24570393616693	0.0	350713	1953.6503299838719	0.75
30376.765000918356	1200	20.766587131033273	0.0	601738	3479.1168051336585	0.75
30381.43228648377	1200	20.099301565614326	0.0	616206	4667.285565418949	1.2
30385.089423518773	1200	20.442164530614434	0.0	656471	3657.1370349998897	1.2
30387.733231229846	1200	21.798356819541542	0.0	536667	2643.807711072891	1.2
30392.366504460988	1850	21.165083588401416	0.0	897976	4633.273231140126	1.2000000000000002
30399.45743849137	1850	18.074149558021006	0.0	905935	7090.93403038041	1.85
30407.974914050115	1850	13.556673999271565	0.0	1076599	8517.475558749442	1.85
30412.17673018157	1850	13.354857867818161	0.0	758197	4201.816131453402	1.85
30417.05805061709	1850	12.473537432296915	0.0	972798	4881.320435521247	1.85
30420.27415918434	1200	13.257428865046439	0.0	641447	3216.1085672504764	0.5499999999999999
30423.15750703018	1200	14.374081019204226	0.0	570392	2883.347845842212	1.2
30427.764298696507	1200	13.767289352880093	0.0	620283	4606.791666324134	1.2
30430.80264379177	1200	14.728944257619291	0.0	584349	3038.345095260801	1.2
30434.075778043076	1200	15.455810006311097	0.0	670129	3273.1342513081936	1.2
30437.68281571604	1200	15.848772333343609	0.0	690253	3607.037672967488	1.2
30446.235678772013	1850	11.29590927737396	0.0	943942	8552.86305596965	1.2000000000000002
30448.62699876125	1200	12.904589288134268	0.0	487812	2391.3199892396915	0.5499999999999999
30451.594234959335	1200	13.93735309005159	0.0	575591	2967.2361980826786	1.2
30454.775006964952	1200	14.75658108443436	0.0	605884	3180.7720056172284	1.2
30458.00505347458	1200	15.52653457480775	0.0	587506	3230.0465096266116	1.2
30461.276796670958	1200	16.25479137842972	0.0	566904	3271.7431963780296	1.2
30467.03669331904	1850	14.494894730347468	0.0	1025005	5759.896648082251	1.2000000000000002
30471.65752478117	1850	13.874063268215862	0.0	886255	4620.8314621316085	1.85
30476.442710892417	1850	13.088877156971805	0.0	973972	4785.1861112440565	1.85
30481.258657226186	1850	12.272930823201204	0.0	958994	4815.9463337706	1.85
30490.551497571283	2850	6.980090478104819	0.0	1483527	9292.840345096385	1.85
30494.94449753398	1850	6.587090515407463	0.0	830730	4392.999962697356	0.8500000000000001
30502.21318755983	2850	4.0	0.6815995104451813	1364537	7268.690025852645	-1.0808778949142792

