40323.38225449546	750	4.0	4.693727869945956	450283	4693.727869945956	-19.43302984076761
40325.05682430762	300	6.325430187832606	0.0	155580	1674.5698121673945	-0.15000000000000002
40326.57037619927	300	8.81187829618464	0.0	139857	1513.5518916479666	0.3
40328.24357380556	300	11.138680689896598	0.0	155432	1673.1976062880424	0.3
40329.990071875334	300	13.392182620116335	0.0	163442	1746.4980697802623	0.3
40333.30381747916	750	14.078437016295698	0.0	318564	3313.7456038206365	0.3
40336.938206241226	750	14.444048254224063	0.0	352642	3634.3887620716364	0.75
40341.42398000979	750	13.958274485659299	0.0	437162	4485.7737685647635	0.75
40345.289251364076	750	14.093003131382561	0.0	374758	3865.2713542767365	0.75
40349.03186248441	750	14.35039201104525	0.0	362795	3742.611120337312	0.75
40352.7127743894	750	14.669480106051095	0.0	353220	3680.911904994155	0.75
40356.948523381856	750	14.43373111359664	0.0	405134	4235.748992454455	0.75
40361.00572878133	750	14.3765257141178	0.0	386351	4057.2053994788384	0.75
40365.54835851967	750	13.833895975779436	0.0	434409	4542.629738338364	0.75
40369.065674996105	750	14.316579499345217	0.0	337059	3517.31647643422	0.75
40372.90942450589	750	14.472829989567208	0.0	366214	3843.7495097780084	0.75
40377.91753046769	750	13.464724027769371	0.0	360831	5008.105961797836	0.75
40382.680137946285	750	12.702116549170345	0.0	372963	4762.607478599026	0.75
40386.86438256173	750	12.517871933719412	0.0	405596	4184.244615450933	0.75
40390.51784016265	750	12.864414332808657	0.0	350713	3653.457600910756	0.75
40394.499520783174	750	12.882733712290488	0.0	386472	3981.680620518169	0.75
40398.60397169831	750	12.778282797158006	0.0	399894	4104.450915132482	0.75
40402.73221646742	750	12.650038028046906	0.0	401853	4128.244769111101	0.75
40406.2878078495	750	13.094446645967716	0.0	343800	3555.5913820791875	0.75
40410.03542177138	750	13.346832724080159	0.0	359903	3747.613921887558	0.75
40423.95866596065	750	4.0	0.5764114651789041	379700	13923.244189259063	-1.7285693002692875
40431.44494772077	750	4.0	3.4862817601190756	425781	7486.281760119075	-14.241011568512025
40433.89323560981	300	5.55171211096256	0.0	111155	2448.28788903744	-0.15000000000000002
40437.287580996344	300	6.157366724428742	0.0	153605	3394.345386533818	0.3
40440.64958970133	300	6.795358019438499	0.0	149029	3362.0087049902427	0.3
40442.564839831626	300	8.88010788914109	0.0	157421	1915.2501302974085	0.3
40444.24424978212	300	11.200697938656756	0.0	157488	1679.4099504843343	0.3
40445.78547033915	300	13.659477381626148	0.0	143881	1541.220557030609	0.3
40452.511260478444	300	10.933687242328684	0.0	163444	6725.7901392974645	0.3
40454.38946734047	300	13.05548038030259	0.0	179328	1878.2068620260939	0.3
40463.40461379532	750	8.04033392545525	0.0	365161	9015.14645484734	0.3
40466.34267881407	300	9.10226890670198	0.0	131610	2938.0650187532697	-0.15000000000000002
40467.84380886739	300	11.601138853379744	0.0	124011	1501.130053322237	0.3
40469.38735960173	300	14.057588119037527	0.0	144254	1543.5507343422166	0.3
40483.40906821907	750	4.035879501693884	0.0	390680	14021.708617343644	0.3
40484.9688945369	300	6.476053183866709	0.0	147968	1559.8263178271752	-0.15000000000000002
40486.66762458883	300	8.777323131932823	0.0	161857	1698.7300519338853	0.3
40488.20729637848	300	11.23765134228931	0.0	145210	1539.6717896435125	0.3
40490.02253528702	300	13.422412433752084	0.0	172312	1815.2389085372242	0.3
40491.78453235453	300	15.660415366232527	0.0	167025	1761.9970675195566	0.3
40497.74115305253	750	13.70379466823798	0.0	393804	5956.620697994546	0.3
40503.21948151798	750	12.22546620278346	0.0	331053	5478.328465454521	0.75
40506.46836520622	750	12.976582514541299	0.0	314107	3248.8836882421624	0.75

