157.09123176439178	750	4.0	1.6636513739301029	450283	1663.6513739301029	-6.4037009078994425
157.7184087192314	300	7.372823045160387	0.0	155580	627.1769548396127	-0.15000000000000002
159.03221924681333	750	10.059012517578472	0.0	350812	1313.8105275819141	0.3
160.4569669301126	750	12.634264834279204	0.0	382355	1424.7476832992681	0.75
161.959825877881	750	15.131405886510802	0.0	411561	1502.8589477684009	0.75
164.79723206250867	1850	16.293999701883124	0.0	801058	2837.4061846276786	0.75
169.73136302163846	1850	15.359868742753342	0.0	905515	4934.130959129781	1.85
174.12438114547183	1850	14.966850618919967	0.0	1060487	4393.018123833375	1.85
177.17762738370163	1850	15.913604380690158	0.0	852833	3053.246238229809	1.85
180.36406919663793	1850	16.727162567753847	0.0	913888	3186.4418129363125	1.85
183.6643203091609	1850	17.42691145523088	0.0	939819	3300.2511125229676	1.85
186.89834709157037	1850	18.192884672821382	0.0	917428	3234.0267824094976	1.85
190.24003992162375	1850	18.851191842768024	0.0	946851	3341.692830053358	1.85
193.88692924212563	1850	19.20430252226613	0.0	1036454	3646.889320501893	1.85
196.79464321159796	1850	20.29658855279379	0.0	821631	2907.713969472341	1.85
200.08005912387844	1850	21.011172640513305	0.0	923170	3285.4159122804854	1.85
203.5428688042953	1850	21.548362960096473	0.0	966699	3462.809680416832	1.85
206.74492583971335	1850	22.34630592467841	0.0	885714	3202.057035418062	1.85
210.2263007947761	1850	22.864930969615635	0.0	987708	3481.374955062775	1.85
213.49467129308852	1850	23.596560471303224	0.0	923755	3268.37049831241	1.85
216.66343888303396	1850	24.427792881357796	0.0	891604	3168.7675899454243	1.85
220.11970175498067	1850	24.97153000941109	0.0	955231	3456.262871946705	1.85
223.6100524188099	1850	25.48117934558186	0.0	968026	3490.3506638292274	1.85
226.7400978223299	1850	26.351133942061868	0.0	874175	3130.045403519995	1.85
229.91375255956763	1850	27.177479204824117	0.0	897976	3173.654737237751	1.85
233.0991194572068	1850	27.99211230718495	0.0	905935	3185.3668976391687	1.85
236.83880571173404	1850	28.252426052657718	0.0	1076599	3739.6862545272347	1.85
239.4870237456273	1850	29.604208018764446	0.0	758197	2648.218033893272	1.85
242.85936356442127	1850	30.231868199970485	0.0	972798	3372.3398187939606	1.85
246.30012706700305	1850	30.791104697388704	0.0	975811	3440.7635025817845	1.85
249.3400971461573	1850	31.75113461823445	0.0	873429	3039.970079154253	1.85
252.6003354483662	1850	32.49089631602554	0.0	954453	3260.2383022089043	1.85
255.6706921119493	1850	33.4205396524424	0.0	885062	3070.356663583148	1.85
259.2653683267422	1850	33.82586343764956	0.0	1035329	3594.6762147928407	1.85
262.84850458925683	1850	34.242727175134895	0.0	1026056	3583.136262514664	1.85
266.16637071303535	1850	34.92486105135637	0.0	943942	3317.86612377852	1.85
268.74527168468717	1850	36.34596007970457	0.0	728962	2578.900971651809	1.85
272.01905960288394	1850	37.072172161507815	0.0	938587	3273.787918196758	1.85
275.19693231433246	1850	37.894299450059286	0.0	908665	3177.8727114485328	1.85
278.45483628614045	1850	38.63639547825132	0.0	930577	3257.9039718079553	1.85
281.4552517943043	1850	39.63597997008745	0.0	858450	3000.415508163872	1.85
285.03432845154134	1850	40.05690331285036	0.0	1025005	3579.0766572370953	1.85
288.1600849934373	1850	40.93114677095448	0.0	886255	3125.7565418958843	1.85
291.5663309583342	1850	41.52490080605755	0.0	973972	3406.2459648969225	1.85
294.91217874891646	1850	42.179053015475276	0.0	958994	3345.8477905822747	1.85
298.3263960845539	1850	42.76483567983785	0.0	982064	3414.217335637426	1.85
301.25271975808914	1850	43.838512006302594	0.0	830730	2926.3236735352534	1.85
304.2427399912514	1850	44.8484917731403	0.0	846370	2990.02023316229	1.85

