19520.79095895578	750	4.0	7.076421894127108	450283	7076.421894127108	-29.678614144746565
19523.290919665247	300	5.500039290530609	0.0	155580	2499.9607094693915	-0.15000000000000002
19525.530793762326	300	7.260165193449888	0.0	139857	2239.8740970807216	0.3
19531.49981431136	750	5.29114464441804	0.0	382355	5969.020549031848	0.3
19534.096966571295	300	6.693992384481819	0.0	163442	2597.1522599362206	-0.15000000000000002
19536.13985327159	300	8.651105684185252	0.0	126289	2042.8867002965687	0.3
19541.69688795022	750	7.094071005556115	0.0	352642	5557.034678629137	0.3
19548.59499188579	750	4.195967069981298	0.0	437162	6898.103935574817	0.75
19551.0369637079	300	5.753995247876921	0.0	150710	2441.9718221043763	-0.15000000000000002
19553.298808268824	300	7.4921506869504935	0.0	139105	2261.8445609264268	0.3
19558.873811280904	750	5.917147674872226	0.0	353220	5575.0030120782685	0.3
19561.36367722777	300	7.427281728003155	0.0	156148	2489.8659468690703	-0.15000000000000002
19567.45603748399	750	5.334921471785274	0.0	386351	6092.36025621788	0.3
19570.361915735957	300	6.429043219817481	0.0	179801	2905.8782519677943	-0.15000000000000002
19572.611068146285	300	8.17989080948895	0.0	140051	2249.15241032853	0.3
19578.370192019538	750	6.420766936236291	0.0	366214	5759.12387325266	0.3
19580.67339594685	300	8.117563008920042	0.0	143509	2303.2039273162477	-0.15000000000000002
19586.507488832784	750	6.283470122990912	0.0	372963	5834.09288592913	0.3
19589.147076287656	300	7.643882668117389	0.0	165384	2639.5874548735237	-0.15000000000000002
19594.63860950822	750	6.152349447553893	0.0	350713	5491.533220563496	0.3
19597.16451710056	300	7.626441855215619	0.0	157671	2525.9075923382734	-0.15000000000000002
19603.440233029214	750	5.350725926561598	0.0	399894	6275.715928654022	0.3
19606.05302574609	300	6.7379332096876245	0.0	163927	2612.7927168739734	-0.15000000000000002
19608.269768662172	300	8.521190293603377	0.0	137654	2216.742916084247	0.3
19613.925200275193	750	6.865758680583821	0.0	359903	5655.431613019556	0.3
19616.385322921393	300	8.40563603438753	0.0	153938	2460.1226461962888	-0.15000000000000002
19623.049258114304	750	5.741700841476141	0.0	425781	6663.93519291139	0.3
19624.853302114614	300	7.937656841168262	0.0	111155	1804.0440003078788	-0.15000000000000002
19631.190953500267	750	5.600005455513047	0.0	400396	6337.651385655215	0.3
19633.589693735787	300	7.201265219992775	0.0	149029	2398.740235520272	-0.15000000000000002
19639.223459010955	750	5.567499944821964	0.0	358218	5633.765275170811	0.3
19641.7350492159	300	7.055909739877503	0.0	157488	2511.590204944461	-0.15000000000000002
19647.51236929322	750	5.278589662554625	0.0	369834	5777.320077322878	0.3
19650.138440642306	300	6.652518313470872	0.0	163444	2626.0713490837525	-0.15000000000000002
19653.034685319617	300	7.756273636158241	0.0	179328	2896.2446773126308	0.3
19658.840507330333	750	5.950451625444818	0.0	365161	5805.822010713423	0.3
19660.95746185812	300	7.833497097657147	0.0	131610	2116.9545277876714	-0.15000000000000002
19666.814798675874	750	5.976160279904019	0.0	361565	5857.336817753127	0.3
19669.18016940164	300	7.610789554136743	0.0	144254	2365.3707257672763	-0.15000000000000002
19675.37642363616	750	5.414535319613088	0.0	390680	6196.254234523655	0.3
19677.752014777616	300	7.038944178158927	0.0	147968	2375.5911414541615	-0.15000000000000002
19683.797433973094	750	4.993524982682881	0.0	384505	6045.419195476046	0.3
19686.130950291146	300	6.66000866463151	0.0	145210	2333.5163180513705	-0.15000000000000002
19688.899923626093	300	7.891035329680713	0.0	172312	2768.9733349507974	0.3
19695.18133031065	750	5.609628645125065	0.0	398987	6281.406684555648	0.3
19697.730290839692	300	7.060668116086038	0.0	160064	2548.9605290390273	-0.15000000000000002
19702.946407991345	750	5.844550964431789	0.0	331053	5216.117151654249	0.3
19704.859361719795	300	7.931597235984331	0.0	118421	1912.9537284474586	-0.15000000000000002

