12504.774452310741	750	4.0	5.8407901643873466	450283	5840.7901643873465	-24.36539770686559
12506.819427741444	300	5.955024569297258	0.0	155580	2044.9754307027413	-0.15000000000000002
12508.665821679044	300	8.108630631697354	0.0	139857	1846.3939375999055	0.3
12510.711113773921	300	10.063338536820494	0.0	155432	2045.2920948768592	0.3
12512.85848693834	300	11.915965372403633	0.0	163442	2147.373164416863	0.3
12514.539354278904	300	14.235098031837978	0.0	126289	1680.867340565653	0.3
12516.612962624502	300	16.161489686240618	0.0	153295	2073.6083455973617	0.3
12522.405140455146	750	14.369311855594649	0.0	437162	5792.177830645967	0.3
12527.313186685864	750	13.461265624877377	0.0	374758	4908.04623071727	0.75
12531.958953934001	750	12.815498376740376	0.0	362795	4645.767248137004	0.75
12536.458039637657	750	12.316412673084812	0.0	353220	4499.085703655563	0.75
12541.678903118822	750	11.095549191918632	0.0	405134	5220.863481166181	0.75
12546.708516941282	750	10.065935369457538	0.0	386351	5029.613822461093	0.75
12549.055059188331	300	11.719393122410219	0.0	179801	2346.542247047319	-0.15000000000000002
12550.93543337496	300	13.839018935781192	0.0	140051	1880.3741866290275	0.3
12552.83836619885	300	15.936086111889704	0.0	138313	1902.9328238914873	0.3
12557.601477012533	750	15.17297529820604	0.0	360831	4763.110813683665	0.3
12562.428723177089	750	14.345729133652016	0.0	372963	4827.246164554024	0.75
12567.592548971008	750	13.181903339732365	0.0	405596	5163.825793919649	0.75
12572.124886546266	750	12.649565764475428	0.0	350713	4532.337575256936	0.75
12577.398365795318	750	11.376086515422719	0.0	386472	5273.479249052709	0.75
12582.741861877026	750	10.032590433715649	0.0	399894	5343.49608170707	0.75
12584.872021225961	300	11.902431084781036	0.0	163927	2130.1593489346146	-0.15000000000000002
12586.682192511566	300	14.092259799176412	0.0	137654	1810.1712856046229	0.3
12588.616819323905	300	16.157632986837573	0.0	146754	1934.6268123388404	0.3
12593.568429213634	750	15.206023097108929	0.0	379700	4951.609889728642	0.3
12599.131059885663	750	13.643392425077968	0.0	425781	5562.630672030961	0.75
12602.85784925174	750	13.916603059000288	0.0	277716	3726.7893660776786	0.75
12608.199845663337	750	12.574606647404519	0.0	400396	5341.996411595769	0.75
12613.433561300035	750	11.340891010706127	0.0	400508	5233.715636698392	0.75
12618.288008746356	750	10.486443564385086	0.0	358218	4854.447446321041	0.75
12620.424455324372	300	12.349996986368902	0.0	157488	2136.4465780161845	-0.15000000000000002
12622.366456543325	300	14.407995767416788	0.0	143881	1942.0012189521142	0.3
12624.536470796416	300	16.237981514326204	0.0	163444	2170.0142530905805	0.3
12629.738211828158	750	15.03624048258281	0.0	401088	5201.741031743395	0.3
12634.460948593865	750	14.313503716875847	0.0	365161	4722.736765706965	0.75
12638.604225137718	750	14.17022717302337	0.0	321064	4143.276543852477	0.75
12643.302667179529	750	13.471785131213434	0.0	361565	4698.442041809937	0.75
12648.298766196423	750	12.475686114318806	0.0	378327	4996.0990168946255	0.75
12653.303188736782	750	11.471263573962272	0.0	390680	5004.422540356535	0.75
12657.82447947055	750	10.949972840193677	0.0	345516	4521.290733768594	0.75
12662.630724774772	750	10.143727535971237	0.0	384505	4806.24530422244	0.75
12664.561717089126	300	12.212735221617395	0.0	145210	1930.9923143538424	-0.15000000000000002
12666.838178680415	300	13.936273630329335	0.0	172312	2276.461591288061	0.3
12669.073127160249	300	15.70132515049376	0.0	167025	2234.948479835575	0.3
12674.220997499686	750	14.553454811057984	0.0	393804	5147.870339435776	0.3
12678.526015883755	750	14.248436426988162	0.0	331053	4305.018384069822	0.75
12682.741393491038	750	14.033058819703689	0.0	314107	4215.377607284474	0.75

