36297.56062460622	750	4.0	6.242494547141494	450283	6242.494547141494	-26.09272655270842
36299.6207400875	300	5.93988451871822	0.0	155580	2060.1154812817804	-0.15000000000000002
36301.480744013876	300	8.079880592341912	0.0	139857	1860.0039263763078	0.3
36306.629731949724	750	6.930892656493184	0.0	382355	5148.987935848727	0.3
36308.90105074852	300	8.65957385769553	0.0	163442	2271.318798797655	-0.15000000000000002
36313.19755155573	750	8.363073050487468	0.0	318564	4296.500807208062	0.3
36317.47576242272	750	8.084862183502695	0.0	352642	4278.210866984773	0.75
36321.10595414933	750	8.45467045689122	0.0	437162	3630.191726611475	0.75
36324.20247546437	750	9.358149141845301	0.0	374758	3096.521315045921	0.75
36328.778994494256	1200	8.781630111958012	0.0	560821	4576.5190298872885	0.75
36331.68885042774	750	9.871774178479896	0.0	353220	2909.855933478116	0.3
36336.90289088431	1200	8.657733721905606	0.0	594078	5214.040456574289	0.75
36339.9742264968	750	9.586398109414162	0.0	386351	3071.3356124914444	0.3
36345.60548900218	1200	7.9551356040374115	0.0	687371	5631.262505376751	0.75
36348.59433126148	750	8.966293344723514	0.0	337059	2988.8422593138976	0.3
36351.94904298308	750	9.611581623132222	0.0	366214	3354.7117215912913	0.75
36357.21954836114	1200	8.341076245064144	0.0	617242	5270.505378068078	0.75
36360.21810680858	750	9.342517797632024	0.0	372963	2998.5584474321226	0.3
36365.30334321371	1200	8.2572813925028	0.0	639204	5085.2364051292225	0.75
36368.158017504014	750	9.402607102193132	0.0	350713	2854.6742903096683	0.3
36372.8874752963	1200	8.673149309902866	0.0	601738	4729.4577922902645	0.75
36376.331808187504	750	9.228816418703117	0.0	399894	3444.3328911997505	0.3
36381.54426630871	1200	8.016358297501302	0.0	656471	5212.458121201815	0.75
36384.33111244139	750	9.22951216482163	0.0	343800	2786.8461326796723	0.3
36389.45284965196	1200	8.107774954248502	0.0	587236	5121.737210573128	0.75
36393.003716582556	750	8.556908023648473	0.0	379700	3550.8669306000293	0.3
36396.46362396771	750	9.097000638494382	0.0	425781	3459.90738515409	0.75
36400.35123610309	1200	9.209388503124625	0.0	487160	3887.6121353697586	0.75
36405.43053166891	1200	8.130092937296881	0.0	622896	5079.295565827743	1.2
36408.86613642843	750	8.694488177783663	0.0	400508	3435.604759513217	0.3
36411.79087007911	750	9.769754527107462	0.0	358218	2924.7336506762013	0.75
36416.75527822338	1200	8.8053463828362	0.0	620283	4964.408144271264	0.75
36419.75576079523	750	9.804863810981708	0.0	369834	3000.4825718544935	0.3
36425.22216236218	1200	8.338462244036789	0.0	670129	5466.401566944918	0.75
36428.46164043009	750	9.098984176126065	0.0	401088	3239.478067910724	0.3
36433.21783090218	1200	8.34279370404805	0.0	598727	4756.190472078014	0.75
36435.86378833578	750	9.696836270445926	0.0	321064	2645.9574336021233	0.3
36440.55957771207	1200	9.001046894157815	0.0	575591	4695.789376288112	0.75
36445.376545122	1200	8.184079484219248	0.0	605884	4816.967409938567	1.2
36448.612922990964	750	8.947701615261082	0.0	390680	3236.3778689581673	0.3
36451.383100399784	750	10.177524206441095	0.0	345516	2770.1774088199854	0.75
36457.43209422094	1200	8.128530385286902	0.0	641452	6048.993821154193	0.75
36461.236847737775	750	8.323776868448604	0.0	372093	3804.753516838299	0.3
36464.69385692094	750	8.866767685289922	0.0	438281	3457.009183158681	0.75
36467.875342987645	750	9.685281618583504	0.0	398987	3181.4860667064177	0.75
36473.028943912395	1200	8.531680693830362	0.0	638661	5153.600924753142	0.75
36475.789398587636	750	9.771226018591731	0.0	331053	2760.4546752386304	0.3
36480.381129405476	1200	9.17949520075315	0.0	550906	4591.730817838581	0.75

