40820.46741501336	750	4.0	2.440724357659049	450283	2440.724357659049	-9.74511473793391
40821.36308314998	300	7.10433186337349	0.0	155580	895.6681366265101	-0.15000000000000002
40828.28466483757	750	4.182750175785509	0.0	350812	6921.581687587981	0.3
40829.302700398635	300	7.1647146147193075	0.0	155432	1018.0355610662014	-0.15000000000000002
40831.86648014507	750	8.600934868283781	0.0	411561	2563.779746435527	0.3
40833.776078412404	750	10.691336600954523	0.0	318564	1909.598267329258	0.75
40836.37681152765	1200	12.090603485717304	0.0	561791	2600.733115237219	0.75
40843.02228792652	1850	9.445127086850155	0.0	1060487	6645.476398867149	1.2000000000000002
40846.557324625974	1200	9.910090387387568	0.0	584846	3535.0366994625874	0.5499999999999999
40849.92011456268	1200	10.547300450681425	0.0	560821	3362.7899367061427	1.2
40853.89073634253	1200	10.576678670828127	0.0	607410	3970.6217798532975	1.2
40856.879485906546	1200	11.587929106816334	0.0	594078	2988.749564011792	1.2
40861.89603167752	1850	10.571383335842457	0.0	946851	5016.545770973879	1.2000000000000002
40874.35589902458	1200	4.0	1.8884840112218952	687371	12459.867347064352	-7.57048124825415
40875.31011503305	300	7.045783991536926	0.0	140051	954.2160084630747	-0.6000000000000001
40877.6760690164	750	8.679830008178746	0.0	366214	2365.9539833581794	0.3
40879.87619014121	750	10.479708883371133	0.0	360831	2200.121124807613	0.75
40882.813956793034	1200	11.541942231550452	0.0	581493	2937.766651820681	0.75
40888.3066733136	1850	10.049225710983643	0.0	987708	5492.716520566811	1.2000000000000002
40896.52176460542	1200	5.834134419161551	0.0	586839	8215.091291822091	0.5499999999999999
40897.404969662115	300	8.950929362470928	0.0	157671	883.2050566906247	-0.6000000000000001
40899.522103205636	750	10.83379581895157	0.0	399894	2117.1335435193578	0.3
40902.35153243008	1200	12.004366594501512	0.0	656471	2829.429224450058	0.75
40906.00966246679	1850	12.346236557792572	0.0	874175	3658.1300367089407	1.2000000000000002
40909.72916478803	1850	12.62673423655991	0.0	897976	3719.5023212326614	1.85
40913.35647552284	1850	12.999423501743168	0.0	905935	3627.3107348167428	1.85
40917.46612030196	1850	12.889778722636906	0.0	1076599	4109.64477910626	1.85
40920.31235094234	1850	14.043548082257571	0.0	758197	2846.230640379338	1.85
40928.02579484426	2850	10.330104180331393	0.0	1498470	7713.443901926178	1.85
40931.0843105871	1200	11.271588437493149	0.0	641447	3058.515742838244	-0.44999999999999996
40935.53872294636	1850	10.81717607823485	0.0	873429	4454.412359258299	1.2000000000000002
40939.03291178595	1200	11.322987238639522	0.0	620283	3494.1888395953283	0.5499999999999999
40943.802181719795	1850	10.553717304796374	0.0	885062	4769.2699338431485	1.2000000000000002
40947.35535325454	1200	11.000545770047093	0.0	670129	3553.1715347492786	0.5499999999999999
40954.969988686455	1850	7.385910338129408	0.0	1026056	7614.635431917686	1.2000000000000002
40962.50166242528	750	4.0	0.14576340069041543	365161	7531.6737388198235	-0.9767826229687865
40963.30833016079	300	7.193332264487786	0.0	131610	806.6677355122139	-0.15000000000000002
40965.384664936195	750	9.116997489087181	0.0	361565	2076.334775400605	0.3
40968.554245257474	1200	9.947417167807494	0.0	605884	3169.5803212796873	0.75
40971.58444794387	1200	10.917214481415812	0.0	587506	3030.202686391684	1.2
40974.64248005585	1200	11.859182369431245	0.0	566904	3058.0321119845644	1.2
40979.616738403296	1850	10.884924021984826	0.0	1025005	4974.258347446419	1.2000000000000002
40982.20307536578	1200	12.298587059502436	0.0	599477	2586.33696248239	0.5499999999999999
40985.67567022249	1850	12.825992202792747	0.0	973972	3472.5948567096893	1.2000000000000002
40989.762146742054	1850	12.739515683233567	0.0	958994	4086.476519559181	1.85
40999.247347582954	1850	7.254314842337191	0.0	982064	9485.200840896376	1.85
41000.827996078886	750	9.673666346400136	0.0	331053	1580.6484959370555	-0.3500000000000001
41003.25038090439	1200	11.251281520895288	0.0	550906	2422.3848255048465	0.75

