18060.083400197906	750	4.0	5.565172562873179	450283	5565.172562873178	-23.18024202035467
18062.102491988655	300	5.980908209248794	0.0	155580	2019.0917907512064	-0.15000000000000002
18063.92561810113	300	8.157782096772308	0.0	139857	1823.1261124764846	0.3
18065.903441407627	300	10.179958790276311	0.0	155432	1977.823306495999	0.3
18067.947820053087	300	12.135580144820445	0.0	163442	2044.3786454558676	0.3
18069.54566378209	300	14.537736415815806	0.0	126289	1597.8437290046381	0.3
18073.594300359262	750	14.489099838644792	0.0	352642	4048.636577171013	0.3
18078.61231470778	750	13.47108549012361	0.0	437162	5018.014348521184	0.75
18082.88000461255	750	13.203395585357008	0.0	374758	4267.6899047666	0.75
18087.009901907637	750	13.073498290269429	0.0	362795	4129.89729508758	0.75
18091.120664673945	750	12.96273552396322	0.0	353220	4110.7627663062085	0.75
18096.038632607608	750	12.044767590299015	0.0	405134	4917.967933664205	0.75
18100.592662370953	750	11.490737826953914	0.0	386351	4554.0297633451	0.75
18102.683918294297	300	13.399481903611646	0.0	179801	2091.255923342268	-0.15000000000000002
18104.330530289335	300	15.752869908572642	0.0	140051	1646.6119950390043	0.3
18108.519489411832	750	15.563910786075748	0.0	366214	4188.9591224968935	0.3
18112.82392214447	750	15.259478053435608	0.0	360831	4304.432732640141	0.75
18117.36854763719	750	14.714852560715718	0.0	372963	4544.62549271989	0.75
18122.028870477377	750	14.054529720528993	0.0	405596	4660.322840186724	0.75
18126.065916066196	750	14.017484131711097	0.0	350713	4037.0455888178967	0.75
18131.269351748728	750	12.814048449180664	0.0	386472	5203.435682530433	0.75
18136.062503986184	750	12.020896211725685	0.0	399894	4793.152237454978	0.75
18140.955951157306	750	11.127449040603544	0.0	401853	4893.447171122142	0.75
18145.175891085146	750	10.907509112763996	0.0	343800	4219.939927839548	0.75
18149.43142288335	750	10.651977314556792	0.0	359903	4255.531798207205	0.75
18153.815510303462	750	10.267889894444586	0.0	379700	4384.087420112205	0.75
18158.710827892995	750	9.372572304913863	0.0	425781	4895.317589530723	0.75
18160.055787263766	300	12.02761293414452	0.0	111155	1344.9593707693443	-0.15000000000000002
18161.884467801792	300	14.198932396120108	0.0	153605	1828.6805380244111	0.3
18163.684025084644	300	16.399375113265	0.0	149029	1799.5572828551099	0.3
18167.886093184337	750	16.197307013571407	0.0	358218	4202.068099693591	0.3
18172.56066874021	750	15.522731457698999	0.0	400322	4674.5755558724095	0.75
18177.16440473133	750	14.91899546657964	0.0	369834	4603.735991119361	0.75
18182.2324417045	750	13.850958493411193	0.0	412837	5068.036973168446	0.75
18187.555531762915	750	12.527868434992444	0.0	401088	5323.090058418749	0.75
18192.05137056033	750	12.03202963757844	0.0	365161	4495.838797414004	0.75
18195.957010631093	750	12.126389566816501	0.0	321064	3905.64007076194	0.75
18200.28512599809	750	11.798274199822663	0.0	361565	4328.1153669938385	0.75
18204.855290046595	750	11.228110151313583	0.0	378327	4570.164048509079	0.75
18209.557520898106	750	10.525879299800167	0.0	390680	4702.230851513417	0.75
18213.60021702923	750	10.483183168678792	0.0	345516	4042.696131121374	0.75
18218.082141247232	750	10.00125895067592	0.0	384505	4481.924218002872	0.75
18219.79605500008	300	12.287345197827738	0.0	145210	1713.9137528481813	-0.15000000000000002
18221.81492247877	300	14.268477719136355	0.0	172312	2018.8674786913837	0.3
18223.810550032562	300	16.2728501653428	0.0	167025	1995.6275537935578	0.3
18228.54530191301	750	15.538098284893138	0.0	393804	4734.751880449659	0.3
18232.329960334682	750	15.75343986322223	0.0	331053	3784.658421670909	0.75
18235.94381288548	750	16.13958731241952	0.0	314107	3613.8525508027133	0.75

