576.941973680272	750	4.0	4.226280936562637	450283	4226.280936562637	-17.42300802721934
580.3437757317696	750	4.598197948502318	0.0	398865	3401.8020514976815	0.75
583.2699033395086	750	5.672070340763392	0.0	350812	2926.1276077389257	0.75
586.6197305769159	750	6.322243103356066	0.0	382355	3349.8272374073267	0.75
590.0561931107779	750	6.885780569493995	0.0	411561	3436.462533862072	0.75
592.6492323060176	750	8.292741374254398	0.0	318564	2593.0391952395958	0.75
595.6783063054025	750	9.263667374869437	0.0	352642	3029.0739993849597	0.75
601.1197155857121	750	7.82225809455984	0.0	437162	5441.409280309598	0.75
605.7650416282448	750	7.1769320520271265	0.0	374758	4645.326042532713	0.75
609.0908969714304	750	7.851076708841528	0.0	362795	3325.855343185599	0.75
612.901574618258	750	8.040399062013822	0.0	353220	3810.6776468277044	0.75
616.6110357843338	750	8.330937895938055	0.0	405134	3709.4611660757664	0.75
620.4608415136927	750	8.48113216657922	0.0	386351	3849.8057293588363	0.75
628.970267846572	750	4.0	0.028294166300120195	434409	8509.42633287934	0.6283350849094832
630.1043275326048	300	6.8659403139671795	0.0	140051	1134.059686032821	-0.15000000000000002
631.2253065856231	300	9.744961260948939	0.0	138313	1120.9790530182404	0.3
632.3853920650762	300	12.584875781495853	0.0	143509	1160.0854794530858	0.3
633.5989666462752	300	15.371301200296722	0.0	150616	1213.5745811991303	0.3
637.0902211938496	300	15.880046652722356	0.0	165384	3491.2545475743664	0.3
639.9291160714504	300	17.041151775121488	0.0	140881	2838.8948776008674	0.3
641.3491817038231	300	19.621086142748826	0.0	157671	1420.0656323726594	0.3
642.7704457129051	300	22.19982213366666	0.0	157812	1421.2640090821658	0.3
644.2436818750273	300	24.726585971544566	0.0	163927	1473.236162122096	0.3
645.5072085050799	300	27.463059341491878	0.0	137654	1263.5266300526896	0.3
648.6945160237582	750	28.2757518228136	0.0	359903	3187.3075186782785	0.3
653.9354958069217	1200	27.03477203965009	0.0	590335	5240.979783163511	0.75
660.5055374074262	1200	24.46473043914556	0.0	696376	6570.04160050453	1.2
666.0015171566888	1200	22.96875068988304	0.0	487160	5495.979749262517	1.2
672.4530921697911	1200	20.517175676780802	0.0	622896	6451.575013102236	1.2
686.6383081540151	1200	10.331959692556833	0.0	641447	14185.21598422397	1.2
688.2783962366907	300	12.691871609881213	0.0	157421	1640.0880826756202	-0.6000000000000001
689.9191483089328	300	15.051119537639147	0.0	157488	1640.752072242065	0.3
691.2883806017676	300	17.68188724480435	0.0	143881	1369.2322928347958	0.3
692.7811410106965	300	20.18912683587537	0.0	163444	1492.7604089289823	0.3
694.4111979024296	300	22.55906994414232	0.0	179328	1630.0568917330495	0.3
699.1912719323369	1200	21.778995914234926	0.0	598727	4780.074029907397	0.29999999999999993
703.1390214068857	1200	21.83124643968617	0.0	487812	3947.7494745487566	1.2
708.0623524176241	1200	20.907915428947724	0.0	575591	4923.331010738446	1.2
714.8394242411711	1200	18.130843605400724	0.0	605884	6777.071823546999	1.2
720.3108425443935	1200	16.659425302178303	0.0	587506	5471.41830322242	1.2
724.7980514553097	1200	16.172216391262058	0.0	566904	4487.208910916246	1.2
729.9430104648226	1200	15.027257381749282	0.0	641452	5144.959009512776	1.2
734.748940588685	1200	14.221327257886802	0.0	599477	4805.930123862479	1.2
739.8946039198858	1200	13.07566392668605	0.0	634861	5145.6633312007525	1.2
745.0158317458754	1200	11.954436100696373	0.0	630203	5121.227825989676	1.2
750.5080058672919	1200	10.462261979279853	0.0	638661	5492.1741214165195	1.2
757.4206160160811	1850	7.549651830490782	0.0	830730	6912.610148789072	1.2000000000000002
766.2901158453199	1850	4.0	1.3198479987479568	846370	8869.499829238739	-3.8253463946162136

