9732.46799006069	750	4.0	2.5728353536483834	450283	2572.8353536483833	-10.313192020688048
9733.409304665773	300	7.05868539491694	0.0	155580	941.31460508306	-0.15000000000000002
9734.263574345185	300	10.204415715503767	0.0	139857	854.2696794131733	0.3
9736.515035256461	750	11.952954804226295	0.0	382355	2251.460911277473	0.3
9738.973563193342	750	13.494426867347634	0.0	411561	2458.527936878659	0.75
9740.855902319308	750	15.612087741381425	0.0	318564	1882.33912596621	0.75
9742.821964895193	750	17.64602516549714	0.0	352642	1966.062575884286	0.75
9745.240072346372	750	19.227917714317964	0.0	437162	2418.1074511791735	0.75
9747.273125413833	750	21.194864646856786	0.0	374758	2033.053067461179	0.75
9749.235260647347	750	23.23272941334306	0.0	362795	1962.1352335137265	0.75
9751.147539821644	750	25.32045023904526	0.0	353220	1912.2791742977968	0.75
9755.98247693623	1850	24.485513124461235	0.0	917428	4834.937114584028	0.75
9760.88741022466	1850	23.58057983603011	0.0	946851	4904.9332884311225	1.85
9767.492385459222	1850	20.97560460146798	0.0	1036454	6604.9752345621355	1.85
9772.083149829394	1850	20.384840231297254	0.0	821631	4590.764370170726	1.85
9778.118845443856	1850	18.349144616834156	0.0	923170	6035.695614463096	1.85
9784.081107898075	1850	16.386882162615404	0.0	966699	5962.262454218756	1.85
9789.097451871363	1850	15.370538189326235	0.0	885714	5016.3439732891675	1.85
9794.833915643694	1850	13.634074416995578	0.0	987708	5736.463772330657	1.85
9800.058064508949	1850	12.409925551740464	0.0	923755	5224.148865255113	1.85
9804.885271577923	1850	11.582718482766733	0.0	891604	4827.207068973731	1.85
9810.363215480778	1850	10.104774579911275	0.0	955231	5477.943902855458	1.85
9815.776624021644	1850	8.691366039046065	0.0	968026	5413.40854086521	1.85
9822.497027226815	1850	5.970962833875645	0.0	874175	6720.40320517042	1.85
9824.498816809697	750	7.969173250993687	0.0	359903	2001.7895828819583	-0.3500000000000001
9826.606317287939	750	9.86167277275294	0.0	379700	2107.500478240747	0.75
9829.166318591284	750	11.301671469407964	0.0	425781	2560.0013033449754	0.75
9830.889975680368	750	13.578014380324456	0.0	277716	1723.6570890835083	0.75
9837.390554443706	750	11.077435616987037	0.0	400396	6500.578763337418	0.75
9839.569027173799	750	12.898962886894491	0.0	400508	2178.472730092546	0.75
9841.525920280625	750	14.942069780069431	0.0	358218	1956.893106825061	0.75
9843.709717751122	750	16.75827230957097	0.0	400322	2183.79747049846	0.75
9845.737251984361	750	18.73073807633187	0.0	369834	2027.5342332390965	0.75
9847.994461171571	750	20.473528889121816	0.0	412837	2257.2091872100586	0.75
9850.204675832572	750	22.263314228122084	0.0	401088	2210.214660999733	0.75
9852.224078945666	750	24.243911115026393	0.0	365161	2019.4031130956887	0.75
9856.219405238828	1850	24.248584821865435	0.0	728962	3995.326293160959	0.75
9861.351938405387	1850	23.11605165530656	0.0	938587	5132.5331665588765	1.85
9866.278340343097	1850	22.189649717596776	0.0	908665	4926.401937709785	1.85
9871.311099861168	1850	21.156890199526746	0.0	930577	5032.759518070031	1.85
9875.818239488084	1850	20.649750572609364	0.0	858450	4507.139626917382	1.85
9881.197010133172	1850	19.270979927521775	0.0	1025005	5378.770645087589	1.85
9886.463803850225	1850	18.004186210466745	0.0	886255	5266.7937170550285	1.85
9892.52391281226	1850	15.944077248433747	0.0	973972	6060.1089620329985	1.85
9898.431629735232	1850	14.036360325459173	0.0	958994	5907.716922974574	1.85
9903.919704183072	1850	12.54828587762084	0.0	982064	5488.074447838333	1.85
9908.434036913359	1850	12.033953147333913	0.0	830730	4514.332730286928	1.85
9913.00720098147	1850	11.460789079223593	0.0	846370	4573.164068110318	1.85

