13123.060127987465	750	4.0	1.3967477194281321	450283	1396.747719428132	-5.256015193540968
13124.306515746073	750	6.753612241391076	0.0	398865	1246.3877586089234	0.75
13125.412383702333	750	9.647744285132408	0.0	350812	1105.867956258668	0.75
13126.610491812702	750	12.449636174761945	0.0	382355	1198.1081103704635	0.75
13127.887342183638	750	15.172785803825498	0.0	411561	1276.8503709364463	0.75
13130.291056370374	1850	16.76907161709087	0.0	801058	2403.7141867346268	0.75
13132.97507344898	1850	18.08505453848507	0.0	905515	2684.0170786057997	1.85
13136.041139850282	1850	19.01898813718408	0.0	1060487	3066.0664013009896	1.85
13138.630425052075	1850	20.429702935390807	0.0	852833	2589.2852017932755	1.85
13141.52749775714	1850	21.53263023032549	0.0	913888	2897.0727050653145	1.85
13144.374686423102	1850	22.68544156436289	0.0	939819	2847.188665962602	1.85
13147.095472506491	1850	23.96465548097291	0.0	917428	2720.7860833899763	1.85
13150.868133696604	1850	24.191994290859512	0.0	946851	3772.6611901134006	1.85
13154.68869886285	1850	24.371429124613645	0.0	1036454	3820.5651662458654	1.85
13157.405381456601	1850	25.654746530863775	0.0	821631	2716.682593749869	1.85
13160.46606710153	1850	26.59406088593303	0.0	923170	3060.6856449307493	1.85
13163.598577640809	1850	27.461550346654377	0.0	966699	3132.5105392786486	1.85
13166.222243617398	1850	28.837884370065026	0.0	885714	2623.665976589353	1.85
13169.210082491376	1850	29.85004549608806	0.0	987708	2987.8388739769653	1.85
13172.140855368752	1850	30.919272618711325	0.0	923755	2930.7728773767326	1.85
13175.059854304205	1850	32.00027368325839	0.0	891604	2918.9989354529357	1.85
13178.246008314383	1850	32.81411967307974	0.0	955231	3186.154010178649	1.85
13181.202898462441	1850	33.85722952502311	0.0	968026	2956.8901480566237	1.85
13183.88114030415	1850	35.17898768331403	0.0	874175	2678.241841709083	1.85
13190.647226016303	4300	32.41290197115964	0.0	2186790	6766.085712154384	1.8499999999999996
13197.007805677671	4300	30.052322309792082	0.0	2105231	6360.579661367562	4.3
13204.19742390226	4300	26.86270408520272	0.0	2395588	7189.618224589362	4.3
13210.249407849802	4300	24.81072013766068	0.0	1972048	6051.983947542039	4.3
13217.0440737406	4300	22.016054246860477	0.0	2134614	6794.665890800207	4.3
13223.849266405894	4300	19.210861581568178	0.0	2164140	6805.192665292298	4.3
13230.303006272556	4300	16.75712171490462	0.0	2113193	6453.739866663557	4.3
13236.98139150902	4300	14.078736478439941	0.0	2147852	6678.385236464679	4.3
13243.860895020498	4300	11.19923296696303	0.0	2191074	6879.503511476912	4.3
13246.990492809631	1850	12.069635177829209	0.0	1035329	3129.597789133823	-0.6000000000000001
13250.065088366486	1850	12.995039620973362	0.0	1026056	3074.595556855845	1.85
13252.898470007282	1850	14.161657980178662	0.0	943942	2833.3816407947015	1.85
13255.178085281468	1850	15.882042705990692	0.0	728962	2279.615274187968	1.85
13258.412759255254	1850	16.647368732205585	0.0	938587	3234.673973785106	1.85
13261.502247521355	1850	17.557880466104688	0.0	908665	3089.4882661008955	1.85
13264.630868636094	1850	18.429259351367307	0.0	930577	3128.621114737385	1.85
13267.642501562643	1850	19.417626424819648	0.0	858450	3011.632926547655	1.85
13271.068616379456	1850	19.991511608004572	0.0	1025005	3426.1148168150758	1.85
13273.767509097916	1850	21.292618889545366	0.0	886255	2698.8927184592076	1.85
13276.752228536237	1850	22.30789945122259	0.0	973972	2984.7194383227798	1.85
13279.714983758051	1850	23.34514422940874	0.0	958994	2962.755221813846	1.85
13282.669262763926	1850	24.39086522353319	0.0	982064	2954.2790058755486	1.85
13285.165602002562	1850	25.89452598489689	0.0	830730	2496.339238636297	1.85
13287.85733464942	1850	27.202793338040138	0.0	846370	2691.7326468567558	1.85

