28481.736200394567	750	4.0	2.740735576686574	450283	2740.735576686574	-11.035162979752268
28482.735527220186	300	7.000673174379451	0.0	155580	999.3268256205478	-0.15000000000000002
28483.64194637336	300	10.094254021205437	0.0	139857	906.4191531740131	0.3
28485.62560430164	750	12.110596092923467	0.0	382355	1983.65792828197	0.3
28487.61826356705	750	14.117936827515104	0.0	411561	1992.6592654083638	0.75
28489.178735201207	750	16.557465193357473	0.0	318564	1560.471634157634	0.75
28491.161617521335	750	18.574582873230707	0.0	352642	1982.8823201267674	0.75
28493.672944263366	750	20.063256131199058	0.0	437162	2511.3267420316483	0.75
28496.099948440748	750	21.636251953813805	0.0	374758	2427.004177385255	0.75
28498.670285637945	750	23.065914756617808	0.0	362795	2570.3371971959987	0.75
28503.843681540642	750	21.89251885391959	0.0	353220	5173.395902698217	0.75
28506.74876196705	750	22.98743842750997	0.0	405134	2905.0804264096178	0.75
28508.77542316014	750	24.960777234422885	0.0	386351	2026.6611930870906	0.75
28514.913760314026	1850	22.822440080538026	0.0	1036454	6138.337153884858	0.75
28519.119359267857	1850	22.616841126707097	0.0	821631	4205.598953830928	1.85
28524.435952841308	1850	21.300247553256508	0.0	923170	5316.593573450589	1.85
28534.21960273153	1850	15.516597663034528	0.0	966699	9783.64989022198	1.85
28536.29299241536	750	17.443207979201865	0.0	372963	2073.3896838326627	-0.3500000000000001
28538.437427106324	750	19.298773288238664	0.0	405596	2144.434690963206	0.75
28540.3025139508	750	21.433686443763424	0.0	350713	1865.0868444752382	0.75
28542.533458479884	750	23.20274191467596	0.0	386472	2230.9445290874646	0.75
28544.872392460573	750	24.863807933986493	0.0	399894	2338.933980689468	0.75
28551.689572910607	1850	22.04662748395476	0.0	968026	6817.1804500317285	0.75
28555.945368339017	1850	21.790832055544506	0.0	874175	4255.795428410257	1.85
28560.57864157016	1850	21.15755882440438	0.0	897976	4633.273231140126	1.85
28567.67444387456	1850	18.06175652000221	0.0	905935	7095.8023044021675	1.85
28576.18759392278	1850	13.548606471783234	0.0	1076599	8513.150048218977	1.85
28577.77735232167	750	15.958848072893877	0.0	277716	1589.758398889356	-0.3500000000000001
28580.034040823164	750	17.702159571397015	0.0	400396	2256.688501496862	0.75
28582.19292093897	750	19.543279455591374	0.0	400508	2158.8801158056403	0.75
28584.006382130017	750	21.729818264546342	0.0	358218	1813.4611910450326	0.75
28586.02358978268	750	23.712610611883637	0.0	400322	2017.2076526627068	0.75
28587.91292550398	750	25.82327489057919	0.0	369834	1889.3357213044467	0.75
28593.769218471985	1850	23.966981922575407	0.0	1035329	5856.292968003781	0.75
28599.742133587937	1850	21.99406680662452	0.0	1026056	5972.9151159508865	1.85
28604.46493442704	1850	21.27126596752178	0.0	943942	4722.800839102739	1.85
28612.108470508258	1850	17.627729886302724	0.0	728962	7643.536081219054	1.85
28616.63562411403	1850	17.100576280527314	0.0	938587	4527.15360577541	1.85
28621.261043368806	1850	16.475157025756637	0.0	908665	4625.419254770676	1.85
28626.274076240617	1850	15.462124153943718	0.0	930577	5013.03287181292	1.85
28631.229593539585	1850	14.506606854975843	0.0	858450	4955.517298967875	1.85
28636.864056105904	1850	12.872144288654898	0.0	1025005	5634.462566320945	1.85
28641.363119064783	1850	12.373081329776548	0.0	886255	4499.0629588783495	1.85
28646.074193347667	1850	11.662007046893253	0.0	973972	4711.074282883296	1.85
28651.088754469773	1850	10.647445924789325	0.0	958994	5014.56112210393	1.85
28657.730193611962	1850	8.00600678259985	0.0	982064	6641.439142189473	1.85
28659.526342200934	750	10.20985819362745	0.0	331053	1796.1485889724004	-0.3500000000000001
28661.234644269898	750	12.501556124664615	0.0	314107	1708.302068962836	0.75

