8133.431202966413	750	4.0	6.298804001402269	450283	6298.804001402269	-26.334857206029756
8134.829818483686	300	6.6013844827270205	0.0	155580	1398.6155172729798	-0.15000000000000002
8136.095173994672	300	9.33602897174073	0.0	139857	1265.3555109862907	0.3
8137.490515050724	300	11.94068791568869	0.0	155432	1395.3410560520394	0.3
8138.886043941157	300	14.5451590252562	0.0	163442	1395.5288904324898	0.3
8141.530134844668	750	15.901068121744643	0.0	318564	2644.0909035115556	0.3
8144.340695379832	750	17.09050758658077	0.0	352642	2810.560535163873	0.75
8147.723332931731	750	17.707870034681008	0.0	437162	3382.6375518997625	0.75
8153.068953670042	750	16.362249296371637	0.0	374758	5345.620738309371	0.75
8156.064463201129	750	17.366739765284525	0.0	362795	2995.5095310871093	0.75
8158.997087237604	750	18.434115728809694	0.0	353220	2932.62403647483	0.75
8162.380009764849	750	19.051193201564498	0.0	405134	3382.9225272451936	0.75
8165.336659549421	750	20.094543416993023	0.0	386351	2956.649784571477	0.75
8168.5825747588115	750	20.848628207602317	0.0	434409	3245.915209390708	0.75
8171.270005350783	750	22.161197615630616	0.0	337059	2687.4305919716994	0.75
8175.098335647513	750	22.33286731890139	0.0	366214	3828.3302967292257	0.75
8179.898372088246	750	21.532830878167125	0.0	360831	4800.036440734265	0.75
8183.155941166495	750	22.27526179991865	0.0	372963	3257.569078248479	0.75
8186.698094020306	750	22.73310894610741	0.0	405596	3542.1528538112348	0.75
8189.642850573141	750	23.78835239327248	0.0	350713	2944.756552834935	0.75
8192.611175560523	750	24.820027405891132	0.0	386472	2968.3249873813465	0.75
8195.952794790841	750	25.47840817557338	0.0	399894	3341.61923031775	0.75
8199.424998110278	750	26.006204856136133	0.0	401853	3472.2033194372475	0.75
8202.071327134485	750	27.359875831929	0.0	343800	2646.329024207134	0.75
8209.14852460227	1850	24.282678364144868	0.0	897976	7077.197467784133	0.75
8220.097317727352	1850	17.333885239061566	0.0	905935	10948.793125083303	1.85
8228.014429034856	1850	13.416773931558225	0.0	1076599	7917.111307503338	1.85
8233.431876016384	1850	11.999326950029232	0.0	758197	5417.446981528994	1.85
8244.511101414573	1850	4.920101551840755	0.0	972798	11079.225398188477	1.85
8248.004895616545	750	5.426307349868997	0.0	400508	3493.794201971757	-0.3500000000000001
8251.076290909175	750	6.354912057239491	0.0	358218	3071.3952926295065	0.75
8254.429998017218	750	7.0012049491959205	0.0	400322	3353.7071080435708	0.75
8257.525688935455	750	7.905514030959159	0.0	369834	3095.6909182367617	0.75
8260.979009885794	750	8.452193080620285	0.0	412837	3453.320950338874	0.75
8264.351739404005	750	9.079463562409831	0.0	401088	3372.729518210453	0.75
8267.286438225357	750	10.144764741055916	0.0	365161	2934.698821353916	0.75
8269.84617969626	750	11.585023270153714	0.0	321064	2559.741470902202	0.75
8274.58457751002	750	10.846625456393136	0.0	361565	4738.397813760576	0.75
8277.421170833764	750	12.010032132649354	0.0	378327	2836.593323743783	0.75
8280.034920286653	750	13.396282679760851	0.0	390680	2613.7494528885018	0.75
8282.809565342297	750	14.621637624117163	0.0	345516	2774.6450556436885	0.75
8285.970719500589	750	15.460483465826155	0.0	384505	3161.1541582910086	0.75
8289.059735498062	750	16.371467468351643	0.0	372093	3089.015997474514	0.75
8295.539433251197	750	13.89176971521696	0.0	438281	6479.697753134682	0.75
8298.839668081908	750	14.591534884507293	0.0	398987	3300.234830709667	0.75
8301.980660363111	750	15.450542603303642	0.0	393804	3140.9922812036516	0.75
8304.56707943118	750	16.864123535233745	0.0	331053	2586.419068069898	0.75
8307.000196421981	750	18.431006544434098	0.0	314107	2433.1169907996473	0.75

