20524.729056585853	750	4.0	3.9306563647956936	450283	3930.6563647956937	-16.15182236862148
20526.116186933603	300	6.612869652249742	0.0	155580	1387.130347750258	-0.15000000000000002
20527.23811479479	300	9.490941791060962	0.0	139857	1121.9278611887794	0.3
20528.47607564995	300	12.252980935899659	0.0	155432	1237.9608551613032	0.3
20529.773710616297	300	14.955345969552488	0.0	163442	1297.6349663471724	0.3
20530.79455753609	300	17.934499049758198	0.0	126289	1020.8469197942883	0.3
20532.06383217304	300	20.665224412808588	0.0	153295	1269.2746369496092	0.3
20535.63438860668	750	21.094667979170655	0.0	437162	3570.556433637932	0.3
20538.648173499525	750	22.080883086325187	0.0	374758	3013.7848928454678	0.75
20543.139164105974	1200	21.58989247987431	0.0	560821	4490.990606450875	0.75
20548.037985600284	1200	20.69107098556481	0.0	607410	4898.821494309499	1.2
20552.672743230527	1200	20.05631335532397	0.0	594078	4634.75763024084	1.2
20557.57563971438	1200	19.15341687146842	0.0	624282	4902.896483855549	1.2
20565.9712330042	1850	14.757823581652463	0.0	1036454	8395.593289815957	1.2000000000000002
20572.569185012828	1850	12.159871573023176	0.0	821631	6597.952008629287	1.85
20580.052377532775	1850	8.676679053074906	0.0	923170	7483.19251994827	1.85
20584.995180675698	1200	7.733875910155948	0.0	617242	4942.803142918958	0.5499999999999999
20589.69417994029	1200	7.034876645566358	0.0	581493	4698.99926458959	1.2
20597.96374628871	1200	4.0	1.234689702858027	639204	8269.566348424385	-4.109165722289516
20599.136752394934	300	6.826993893779459	0.0	140881	1173.00610622054	-0.6000000000000001
20600.440021435996	300	9.523724852717153	0.0	157671	1303.2690410623063	0.3
20601.74438440641	300	12.21936188230329	0.0	157812	1304.3629704138662	0.3
20604.87949534509	750	13.084250943624628	0.0	401853	3135.1109386786607	0.3
20607.554327380094	750	14.409418908619301	0.0	343800	2674.832035005326	0.75
20612.088758013375	1200	13.874988275339692	0.0	587236	4534.43063327961	0.75
20616.880564840052	1200	13.083181448661296	0.0	590335	4791.806826678396	1.2
20622.311900865992	1200	11.651845422721777	0.0	696376	5431.33602593952	1.2
20626.119537818464	1200	11.844208470245558	0.0	487160	3807.63695247622	1.2
20631.1488529137	1200	10.814893375010314	0.0	622896	5029.315095235244	1.2
20636.529138173173	1200	9.434608115535632	0.0	641447	5380.285259474682	1.2
20641.310302558675	1200	8.653443730035193	0.0	570392	4781.164385500438	1.2
20646.482573408946	1200	7.481172879764281	0.0	620283	5172.270850270912	1.2
20651.29453002162	1200	6.669216267092776	0.0	584349	4811.956612671505	1.2
20656.952326475737	1200	5.01141981297638	0.0	670129	5657.796454116396	1.2
20660.396113451807	750	5.567632836906617	0.0	401088	3443.786976069763	0.3
20663.495517905343	750	6.468228383367529	0.0	365161	3099.404453539089	0.75
20666.19443275076	750	7.769313537954167	0.0	321064	2698.9148454133615	0.75
20669.211261667362	750	8.752484621346964	0.0	361565	3016.8289166072022	0.75
20672.297831363914	750	9.6659149247987	0.0	378327	3086.569696548265	0.75
20675.5046601483	750	10.459086140412735	0.0	390680	3206.8287843859657	0.75
20678.371347778007	750	11.592398510706449	0.0	345516	2866.6876297062868	0.75
20684.64883642558	1200	9.31490986313464	0.0	641452	6277.48864757181	0.75
20694.447899892704	1200	4.0	0.48415360398884333	599477	9799.063467123482	-0.8818604971520261
20695.635274579658	300	6.8126253130441246	0.0	172312	1187.3746869558756	-0.6000000000000001
20696.788672004615	300	9.659227888089362	0.0	167025	1153.397424954763	0.3
20699.399479964723	750	11.048419927982279	0.0	393804	2610.807960107083	0.3
20701.678710273136	750	12.769189619568966	0.0	331053	2279.230308413312	0.75
20707.398841235015	1850	11.049058657688722	0.0	846370	5720.130961880244	0.75

