32947.32532671364	750	4.0	2.4983161468909967	450283	2498.3161468909966	-9.992759431631285
32948.24089373734	300	7.08443297629868	0.0	155580	915.5670237013195	-0.15000000000000002
32949.07201790005	300	10.253308813592707	0.0	139857	831.124162705974	0.3
32951.68986954643	750	11.635457167207857	0.0	382355	2617.8516463848496	0.3
32954.991642213805	750	12.33368449983848	0.0	411561	3301.7726673693764	0.75
32957.37011159157	750	13.955215122070433	0.0	318564	2378.4693777680477	0.75
32959.97192498566	750	15.353401727980504	0.0	352642	2601.813394089927	0.75
32962.64975021675	750	16.67557649689306	0.0	437162	2677.8252310874445	0.75
32964.88738860456	750	18.43793810907944	0.0	374758	2237.6383878136194	0.75
32967.25361021145	750	20.07171650218921	0.0	362795	2366.2216068902308	0.75
32969.64822540553	750	21.677101308111983	0.0	353220	2394.615194077227	0.75
32972.317373217345	750	23.0079534962971	0.0	405134	2669.1478118148816	0.75
32974.824946380904	750	24.500380332739507	0.0	386351	2507.5731635575935	0.75
32980.530775356994	1850	22.794551356644536	0.0	1036454	5705.82897609497	0.75
32984.86316173656	1850	22.46216497708187	0.0	821631	4332.386379562667	1.85
32990.041735535	1850	21.283591178637053	0.0	923170	5178.573798444816	1.85
32995.90961364335	1850	19.415713070289268	0.0	966699	5867.878108347785	1.85
33001.075202402746	1850	18.250124310894847	0.0	885714	5165.588759394421	1.85
33006.61464258457	1850	16.710684129068046	0.0	987708	5539.440181826802	1.85
33012.030911428745	1850	15.294415284894002	0.0	923755	5416.268844174043	1.85
33016.90300308597	1850	14.422323627667318	0.0	891604	4872.091657226685	1.85
33022.45103759948	1850	12.874289114155326	0.0	955231	5548.034513511991	1.85
33027.913293420184	1850	11.412033293452037	0.0	968026	5462.255820703288	1.85
33032.6842532855	1850	10.641073428140816	0.0	874175	4770.9598653112225	1.85
33037.54240098971	1850	9.782925723931392	0.0	897976	4858.147704209423	1.85
33043.08190618929	1850	8.243420524347277	0.0	905935	5539.505199584115	1.85
33047.1982907119	750	8.12703600174046	0.0	425781	4116.384522606817	-0.3500000000000001
33048.82846083285	750	10.496865880790061	0.0	277716	1630.1701209504	0.75
33051.143412782854	750	12.181913930783375	0.0	400396	2314.9519500066845	0.75
33053.333750219936	750	13.99157649370316	0.0	400508	2190.3374370802153	0.75
33055.21000490121	750	16.11532181243083	0.0	358218	1876.2546812723283	0.75
33057.297386625505	750	18.02794008812803	0.0	400322	2087.3817243028016	0.75
33059.48742273661	750	19.8379039770277	0.0	369834	2190.0361111003276	0.75
33061.93729181709	750	21.388034896541175	0.0	412837	2449.8690804865264	0.75
33064.449232346095	750	22.87609436754532	0.0	401088	2511.9405289958568	0.75
33066.78580788498	750	24.53951882865274	0.0	365161	2336.5755388925827	0.75
33071.00592301457	1850	24.319403699061457	0.0	728962	4220.115129591278	0.75
33076.216947944	1850	23.10837876963848	0.0	938587	5211.024929422975	1.85
33081.53293402671	1850	21.792392686920447	0.0	908665	5315.9860827180355	1.85
33087.67749069606	1850	19.647836017568874	0.0	930577	6144.556669351572	1.85
33092.99036504665	1850	18.33496166698391	0.0	858450	5312.874350584964	1.85
33098.97547580118	1850	16.349850912461676	0.0	1025005	5985.110754522236	1.85
33104.09292923126	1850	15.232397482377172	0.0	886255	5117.453430084504	1.85
33109.71199922235	1850	13.613327491283188	0.0	973972	5619.069991093983	1.85
33115.161114166425	1850	12.164212547205484	0.0	958994	5449.114944077705	1.85
33120.69382948212	1850	10.63149723150986	0.0	982064	5532.715315695624	1.85
33125.255798881706	1850	10.069527831927447	0.0	830730	4561.969399582413	1.85
33130.09869273621	1850	9.226633977420862	0.0	846370	4842.893854506585	1.85

