11767.947926807145	750	4.0	2.636806704389932	450283	2636.8067043899323	-10.588268828876707
11768.911344540145	300	7.036582266998786	0.0	155580	963.4177330012142	-0.15000000000000002
11769.785483593265	300	10.162443213879163	0.0	139857	874.1390531196221	0.3
11772.191986359678	750	11.755940447466152	0.0	382355	2406.5027664130125	0.3
11774.867323469776	750	13.080603337368201	0.0	411561	2675.3371100979516	0.75
11776.82625005203	750	15.12167675511353	0.0	318564	1958.9265822546706	0.75
11778.881979930322	750	17.065946876822707	0.0	352642	2055.729878290822	0.75
11781.418577491415	750	18.529349315729117	0.0	437162	2536.5975610935952	0.75
11783.631671308614	750	20.31625549853107	0.0	374758	2213.093817198047	0.75
11785.776672646572	750	22.171254160573334	0.0	362795	2145.0013379577367	0.75
11787.893241643662	750	24.054685163483715	0.0	353220	2116.5689970896206	0.75
11793.328700490973	1850	22.619226316173574	0.0	917428	5435.458847310139	0.75
11798.916523727725	1850	21.031403079421732	0.0	946851	5587.823236751845	1.85
11804.799911283875	1850	19.14801552327189	0.0	1036454	5883.387556149842	1.85
11809.469911863256	1850	18.478014943889935	0.0	821631	4670.000579381954	1.85
11814.82703140797	1850	17.12089539917685	0.0	923170	5357.119544713083	1.85
11820.39773202359	1850	15.550194783557233	0.0	966699	5570.700615619618	1.85
11825.46246391235	1850	14.485462894795667	0.0	885714	5064.731888761567	1.85
11831.159824836655	1850	12.78810197049197	0.0	987708	5697.360924303696	1.85
11836.894464549581	1850	11.053462257566272	0.0	923755	5734.639712925699	1.85
11841.941223538535	1850	10.006703268612528	0.0	891604	5046.758988953744	1.85
11847.521731311583	1850	8.4261954955646	0.0	955231	5580.507773047926	1.85
11853.402537622114	1850	6.545389185031433	0.0	968026	5880.8063105331685	1.85
11858.32127130676	1850	5.626655500385424	0.0	874175	4918.733684646008	1.85
11863.566343911134	1850	4.381582896013076	0.0	897976	5245.072604372349	1.85
11869.240140311236	1850	4.0	1.2922135040885379	905935	5673.7964001016135	-3.706518067580712
11875.651624399667	1850	4.0	2.4114840884297126	1076599	6411.484088429713	-8.519381580247764
11879.997754448017	1850	4.0	0.3461300483510559	758197	4346.130048351056	0.36164079209045985
11885.626760369458	1850	4.0	1.6290059214394697	972798	5629.00592143947	-5.1547254621897185
11891.824447773479	1850	4.0	2.1976874040206993	975811	6197.687404020699	-7.600055837289007
11897.333410874495	1850	4.0	1.508963101017198	873429	5508.963101017198	-4.638541334373951
11902.782933498158	1850	4.0	1.4495226236611478	954453	5449.522623661148	-4.3829472817429345
11908.075740500572	1850	4.0	1.292807002414218	885062	5292.807002414218	-3.709070110381137
11914.22712833159	1850	4.0	2.1513878310167067	1035329	6151.3878310167065	-7.40096767337184
11919.980409079126	1850	4.0	1.7532807475369245	1026056	5753.2807475369245	-5.689107214408775
11925.345994587185	1850	4.0	1.3655855080594765	943942	5365.5855080594765	-4.022017684655749
11930.1402419593	1850	4.0	0.7942473721156839	728962	4794.247372115684	-1.5652637000974403
11936.669783212647	1850	4.0	2.5295412533467516	938587	6529.541253346752	-9.027027389391032
11938.903016186938	750	5.766767025708462	0.0	378327	2233.232974291538	-0.3500000000000001
11939.819907860083	300	8.849875352561888	0.0	149991	916.8916731465731	-0.15000000000000002
11940.725511976943	300	11.94427123570053	0.0	147968	905.6041168613591	0.3
11941.708611333175	300	14.961171879469257	0.0	161857	983.0993562312731	0.3
11943.864631202516	750	16.805152010128726	0.0	372093	2156.0198693405314	0.3
11946.387596083234	750	18.282187129410623	0.0	438281	2522.9648807181	0.75
11948.691537410516	750	19.978245802127276	0.0	398987	2303.941327283347	0.75
11951.018715369131	750	21.651067843512248	0.0	393804	2327.17795861503	0.75
11955.9048775253	1850	20.764905687344168	0.0	830730	4886.162156168078	0.75
11960.90530470794	1850	19.76447850470559	0.0	846370	5000.427182638582	1.85

