926.1610486806503	750	4.0	5.267585523886687	450283	5267.585523886687	-21.900617752712755
928.0065127681711	300	6.154535912479143	0.0	155580	1845.4640875208565	-0.15000000000000002
929.6735580881892	300	8.487490592461118	0.0	139857	1667.045320018026	0.3
934.1418729667967	750	8.019175713853707	0.0	382355	4468.31487860741	0.3
941.602469677626	750	4.558579003024331	0.0	411561	7460.596710829377	0.75
943.1310098351757	300	7.030038845474699	0.0	126289	1528.5401575496319	-0.15000000000000002
947.2286037520662	750	6.932444928584252	0.0	352642	4097.593916890447	0.3
949.2349997115424	300	8.926048969108054	0.0	173849	2006.395959476197	-0.15000000000000002
953.5218866244139	750	8.639162056236602	0.0	374758	4286.886912871452	0.3
957.7274557645852	750	8.433592916065296	0.0	362795	4205.5691401713075	0.75
961.7897758445343	750	8.371272836116118	0.0	353220	4062.3200799491788	0.75
966.5872057421868	750	7.573842938463586	0.0	405134	4797.4298976525315	0.75
971.1590295161243	750	7.002019164526135	0.0	386351	4571.823773937451	0.75
976.2492566555766	750	5.911792025073927	0.0	434409	5090.227139452208	0.75
977.9444823155841	300	8.216566365066393	0.0	140051	1695.2256600075339	-0.15000000000000002
982.2542995972178	750	7.90674908343261	0.0	366214	4309.817281633784	0.3
986.5453394103282	750	7.615709270322294	0.0	360831	4291.039813110316	0.75
995.2872298308138	750	4.0	1.1261811501632975	372963	8741.890420485592	-4.092578945702178
997.1337148251201	300	6.1535150056937	0.0	165384	1846.4849943063	-0.15000000000000002
998.8348077812133	300	8.452422049600546	0.0	140881	1701.0929560931547	0.3
1003.4401348152549	750	7.847095015559025	0.0	386472	4605.327034041521	0.3
1007.9988921288682	750	7.288337701945685	0.0	399894	4558.75731361334	0.75
1010.9306580895858	750	8.35657174122805	0.0	401853	2931.7659607176342	0.75
1013.8716651506188	750	9.415564680195125	0.0	343800	2941.0070610329253	0.75
1020.7884282426244	1200	6.498801588189548	0.0	587236	6916.763092005576	0.75
1022.6307047157876	300	8.656525115026364	0.0	153938	1842.2764731631853	-0.6000000000000001
1027.7118378201717	750	7.575392010642158	0.0	425781	5081.133104384205	0.3
1030.9046668991468	750	8.382562931666985	0.0	277716	3192.8290789751727	0.75
1035.496423313701	750	7.790806517112961	0.0	400396	4591.756414554025	0.75
1040.1963534034933	750	7.090876427320602	0.0	400508	4699.9300897923595	0.75
1044.389452386645	750	6.8977774441688435	0.0	358218	4193.098983151758	0.75
1046.1624002646015	300	9.124829566212275	0.0	157488	1772.9478779565693	-0.15000000000000002
1052.4630069828922	1200	6.824222847921491	0.0	584349	6300.606718290784	0.29999999999999993
1054.2729316596826	300	9.014298171131093	0.0	163444	1809.9246767903985	-0.6000000000000001
1061.8920188150537	1200	5.395211015760179	0.0	690253	7619.087155370915	0.29999999999999993
1063.7985429952842	300	7.488686835529676	0.0	159914	1906.5241802305015	-0.6000000000000001
1067.5856193719583	750	7.701610458855528	0.0	321064	3787.076376674148	0.3
1071.6991143734624	750	7.588115457351433	0.0	361565	4113.495001504095	0.75
1075.8496732317233	750	7.437556599090691	0.0	378327	4150.558858260742	0.75
1080.0282140822978	750	7.259015748516112	0.0	390680	4178.540850574579	0.75
1083.7260950629286	750	7.561134767885407	0.0	345516	3697.880980630705	0.75
1087.7501828749025	750	7.53704695591124	0.0	384505	4024.0878119741674	0.75
1091.638636168732	750	7.648593662081844	0.0	372093	3888.453293829395	0.75
1096.3052328951426	750	6.981996935671377	0.0	438281	4666.596726410467	0.75
1098.1901331954057	300	9.097096635408478	0.0	167025	1884.9003002629006	-0.15000000000000002
1105.423504479533	1200	5.863725351280903	0.0	638661	7233.371284127575	0.29999999999999993
1107.0766956913335	300	8.210534139480512	0.0	137507	1653.191211800393	-0.6000000000000001
1110.709649792147	750	8.577580038666776	0.0	314107	3632.954100813734	0.3

