37047.162458817904	750	4.0	7.0283336426002965	450283	7028.333642600296	-29.471834663181273
37049.64324488323	300	5.519213934682046	0.0	155580	2480.786065317954	-0.15000000000000002
37051.87801654378	300	7.284442274126896	0.0	139857	2234.7716605551504	0.3
37054.3511249176	300	8.811333900299172	0.0	155432	2473.108373827725	0.3
37056.93804143717	300	10.224417380731394	0.0	163442	2586.916519567776	0.3
37058.94935641134	300	12.213102406556189	0.0	126289	2011.3149741752056	0.3
37061.37975794736	300	13.782700870540346	0.0	153295	2430.401536015843	0.3
37064.14222065826	300	15.02023815964815	0.0	173849	2762.462710892196	0.3
37069.98016770537	750	13.182291112531118	0.0	374758	5837.947047117031	0.3
37075.79940219795	750	11.363056619950948	0.0	362795	5819.234492580169	0.75
37081.33377569677	750	9.82868312112841	0.0	353220	5534.373498822539	0.75
37083.82258512572	300	11.339873692173192	0.0	156148	2488.809428955217	-0.15000000000000002
37086.38243145839	300	12.78002735950455	0.0	160746	2559.8463326686438	0.3
37089.237535992084	300	13.924922825810773	0.0	179801	2855.104533693776	0.3
37091.49102703679	300	15.671431781105152	0.0	140051	2253.4910447056213	0.3
37097.5862303462	750	13.576228471702965	0.0	366214	6095.203309402185	0.3
37103.206463061724	750	11.955995756173335	0.0	360831	5620.232715529629	0.75
37109.00217477594	750	10.160284041966465	0.0	372963	5795.711714206872	0.75
37111.6215356058	300	11.540923212095533	0.0	165384	2619.3608298709314	-0.15000000000000002
37113.87927406367	300	13.283184754231446	0.0	140881	2257.738457864087	0.3
37116.39680236196	300	14.765656455943382	0.0	157671	2517.5282982880635	0.3
37118.90107279993	300	16.261386017974914	0.0	157812	2504.270437968469	0.3
37125.14120385738	750	14.02125496051606	0.0	401853	6240.131057458854	0.3
37130.49805642574	750	12.664402392158546	0.0	343800	5356.852568357514	0.75
37136.08508834956	750	11.077370468340597	0.0	359903	5587.03192381795	0.75
37141.98498223598	750	9.177476581915794	0.0	379700	5899.893886424802	0.75
37144.902792083885	300	10.2596667340176	0.0	181901	2917.8098478981956	-0.15000000000000002
37146.71950958546	300	12.442949232434662	0.0	111155	1816.7175015829357	0.3
37149.331372844026	300	13.831085973873893	0.0	153605	2611.8632585607697	0.3
37151.91580516273	300	15.246653655170432	0.0	149029	2584.432318703461	0.3
37157.5146918655	750	13.647766952396971	0.0	358218	5598.8867027734605	0.3
37163.73620242203	750	11.426256395871507	0.0	400322	6221.510556525463	0.75
37169.529166591965	750	9.6332922259398	0.0	369834	5792.964169931707	0.75
37172.146030659875	300	11.016428158030989	0.0	163444	2616.8640679088107	-0.15000000000000002
37174.986488518494	300	12.175970299415656	0.0	179328	2840.457858615333	0.3
37177.52111820444	300	13.641340613468312	0.0	159914	2534.6296859473437	0.3
37179.62165791207	300	15.540800905835335	0.0	131610	2100.5397076329773	0.3
37185.25802437598	750	13.904434441923382	0.0	361565	5636.3664639119515	0.3
37191.17881951245	750	11.983639305449547	0.0	378327	5920.795136473835	0.75
37197.291360957446	750	9.871097860465452	0.0	390680	6112.5414449840955	0.75
37199.63944539401	300	11.523013423897694	0.0	147968	2348.0844365677563	-0.15000000000000002
37202.18822143701	300	12.974237380895415	0.0	161857	2548.7760430022818	0.3
37204.51674217831	300	14.6457166395981	0.0	145210	2328.5207412973145	0.3
37207.32230947758	300	15.840149340331722	0.0	172312	2805.5672992663785	0.3
37213.61955388188	750	13.542904936039449	0.0	398987	6297.244404292273	0.3
37219.77040303742	750	11.39205578049182	0.0	393804	6150.84915554763	0.75
37224.99394998057	750	10.168508837338777	0.0	331053	5223.546943153043	0.75
37226.8882688373	300	12.274189980616589	0.0	118421	1894.3188567221885	-0.15000000000000002

