9599.681962876259	750	4.0	5.244460976357943	450283	5244.460976357943	-21.801182198339156
9601.595783356219	300	6.08617952003951	0.0	155580	1913.8204799604903	-0.15000000000000002
9603.324276934223	300	8.35768594203569	0.0	139857	1728.4935780038197	0.3
9605.225275947836	300	10.456686928424068	0.0	155432	1900.9990136116235	0.3
9607.187201368644	300	12.49476150761482	0.0	163442	1961.9254208092475	0.3
9608.721334819462	300	14.96062805679692	0.0	126289	1534.1334508178988	0.3
9612.870989245936	750	14.810973630323476	0.0	352642	4149.654426473445	0.3
9618.027654554038	750	13.654308322221853	0.0	437162	5156.665308101621	0.75
9622.44086269895	750	13.241100177310118	0.0	374758	4413.208144911736	0.75
9626.69932295911	750	12.982639917149243	0.0	362795	4258.460260160875	0.75
9630.876299562728	750	12.80566331353143	0.0	353220	4176.976603617814	0.75
9635.788825815871	750	11.893137060388035	0.0	405134	4912.526253143395	0.75
9641.650633648014	750	10.03132922824522	0.0	386351	5861.807832142815	0.75
9646.737578002194	750	8.94438487406536	0.0	434409	5086.94435417986	0.75
9650.67429035369	750	9.007672522568717	0.0	337059	3936.7123514966424	0.75
9654.961553924599	750	8.720408951661028	0.0	366214	4287.263570907689	0.75
9659.190576093653	750	8.491386782606897	0.0	360831	4229.02216905413	0.75
9663.547465105388	750	8.134497770871015	0.0	372963	4356.889011735882	0.75
9668.301547323348	750	7.380415552911684	0.0	405596	4754.082217959331	0.75
9672.441067820771	750	7.24089505548972	0.0	350713	4139.520497421964	0.75
9676.974045881712	750	6.707916994547507	0.0	386472	4532.978060942212	0.75
9681.658795732386	750	6.023167143874342	0.0	399894	4684.749850673165	0.75
9686.39439171727	750	5.2875711589906285	0.0	401853	4735.595984883713	0.75
9690.387888414618	750	5.294074461643764	0.0	343800	3993.4966973468645	0.75
9694.584124648816	750	5.097838227444654	0.0	359903	4196.23623419911	0.75
9699.020581394961	750	4.661381481300351	0.0	379700	4436.456746144303	0.75
9704.009851683364	750	4.0	0.32788880710165996	425781	4989.270288402011	-0.6599218705371377
9705.37634834393	300	6.63350333943133	0.0	111155	1366.496660568669	-0.15000000000000002
9707.233609937897	300	8.776241745465057	0.0	153605	1857.2615939662733	0.3
9711.943157874752	750	8.06669380861023	0.0	400508	4709.547936854827	0.3
9716.142121763618	750	7.867729919742501	0.0	358218	4198.963888867729	0.75
9720.903871997853	750	7.105979685509542	0.0	400322	4761.750234232959	0.75
9725.344683269384	750	6.665168413975321	0.0	369834	4440.81127153422	0.75
9730.225115144598	750	5.784736538763907	0.0	412837	4880.431875211415	0.75
9734.932500359491	750	5.077351323871416	0.0	401088	4707.385214892491	0.75
9739.225360430188	750	4.784491253173405	0.0	365161	4292.8600706980105	0.75
9743.002643318545	750	5.007208364817271	0.0	321064	3777.282888356134	0.75
9747.222951635904	750	4.786900047456996	0.0	361565	4220.308317360275	0.75
9751.689787262741	750	4.3200644206202385	0.0	378327	4466.835626836757	0.75
9756.2929618726	750	4.0	0.2831101892377219	390680	4603.174609857961	-0.4673738137222041
9758.083236869175	300	6.209725003425834	0.0	147968	1790.2749965741666	-0.15000000000000002
9760.026366907381	300	8.266594965220946	0.0	161857	1943.1300382048883	0.3
9764.385767741673	750	7.907194130928346	0.0	372093	4359.4008342926	0.3
9769.511276919915	750	6.781684952687099	0.0	438281	5125.509178241246	0.75
9774.20593110796	750	6.087030764643564	0.0	398987	4694.654188043535	0.75
9778.819043268079	750	5.473918604523318	0.0	393804	4613.112160120246	0.75
9782.681131066158	750	5.611830806444191	0.0	331053	3862.0877980791274	0.75
9789.097311984871	1200	4.0	0.8043501122678426	550906	6416.180918712033	-2.708705482751723

