3094.770591528666	750	4.0	5.95041834428598	450283	5950.41834428598	-24.836798880429715
3097.018661548493	300	5.751929980173405	0.0	155580	2248.070019826595	-0.15000000000000002
3099.0476252248195	300	7.722966303846833	0.0	139857	2028.9636763265723	0.3
3101.0957431980746	300	9.674848330591875	0.0	155432	2048.117973254957	0.3
3103.2440732466894	300	11.526518281976779	0.0	163442	2148.3300486150956	0.3
3104.951272989738	300	13.819318538928313	0.0	126289	1707.1997430484655	0.3
3109.6942875022946	750	13.07630402637171	0.0	352642	4743.014512556603	0.3
3115.423537119298	750	11.347054409367905	0.0	437162	5729.249617003806	0.75
3120.391439220661	750	10.37915230800485	0.0	374758	4967.902101363055	0.75
3122.3625618508313	300	12.408029677834676	0.0	139105	1971.1226301701731	-0.15000000000000002
3124.3708666124385	300	14.399724916227708	0.0	141840	2008.3047616069682	0.3
3126.627814006766	300	16.142777521900047	0.0	156148	2256.94739432766	0.3
3131.99814568255	750	14.772445846116325	0.0	386351	5370.331675783722	0.3
3137.7974376863926	750	12.9731538422738	0.0	434409	5799.292003842523	0.75
3142.3562460280045	750	12.414345500661813	0.0	337059	4558.808341611988	0.75
3147.4779391012557	750	11.292652427410347	0.0	366214	5121.6930732514675	0.75
3152.6209834123924	750	10.14960811627382	0.0	360831	5143.044311136527	0.75
3154.804661297541	300	11.965930231125432	0.0	150616	2183.6778851483864	-0.15000000000000002
3157.074617007223	300	13.695974521443064	0.0	165384	2269.9557096823687	0.3
3158.9950060622896	300	15.775585466376462	0.0	140881	1920.3890550666024	0.3
3164.200682398513	750	14.569909130153384	0.0	386472	5205.676336223079	0.3
3170.047261741503	750	12.723329787163143	0.0	399894	5846.57934299024	0.75
3175.7534618503146	750	11.017129678352012	0.0	401853	5706.200108811133	0.75
3177.619647439531	300	13.15094408913551	0.0	137654	1866.185589216502	-0.15000000000000002
3179.603913788201	300	15.166677740465087	0.0	146754	1984.2663486704237	0.3
3181.7126603112756	300	17.057931217390934	0.0	153938	2108.74652307415	0.3
3187.6222621309207	750	15.148329397745819	0.0	425781	5909.601819645115	0.3
3191.6142229984844	750	15.156368530181998	0.0	277716	3991.9608675638215	0.75
3197.0121306048522	750	13.758460923814106	0.0	400396	5397.907606367892	0.75
3202.357668424515	750	12.412923104151592	0.0	400508	5345.537819662512	0.75
3207.333299005649	750	11.437292523017604	0.0	358218	4975.630581133988	0.75
3209.6364101479726	300	13.1341813806943	0.0	157488	2303.1111423233037	-0.15000000000000002
3211.7395618979035	300	15.031029630762834	0.0	143881	2103.151749931467	0.3
3214.0634442795545	300	16.70714724911241	0.0	163444	2323.8823816504228	0.3
3219.550375998588	750	15.220215530078466	0.0	401088	5486.931719033946	0.3
3224.387277504608	750	14.383314024058702	0.0	365161	4836.901506019764	0.75
3228.713651096898	750	14.056940431768835	0.0	321064	4326.373592289868	0.75
3233.784405901514	750	12.986185627153194	0.0	361565	5070.75480461564	0.75
3238.990287422069	750	11.780304106598436	0.0	378327	5205.881520554758	0.75
3241.0205897614505	300	13.750001767216691	0.0	149991	2030.3023393817462	-0.15000000000000002
3243.109584928207	300	15.661006600460034	0.0	147968	2088.995166756656	0.3
3248.532460189247	750	14.238131339420226	0.0	384505	5422.875261039807	0.3
3253.4888895379363	750	13.28170199073097	0.0	372093	4956.429348689257	0.75
3259.3509165539035	750	11.419674974763838	0.0	438281	5862.027015967131	0.75
3264.733785891801	750	10.036805636866514	0.0	398987	5382.869337897324	0.75
3266.9665317392087	300	11.804059789458368	0.0	160064	2232.7458474081473	-0.15000000000000002
3268.890732187472	300	13.87985934119507	0.0	137507	1924.2004482632979	0.3
3270.557151417519	300	16.213440111148472	0.0	118421	1666.4192300465963	0.3

