16594.20196617966	750	4.0	0.8187927690081221	450283	818.7927690081221	-2.770808906734925
16594.936395900102	750	7.265570279556579	0.0	398865	734.4297204434204	0.75
16595.591983628	750	10.609982551658176	0.0	350812	655.5877278984048	0.75
16596.299324898253	750	13.902641281403467	0.0	382355	707.3412702547078	0.75
16598.01472075756	1850	16.18724542209704	0.0	996749	1715.3958593064292	0.75
16599.41362843773	1850	18.78833774192849	0.0	801058	1398.9076801685458	1.85
16600.991820967873	1850	21.210145211783605	0.0	905515	1578.1925301448862	1.85
16602.82641774619	1850	23.37554843346877	0.0	1060487	1834.5967783148374	1.85
16604.307560959664	1850	25.894405219992144	0.0	852833	1481.1432134766228	1.85
16605.829845749315	1850	28.37212043034277	0.0	913888	1522.2847896493759	1.85
16607.39305446715	1850	30.808911712509197	0.0	939819	1563.2087178335712	1.85
16610.888116763777	4300	31.313849415880377	0.0	2102452	3495.062296628822	1.8499999999999996
16614.690584387758	4300	31.511381791902277	0.0	2209463	3802.4676239780983	4.3
16618.629854714396	4300	31.57211146526182	0.0	2275376	3939.270326640458	4.3
16622.907607071917	4300	31.29435910774185	0.0	2005399	4277.752357519971	4.3
16629.113166221578	4300	29.088799958084152	0.0	2152483	6205.559149657696	4.3
16633.312399837447	4300	28.889566342212515	0.0	2289689	4199.233615871641	4.3
16636.907687332234	4300	29.294278847423975	0.0	2059512	3595.2874947885402	4.3
16640.702517634072	4300	29.499448545588244	0.0	2220726	3794.830301835733	4.3
16644.054711948094	4300	30.14725423156578	0.0	2156729	3352.1943140224644	4.3
16647.41850906359	4300	30.783457116066998	0.0	2039773	3363.7971154987786	4.3
16652.714275574075	4300	29.487690605584994	0.0	2176469	5295.7665104820035	4.3
16658.029062825673	4300	28.172903353986193	0.0	2221506	5314.787251598801	4.3
16661.516811900932	4300	28.685154278728348	0.0	2044075	3487.749075257846	4.3
16665.23035521879	4300	28.97161096086758	0.0	2186790	3713.5433178607673	4.3
16668.55916486325	4300	29.6428013164095	0.0	2105231	3328.8096444580815	4.3
16672.63628290094	4300	29.56568327871756	0.0	2395588	4077.1180376919374	4.3
16676.29638751518	4300	29.905578664480235	0.0	1972048	3660.1046142373266	4.3
16680.317921503392	4300	29.884044676266168	0.0	2134614	4021.533988214067	4.3
16684.11298763467	4300	30.08897854498822	0.0	2164140	3795.066131277947	4.3
16687.434290210247	4300	30.767675969412824	0.0	2113193	3321.3025755753965	4.3
16690.49441675225	4300	31.707549427406725	0.0	2147852	3060.1265420060995	4.3
16694.05992305665	4300	32.14204312300916	0.0	2191074	3565.506304397569	4.3
16697.675480785278	4300	32.52648539438137	0.0	2286761	3615.557728627792	4.3
16701.117321752463	4300	33.08464442719475	0.0	2307787	3441.840967186613	4.3
16705.97042895813	4300	32.231537221528534	0.0	2143948	4853.107205666223	4.3
16709.13007655428	4300	33.071889625379974	0.0	1919781	3159.6475961485567	4.3
16712.58035805058	4300	33.62160812907922	0.0	2147467	3450.28149630076	4.3
16716.05874212721	4300	34.143224052450066	0.0	2133870	3478.384076629152	4.3
16719.87835645636	4300	34.323609723297885	0.0	2146120	3819.6143291521785	4.3
16723.722725486845	4300	34.47924069281388	0.0	2108491	3844.369030484005	4.3
16727.573277578944	4300	34.62868860071828	0.0	2184571	3850.552092095608	4.3
16730.83644008807	4300	35.3655260915893	0.0	2121928	3263.162509128979	4.3
16734.478999910687	4300	35.72296626897365	0.0	2219102	3642.559822615651	4.3
16738.20185132679	4300	36.00011485286993	0.0	2124950	3722.8514161037233	4.3
16742.40863935669	4300	35.793326822969476	0.0	2246506	4206.788029900454	4.3
16745.67696613401	4300	36.5250000456494	0.0	1961140	3268.326777320073	4.3
16749.18626081372	4300	37.01570536593907	0.0	2155012	3509.2946797103314	4.3

