743.6208885863675	750	4.0	1.1951975645028106	450283	1195.1975645028106	-4.389349527362085
744.0862072350515	300	7.534681351316067	0.0	155580	465.31864868393274	-0.15000000000000002
745.035049025655	750	10.58583956071247	0.0	350812	948.8417906035982	0.3
746.6448343980534	1200	12.976054188314087	0.0	617681	1609.785372398382	0.75
749.252517323709	1850	14.368371262658478	0.0	996749	2607.682925655608	1.2000000000000002
752.495552192444	2850	15.125336393923353	0.0	1224260	3243.034868735125	1.85
757.0409700695935	4300	14.579918516773938	0.0	2157535	4545.417877149416	2.8499999999999996
760.3593334987625	2850	15.26155508760497	0.0	1638769	3318.363429168968	1.4000000000000001
764.5199449145769	4300	15.100943671790551	0.0	2055469	4160.611415814417	2.8499999999999996
769.1898126719133	4300	14.431075914454063	0.0	2169201	4669.867757336489	4.3
772.5492681200197	2850	15.071620466347609	0.0	1354548	3359.4554481064542	1.4000000000000001
776.9216845913619	4300	14.699203995005432	0.0	2102452	4372.416471342177	2.8499999999999996
779.9817530728508	2850	15.639135513516626	0.0	1422919	3060.0684814888054	1.4000000000000001
784.9348585210539	4300	14.68603006531352	0.0	2275376	4953.105448203106	2.8499999999999996
787.4290601696607	2850	16.191828416706755	0.0	1231445	2494.2016486067646	1.4000000000000001
791.7656738418419	4300	15.855214744525504	0.0	2152483	4336.613672181251	2.8499999999999996
796.573708729775	4300	15.047179856592484	0.0	2289689	4808.034887933022	4.3
801.4577724355645	4300	14.163116150802999	0.0	2059512	4884.063705789486	4.3
805.4092396437629	2850	14.211648942604551	0.0	1537156	3951.467208198446	1.4000000000000001
808.7981549545516	2850	14.822733631815911	0.0	1336050	3388.915310788642	2.85
812.3372629907598	2850	15.283625595607749	0.0	1415116	3539.1080362081607	2.85
817.0815014473098	4300	14.539387139057744	0.0	2176469	4744.238456550004	2.8499999999999996
820.163420840208	2850	15.457467746159592	0.0	1505760	3081.9193928981517	1.4000000000000001
824.3172805551001	4300	15.30360803126749	0.0	2044075	4153.859714892102	2.8499999999999996
828.7272989558625	4300	14.893589630505144	0.0	2186790	4410.0184007623475	4.3
831.8249971990874	2850	15.795891387280149	0.0	1480464	3097.698243224995	1.4000000000000001
836.8748756960568	4300	14.746012890310674	0.0	2395588	5049.8784969694725	2.8499999999999996
839.3485373412426	2850	16.272351245124845	0.0	1141971	2473.661645185829	1.4000000000000001
843.8592837237388	4300	15.761604862628676	0.0	2134614	4510.74638249617	2.8499999999999996
848.1884232389775	4300	15.432465347389938	0.0	2164140	4329.139515238739	4.3
852.4976269255765	4300	15.123261660790988	0.0	2113193	4309.20368659895	4.3
856.8717101019349	4300	14.749178484432495	0.0	2147852	4374.083176358494	4.3
859.5917727578881	2850	16.029115828479377	0.0	1358081	2720.0626559531165	1.4000000000000001
864.2585375095948	4300	15.362351076772619	0.0	2286761	4666.764751706761	2.8499999999999996
869.9780041041838	4300	13.642884482183646	0.0	2307787	5719.466594588971	4.3
873.7638902577016	2850	13.856998328665751	0.0	1439896	3785.8861535178944	1.4000000000000001
876.4824961081681	2850	15.138392478199183	0.0	1139291	2718.605850466569	2.85
880.911189031711	4300	14.709699554656247	0.0	2147467	4428.692923542935	2.8499999999999996
883.8400125829143	2850	15.780876003453155	0.0	1427478	2928.8235512030915	1.4000000000000001
888.1649463335879	4300	15.455942252779456	0.0	2146120	4324.9337506737	2.8499999999999996
892.3884499315083	4300	15.232438654859084	0.0	2108491	4223.503597920371	4.3
896.7656693460962	4300	14.855219240271289	0.0	2184571	4377.219414587795	4.3
899.5033828496081	2850	16.117505736759284	0.0	1343002	2737.7135035120036	1.4000000000000001
904.0714020269314	4300	15.54948655943594	0.0	2219102	4568.019177323345	2.8499999999999996
909.0725379927007	4300	14.548350593666676	0.0	2124950	5001.135965769265	4.3
912.5111218055547	2850	15.109766780812597	0.0	1483527	3438.5838128540777	1.4000000000000001
916.4791449782994	4300	15.14174360806793	0.0	1961140	3968.023172744666	2.8499999999999996
920.8934631567636	4300	14.727425429603777	0.0	2155012	4414.318178464155	4.3

