30653.504686735367	750	4.0	1.4350650477597209	450283	1435.065047759721	-5.420779705366799
30654.785016350907	750	6.719670384458927	0.0	398865	1280.3296155410735	0.75
30655.92073704108	750	9.583949694282564	0.0	350812	1135.7206901763632	0.75
30657.151382071734	750	12.353304663632578	0.0	382355	1230.6450306499871	0.75
30658.37259105334	750	15.132095682024664	0.0	411561	1221.2089816079133	0.75
30660.628710147164	1850	16.875976588199904	0.0	801058	2256.1190938247582	0.75
30663.155571980235	1850	18.349114755131943	0.0	905515	2526.8618330679606	1.85
30666.046847799826	1850	19.457838935538405	0.0	1060487	2891.2758195935403	1.85
30668.406318309848	1850	21.098368425517155	0.0	852833	2359.4705100212504	1.85
30670.984607189122	1850	22.520079546240233	0.0	913888	2578.288879276922	1.85
30673.56535975961	1850	23.939326975753822	0.0	939819	2580.7525704864083	1.85
30675.902501745106	1850	25.602184990257744	0.0	917428	2337.1419854960786	1.85
30678.322009272186	1850	27.182677463179918	0.0	946851	2419.5075270778293	1.85
30681.077672141255	1850	28.42701459410954	0.0	1036454	2755.6628690703783	1.85
30683.27980519248	1850	30.22488154288305	0.0	821631	2202.13305122649	1.85
30686.01628222747	1850	31.48840450789782	0.0	923170	2736.47703498523	1.85
30688.923095067483	1850	32.581591667883465	0.0	966699	2906.8128400143582	1.85
30691.808018268013	1850	33.696668467355806	0.0	885714	2884.923200527661	1.85
30694.807884226215	1850	34.69680250915231	0.0	987708	2999.8659582034843	1.85
30697.386551047603	1850	36.11813568776525	0.0	923755	2578.666821387066	1.85
30704.216771873478	4300	33.28791486188957	0.0	2039773	6830.2208258756755	1.8499999999999996
30710.163895976144	4300	31.34079075922445	0.0	2176469	5947.124102665119	4.3
30716.224277788144	4300	29.28040894722483	0.0	2221506	6060.381811999623	4.3
30721.895665984073	4300	27.609020751295564	0.0	2044075	5671.388195929266	4.3
30727.353622647046	4300	26.15106408831894	0.0	2186790	5457.956662976622	4.3
30732.94247666966	4300	24.562210065705596	0.0	2105231	5588.8540226133455	4.3
30740.577162344278	4300	20.92752439109071	0.0	2395588	7634.685674614886	4.3
30747.46128557541	4300	18.043401159960677	0.0	1972048	6884.123231130029	4.3
30753.202013396887	4300	16.302673338481995	0.0	2134614	5740.727821478682	4.3
30759.15881518906	4300	14.345871546312159	0.0	2164140	5956.801792169837	4.3
30767.234307524024	4300	10.270379211345059	0.0	2113193	8075.4923349671	4.3
30770.881941855547	1850	10.622744879824491	0.0	954453	3647.634331520566	-0.6000000000000001
30773.874374393545	1850	11.63031234182433	0.0	885062	2992.4325380001605	1.85
30777.55113679588	1850	11.95354993949084	0.0	1035329	3676.76240233349	1.85
30780.88302566944	1850	12.621661065932647	0.0	1026056	3331.888873558194	1.85
30783.399787539256	1850	14.104899196112838	0.0	943942	2516.7618698198085	1.85
30785.379229139482	1850	16.125457595887138	0.0	728962	1979.4416002257005	1.85
30788.010955428923	1850	17.493731306441763	0.0	938587	2631.726289445376	1.85
30790.518670699694	1850	18.98601603567297	0.0	908665	2507.715270768789	1.85
30792.838250603225	1850	20.666436132139616	0.0	930577	2319.5799035333553	1.85
30794.984245537755	1850	22.520441197611675	0.0	858450	2145.994934527942	1.85
30798.002051229505	1850	23.502635505857302	0.0	1025005	3017.805691754373	1.85
30800.6774025024	1850	24.827284232965226	0.0	886255	2675.3512728920778	1.85
30803.382948451042	1850	26.121738284320656	0.0	973972	2705.54594864457	1.85
30806.02271002687	1850	27.481976708491786	0.0	958994	2639.761575828874	1.85
30808.57235542324	1850	28.93233131212507	0.0	982064	2549.6453963667145	1.85
30810.741433650444	1850	30.763253084918166	0.0	830730	2169.0782272069036	1.85
30813.14720682031	1850	32.35747991505196	0.0	846370	2405.773169866203	1.85

