21286.6490473839	750	4.0	4.059765447473156	450283	4059.7654474731557	-16.70699142413457
21290.3240614383	750	4.3249859456004325	0.0	398865	3675.014054399568	0.75
21293.561109058057	750	5.087938325842892	0.0	350812	3237.047619757541	0.75
21296.9785106192	750	5.670536764699565	0.0	382355	3417.4015611433256	0.75
21300.669769741573	750	5.979277642327101	0.0	411561	3691.2591223724653	0.75
21303.537634344197	750	7.111413039701711	0.0	318564	2867.8646026253905	0.75
21306.636912269623	750	8.012135114279095	0.0	352642	3099.2779254226148	0.75
21310.48246934823	750	8.166578035670026	0.0	437162	3845.5570786090693	0.75
21313.82547898192	750	8.823568401979331	0.0	374758	3343.0096336906945	0.75
21317.181721482742	750	9.46732590115501	0.0	362795	3356.242500824321	0.75
21320.35377034879	750	10.295277035108889	0.0	353220	3172.048866046121	0.75
21323.90880411738	750	10.740243266512943	0.0	405134	3555.033768595946	0.75
21327.27667737694	750	11.372370006954807	0.0	386351	3367.873259558136	0.75
21331.26021309956	1200	11.388834284338536	0.0	687371	3983.535722616271	0.75
21333.96122628566	1200	12.687821098235084	0.0	526950	2701.0131861034533	1.2
21339.200408473334	1200	11.44863891056304	0.0	587876	5239.182187672043	1.2
21344.803121779612	1200	9.845925604284421	0.0	617242	5602.713306278621	1.2
21349.944645143092	1200	8.704402240806077	0.0	581493	5141.523363478344	1.2
21355.32185261835	1200	7.327194765551356	0.0	639204	5377.207475254721	1.2
21358.438158920257	750	8.210888463642059	0.0	350713	3116.306301909298	0.3
21361.968183735193	750	8.680863648707694	0.0	386472	3530.024814934364	0.75
21365.64640185881	750	9.00264552508961	0.0	399894	3678.2181236180845	0.75
21369.33723819563	750	9.311809188270777	0.0	401853	3690.8363368188334	0.75
21372.056626568457	750	10.592420815438286	0.0	343800	2719.3883728324913	0.75
21374.934793052977	750	11.714254330922403	0.0	359903	2878.166484515884	0.75
21378.40074938221	750	12.248298001688756	0.0	379700	3465.9563292336466	0.75
21382.030670822154	750	12.618376561741375	0.0	425781	3629.921439947381	0.75
21384.345292364997	750	14.303755018901342	0.0	277716	2314.621542840033	0.75
21393.143021380864	1200	9.506026003033492	0.0	622896	8797.72901586785	0.75
21398.395965042713	1200	8.253082341184152	0.0	641447	5252.943661849339	1.2
21401.308825686912	750	9.340221696985443	0.0	358218	2912.860644198708	0.3
21404.58052724055	750	10.068520143348838	0.0	400322	3271.701553636605	0.75
21407.647725603925	750	11.0013217799711	0.0	369834	3067.1983633777386	0.75
21410.76201895358	750	11.887028430318363	0.0	412837	3114.293349652736	0.75
21414.159203957686	1200	12.489843426212149	0.0	690253	3397.1850041062153	0.75
21418.3893137804	1200	12.259733603500106	0.0	598727	4230.109822712043	1.2
21422.60300093468	1200	12.046046449222237	0.0	487812	4213.68715427787	1.2
21426.617071365104	1200	12.031976018799444	0.0	575591	4014.070430422792	1.2
21429.34475467389	1200	13.304292710012486	0.0	605884	2727.6833087869554	1.2
21432.97410399637	1200	13.674943387535023	0.0	587506	3629.3493224774634	1.2
21437.51508273475	1200	13.133964649155828	0.0	566904	4540.978738379195	1.2
21442.554672611226	1200	12.09437477268063	0.0	641452	5039.589876475198	1.2
21447.386079169115	1200	11.262968214791282	0.0	599477	4831.406557889347	1.2
21452.863456737072	1200	9.785590646831421	0.0	634861	5477.377567959861	1.2
21458.410855711834	1200	8.238191672071164	0.0	630203	5547.398974760258	1.2
21464.106176277302	1200	6.542871106602234	0.0	638661	5695.32056546893	1.2
21468.583287554902	1200	6.065759829003239	0.0	538612	4477.111277598994	1.2
21472.389468095887	1200	6.259579288015943	0.0	550906	3806.180540987296	1.2

