39288.77740867314	750	4.0	2.440724357659049	450283	2440.724357659049	-9.74511473793391
39289.67307680976	300	7.10433186337349	0.0	155580	895.6681366265101	-0.15000000000000002
39290.486313077825	300	10.291095595317353	0.0	139857	813.2362680561372	0.3
39297.709061291935	750	7.068347381208158	0.0	382355	7222.748214109195	0.3
39298.775437380325	300	10.001971292810774	0.0	163442	1066.3760883973832	-0.15000000000000002
39299.6175942912	300	13.159814381933417	0.0	126289	842.156910877358	0.3
39301.82579656824	750	14.951612104889387	0.0	352642	2208.202277044028	0.3
39303.88550813324	750	16.891900539894188	0.0	437162	2059.711564995197	0.75
39305.647031868575	750	19.130376804554764	0.0	374758	1761.5237353394227	0.75
39311.73573012618	1850	17.04167854694899	0.0	913888	6088.698257605776	0.75
39317.197631520576	1850	15.579777152550673	0.0	939819	5461.901394398319	1.85
39322.9491185752	1850	13.828290097928232	0.0	917428	5751.487054622441	1.85
39327.69343288443	1850	13.083975788692824	0.0	946851	4744.314309235408	1.85
39335.99252489483	1850	8.784883778299921	0.0	1036454	8299.092010392902	1.85
39344.16897260244	750	4.608436070681039	0.0	337059	8176.447707618882	-0.3500000000000001
39345.11233979567	300	7.66506887745462	0.0	138313	943.3671932264193	-0.15000000000000002
39346.08814107633	300	10.68926759678881	0.0	143509	975.8012806658102	0.3
39348.34318962163	750	12.434219051498982	0.0	372963	2255.0485452898283	0.3
39350.41650462784	750	14.360904045279025	0.0	405596	2073.315006219956	0.75
39352.220095308665	750	16.5573133644626	0.0	350713	1803.5906808164268	0.75
39354.40579460629	750	18.371614066835384	0.0	386472	2185.6992976272136	0.75
39356.79399990429	750	19.983408768835993	0.0	399894	2388.2052979993887	0.75
39364.07409802382	750	16.703310649312268	0.0	401853	7280.098119523724	0.75
39365.90547842028	750	18.87193025285232	0.0	343800	1831.3803964599497	0.75
39367.81889045876	750	20.958518214379005	0.0	359903	1913.412038473314	0.75
39369.55959320479	750	23.21781546834427	0.0	379700	1740.7027460347338	0.75
39374.05687259788	1850	22.720536075254685	0.0	1076599	4497.279393089587	0.75
39377.20984976147	1850	23.567558911664964	0.0	758197	3152.9771635897177	1.85
39381.13760023986	1850	23.63980843327963	0.0	972798	3927.750478385337	1.85
39384.93575648761	1850	23.84165218551938	0.0	975811	3798.1562477602492	1.85
39388.1848464413	1850	24.592562231834123	0.0	873429	3249.0899536852558	1.85
39393.14639543059	1850	23.631013242544995	0.0	954453	4961.548989289126	1.85
39397.377105354	1850	23.400303319133364	0.0	885062	4230.709923411633	1.85
39402.479077972646	1850	22.29833070048799	0.0	1035329	5101.972618645373	1.85
39408.04937359265	1850	20.728035080476324	0.0	1026056	5570.295620011663	1.85
39413.099289148246	1850	19.678119524882096	0.0	943942	5049.915555594232	1.85
39416.9502588105	1850	19.827149862623767	0.0	728962	3850.9696622583288	1.85
39429.590374515305	1850	11.187034157824717	0.0	938587	12640.11570479905	1.85
39431.75925852391	750	13.018150149214966	0.0	378327	2168.884008609751	-0.3500000000000001
39433.996348037705	750	14.781060635424891	0.0	390680	2237.0895137900743	0.75
39435.852772967024	750	16.92463570610753	0.0	345516	1856.424929317363	0.75
39437.85191655597	750	18.925492117164772	0.0	384505	1999.1435889427573	0.75
39439.78976137736	750	20.987647295777712	0.0	372093	1937.844821387062	0.75
39442.17211749422	750	22.605291178917174	0.0	438281	2382.356116860539	0.75
39444.348056309726	750	24.42935236341334	0.0	398987	2175.9388155038337	0.75
39448.984728192336	1850	23.792680480801987	0.0	982064	4636.671882611353	0.75
39452.20220501669	1850	24.575203656444558	0.0	830730	3217.4768243574285	1.85
39455.2447985771	1850	25.532610096042536	0.0	846370	3042.593560402024	1.85

