30810.19659509927	750	4.0	4.968504930079961	450283	4968.504930079961	-20.614571199343832
30812.13480448951	300	6.061790609763531	0.0	155580	1938.2093902364695	-0.15000000000000002
30813.895968996774	300	8.300626102496778	0.0	139857	1761.1645072667511	0.3
30815.821320407144	300	10.375274692125442	0.0	155432	1925.3514103713374	0.3
30817.713241898713	300	12.483353200556706	0.0	163442	1891.9214915687346	0.3
30819.193284441317	300	15.003310657950008	0.0	126289	1480.0425426066981	0.3
30823.598598333858	750	14.597996765410267	0.0	352642	4405.313892539742	0.3
30829.055419105593	750	13.141175993676203	0.0	437162	5456.820771734066	0.75
30835.722924837908	750	10.473670261361335	0.0	374758	6667.505732314869	0.75
30839.651174951017	300	10.545420148253411	0.0	139105	3928.250113107922	-0.15000000000000002
30842.316852600383	300	11.879742498887468	0.0	141840	2665.6776493659436	0.3
30844.427463987722	300	13.769131111550212	0.0	156148	2110.611387337256	0.3
30846.585748113095	300	15.610846986176966	0.0	160746	2158.2841253732454	0.3
30852.009839270886	750	14.186755828385456	0.0	434409	5424.091157791511	0.3
30855.769820470236	750	14.426774629033488	0.0	337059	3759.981199351967	0.75
30860.37676271855	750	13.819832380718784	0.0	366214	4606.942248314704	0.75
30864.93819959391	750	13.258395505356791	0.0	360831	4561.436875361994	0.75
30869.50818596384	750	12.6884091354261	0.0	372963	4569.9863699306925	0.75
30874.420482016052	750	11.776113083217822	0.0	405596	4912.296052208278	0.75
30878.734109211262	750	11.462485888006807	0.0	350713	4313.627195211016	0.75
30885.310739648732	750	8.885855450537386	0.0	386472	6576.63043746942	0.75
30888.098855027587	300	10.09774007168347	0.0	157812	2788.1153788539173	-0.15000000000000002
30890.09077650126	300	12.10581859800859	0.0	163927	1991.92147367488	0.3
30891.77626942517	300	14.420325674101962	0.0	137654	1685.4929239066287	0.3
30893.597683057873	300	16.59891204139455	0.0	146754	1821.4136327074123	0.3
30898.37170971777	750	15.824885381500762	0.0	379700	4774.026659893787	0.3
30904.248969722397	750	13.947625376870997	0.0	425781	5877.260004629765	0.75
30907.826513427215	750	14.370081672052514	0.0	277716	3577.543704818484	0.75
30912.865865270047	750	13.330729829221783	0.0	400396	5039.351842830733	0.75
30917.942467852103	750	12.254127247164256	0.0	400508	5076.602582057528	0.75
30922.58320612749	750	11.613388971783413	0.0	358218	4640.738275380842	0.75
30929.17211706349	750	9.02447803578037	0.0	400322	6588.910936003043	0.75
30931.04383754309	300	11.15275755617968	0.0	143881	1871.720479600689	-0.15000000000000002
30933.15570160085	300	13.040893498418525	0.0	163444	2111.864057761156	0.3
30935.43212091242	300	14.764474186848046	0.0	179328	2276.419311570478	0.3
30939.988379812694	750	14.208215286574898	0.0	365161	4556.25890027315	0.3
30943.988532226267	750	14.20806287300312	0.0	321064	4000.1524135717764	0.75
30948.402557426354	750	13.794037672914405	0.0	361565	4414.025200088717	0.75
30953.20339158052	750	12.993203518750487	0.0	378327	4800.8341541639165	0.75
30957.891651167356	750	12.304943931911795	0.0	390680	4688.259586838693	0.75
30962.093749659023	750	12.102845440243028	0.0	345516	4202.098491668768	0.75
30966.89239941928	750	11.304195679985932	0.0	384505	4798.649760257097	0.75
30971.621993478308	750	10.574601620959907	0.0	372093	4729.594059026024	0.75
30977.09591867627	750	9.10067642299617	0.0	438281	5473.9251979637365	0.75
30979.237163462614	300	10.959431636655925	0.0	167025	2141.244786340245	-0.15000000000000002
30981.413722828907	300	12.782872270362684	0.0	160064	2176.5593662932406	0.3
30983.294824817993	300	14.90177028127779	0.0	137507	1881.1019890848954	0.3
30987.095767335046	750	15.100827764223599	0.0	314107	3800.9425170541917	0.3

