9683.951052240436	750	4.0	2.5728353536483834	450283	2572.8353536483833	-10.313192020688048
9684.89236684552	300	7.05868539491694	0.0	155580	941.31460508306	-0.15000000000000002
9685.746636524933	300	10.204415715503767	0.0	139857	854.2696794131733	0.3
9687.99809743621	750	11.952954804226295	0.0	382355	2251.460911277473	0.3
9690.45662537309	750	13.494426867347634	0.0	411561	2458.527936878659	0.75
9692.338964499057	750	15.612087741381425	0.0	318564	1882.33912596621	0.75
9694.30502707494	750	17.64602516549714	0.0	352642	1966.062575884286	0.75
9696.72313452612	750	19.227917714317964	0.0	437162	2418.1074511791735	0.75
9698.75618759358	750	21.194864646856786	0.0	374758	2033.053067461179	0.75
9703.576640569685	1850	20.374411670753638	0.0	913888	4820.45297610315	0.75
9708.507953419647	1850	19.44309882079256	0.0	939819	4931.312849961079	1.85
9713.554774738825	1850	18.396277501615057	0.0	917428	5046.821319177503	1.85
9719.427198434427	1850	16.523853806012376	0.0	946851	5872.423695602682	1.85
9725.55496480015	1850	14.396087440288179	0.0	1036454	6127.7663657241965	1.85
9730.865992428224	1850	13.085059812214366	0.0	821631	5311.027628073813	1.85
9734.514638584986	1200	13.436413655453203	0.0	587876	3648.6461567611623	0.5499999999999999
9740.05561221176	1850	11.895440028679433	0.0	966699	5540.973626773771	1.2000000000000002
9745.122896205437	1850	10.828156035002088	0.0	885714	5067.283993677344	1.85
9747.641334756716	750	12.309717483726024	0.0	405596	2518.4385512760637	-0.3500000000000001
9749.638961688332	750	14.312090552108828	0.0	350713	1997.6269316171956	0.75
9751.802933362867	750	16.148118877573566	0.0	386472	2163.9716745352634	0.75
9754.023084410113	750	17.927967830327063	0.0	399894	2220.151047246504	0.75
9756.23104618705	750	19.720006053392957	0.0	401853	2207.961776934107	0.75
9761.206514155538	1850	18.74453808490485	0.0	874175	4975.4679684881075	0.75
9766.297519915333	1850	17.65353232510921	0.0	897976	5091.005759795637	1.85
9773.03860796935	1850	14.912444271091081	0.0	905935	6741.088054018132	1.85
9779.08529175115	1850	12.865760489292594	0.0	1076599	6046.683781798487	1.85
9783.804145917053	1850	12.146906323389311	0.0	758197	4718.854165903282	1.85
9790.00644965176	750	9.944602588681548	0.0	400396	6202.303734707765	-0.3500000000000001
9792.184922381854	750	11.766129858589002	0.0	400508	2178.472730092546	0.75
9794.143246653011	750	13.807805587431723	0.0	358218	1958.3242711572784	0.75
9796.331329737093	750	15.619722503348752	0.0	400322	2188.0830840829713	0.75
9798.358863970332	750	17.592188270109656	0.0	369834	2027.5342332390965	0.75
9800.625828914288	750	19.325223326152873	0.0	412837	2266.9649439567825	0.75
9802.83604357529	750	21.11500866515314	0.0	401088	2210.214660999733	0.75
9806.120146299705	1200	21.830905940737836	0.0	598727	3284.102724415306	0.75
9810.123178679405	1850	21.827873561038324	0.0	728962	4003.0323796995135	1.2000000000000002
9815.24499832552	1850	20.706053914924077	0.0	938587	5121.819646114246	1.85
9820.151852561263	1850	19.799199679179715	0.0	908665	4906.854235744362	1.85
9825.158673972006	1850	18.79237826843645	0.0	930577	5006.821410743262	1.85
9829.571365586327	1850	18.37968665411515	0.0	858450	4412.691614321301	1.85
9835.112869811768	1850	16.838182428674962	0.0	1025005	5541.504225440191	1.85
9840.747383452366	1850	15.203668788075765	0.0	886255	5634.513640599196	1.85
9846.739177788617	1850	13.211874451824793	0.0	973972	5991.794336250972	1.85
9852.399898607147	1850	11.551153633293856	0.0	958994	5660.720818530936	1.85
9857.803608999737	1850	10.147443240705364	0.0	982064	5403.71039258849	1.85
9862.305435197648	1850	9.645617042794125	0.0	830730	4501.8261979112385	1.85
9866.981547349285	1850	8.969504891156229	0.0	846370	4676.112151637897	1.85

