37776.31880758981	750	4.0	2.8873521361745	450283	2887.3521361745	-11.66561418555035
37777.36879278877	300	6.950014801033952	0.0	155580	1049.9851989660474	-0.15000000000000002
37778.32075075235	300	9.998056837466692	0.0	139857	951.9579635672612	0.3
37782.01013667388	1200	10.30867091592628	0.0	617681	3689.3859215404123	0.29999999999999993
37786.18547561247	1200	10.133331977341468	0.0	652874	4175.338938584811	1.2
37789.74075690956	1200	10.57805068025656	0.0	520315	3555.2812970849086	1.2
37793.58757234647	1200	10.731235243340791	0.0	561791	3846.8154369157687	1.2
37798.45586643755	1200	9.862941152255928	0.0	709534	4868.294091084864	1.2
37807.32573632106	1200	4.993071268755053	0.0	584846	8869.869883500874	1.2
37808.38014807438	300	7.938659515432077	0.0	139105	1054.4117533229767	-0.6000000000000001
37810.85499371151	750	9.463813878304402	0.0	353220	2474.8456371276743	0.3
37814.9486685206	1200	9.370139069215355	0.0	594078	4093.6748090890464	0.75
37819.634689880746	1200	8.684117709072773	0.0	624282	4686.021360142582	1.2
37822.63712461065	750	9.681682979171642	0.0	434409	3002.43472990113	0.3
37826.39750344546	1200	9.921304144360958	0.0	526950	3760.3788348106855	0.75
37830.698497819874	1200	9.62030976995096	0.0	587876	4300.994374409997	1.2
37835.0107765179	1200	9.308031071924848	0.0	617242	4312.278698026112	1.2
37839.109111471575	1200	9.209696118252436	0.0	581493	4098.334953672412	1.2
37843.3703740297	1200	8.948433560130121	0.0	639204	4261.262558122316	1.2
37845.76249700988	750	10.556310579952143	0.0	350713	2392.122980177978	0.3
37849.987385715154	1200	10.33142187467192	0.0	601738	4224.888705280224	0.75
37854.05457560155	1200	10.26423198828049	0.0	616206	4067.189886391428	1.2
37858.49649114707	1200	9.822316442761506	0.0	656471	4441.915545518985	1.2
37862.35581759905	1200	9.962989990773082	0.0	536667	3859.3264519884247	1.2
37866.72045698496	1200	9.598350604860556	0.0	587236	4364.639385912525	1.2
37871.02518612729	1200	9.293621462526923	0.0	590335	4304.729142333631	1.2
37876.07881872936	1200	8.239988860459798	0.0	696376	5053.632602067127	1.2
37877.962469938444	750	10.356337651374387	0.0	277716	1883.6512090854103	0.3
37882.157552206016	1200	10.161255383799551	0.0	622896	4195.082267574837	0.75
37886.730440324995	1200	9.588367264822002	0.0	641447	4572.888118977549	1.2
37891.26726998731	1200	9.051537602506004	0.0	570392	4536.829662315999	1.2
37896.327423613235	1200	7.991383976575935	0.0	620283	5060.153625930068	1.2
37898.82751137425	750	9.491296215561515	0.0	369834	2500.0877610144194	0.3
37903.33408481219	1200	8.984722777624073	0.0	670129	4506.573437937442	0.75
37906.08948720806	750	10.229320381746556	0.0	401088	2755.4023958775156	0.3
37910.224258252216	1200	10.094549337586386	0.0	598727	4134.77104416017	0.75
37913.96304368608	1200	10.355763903722178	0.0	487812	3738.7854338642087	1.2
37918.184106096895	1200	10.134701492914633	0.0	575591	4221.062410807544	1.2
37922.176745425946	1200	10.142062163857895	0.0	605884	3992.6393290567366	1.2
37926.146531531274	1200	10.172276058528528	0.0	587506	3969.7861053293664	1.2
37931.705645353424	1200	8.613162236378331	0.0	566904	5559.113822150197	1.2
37935.78636037996	750	8.532447209835398	0.0	384505	4080.7150265429345	0.3
37938.82920266564	750	9.489604924161021	0.0	372093	3042.842285674377	0.75
37943.391833994836	1200	8.92697359497064	0.0	634861	4562.63132919038	0.75
37946.25149755053	750	10.067310039271492	0.0	398987	2859.663555699149	0.3
37951.023488329985	1200	9.295319259820298	0.0	638661	4771.990779451194	0.75
37955.012177480006	1200	9.306630109800523	0.0	538612	3988.6891500197767	1.2
37959.253517995516	1200	9.065289594287826	0.0	550906	4241.340515512697	1.2

