4528.5111691159145	750	4.0	1.0058620320961174	450283	1005.8620320961174	-3.5752067380133044
4529.411306583756	750	7.0998625321586255	0.0	398865	900.1374678413749	0.75
4530.212638526566	750	10.298530589349985	0.0	350812	801.3319428086406	0.75
4531.07882849439	750	13.432340621525057	0.0	382355	866.1899678249256	0.75
4533.25269393876	1850	15.258475177155493	0.0	996749	2173.8654443695655	0.75
4535.221007678819	1850	17.290161437096415	0.0	801058	1968.313740059078	1.85
4537.435555260055	1850	19.075613855860603	0.0	905515	2214.5475812358104	1.85
4539.779529631181	1850	20.731639484735037	0.0	1060487	2343.974371125565	1.85
4541.616315599437	1850	22.894853516478786	0.0	852833	1836.7859682562523	1.85
4543.579210986615	1850	24.93195812930088	0.0	913888	1962.895387177904	1.85
4545.597587013855	1850	26.913582102060214	0.0	939819	2018.3760272406657	1.85
4547.569781619327	1850	28.941387496589	0.0	917428	1972.1946054712128	1.85
4549.642599670347	1850	30.868569445568397	0.0	946851	2072.8180510206057	1.85
4554.550820214989	4300	29.960348900927393	0.0	2275376	4908.220544641005	1.8499999999999996
4558.7542135205385	4300	29.75695559537748	0.0	2005399	4203.393305549914	4.3
4565.201142035703	4300	27.310027080213146	0.0	2152483	6446.9285151643335	4.3
4570.83100842513	4300	25.68016069078675	0.0	2289689	5629.866389426396	4.3
4576.026811695446	4300	24.484357420470957	0.0	2059512	5195.803270315792	4.3
4581.324209333573	4300	23.186959782343525	0.0	2220726	5297.397638127435	4.3
4586.285277178123	4300	22.22589193779382	0.0	2156729	4961.067844549708	4.3
4590.919960054029	4300	21.591209061888055	0.0	2039773	4634.682875905764	4.3
4595.556338837877	4300	20.95483027803977	0.0	2176469	4636.378783848285	4.3
4601.865185899152	4300	18.64598321676481	0.0	2221506	6308.847061274953	4.3
4607.752054876162	4300	16.759114239753867	0.0	2044075	5886.868977010944	4.3
4613.197239477683	4300	15.313929638233388	0.0	2186790	5445.184601520479	4.3
4620.044050210183	4300	12.467118905733605	0.0	2105231	6846.810732499784	4.3
4622.5741652130455	1850	13.937003902870233	0.0	1076599	2530.115002863373	-0.6000000000000001
4624.379663606436	1850	16.131505509479563	0.0	758197	1805.498393390669	1.85
4626.518229956778	1850	17.992939159137528	0.0	972798	2138.566350342034	1.85
4628.632349753368	1850	19.878819362547215	0.0	975811	2114.119796590313	1.85
4630.587337151642	1850	21.92383196427253	0.0	873429	1954.9873982746851	1.85
4632.854126073733	1850	23.65704304218115	0.0	954453	2266.7889220913794	1.85
4634.961930247395	1850	25.549238868519335	0.0	885062	2107.804173661815	1.85
4637.19488363615	1850	27.316285479764183	0.0	1035329	2232.953388755155	1.85
4639.390358661428	1850	29.120810454485788	0.0	1026056	2195.475025278392	1.85
4641.4426403457	1850	31.068528770214193	0.0	943942	2052.281684271595	1.85
4645.578062318645	4300	30.933106797269946	0.0	1919781	4135.42197294425	1.8499999999999996
4650.084102488849	4300	30.427066627066246	0.0	2147467	4506.040170203697	4.3
4654.857083130947	4300	29.654085984967633	0.0	2133870	4772.980642098613	4.3
4659.412632812347	4300	29.09853630356837	0.0	2146120	4555.549681399265	4.3
4663.85141088088	4300	28.65975823503452	0.0	2108491	4438.77806853385	4.3
4668.44905204409	4300	28.062117071823735	0.0	2184571	4597.641163210785	4.3
4673.436431039527	4300	27.074738076387096	0.0	2121928	4987.378995436638	4.3
4681.162269648756	4300	23.348899467158546	0.0	2219102	7725.838609228549	4.3
4686.435854331777	4300	22.07531478413821	0.0	2124950	5273.584683020334	4.3
4692.340241441421	4300	20.17092767449315	0.0	2246506	5904.387109645063	4.3
4696.526218560785	4300	19.98495055512923	0.0	1961140	4185.977119363917	4.3
4702.384820095026	4300	18.126349020888203	0.0	2155012	5858.601534241029	4.3

