42161.88251075856	750	4.0	1.292277730175302	450283	1292.277730175302	-4.806794239753798
42163.03635799873	750	6.8461527598279925	0.0	398865	1153.847240172007	0.75
42164.06083419498	750	9.821676563573064	0.0	350812	1024.4761962549287	0.75
42165.170232265795	750	12.712278492757205	0.0	382355	1109.3980708158595	0.75
42167.730307372214	1850	14.1522033863379	0.0	996749	2560.0751064193037	0.75
42169.7412211577	1850	16.14128960084972	0.0	801058	2010.9137854881785	1.85
42172.03135399899	1850	17.851156759563747	0.0	905515	2290.132841285975	1.85
42174.749745453635	1850	19.13276530492209	0.0	1060487	2718.3914546416577	1.85
42177.0957107078	1850	20.786800050759904	0.0	852833	2345.965254162186	1.85
42179.96063103016	1850	21.921879728402438	0.0	913888	2864.920322357465	1.85
42182.649543714695	1850	23.232967043863837	0.0	939819	2688.9126845385986	1.85
42185.028169686186	1850	24.854341072375426	0.0	917428	2378.625971488412	1.85
42188.46930829868	1850	25.41320245988239	0.0	946851	3441.138612493038	1.85
42192.951867179894	1850	24.930643578669795	0.0	1036454	4482.558881212593	1.85
42195.283051791645	1850	26.59945896691976	0.0	821631	2331.1846117500363	1.85
42197.7903875996	1850	28.092123158970917	0.0	923170	2507.335807948842	1.85
42200.25460748572	1850	29.62790327284978	0.0	966699	2464.2198861211355	1.85
42202.53589911601	1850	31.34661164255747	0.0	885714	2281.2916302923113	1.85
42205.1356972098	1850	32.74681354876916	0.0	987708	2599.7980937883094	1.85
42207.5745226527	1850	34.30798810586719	0.0	923755	2438.825442901974	1.85
42209.94213036771	1850	35.94038039085755	0.0	891604	2367.607715009642	1.85
42212.47007822939	1850	37.41243252917635	0.0	955231	2527.9478616811984	1.85
42218.141302040545	4300	35.74120871801605	0.0	2221506	5671.223811160306	1.8499999999999996
42223.52297924885	4300	34.359531509711225	0.0	2044075	5381.677208304822	4.3
42229.23071827022	4300	32.6517924883444	0.0	2186790	5707.7390213668305	4.3
42234.667001594076	4300	31.215509164490072	0.0	2105231	5436.2833238543235	4.3
42240.59445193534	4300	29.288058823220375	0.0	2395588	5927.450341269698	4.3
42249.429404096896	4300	24.453106661667697	0.0	1972048	8834.952161552677	4.3
42255.0283636816	4300	22.85414707696374	0.0	2134614	5598.959584703957	4.3
42260.59290081567	4300	21.289609942898977	0.0	2164140	5564.537134064765	4.3
42266.09147598324	4300	19.791034775324754	0.0	2113193	5498.575167574222	4.3
42271.66919633412	4300	18.213314424439332	0.0	2147852	5577.720350885421	4.3
42277.13388949006	4300	16.748621268502603	0.0	2191074	5464.6931559367285	4.3
42286.243525673104	4300	11.638985085453736	0.0	2286761	9109.636183048868	4.3
42289.328789074134	1850	12.553721684426716	0.0	1026056	3085.263401027021	-0.6000000000000001
42291.94098883418	1850	13.941521924376774	0.0	943942	2612.199760049942	1.85
42293.97134886818	1850	15.911161890373556	0.0	728962	2030.3600340032167	1.85
42296.53882963158	1850	17.343681126974587	0.0	938587	2567.480763398967	1.85
42299.04162750516	1850	18.840883253396935	0.0	908665	2502.7978735776514	1.85
42301.701684441934	1850	20.180826316626252	0.0	930577	2660.056936770685	1.85
42304.239175518385	1850	21.64333524016951	0.0	858450	2537.4910764567435	1.85
42307.91561535856	1850	21.966895400003285	0.0	1025005	3676.439840166221	1.85
42310.582940469365	1850	23.299570289194495	0.0	886255	2667.32511080879	1.85
42313.22015427594	1850	24.662356482612914	0.0	973972	2637.2138065815825	1.85
42315.74203428323	1850	26.14047647533122	0.0	958994	2521.8800072816975	1.85
42318.280096486546	1850	27.60241427201354	0.0	982064	2538.0622033176796	1.85
42320.4364688123	1850	29.44604194625582	0.0	830730	2156.3723257577176	1.85
42322.62923951167	1850	31.253271246885895	0.0	846370	2192.7706993699253	1.85

