32795.99473613456	750	4.0	1.650043841198174	450283	1650.0438411981738	-6.345188517152148
32798.20547031903	1200	5.789265815528748	0.0	611087	2210.7341844712514	0.75
32801.367535971534	1850	6.627200163025794	0.0	877771	3162.0656525029544	1.2000000000000002
32804.740576781616	1850	7.254159352939501	0.0	933276	3373.0408100862924	1.85
32808.304132299236	1850	7.690603835323216	0.0	996749	3563.5555176162848	1.85
32811.215320814954	1850	8.779415319609765	0.0	801058	2911.1885157134507	1.85
32814.53350363264	1850	9.461232501917063	0.0	905515	3318.1828176927015	1.85
32818.55748924165	1850	9.437246892917964	0.0	1060487	4023.9856089991017	1.85
32821.725128112	1850	10.26960802256361	0.0	852833	3167.638870354355	1.85
32825.02915165378	1850	10.965584480779606	0.0	913888	3304.023541784003	1.85
32828.368890250764	1850	11.625845883803906	0.0	939819	3339.7385969757	1.85
32833.731943855244	2850	10.262792279325764	0.0	1519951	5363.053604478141	1.85
32838.766969577075	2850	9.227766557494357	0.0	1422919	5035.025721831406	2.85
32844.366481901125	2850	7.628254233439953	0.0	1578343	5599.5123240544035	2.85
32848.71724758361	2850	7.277488550958787	0.0	1231445	4350.765682481167	2.85
32853.90657474841	2850	6.088161386150537	0.0	1471065	5189.32716480825	2.85
32859.187762428905	2850	4.80697370566479	0.0	1491626	5281.187680485747	2.85
32862.358228344776	1850	5.63650778979249	0.0	885714	3170.4659158723	0.8500000000000001
32865.88474764873	1850	6.109988485835667	0.0	987708	3526.5193039568235	1.85
32869.17668168804	1850	6.818054446521025	0.0	923755	3291.934039314642	1.85
32872.36887131088	1850	7.625864823686414	0.0	891604	3192.1896228346113	1.85
32875.80028253875	1850	8.194453595814467	0.0	955231	3431.4112278719463	1.85
32879.23686657195	1850	8.757869562614061	0.0	968026	3436.5840332004054	1.85
32882.36438037048	1850	9.630355764075045	0.0	874175	3127.513798539018	1.85
32885.61171475678	1850	10.383021377786513	0.0	897976	3247.334386288532	1.85
32890.85362929117	2850	9.141106843394443	0.0	1480464	5241.914534392068	1.85
32896.319030090315	2850	7.675706044247782	0.0	1547572	5465.4007991466615	2.85
32900.42083605652	2850	7.57390007804424	0.0	1141971	4101.805966203543	2.85
32905.73099893515	2850	6.263737199412658	0.0	1498470	5310.162878631581	2.85
32911.21297506271	2850	4.781761071853856	0.0	1561263	5481.976127558803	2.85
32914.33076309828	1850	5.663973036276851	0.0	873429	3117.7880355770044	0.8500000000000001
32917.73863186911	1850	6.256104265448333	0.0	954453	3407.868770828518	1.85
32920.914926895624	1850	7.079809238939258	0.0	885062	3176.295026509076	1.85
32924.64359627008	1850	7.351139864485113	0.0	1035329	3728.669374454145	1.85
32928.3528064559	1850	7.6419296786630495	0.0	1026056	3709.210185822063	1.85
32931.775522426346	1850	8.219213708214793	0.0	943942	3422.7159704482565	1.85
32934.40862394446	1850	9.586112190104405	0.0	728962	2633.101518110389	1.85
32939.71977257384	2850	8.274963560721497	0.0	1499009	5311.1486293829075	1.85
32944.76433934254	2850	7.230396792020616	0.0	1427478	5044.566768700881	2.85
32949.726969732954	2850	6.267766401605928	0.0	1402287	4962.630390414688	2.85
32954.4840822918	2850	5.5106538427598855	0.0	1339500	4757.112558846043	2.85
32959.910468116585	2850	4.084268017980117	0.0	1527299	5426.385824779769	2.85
32963.11220735039	1850	4.882528784174387	0.0	886255	3201.739233805729	0.8500000000000001
32966.618487055595	1850	5.376249078966037	0.0	973972	3506.27970520835	1.85
32970.08674635989	1850	5.9079897746701775	0.0	958994	3468.25930429586	1.85
32975.40196872084	2850	4.592767413722941	0.0	1483527	5315.222360947237	1.85
32979.89466310479	2850	4.100073029772954	0.0	1231456	4492.694383949986	2.85
32984.993097268656	2850	4.0	0.9983611340977714	1364537	5098.434163870726	-1.4429528766204167

