43422.203161140504	750	4.0	5.8109153064608465	450283	5810.915306460846	-24.23693581778164
43424.265673667396	300	5.9374874731088765	0.0	155580	2062.5125268911233	-0.15000000000000002
43426.12783239264	300	8.075328747865196	0.0	139857	1862.1587252436805	0.3
43428.22390985263	300	9.979251287871621	0.0	155432	2096.077459993576	0.3
43430.43662102233	300	11.766540118171696	0.0	163442	2212.7111696999264	0.3
43432.15727947239	300	14.045881668110965	0.0	126289	1720.6584500607294	0.3
43434.18794746754	300	16.015213672961707	0.0	153295	2030.6679951492572	0.3
43439.77568341512	750	14.427477725377878	0.0	437162	5587.73594758383	0.3
43444.57191179986	750	13.631249340635046	0.0	374758	4796.228384742832	0.75
43450.741314993276	750	11.461846147219184	0.0	362795	6169.403193415861	0.75
43461.39649700505	750	4.806664135440745	0.0	353220	10655.18201177844	0.75
43463.81923163049	300	6.383929510002648	0.0	156148	2422.7346254380973	-0.15000000000000002
43465.946612645	300	8.256548495492153	0.0	160746	2127.381014510497	0.3
43469.03784453089	300	9.165316609606846	0.0	179801	3091.2318858853077	0.3
43472.50073424808	300	9.702426892413078	0.0	140051	3462.889717193768	0.3
43474.344093614156	300	11.859067526336627	0.0	138313	1843.3593660764511	0.3
43476.207600072434	300	13.995561068055787	0.0	143509	1863.5064582808386	0.3
43478.28699719436	300	15.916163946133207	0.0	150616	2079.3971219225805	0.3
43484.70970220596	750	13.493458934528858	0.0	405596	6422.705011604348	0.3
43488.530469486046	750	13.6726916544511	0.0	350713	3820.767280077759	0.75
43490.75726348005	750	15.445897660438257	0.0	386472	2226.7939940128435	0.75
43493.05861467093	750	17.144546469558264	0.0	399894	2301.351190879992	0.75
43498.053759330454	750	16.14940181004023	0.0	401853	4995.144659518032	0.75
43500.15170464284	750	18.05145649765417	0.0	343800	2097.945312386062	0.75
43502.240598627264	750	19.96256251323399	0.0	359903	2088.8939844201777	0.75
43504.422342723	750	21.780818417491044	0.0	379700	2181.7440957429467	0.75
43506.83560200849	750	23.36755913200413	0.0	425781	2413.2592854869167	0.75
43508.437472255704	750	25.765688884791864	0.0	277716	1601.8702472122632	0.75
43513.870259531854	1850	24.332901608642718	0.0	972798	5432.787276149146	0.75
43519.25583516198	1850	22.9473259785175	0.0	975811	5385.5756301252195	1.85
43524.0308420955	1850	22.172319045003874	0.0	873429	4775.006933513624	1.85
43531.314224625494	1850	18.888936515006918	0.0	954453	7283.382529996958	1.85
43536.38012069255	1850	17.82304044794561	0.0	885062	5065.89606706131	1.85
43543.33809751251	1850	14.865063627982858	0.0	1035329	6957.9768199627515	1.85
43549.58597212543	1850	12.617189015064469	0.0	1026056	6247.874612918389	1.85
43554.94253956369	1850	11.260621576806168	0.0	943942	5356.5674382583	1.85
43559.073417407315	1850	11.129743733185846	0.0	728962	4130.877843620324	1.85
43564.18794938336	1850	10.01521175713294	0.0	938587	5114.531976052906	1.85
43569.04266872778	1850	9.160492412715833	0.0	908665	4854.719344417108	1.85
43574.19229897839	1850	8.010862162101045	0.0	930577	5149.630250614787	1.85
43578.891676700376	1850	7.311484440119312	0.0	858450	4699.377721981734	1.85
43584.81264720716	1850	5.390513933333546	0.0	1025005	5920.970506785766	1.85
43589.4083655762	1850	4.794795564297366	0.0	886255	4595.71836903618	1.85
43594.878123521084	1850	4.0	0.6749623805833144	973972	5469.75794488068	-1.0523382365082514
43600.331870815535	1850	4.0	1.4537472944579595	958994	5453.7472944579595	-4.401113366169225
43606.16528039168	1850	4.0	1.8334095761406033	982064	5833.409576140603	-6.0336611774045945
43610.9477237184	1850	4.0	0.782443326720374	830730	4782.443326720374	-1.514506304897608
43615.68234716965	1850	4.0	0.7346234512496521	846370	4734.623451249652	-1.308880840373504

