13824.438030431504	750	4.0	3.639078849061261	450283	3639.078849061261	-14.89803905096342
13825.747749269072	300	6.690281162431291	0.0	155580	1309.718837568709	-0.15000000000000002
13826.913217116266	300	9.524813315238651	0.0	139857	1165.4678471926395	0.3
13828.194323660939	300	12.243706770565325	0.0	155432	1281.1065446733267	0.3
13831.453579760468	750	12.984450671036063	0.0	411561	3259.25609952926	0.3
13833.984736708793	750	14.45329372270969	0.0	318564	2531.1569483263734	0.75
13836.784392074447	750	15.653638357057021	0.0	352642	2799.6553656526694	0.75
13840.278556916133	750	16.159473515370756	0.0	437162	3494.1648416862654	0.75
13843.292746127288	750	17.145284304213614	0.0	374758	3014.1892111571387	0.75
13846.217969768733	750	18.220060662769278	0.0	362795	2925.2236414443355	0.75
13849.090805506357	750	19.347224925144587	0.0	353220	2872.8357376246922	0.75
13852.37727975814	750	20.060750673361813	0.0	405134	3286.4742517827726	0.75
13855.511160235408	750	20.926870196092946	0.0	386351	3133.8804772688654	0.75
13858.997988592064	750	21.440041839437164	0.0	434409	3486.828356655783	0.75
13861.708184392251	750	22.729846039249452	0.0	337059	2710.1958001877106	0.75
13864.659085082552	750	23.77894534894919	0.0	366214	2950.9006903002637	0.75
13867.571720527798	750	24.86630990370196	0.0	360831	2912.6354452472287	0.75
13874.682231038794	1850	21.75579939270586	0.0	885714	7110.510510996101	0.75
13882.519570436601	1850	17.91845999489831	0.0	987708	7837.339397807553	1.85
13891.016834880282	1850	13.421195551217108	0.0	923755	8497.2644436812	1.85
13894.622375971125	750	13.815654460373255	0.0	386472	3605.541090843854	-0.3500000000000001
13897.858486474808	750	14.579543956690657	0.0	399894	3236.110503682597	0.75
13901.11856084811	750	15.319469583390026	0.0	401853	3260.074373300632	0.75
13903.889305220753	750	16.54872521074682	0.0	343800	2770.744372643207	0.75
13906.746396683448	750	17.691633748052052	0.0	359903	2857.0914626947674	0.75
13909.786694025144	750	18.65133640635448	0.0	379700	3040.2973416975706	0.75
13913.206203573256	750	19.231826858241934	0.0	425781	3419.509548112544	0.75
13915.470969699927	750	20.967060731572918	0.0	277716	2264.7661266690143	0.75
13918.692377696414	750	21.745652735085955	0.0	400396	3221.407996486965	0.75
13921.87727319706	750	22.560757234439308	0.0	400508	3184.8955006466463	0.75
13924.716703016287	750	23.72132741521281	0.0	358218	2839.429819226501	0.75
13927.86258982538	750	24.57544060612069	0.0	400322	3145.8868090921183	0.75
13934.75241375409	1850	21.685616677410405	0.0	885062	6889.823928710286	0.75
13942.768809586112	1850	17.669220845388626	0.0	1035329	8016.395832021779	1.85
13950.77123331685	1850	13.666797114649246	0.0	1026056	8002.4237307393805	1.85
13958.13544568403	1850	10.302584747468526	0.0	943942	7364.21236718072	1.85
13960.685005699417	750	11.7530247320829	0.0	321064	2549.560015385626	-0.3500000000000001
13963.545042892549	750	12.89298753895051	0.0	361565	2860.03719313239	0.75
13968.103124739293	750	12.334905692206076	0.0	378327	4558.081846744432	0.75
13971.517975035935	750	12.920055395562912	0.0	390680	3414.8502966431665	0.75
13974.280781499008	750	14.15724893249101	0.0	345516	2762.806463071902	0.75
13977.340074038582	750	15.097956392916378	0.0	384505	3059.2925395746315	0.75
13980.291806897625	750	16.146223533873897	0.0	372093	2951.7328590424795	0.75
13983.731441775413	750	16.706588656086584	0.0	438281	3439.6348777873127	0.75
13986.998720816466	750	17.439309615034908	0.0	398987	3267.279041051675	0.75
13990.217076086468	750	18.22095434503048	0.0	393804	3218.3552700044283	0.75
13992.837152126933	750	19.600878304566873	0.0	331053	2620.0760404636085	0.75
13995.35182051002	750	21.08620992147916	0.0	314107	2514.6683830877105	0.75

