37475.47533778256	750	4.0	9.278195417605257	450283	9278.195417605257	-39.146240295702604
37479.12243078035	300	4.352907002212032	0.0	155580	3647.092997787968	-0.15000000000000002
37482.38714567288	300	5.088192109683549	0.0	139857	3264.7148925284837	0.3
37485.63118805499	300	5.8441497275727885	0.0	155432	3244.0423821107593	0.3
37489.032833371035	300	6.442504411534053	0.0	163442	3401.6453160387364	0.3
37491.679199245795	300	7.7961385367772795	0.0	126289	2646.3658747567733	0.3
37498.137752769224	300	5.337585013352067	0.0	153295	6458.553523425212	0.3
37501.945457736816	300	5.529880045765149	0.0	173849	3807.7049675869175	0.3
37505.118408913186	300	6.3569288693878185	0.0	150710	3172.951176377331	0.3
37508.04220883511	300	7.433128947462177	0.0	139105	2923.7999219256412	0.3
37511.00283979565	300	8.472497986924374	0.0	141840	2960.6309605378033	0.3
37514.36454865393	300	9.110789128646676	0.0	156148	3361.708858277697	0.3
37517.88161111523	300	9.593726667354545	0.0	160746	3517.0624612921306	0.3
37521.808249203255	300	9.667088579324146	0.0	179801	3926.638088030401	0.3
37524.958453530875	300	10.51688425170037	0.0	140051	3150.204327623774	0.3
37528.07697049678	300	11.3983672857962	0.0	138313	3118.5169659041712	0.3
37531.27414360444	300	12.201194178145078	0.0	143509	3197.173107651121	0.3
37534.63402241244	300	12.841315370142059	0.0	150616	3359.878808003019	0.3
37538.31876925302	300	13.156568529568162	0.0	165384	3684.7468405738987	0.3
37541.45830689431	300	14.017030888270778	0.0	140881	3139.537641297384	0.3
37544.99711632406	300	14.47822145852449	0.0	157671	3538.8094297462867	0.3
37548.5525556991	300	14.922782083488592	0.0	157812	3555.4393750359	0.3
37552.19946808097	300	15.275869701606783	0.0	163927	3646.9123818818075	0.3
37555.23736129037	300	16.23797649221811	0.0	137654	3037.8932093886747	0.3
37562.93751648197	750	12.537821300608186	0.0	359903	7700.155191609923	0.3
37570.8819835734	750	8.593354209179342	0.0	379700	7944.4670914288445	0.75
37574.75870460863	300	8.716633173951177	0.0	181901	3876.721035228166	-0.15000000000000002
37577.18043737606	300	10.294900406519917	0.0	111155	2421.7327674312596	0.3
37580.49935209959	300	10.975985682987655	0.0	153605	3318.914723532261	0.3
37583.723651726454	300	11.751686056126292	0.0	149029	3224.299626861363	0.3
37587.12760031031	300	12.347737472271529	0.0	157421	3403.9485838547653	0.3
37590.550745918816	300	12.924591863763396	0.0	157488	3423.1456085081318	0.3
37593.699218794754	300	13.776118987825832	0.0	143881	3148.472875937565	0.3
37597.23195994646	300	14.243377836122834	0.0	163444	3532.741151702998	0.3
37606.44389370942	750	9.031444073167634	0.0	401088	9211.9337629552	0.3
37609.86844822165	300	9.60688956093825	0.0	159914	3424.5545122293856	-0.15000000000000002
37612.82549182489	300	10.649845957693076	0.0	131610	2957.0436032451726	0.3
37615.55744656213	300	11.9178912204557	0.0	124011	2731.9547372373763	0.3
37618.65606495736	300	12.81927282523325	0.0	144254	3098.6183952224496	0.3
37621.89201864908	300	13.583319133515518	0.0	149991	3235.953691717732	0.3
37625.082225292004	300	14.393112490593298	0.0	147968	3190.206642922221	0.3
37628.52980162615	300	14.94553615644264	0.0	161857	3447.5763341506577	0.3
37631.64740290472	300	15.82793487787742	0.0	145210	3117.6012785652197	0.3
37641.351327509816	750	10.124010272787151	0.0	438281	9703.92460509027	0.3
37645.20380473524	300	10.271533047353511	0.0	167025	3852.47722543364	-0.15000000000000002
37648.46025442799	300	11.015083354601751	0.0	160064	3256.44969275176	0.3
37651.27599411943	300	12.199343663165257	0.0	137507	2815.739691436494	0.3
37653.718458936244	300	13.756878846352238	0.0	118421	2442.464816813019	0.3

