15528.687836724665	750	4.0	5.437820278837844	450283	5437.820278837844	-22.632627199002727
15530.080491263256	300	6.607345461410241	0.0	155580	1392.654538589759	-0.15000000000000002
15531.34048821533	300	9.347348509337044	0.0	139857	1259.9969520731968	0.3
15532.731894053111	300	11.955942671555302	0.0	155432	1391.405837781742	0.3
15534.225201740013	300	14.462634984652901	0.0	163442	1493.3076869023998	0.3
15537.163530254345	750	15.524306470321735	0.0	318564	2938.328514331167	0.3
15541.288041245518	750	15.399795479149308	0.0	352642	4124.510991172427	0.75
15546.13290944211	750	14.55492728255798	0.0	437162	4844.86819659133	0.75
15549.406722202111	750	15.281114522557633	0.0	374758	3273.812760000347	0.75
15552.121610238251	750	16.566226486416028	0.0	362795	2714.8880361416045	0.75
15555.399446966385	750	17.288389758282996	0.0	353220	3277.8367281330316	0.75
15560.436514020468	750	16.25132270420015	0.0	405134	5037.067054082847	0.75
15563.731201279887	750	16.95663544478363	0.0	386351	3294.6872594165193	0.75
15567.655998902792	750	17.031837821877296	0.0	434409	3924.7976229063324	0.75
15570.622062672286	750	18.0657740523838	0.0	337059	2966.063769493497	0.75
15573.652097461953	750	19.03573926271779	0.0	366214	3030.034789666009	0.75
15576.794030985282	750	19.893805739387464	0.0	360831	3141.933523330328	0.75
15580.049331696046	750	20.63850502862519	0.0	372963	3255.300710762271	0.75
15583.150355427999	750	21.537481296670695	0.0	405596	3101.0237319544935	0.75
15586.804838438607	750	21.88299828606128	0.0	350713	3654.4830106094146	0.75
15592.386841513577	750	20.30099521109292	0.0	386472	5582.003074968357	0.75
15596.539631698693	750	20.1482050259744	0.0	399894	4152.790185118522	0.75
15599.48226301852	750	21.20557370614719	0.0	401853	2942.631319827207	0.75
15602.29305135104	750	22.39478537362716	0.0	343800	2810.7883325200337	0.75
15605.340366759863	750	23.34746996480542	0.0	359903	3047.3154088217384	0.75
15608.984234565427	750	23.703602159240358	0.0	379700	3643.8678055650594	0.75
15612.838293843663	750	23.849542881004798	0.0	425781	3854.059278235562	0.75
15615.306300669341	750	25.38153605532742	0.0	277716	2468.0068256773766	0.75
15618.830478976974	750	25.857357747692813	0.0	400396	3524.178307634606	0.75
15622.262948748767	750	26.424887975900063	0.0	400508	3432.469771792748	0.75
15625.256830364448	750	27.431006360220884	0.0	358218	2993.881615679182	0.75
15632.491472194763	1850	24.196364529904884	0.0	954453	7234.641830315999	0.75
15640.054979052857	1850	20.632857671811383	0.0	885062	7563.5068580934985	1.85
15648.63454771486	1850	16.053289009806413	0.0	1035329	8579.56866200497	1.85
15652.109555427693	750	16.578281296974204	0.0	401088	3475.0077128322105	-0.3500000000000001
15655.132960467503	750	17.554876257164572	0.0	365161	3023.405039809634	0.75
15658.907843845825	750	17.779992878841405	0.0	321064	3774.883378323169	0.75
15662.909882014019	750	17.77795471064773	0.0	361565	4002.0381681936747	0.75
15666.162879493228	750	18.524957231440734	0.0	378327	3252.997479206996	0.75
15669.57408574205	750	19.113750982619543	0.0	390680	3411.2062488211923	0.75
15672.660819356282	750	20.027017368384666	0.0	345516	3086.733614234878	0.75
15676.198410017943	750	20.48942670672552	0.0	384505	3537.5906616591456	0.75
15679.402354859883	750	21.285481864785897	0.0	372093	3203.944841939624	0.75
15683.196920628314	750	21.490916096356692	0.0	438281	3794.5657684292073	0.75
15686.768506801925	750	21.919329922744602	0.0	398987	3571.5861736120905	0.75
15690.539517359262	750	22.148319365408067	0.0	393804	3771.0105573365345	0.75
15693.514905427406	750	23.172931297265205	0.0	331053	2975.3880681428636	0.75
15696.178865018666	750	24.50897170600461	0.0	314107	2663.959591260595	0.75

