8652.962744262913	750	4.0	6.298804001402269	450283	6298.804001402269	-26.334857206029756
8654.361359780187	300	6.6013844827270205	0.0	155580	1398.6155172729798	-0.15000000000000002
8655.626715291171	300	9.33602897174073	0.0	139857	1265.3555109862907	0.3
8657.022056347225	300	11.94068791568869	0.0	155432	1395.3410560520394	0.3
8658.417585237657	300	14.5451590252562	0.0	163442	1395.5288904324898	0.3
8659.514073215312	300	17.448671047601565	0.0	126289	1096.487977654634	0.3
8662.41965242772	750	18.54309183519233	0.0	352642	2905.579212409234	0.3
8668.382152973485	1200	16.580591289428614	0.0	709534	5962.500545763718	0.75
8674.932492742913	1200	14.030251520000652	0.0	584846	6550.339769427962	1.2
8679.549165183398	1200	13.41357907951501	0.0	560821	4616.672440485644	1.2
8684.352878870672	1200	12.609865392242689	0.0	607410	4803.713687272321	1.2
8688.809582641321	1200	12.153161621594561	0.0	594078	4456.703770648128	1.2
8694.924610891914	1200	10.038133371000887	0.0	624282	6115.028250593673	1.2
8702.2411423921	1200	6.721601870814015	0.0	687371	7316.531500186872	1.2
8706.819164874863	1200	6.143579388051054	0.0	526950	4578.022482762961	1.2
8709.766361546384	750	7.1963827165295475	0.0	366214	2947.1966715215062	0.3
8712.543056762393	750	8.419687500519593	0.0	360831	2776.6952160099536	0.75
8715.762680612064	750	9.200063650848138	0.0	372963	3219.6238496714564	0.75
8719.182925635936	750	9.779818626977066	0.0	405596	3420.2450238710717	0.75
8721.880857430779	750	11.081886832134842	0.0	350713	2697.931794842224	0.75
8724.93627040113	750	12.026473861782973	0.0	386472	3055.4129703518684	0.75
8728.181312113587	750	12.78143214932646	0.0	399894	3245.041712456514	0.75
8737.074224514321	1200	7.888519748592926	0.0	656471	8892.912400733534	0.75
8739.880045560496	750	9.08269870241704	0.0	343800	2805.8210461758836	0.3
8742.315180643855	750	10.647563619057554	0.0	359903	2435.1350833594884	0.75
8745.186936676204	750	11.77580758670726	0.0	379700	2871.7560323502953	0.75
8748.806363393169	750	12.156380869742689	0.0	425781	3619.42671696457	0.75
8750.754840778101	750	14.207903484810199	0.0	277716	1948.4773849324893	0.75
8755.269888131188	1200	13.692856131724108	0.0	622896	4515.047353086091	0.75
8763.394077798179	1200	9.568666464734093	0.0	641447	8124.189666990014	1.2
8766.937910922432	750	10.024833340480829	0.0	358218	3543.8331242532636	0.3
8770.381160850467	750	10.581583412445408	0.0	400322	3443.24992803542	0.75
8773.485546706343	750	11.477197556568925	0.0	369834	3104.3858558764846	0.75
8776.933545840046	750	12.02919842286616	0.0	412837	3447.999133702764	0.75
8780.288975421234	750	12.673768841678863	0.0	401088	3355.429581187299	0.75
8785.240398249518	1200	11.722346013394366	0.0	598727	4951.422828284496	0.75
8789.088019802864	1200	11.874724460047542	0.0	487812	3847.621553346825	1.2
8795.563876313003	1200	9.398867949910104	0.0	575591	6475.856510137439	1.2
8798.097510564214	750	10.865233698699527	0.0	378327	2533.634251210577	0.3
8800.909122885898	750	12.05362137701627	0.0	390680	2811.612321683256	0.75
8803.753234024818	750	13.209510238094218	0.0	345516	2844.1111389220528	0.75
8806.929706292773	750	14.033037970140372	0.0	384505	3176.4722679538436	0.75
8810.018722290248	750	14.944021972665858	0.0	372093	3089.015997474514	0.75
8816.533046475686	750	12.429697787226573	0.0	438281	6514.324185439285	0.75
8819.766209338397	750	13.196534924515825	0.0	398987	3233.162862710748	0.75
8822.84862082705	750	14.114123435863698	0.0	393804	3082.411488652128	0.75
8826.968895755128	1200	13.993848507785343	0.0	538612	4120.2749280783555	0.75
8833.25925537437	1850	11.70348888854292	0.0	846370	6290.359619242423	1.2000000000000002

