1894.3467317345658	750	4.0	1.6776179939805882	450283	1677.6179939805882	-6.463757374116529
1895.84191707616	750	6.504814658405786	0.0	398865	1495.1853415942137	0.75
1897.166608889318	750	9.180122845247578	0.0	350812	1324.6918131582097	0.75
1900.6537562643864	1850	9.692975470179267	0.0	933276	3487.147375068311	0.75
1904.3323083404196	1850	10.014423394146144	0.0	996749	3678.552076033122	1.85
1907.2059341907127	1850	11.140797543853159	0.0	801058	2873.625850292985	1.85
1910.4884751732552	1850	11.858256561310565	0.0	905515	3282.540982542594	1.85
1916.1823311015303	2850	10.164400633035562	0.0	1638769	5693.855928275003	1.85
1921.0038097860133	2850	9.342921948552524	0.0	1348011	4821.478684483038	2.85
1926.3471085085698	2850	7.999623225995969	0.0	1429765	5343.298722556556	2.85
1931.2273659186837	2850	7.119365815882082	0.0	1354548	4880.257410113887	2.85
1936.590528375849	2850	5.756203358716807	0.0	1519951	5363.162457165275	2.85
1941.4403964052626	1850	4.9063353293031815	0.0	946851	4849.868029413626	0.8500000000000001
1946.2449174917756	1850	4.101814242790062	0.0	1036454	4804.521086513119	1.85
1948.0854257289045	1200	6.2613060056611785	0.0	526950	1840.5082371288834	0.5499999999999999
1950.322391925232	1200	8.024339809333675	0.0	587876	2236.966196327504	1.2
1952.8015803690591	1200	9.545151365506433	0.0	617242	2479.18844382724	1.2
1955.0995383472352	1200	11.247193387330556	0.0	581493	2297.9579781758775	1.2
1957.5623812031897	1200	12.784350531375946	0.0	639204	2462.842855954612	1.2
1959.8007404575937	1200	14.545991276972066	0.0	586839	2238.3592544038797	1.2
1964.8730055859305	2850	13.473726148635269	0.0	1415116	5072.265128336795	1.2000000000000002
1970.0565459366715	2850	12.290185797894253	0.0	1468126	5183.540350741016	2.85
1975.3082654507186	2850	11.038466283847152	0.0	1505760	5251.719514047101	2.85
1979.9376877300656	2850	10.409044004500196	0.0	1323990	4629.422279346956	2.85
1984.859033360039	2850	9.487698374526795	0.0	1383735	4921.345629973401	2.85
1990.2373221163557	2850	8.109409618210059	0.0	1480464	5378.288756316737	2.85
1995.7485220527215	2850	6.5982096818443745	0.0	1547572	5511.199936365684	2.85
1999.6299064891768	2850	6.716825245388755	0.0	1141971	3881.3844364556203	2.85
2004.5517146042448	2850	5.795017130320754	0.0	1498470	4921.808115068001	2.85
2009.8455682771155	2850	4.501163457450194	0.0	1561263	5293.853672870559	2.85
2012.9799948340258	1850	5.366736900539822	0.0	873429	3134.426556910373	0.8500000000000001
2016.3802797575331	1850	5.966451977032353	0.0	954453	3400.2849235074677	1.85
2019.4896352794838	1850	6.8570964550816536	0.0	885062	3109.3555219506998	1.85
2023.153254476495	1850	7.1934772580704385	0.0	1035329	3663.619197011215	1.85
2026.7579321609337	1850	7.588799573631764	0.0	1026056	3604.677684438674	1.85
2030.0204949607764	1850	8.326236773788912	0.0	943942	3262.5627998428513	1.85
2032.6232571663381	1850	9.723474568227283	0.0	728962	2602.762205561628	1.85
2037.86277733292	2850	8.4839544016456	0.0	1499009	5239.520166581687	1.85
2042.7834738819092	2850	7.563257852656229	0.0	1427478	4920.696548989369	2.85
2047.6403305764768	2850	6.706401158088453	0.0	1402287	4856.856694567776	2.85
2052.247234568011	2850	6.099497166554279	0.0	1339500	4606.903991534175	2.85
2057.344849960639	2850	5.001881773926501	0.0	1527299	5097.615392627778	2.85
2060.307066508436	1850	6.039665226129253	0.0	886255	2962.2165477972467	0.8500000000000001
2063.5087732208294	1850	6.837958513736201	0.0	973972	3201.706712393053	1.85
2068.2259651024656	2850	6.120766632099955	0.0	1464921	4717.191881636246	1.85
2072.9638599707473	2850	5.382871763818133	0.0	1483527	4737.894868281822	2.85
2076.9516592370596	2850	5.39507249750564	0.0	1231456	3987.7992663124937	2.85
2081.564901937838	2850	4.781829796727518	0.0	1364537	4613.2427007781225	2.85

