21667.626123976883	750	4.0	7.346141423456698	450283	7346.141423456698	-30.8384081208638
21670.1014146857	300	5.5247092911814715	0.0	155580	2475.2907088185284	-0.15000000000000002
21672.331317787874	300	7.294806189007635	0.0	139857	2229.9031021738365	0.3
21674.799954123133	300	8.826169853749175	0.0	155432	2468.6363352584613	0.3
21677.380982711675	300	10.245141265204413	0.0	163442	2581.02858854476	0.3
21679.38962181267	300	12.23650216421483	0.0	126289	2008.6391009895826	0.3
21681.810838016576	300	13.815285960304681	0.0	153295	2421.2162039101477	0.3
21684.5462100591	300	15.079913917783355	0.0	173849	2735.3720425213273	0.3
21690.395875798557	750	13.230248178324334	0.0	374758	5849.665739459019	0.3
21696.062319839108	750	11.563804137772731	0.0	362795	5666.444040551604	0.75
21701.553472653093	750	10.072651323788133	0.0	353220	5491.152813984599	0.75
21707.852178674428	750	7.773945302455299	0.0	405134	6298.706021332834	0.75
21713.88640687761	750	5.739717099268858	0.0	386351	6034.2282031864415	0.75
21720.609817680637	750	4.0	0.9836937037572779	434409	6723.410803026136	-3.4798829261562947
21722.841729109656	300	5.768088570981378	0.0	140051	2231.9114290186217	-0.15000000000000002
21725.055978607827	300	7.553839072812698	0.0	138313	2214.24949816868	0.3
21727.345695788055	300	9.264121892582015	0.0	143509	2289.717180230685	0.3
21729.73438060213	300	10.875437078504518	0.0	150616	2388.6848140774964	0.3
21732.34703967799	300	12.26277800264883	0.0	165384	2612.659075855688	0.3
21734.577095344317	300	14.032722336320205	0.0	140881	2230.0556663286247	0.3
21737.06361813945	300	15.546199541185816	0.0	157671	2486.52279513439	0.3
21743.253121218182	750	13.356696462453002	0.0	399894	6189.503078732813	0.3
21749.452880628618	750	11.156937052015099	0.0	401853	6199.759410437901	0.75
21754.776653695943	750	9.83316398469376	0.0	343800	5323.773067321339	0.75
21760.365048917716	750	8.244768762920867	0.0	359903	5588.395221772893	0.75
21766.271281079236	750	6.338536601398245	0.0	379700	5906.232161522621	0.75
21772.866475704956	750	4.0	0.25665802432070084	425781	6595.194625718947	-0.35362950457901365
21774.648952379277	300	6.217523325676489	0.0	111155	1782.4766743235107	-0.15000000000000002
21777.081603448143	300	7.784872256813525	0.0	153605	2432.6510688629646	0.3
21779.431463232366	300	9.4350124725892	0.0	149029	2349.859784224325	0.3
21781.90519838281	300	10.961277322145378	0.0	157421	2473.7351504438234	0.3
21784.781474451665	300	12.085001253290553	0.0	157488	2876.2760688548237	0.3
21787.61976659606	300	13.246709108895308	0.0	143881	2838.292144395245	0.3
21790.270288162268	300	14.59618754268565	0.0	163444	2650.5215662096575	0.3
21793.105044118944	300	15.761431586008841	0.0	179328	2834.755956676809	0.3
21795.627829758258	300	17.23864594669642	0.0	159914	2522.7856393124216	0.3
21797.71825422384	300	19.148221481109243	0.0	131610	2090.424465587177	0.3
21799.683644612724	300	21.182831092228128	0.0	124011	1965.3903888811142	0.3
21805.520754141282	750	19.345721563666366	0.0	378327	5837.109528561761	0.3
21811.560170678	750	17.30630502694684	0.0	390680	6039.416536719526	0.75
21816.91513507651	750	15.951340628439949	0.0	345516	5354.964398506891	0.75
21822.852454835047	750	14.01402086990255	0.0	384505	5937.3197585374	0.75
21828.60703086538	750	12.259444839568957	0.0	372093	5754.576030333594	0.75
21835.431137057192	750	9.435338647755895	0.0	438281	6824.106191813062	0.75
21841.63264520586	750	7.233830499089335	0.0	398987	6201.508148666559	0.75
21847.72845865773	750	5.138017047217044	0.0	393804	6095.813451872292	0.75
21852.84512641656	750	4.021349288385824	0.0	331053	5116.6677588312195	0.75
21857.716914653905	750	4.0	0.8504389489590539	314107	4871.788237344878	-2.9068874805239315

