25105.916713989867	750	4.0	3.6003008356437074	450283	3600.3008356437076	-14.73129359326794
25107.213034401717	300	6.703679588149123	0.0	155580	1296.320411850876	-0.15000000000000002
25108.350234257752	300	9.56647973211232	0.0	139857	1137.199856036803	0.3
25109.592402297967	300	12.32431169190166	0.0	155432	1242.1680402106613	0.3
25112.7494337022	750	13.167280287667976	0.0	411561	3157.0314042336836	0.3
25115.19571550131	750	14.720998488555766	0.0	318564	2446.28179911221	0.75
25117.895282433572	750	16.021431556296548	0.0	352642	2699.5669322592157	0.75
25121.249398936947	750	16.66731505292553	0.0	437162	3354.116503371016	0.75
25124.145182548156	750	17.77153144171369	0.0	374758	2895.78361121184	0.75
25126.96466601098	750	18.95204797889242	0.0	362795	2819.4834628212693	0.75
25129.717544138188	750	20.199169851681777	0.0	353220	2752.8781272106403	0.75
25132.868229925236	750	21.04848406463351	0.0	405134	3150.6857870482663	0.75
25135.936435315463	750	21.98027867440712	0.0	386351	3068.2053902263888	0.75
25139.383144272873	750	22.533569716994965	0.0	434409	3446.7089574121546	0.75
25142.067278365397	750	23.849435624474374	0.0	337059	2684.1340925205864	0.75
25144.942377723706	750	24.97433626616549	0.0	366214	2875.0993583088866	0.75
25147.740922086352	750	26.175791903519624	0.0	360831	2798.5443626458664	0.75
25154.751551747173	1850	23.1651622426974	0.0	885714	7010.629660822225	0.75
25162.44994452592	1850	19.46676946394894	0.0	987708	7698.392778748462	1.85
25169.69412686221	1850	16.22258712765882	0.0	923755	7244.1823362901205	1.85
25176.64074120606	1850	13.275972783807585	0.0	891604	6946.614343851233	1.85
25179.79412452481	750	14.122589465059745	0.0	399894	3153.383318747839	-0.3500000000000001
25182.957361519693	750	14.959352470174842	0.0	401853	3163.236994884903	0.75
25185.653882369206	750	16.262831620664677	0.0	343800	2696.5208495101647	0.75
25188.45437256737	750	17.46234142250198	0.0	359903	2800.4901981627017	0.75
25191.38092234744	750	18.535791642427167	0.0	379700	2926.549780074807	0.75
25194.64415573335	750	19.272558256518796	0.0	425781	3263.2333859083747	0.75
25196.831087952763	750	21.085626037107	0.0	277716	2186.932219411792	0.75
25199.952776272235	750	21.96393771763126	0.0	400396	3121.6883194757443	0.75
25203.110460701002	750	22.80625328886651	0.0	400508	3157.6844287647477	0.75
25205.953055184986	750	23.96365880488409	0.0	358218	2842.594483982423	0.75
25209.135828916522	750	24.780885073345882	0.0	400322	3182.773731538208	0.75
25212.20016515587	750	25.716548833997788	0.0	369834	3064.3362393480925	0.75
25220.345507059857	1850	21.571206930015087	0.0	1035329	8145.341903982702	0.75
25228.31249290787	1850	17.604221082001263	0.0	1026056	7966.985848013824	1.85
25235.512036147502	1850	14.404677842368809	0.0	943942	7199.543239632453	1.85
25241.02960871801	1850	12.887105271857354	0.0	728962	5517.572570511455	1.85
25248.08050678891	1850	9.836207200959462	0.0	938587	7050.898070897891	1.85
25250.959298098132	750	10.957415891737398	0.0	378327	2878.791309222067	-0.3500000000000001
25254.002244207597	750	11.914469782272663	0.0	390680	3042.946109464735	0.75
25256.73311487147	750	13.183599118403595	0.0	345516	2730.8706638690664	0.75
25259.809501039057	750	14.10721295081252	0.0	384505	3076.386167591076	0.75
25262.81681721049	750	15.099896779382089	0.0	372093	3007.3161714304315	0.75
25266.342161054272	750	15.57455293559709	0.0	438281	3525.3438437849973	0.75
25269.47368861729	750	16.443025372579367	0.0	398987	3131.527563017723	0.75
25272.57307910941	750	17.34363488045775	0.0	393804	3099.3904921216167	0.75
25275.197142084486	750	18.71957190538346	0.0	331053	2624.062975074288	0.75
25277.676488750945	750	20.240225238926026	0.0	314107	2479.3466664574353	0.75

