7324.818113192034	750	4.0	1.5546009996341603	450283	1554.6009996341604	-5.934784298426889
7326.204328900198	750	6.613784291836291	0.0	398865	1386.2157081637092	0.75
7327.433179125242	750	9.38493406679191	0.0	350812	1228.8502250443812	0.75
7329.5182492707245	1200	11.299863921309639	0.0	617681	2085.0701454822706	0.75
7332.801668440029	1850	12.016444752004388	0.0	996749	3283.4191693052517	1.2000000000000002
7335.448928940356	1850	13.369184251676717	0.0	801058	2647.2605003276703	1.85
7338.426842273301	1850	14.391270918731953	0.0	905515	2977.9133329447645	1.85
7344.919632588457	2850	11.898480603577188	0.0	1638769	6492.790315154765	1.85
7349.509608053948	2850	11.308505138085943	0.0	1348011	4589.975465491245	2.85
7354.61076099385	2850	10.207352198184493	0.0	1429765	5101.152939901449	2.85
7359.224498111643	2850	9.59361508039079	0.0	1354548	4613.737117793702	2.85
7364.2921659353005	2850	8.525947256733206	0.0	1519951	5067.667823657587	2.85
7369.645279827014	2850	7.172833365019929	0.0	1422919	5353.113891713277	2.85
7376.985913440416	2850	4.0	0.1678002483816572	1578343	7340.6336134015855	2.1284589319588743
7378.795503256924	1200	6.190410183491362	0.0	526950	1809.5898165086387	-0.44999999999999996
7380.921886423632	1200	8.06402701678459	0.0	587876	2126.383166706772	1.2
7384.468660389341	1850	8.517253051075457	0.0	966699	3546.773965709134	1.2000000000000002
7387.488777651145	1850	9.497135789270775	0.0	885714	3020.117261804683	1.85
7390.7905356731435	1850	10.195377767272952	0.0	987708	3301.7580219978217	1.85
7393.7980582133605	1850	11.187855227055982	0.0	923755	3007.52254021697	1.85
7396.729409156594	1850	12.25650428382265	0.0	891604	2931.350943233331	1.85
7401.532493296396	2850	11.453420144019825	0.0	1468126	4803.084139802826	1.85
7406.486536486856	2850	10.499376953560386	0.0	1505760	4954.043190459438	2.85
7410.90470262396	2850	10.081210816456082	0.0	1323990	4418.166137104305	2.85
7415.5034981251265	2850	9.482415315289275	0.0	1383735	4598.7955011668055	2.85
7420.456900665748	2850	8.529012774667317	0.0	1480464	4953.402540621959	2.85
7425.681824063946	2850	7.304089376471016	0.0	1547572	5224.923398196301	2.85
7429.502605103666	2850	7.4833083367507	0.0	1141971	3820.7810397203157	2.85
7434.494595253373	2850	6.491318187044332	0.0	1498470	4991.990149706369	2.85
7439.7017002296125	2850	5.284213210804939	0.0	1561263	5207.104976239392	2.85
7444.178258431803	2850	4.807655008613576	0.0	1341201	4476.558202191363	2.85
7449.155724121986	2850	4.0	0.16981068156914808	1497683	4977.465690182724	2.1198140692526635
7452.1028793796695	1850	5.052844742316653	0.0	885062	2947.1552576833474	0.8500000000000001
7455.4977170208485	1850	5.658007101137135	0.0	1035329	3394.8376411795175	1.85
7458.865116873498	1850	6.2906072484880555	0.0	1026056	3367.3998526490795	1.85
7462.013781149426	1850	7.141942972560537	0.0	943942	3148.664275927518	1.85
7464.553953659876	1850	8.601770462110059	0.0	728962	2540.172510450478	1.85
7469.593466707836	2850	7.562257414150843	0.0	1499009	5039.513047959215	1.85
7474.349642835363	2850	6.806081286623496	0.0	1427478	4756.176127527347	2.85
7479.037715421467	2850	6.1180087005196935	0.0	1402287	4688.072586103803	2.85
7483.526923287233	2850	5.6288008347524086	0.0	1339500	4489.2078657672855	2.85
7488.6161135900875	2850	4.539610531897879	0.0	1527299	5089.190302854529	2.85
7491.591185466476	1850	5.564538655508666	0.0	886255	2975.0718763892132	0.8500000000000001
7494.883591976273	1850	6.2721321457128525	0.0	973972	3292.4065097958137	1.85
7499.788592409562	2850	5.367131712424216	0.0	1464921	4905.0004332886365	1.85
7504.742004064133	2850	4.4137200578526885	0.0	1483527	4953.411654571528	2.85
7508.859906963129	2850	4.295817158855427	0.0	1231456	4117.902898997261	2.85
7513.378847808824	2850	4.0	0.2231236868388869	1364537	4518.940845694314	1.8905681465927864

