8459.04168863333	750	4.0	2.448859344981454	450283	2448.8593449814543	-9.780095183420253
8459.94016753858	300	7.101521094751046	0.0	155580	898.4789052489538	-0.15000000000000002
8460.755930517442	300	10.285758115888704	0.0	139857	815.7629788623404	0.3
8461.653630820827	300	13.388057812503593	0.0	155432	897.7003033851098	0.3
8463.590116074127	750	15.451572559204696	0.0	411561	1936.4852532988998	0.3
8465.07461536656	750	17.9670732667692	0.0	318564	1484.499292435491	0.75
8466.70935927825	750	20.33232935508101	0.0	352642	1634.7439116881899	0.75
8472.909991219582	1850	18.131697413747382	0.0	1060487	6200.631941333632	0.75
8477.125572719584	1850	17.91611591374544	0.0	852833	4215.581500001939	1.85
8481.787986427855	1850	17.25370220547435	0.0	913888	4662.413708271092	1.85
8486.468865039498	1850	16.572823593831036	0.0	939819	4680.878611643316	1.85
8492.27024009231	1850	14.771448541018817	0.0	917428	5801.375052812219	1.85
8497.45974104475	1850	13.581947588577211	0.0	946851	5189.500952441605	1.85
8502.0711943806	1850	12.97049425272811	0.0	1036454	4611.453335849101	1.85
8506.089771713203	1850	12.951916920124816	0.0	821631	4018.5773326032945	1.85
8510.4721966269	1850	12.569492006425092	0.0	923170	4382.424913699724	1.85
8515.544067759627	1850	11.497620873700102	0.0	966699	5071.871132724991	1.85
8519.934630010725	1850	11.1070586226041	0.0	885714	4390.562251096002	1.85
8524.116362108682	1850	10.925326524646662	0.0	987708	4181.732097957437	1.85
8528.68042720436	1850	10.36126142896837	0.0	923755	4564.06509567829	1.85
8532.722410817925	1850	10.319277815403126	0.0	891604	4041.9836135652454	1.85
8537.261608697698	1850	9.78007993562979	0.0	955231	4539.197879773335	1.85
8541.839087520193	1850	9.202601113134095	0.0	968026	4577.478822495696	1.85
8546.086734975317	1850	8.954953658010679	0.0	874175	4247.647455123417	1.85
8550.53520599187	1850	8.506482641458314	0.0	897976	4448.471016552364	1.85
8555.160208199883	1850	7.881480433444609	0.0	905935	4625.002208013706	1.85
8560.801268386747	1850	6.240420246580277	0.0	1076599	5641.060186864332	1.85
8564.908379840672	1850	6.133308792656727	0.0	758197	4107.11145392355	1.85
8571.300969749513	1850	4.0	0.25928111618343336	972798	6392.589908840161	0.7350912004112367
8576.153443307536	1850	4.0	0.8524735580229881	975811	4852.473558022988	-1.8156362994988484
8579.879600494878	1850	4.273842812656461	0.0	873429	3726.157187343539	1.85
8584.3026525915	1850	4.0	0.1492092839632287	954453	4423.05209661969	1.2084000789581166
8588.690704421277	1850	4.0	0.3880518297776753	885062	4388.051829777675	0.18137713195599647
8595.1178320671	1850	4.0	2.427127645824259	1035329	6427.127645824259	-8.586648877044313
8599.758213213096	1850	4.0	0.6403811459950802	1026056	4640.38114599508	-0.9036389277788448
8603.984987739133	1850	4.0	0.22677452603770962	943942	4226.77452603771	0.8748695380378487
8607.489704984684	1850	4.49528275444983	0.0	728962	3504.7172455501695	1.85
8612.295527777229	1850	4.0	0.31054003809508596	938587	4805.822792544916	0.5146778361911306
8617.110079608761	1850	4.0	0.8145518315318568	908665	4814.551831531857	-1.652572875586984
8621.720025713683	1850	4.0	0.6099461049214778	930577	4609.946104921478	-0.7727682511623546
8625.683177935358	1850	4.0368477783245105	0.0	858450	3963.1522216754897	1.85
8630.328620844488	1850	4.0	0.60859513080449	1025005	4645.442909129	-0.766959062459307
8634.157906223621	1850	4.170714620866627	0.0	886255	3829.2853791333723	1.85
8641.20579132927	1850	4.0	2.877170484782017	973972	7047.885105648645	-10.521833084562674
8643.26824517159	750	5.937546157681144	0.0	398987	2062.453842318856	-0.3500000000000001
8645.304807843198	750	7.900983486072767	0.0	393804	2036.5626716083773	0.75
8647.02263327797	750	10.183158051302204	0.0	331053	1717.825434770563	0.75
8648.656621412314	750	12.549169916956714	0.0	314107	1633.9881343454892	0.75

