44160.869948493586	750	4.0	1.580058486333707	450283	1580.0584863337072	-6.04425149123494
44162.27871468762	750	6.59123380595871	0.0	398865	1408.76619404129	0.75
44163.527398643506	750	9.342549850073855	0.0	350812	1248.6839558848558	0.75
44164.85740535125	750	12.012543142328864	0.0	382355	1330.0067077449903	0.75
44166.18838690517	750	14.681561588418317	0.0	411561	1330.9815539105484	0.75
44168.703284239	1850	16.166664254578436	0.0	801058	2514.8973338398832	0.75
44171.723480742934	1850	17.146467750646273	0.0	905515	3020.1965039321612	1.85
44175.36174509808	1850	17.50820339549062	0.0	1060487	3638.2643551556516	1.85
44178.16946211479	1850	18.70048637878368	0.0	852833	2807.7170167069403	1.85
44181.18989400465	1850	19.680054488918376	0.0	913888	3020.4318898653028	1.85
44184.32424105977	1850	20.545707433806935	0.0	939819	3134.347055111439	1.85
44187.82526559634	1850	21.044682897231354	0.0	917428	3501.0245365755823	1.85
44191.455207387844	1850	21.41474110572868	0.0	946851	3629.9417915026706	1.85
44195.09004679925	1850	21.779901694323375	0.0	1036454	3634.8394114053076	1.85
44197.79115571954	1850	23.07879277402941	0.0	821631	2701.108920293964	1.85
44200.78999626206	1850	24.07995223151092	0.0	923170	2998.840542518489	1.85
44203.954180140325	1850	24.915768353247774	0.0	966699	3164.1838782631453	1.85
44206.91070992339	1850	25.959238570185228	0.0	885714	2956.529783062546	1.85
44210.283358990535	1850	26.586589503035878	0.0	987708	3372.6490671493534	1.85
44213.88171036391	1850	26.9882381296589	0.0	923755	3598.3513733769746	1.85
44217.39968700395	1850	27.470261489619404	0.0	891604	3517.976640039497	1.85
44221.09012401566	1850	27.779824477910275	0.0	955231	3690.437011709126	1.85
44224.30426403381	1850	28.56568445975671	0.0	968026	3214.140018153565	1.85
44227.33212196053	1850	29.53782653303551	0.0	874175	3027.857926721202	1.85
44230.6597120726	1850	30.210236420963984	0.0	897976	3327.5901120715257	1.85
44233.823851550864	1850	31.046096942704345	0.0	905935	3164.139478259638	1.85
44237.492003444284	1850	31.377945049283298	0.0	1076599	3668.1518934210476	1.85
44240.060927450635	1850	32.80902104293031	0.0	758197	2568.9240063529855	1.85
44243.307792901316	1850	33.56215559225036	0.0	972798	3246.865450679948	1.85
44246.541800120816	1850	34.32814837274845	0.0	975811	3234.0072195019075	1.85
44249.501319538365	1850	35.36862895520315	0.0	873429	2959.519417545301	1.85
44256.83230297815	4300	32.037645515411484	0.0	2147852	7330.983439791671	1.8499999999999996
44264.322959417295	4300	28.54698907626572	0.0	2191074	7490.656439145761	4.3
44271.60550216796	4300	25.26444632560671	0.0	2286761	7282.542750659009	4.3
44279.79319199742	4300	21.076756496136824	0.0	2307787	8187.6898294698885	4.3
44287.710508716875	4300	17.159439776686824	0.0	2143948	7917.316719449999	4.3
44294.30516345737	4300	14.564785036190544	0.0	1919781	6594.654740496281	4.3
44301.94064703267	4300	10.929301460888993	0.0	2147467	7635.483575301551	4.3
44304.96262474314	1850	11.907323750428612	0.0	908665	3021.977710460381	-0.6000000000000001
44308.04278096003	1850	12.827167533534912	0.0	930577	3080.1562168937003	1.85
44310.884448963116	1850	13.985499530456204	0.0	858450	2841.668003078708	1.85
44314.27719176046	1850	14.592756733100591	0.0	1025005	3392.7427973556123	1.85
44317.23530021169	1850	15.63464828187711	0.0	886255	2958.108451223482	1.85
44320.38158174091	1850	16.488366752650993	0.0	973972	3146.2815292261193	1.85
44323.47730159256	1850	17.392646901006472	0.0	958994	3095.719851644521	1.85
44326.707340989546	1850	18.16260750402329	0.0	982064	3230.0393969831844	1.85
44329.48785805957	1850	19.382090433996833	0.0	830730	2780.517070026455	1.85
44332.352146094905	1850	20.517802398664333	0.0	846370	2864.288035332499	1.85

