39992.56725834354	750	4.0	1.6344397665076353	450283	1634.4397665076353	-6.278090995982832
39993.1843422194	300	7.382916124141356	0.0	155580	617.0838758586441	-0.15000000000000002
39994.475394209745	750	10.091864133797335	0.0	350812	1291.0519903440204	0.3
39996.64389419398	1200	11.923364149562916	0.0	617681	2168.499984234418	0.75
39999.81809733013	1850	12.749161013409887	0.0	996749	3174.203136153029	1.2000000000000002
40001.94053417728	1850	14.626724166259631	0.0	801058	2122.436847150256	1.85
40004.36051639234	2850	16.20674195119839	0.0	1388403	2419.9822150612436	1.85
40008.28850228026	4300	16.27875606328282	0.0	2290172	3927.9858879155663	2.8499999999999996
40011.811217103794	4300	16.756041239743123	0.0	2055469	3522.7148235396958	4.3
40015.57261041175	4300	16.99464793179078	0.0	2169201	3761.393307952346	4.3
40019.34865937556	4300	17.218598967981254	0.0	2173522	3776.0489638095255	4.3
40023.066093257294	4300	17.5011650862451	0.0	2102452	3717.4338817361586	4.3
40027.09890784616	4300	17.46835049737549	0.0	2209463	4032.8145888696067	4.3
40031.046677234226	4300	17.520581109310818	0.0	2275376	3947.769388064672	4.3
40034.5361787076	4300	18.031079635931647	0.0	2005399	3489.5014733791695	4.3
40038.26695734352	4300	18.30030100001942	0.0	2152483	3730.778635912231	4.3
40042.206856101395	4300	18.36040224214214	0.0	2289689	3939.898757877281	4.3
40045.84857381437	4300	18.718684529162406	0.0	2059512	3641.7177129797324	4.3
40049.69707062456	4300	18.870187718972623	0.0	2220726	3848.496810189785	4.3
40053.91005738994	4300	18.657200953591612	0.0	2156729	4212.9867653810115	4.3
40059.147569633154	4300	17.41968871037973	0.0	2039773	5237.51224321188	4.3
40063.80097034093	4300	16.766288002607883	0.0	2176469	4653.400707771848	4.3
40067.91162694571	4300	16.655631397827566	0.0	2221506	4110.656604780319	4.3
40071.338615937915	4300	17.228642405623784	0.0	2044075	3426.988992203779	4.3
40075.02154421179	4300	17.54571413174862	0.0	2186790	3682.9282738751645	4.3
40078.60151505491	4300	17.965743288637285	0.0	2105231	3579.9708431113368	4.3
40082.755085662815	4300	17.812172680728946	0.0	2395588	4153.570607908341	4.3
40086.15054263615	4300	18.41671570739169	0.0	1972048	3395.4569733372564	4.3
40089.899643491306	4300	18.667614852231868	0.0	2134614	3749.1008551598184	4.3
40093.834394939586	4300	18.732863403949008	0.0	2164140	3934.751448282865	4.3
40097.83874300053	4300	18.728515343003206	0.0	2113193	4004.3480609457993	4.3
40101.80964146742	4300	18.75761687610753	0.0	2147852	3970.8984668956755	4.3
40106.00580899625	4300	18.561449347281076	0.0	2191074	4196.167528826457	4.3
40110.74968401157	4300	17.81757433195871	0.0	2286761	4743.8750153223655	4.3
40115.60268807221	4300	16.96457027132142	0.0	2307787	4853.0040606372895	4.3
40119.6501753177	4300	16.917083025833147	0.0	2143948	4047.4872454882698	4.3
40122.91661434431	4300	17.6506439992204	0.0	1919781	3266.4390266127475	4.3
40126.623659686804	4300	17.943598656721647	0.0	2147467	3707.0453424987545	4.3
40130.2845197181	4300	18.282738625424216	0.0	2133870	3660.8600312974318	4.3
40133.87959746929	4300	18.68766087423735	0.0	2146120	3595.0777511868664	4.3
40137.55130637463	4300	19.015951968899632	0.0	2108491	3671.7089053377176	4.3
40141.33108671065	4300	19.236171632887018	0.0	2184571	3779.7803360126163	4.3
40144.994163866526	4300	19.573094477005913	0.0	2121928	3663.077155881101	4.3
40148.89792871769	4300	19.669329625839747	0.0	2219102	3903.7648511661696	4.3
40152.58435158653	4300	19.982906757008102	0.0	2124950	3686.422868831644	4.3
40156.48403141897	4300	20.083226924565096	0.0	2246506	3899.679832443007	4.3
40159.96277057506	4300	20.60448776847705	0.0	1961140	3478.739156088045	4.3
40164.52728349737	4300	20.0399748461675	0.0	2155012	4564.512922309549	4.3

