42260.05413271267	750	4.0	2.0167314798705447	450283	2016.7314798705445	-7.921945363443342
42261.84970803245	750	6.204424680215411	0.0	398865	1795.5753197845902	0.75
42264.443296201716	1200	7.610836510950796	0.0	571051	2593.588169264614	0.75
42267.3176422158	1200	8.736490496870173	0.0	617681	2874.346014080621	1.2
42270.18720773244	1200	9.86692498022342	0.0	652874	2869.5655166467554	1.2
42272.419376306534	1200	11.634756406128425	0.0	520315	2232.168574094995	1.2
42274.842003488964	1200	13.212129223698938	0.0	561791	2422.6271824294877	1.2
42279.37079185227	1850	12.683340860394003	0.0	1060487	4528.788363304935	1.2000000000000002
42283.00542812495	1850	13.048704587720227	0.0	852833	3634.6362726737752	1.85
42286.97355004681	1850	13.080582665861654	0.0	913888	3968.1219218585748	1.85
42291.2587925647	1850	12.795340147967087	0.0	939819	4285.242517894567	1.85
42295.521732195346	1850	12.5324005173211	0.0	917428	4262.939630645987	1.85
42299.75742500921	1850	12.29670770346334	0.0	946851	4235.69281385776	1.85
42304.25424560294	1850	11.799887109729973	0.0	1036454	4496.820593733368	1.85
42307.89576425201	1850	12.15836846065891	0.0	821631	3641.5186490710616	1.85
42312.53021579275	1850	11.523916919923158	0.0	923170	4634.451540735751	1.85
42317.23806314645	1850	10.81606956622383	0.0	966699	4707.847353699329	1.85
42321.2094690765	1850	10.844663636172806	0.0	885714	3971.4059300510244	1.85
42325.60644332474	1850	10.447689387937043	0.0	987708	4396.974248235761	1.85
42330.190415818695	1850	9.863716893975484	0.0	923755	4583.97249396156	1.85
42334.38754973883	1850	9.666582973840068	0.0	891604	4197.133920135418	1.85
42338.81741359693	1850	9.236719115742483	0.0	955231	4429.863858097587	1.85
42343.04095090043	1850	9.013181812243543	0.0	968026	4223.537303498938	1.85
42346.977069396795	1850	9.07706331587625	0.0	874175	3936.1184963672936	1.85
42351.684760371245	1850	8.369372341427065	0.0	897976	4707.690974449187	1.85
42359.044413424854	1850	5.009719287812691	0.0	905935	7359.653053614374	1.85
42363.196426042676	1200	4.857706669993176	0.0	696376	4152.012617819515	0.5499999999999999
42364.68964579402	750	7.3644869186498	0.0	277716	1493.2197513433753	0.3
42366.70210246547	750	9.352030247201709	0.0	400396	2012.4566714480911	0.75
42369.80973115194	1200	10.244401560728239	0.0	641447	3107.6286864734707	0.75
42372.70926696711	1200	11.344865745558549	0.0	570392	2899.53581516969	1.2
42375.883769316926	1200	12.170363395745797	0.0	620283	3174.502349812753	1.2
42380.195837021914	1850	11.85829569075309	0.0	885062	4312.067704992707	1.2000000000000002
42385.053969275184	1850	11.000163437484025	0.0	1035329	4858.132253269065	1.85
42389.530706044825	1850	10.523426667841676	0.0	1026056	4476.736769642351	1.85
42393.54546728027	1850	10.50866543238675	0.0	943942	4014.761235454925	1.85
42396.67310885822	1850	11.381023854448157	0.0	728962	3127.6415779385916	1.85
42400.82388831528	1850	11.230244397379517	0.0	938587	4150.779457068642	1.85
42404.71748119516	1850	11.336651517505802	0.0	908665	3893.592879873715	1.85
42408.7426768488	1850	11.311455863862475	0.0	930577	4025.1956536433268	1.85
42412.56367285206	1850	11.49045986060235	0.0	858450	3820.996003260124	1.85
42417.35032266383	1850	10.703810048834086	0.0	1025005	4786.649811768265	1.85
42421.64864478961	1850	10.405487923057146	0.0	886255	4298.322125776939	1.85
42425.809140324316	1850	10.244992388348397	0.0	973972	4160.495534708749	1.85
42429.94445334907	1850	10.10967936359365	0.0	958994	4135.313024754747	1.85
42436.12528656652	2850	7.928846146135469	0.0	1483527	6180.833217458181	1.85
42443.16185707441	2850	4.892275638251043	0.0	1231456	7036.570507884427	2.85
42449.09098640275	2850	4.0	1.036853690088551	1364537	5929.1293283395935	-1.608470867380769

