25288.2563865321	750	4.0	6.977595484597944	450283	6977.595484597944	-29.253660583771158
25290.728467204473	300	5.5279193276251455	0.0	155580	2472.0806723748547	-0.15000000000000002
25292.95213995276	300	7.304246579338765	0.0	139857	2223.67274828638	0.3
25295.41088744958	300	8.84549908251628	0.0	155432	2458.7474968224856	0.3
25298.002434743426	300	10.253951788671634	0.0	163442	2591.5472938446474	0.3
25300.030204743885	300	12.226181788214722	0.0	126289	2027.7700004569099	0.3
25302.483416994604	300	13.772969537494028	0.0	153295	2453.212250720694	0.3
25305.28235715705	300	14.974029375048735	0.0	173849	2798.940162445293	0.3
25311.18920392135	750	13.067182610754065	0.0	374758	5906.846764294669	0.3
25316.816733334308	750	11.439653197795296	0.0	362795	5627.529412958769	0.75
25322.291477724983	750	9.96490880711635	0.0	353220	5474.744390678948	0.75
25324.769673104	300	11.486713428097948	0.0	156148	2478.1953790184016	-0.15000000000000002
25327.31848675769	300	12.937899774412394	0.0	160746	2548.8136536855545	0.3
25330.157581295738	300	14.098805236361402	0.0	179801	2839.0945380509916	0.3
25332.386701225518	300	15.86968530658134	0.0	140051	2229.1199297800604	0.3
25338.125131287714	750	14.131255244389761	0.0	366214	5738.430062191578	0.3
25344.00913148593	750	12.247255046169819	0.0	360831	5884.000198219944	0.75
25349.757863790175	750	10.498522741925036	0.0	372963	5748.732304244782	0.75
25352.362430224734	300	11.893956307367187	0.0	165384	2604.5664345578502	-0.15000000000000002
25354.579177342137	300	13.677209189965808	0.0	140881	2216.747117401378	0.3
25357.04665192465	300	15.209734607448494	0.0	157671	2467.4745825173145	0.3
25363.20085255632	750	13.055533975776477	0.0	399894	6154.200631672017	0.3
25369.530941660803	750	10.72544487129667	0.0	401853	6330.089104479807	0.75
25375.20982606203	750	9.046560470067659	0.0	343800	5678.884401229011	0.75
25377.537243086463	300	10.719143445639439	0.0	146754	2327.4170244282213	-0.15000000000000002
25379.966450099237	300	12.289936432861492	0.0	153938	2429.207012777946	0.3
25382.817931725323	300	13.438454806777102	0.0	181901	2851.48162608439	0.3
25384.5943107784	300	15.66207575369914	0.0	111155	1776.3790530779634	0.3
25390.779215582974	750	13.47717094912831	0.0	400396	6184.904804570831	0.3
25396.94806525019	750	11.30832128191188	0.0	400508	6168.849667216429	0.75
25402.503752122724	750	9.752634409382175	0.0	358218	5555.686872529704	0.75
25404.984244266776	300	11.27214226532922	0.0	157488	2480.4921440529542	-0.15000000000000002
25407.244963608908	300	13.011422923193171	0.0	143881	2260.7193421360494	0.3
25409.807940275576	300	14.448446256526495	0.0	163444	2562.976666666676	0.3
25412.62537008074	300	15.631016451364276	0.0	179328	2817.4298051622186	0.3
25418.28483840112	750	13.97154813098385	0.0	365161	5659.468320380426	0.3
25423.24031918827	750	13.01606734383461	0.0	321064	4955.480787149242	0.75
25428.80056449654	750	11.455822035562608	0.0	361565	5560.245308272	0.75
25434.602432398417	750	9.653954133688455	0.0	378327	5801.867901874154	0.75
25436.970989460526	300	11.285397071578629	0.0	149991	2368.5570621098254	-0.15000000000000002
25439.308679664377	300	12.947706867724621	0.0	147968	2337.690203854009	0.3
25441.854361671147	300	14.402024860956237	0.0	161857	2545.682006768384	0.3
25444.146051252497	300	16.110335279608087	0.0	145210	2291.6895813481506	0.3
25450.9016541221	750	13.354732410005916	0.0	438281	6755.60286960217	0.3
25457.076072660515	750	11.180313871591778	0.0	398987	6174.418538414139	0.75
25463.255225148016	750	9.001161384090642	0.0	393804	6179.152487501136	0.75
25465.46357306545	300	10.792813466652747	0.0	137507	2208.3479174378936	-0.15000000000000002
25467.339852135574	300	12.916534396532548	0.0	118421	1876.2790701201998	0.3

