38211.72303318049	750	4.0	9.278195417605257	450283	9278.195417605257	-39.146240295702604
38215.37012617828	300	4.352907002212032	0.0	155580	3647.092997787968	-0.15000000000000002
38218.63484107081	300	5.088192109683549	0.0	139857	3264.7148925284837	0.3
38221.87888345292	300	5.8441497275727885	0.0	155432	3244.0423821107593	0.3
38225.28052876896	300	6.442504411534053	0.0	163442	3401.6453160387364	0.3
38227.92689464372	300	7.7961385367772795	0.0	126289	2646.3658747567733	0.3
38234.38544816715	300	5.337585013352067	0.0	153295	6458.553523425212	0.3
38238.19315313474	300	5.529880045765149	0.0	173849	3807.7049675869175	0.3
38241.36610431111	300	6.3569288693878185	0.0	150710	3172.951176377331	0.3
38244.28990423304	300	7.433128947462177	0.0	139105	2923.7999219256412	0.3
38247.250535193576	300	8.472497986924374	0.0	141840	2960.6309605378033	0.3
38250.61224405186	300	9.110789128646676	0.0	156148	3361.708858277697	0.3
38254.129306513154	300	9.593726667354545	0.0	160746	3517.0624612921306	0.3
38258.05594460118	300	9.667088579324146	0.0	179801	3926.638088030401	0.3
38261.2061489288	300	10.51688425170037	0.0	140051	3150.204327623774	0.3
38264.32466589471	300	11.3983672857962	0.0	138313	3118.5169659041712	0.3
38267.521839002366	300	12.201194178145078	0.0	143509	3197.173107651121	0.3
38270.88171781037	300	12.841315370142059	0.0	150616	3359.878808003019	0.3
38274.56646465095	300	13.156568529568162	0.0	165384	3684.7468405738987	0.3
38277.70600229224	300	14.017030888270778	0.0	140881	3139.537641297384	0.3
38281.24481172199	300	14.47822145852449	0.0	157671	3538.8094297462867	0.3
38284.800251097025	300	14.922782083488592	0.0	157812	3555.4393750359	0.3
38288.4471634789	300	15.275869701606783	0.0	163927	3646.9123818818075	0.3
38295.86903145132	750	11.854001729185253	0.0	343800	7421.86797242153	0.3
38299.037817149634	300	12.685216030872988	0.0	146754	3168.7856983122642	-0.15000000000000002
38302.307071885545	300	13.415961294954124	0.0	153938	3269.2547359188648	0.3
38306.153736153	300	13.569297027500772	0.0	181901	3846.6642674533523	0.3
38308.54132745472	300	15.181705725784067	0.0	111155	2387.5913017167063	0.3
38311.840447416864	300	15.882585763632585	0.0	153605	3299.1199621514816	0.3
38320.366493729955	750	11.356539450538362	0.0	400508	8526.046313094224	0.3
38323.77044231381	300	11.952590866683597	0.0	157421	3403.9485838547653	-0.15000000000000002
38327.19754475221	300	12.525488428283413	0.0	157488	3427.1024384001826	0.3
38330.34344766669	300	13.379585513807273	0.0	143881	3145.902914476141	0.3
38333.87483167603	300	13.848201504469506	0.0	163444	3531.3840093377676	0.3
38338.16100871911	300	13.562024461392506	0.0	179328	4286.177043077	0.3
38341.88143029266	300	13.841602887843946	0.0	159914	3720.421573548559	0.3
38344.677599299415	300	15.045433881084481	0.0	131610	2796.169006759466	0.3
38352.527246605896	750	11.19578657460646	0.0	361565	7849.64730647802	0.3
38355.626290746266	300	12.096742434234248	0.0	144254	3099.044140372212	-0.15000000000000002
38358.86685632127	300	12.856176859230974	0.0	149991	3240.5655750032724	0.3
38362.04788978695	300	13.675143393557821	0.0	147968	3181.0334656731534	0.3
38365.495466121094	300	14.227567059407164	0.0	161857	3447.5763341506577	0.3
38368.618965732385	300	15.104067448109712	0.0	145210	3123.4996112974504	0.3
38372.39607611943	300	15.326957061067311	0.0	172312	3777.1103870424013	0.3
38381.46144241433	750	10.261590766165552	0.0	398987	9065.366294901758	0.3
38384.71789210707	300	11.005141073413794	0.0	160064	3256.44969275176	-0.15000000000000002
38387.533684322916	300	12.189348857571455	0.0	137507	2815.7922158423394	0.3
38389.97614913973	300	13.746884040758436	0.0	118421	2442.464816813019	0.3

