18474.487669870567	750	4.0	8.056939519180194	450283	8056.939519180194	-33.89483993247483
18477.49965280748	300	4.988017063085596	0.0	155580	3011.982936914404	-0.15000000000000002
18480.91817310063	300	5.569496769938319	0.0	139857	3418.5202931472754	0.3
18484.31397112337	300	6.1736987471934786	0.0	155432	3395.7980227448406	0.3
18488.032943576418	300	6.454726294146705	0.0	163442	3718.9724530467734	0.3
18491.43881192785	300	7.048857942718225	0.0	126289	3405.8683514284803	0.3
18495.602588881713	300	6.885080988851685	0.0	153295	4163.77695386654	0.3
18499.116646842198	300	7.371023028366387	0.0	173849	3514.0579604852983	0.3
18501.727752435367	300	8.75991743519572	0.0	150710	2611.105593170667	0.3
18505.25826448751	300	9.22940538305026	0.0	139105	3530.5120521454583	0.3
18508.434013152913	300	10.05365671765001	0.0	141840	3175.748665400249	0.3
18511.10788168578	300	11.379788184780528	0.0	156148	2673.8685328694824	0.3
18513.91961996021	300	12.568049910356388	0.0	160746	2811.7382744241404	0.3
18517.11877699449	300	13.368892876071872	0.0	179801	3199.157034284515	0.3
18520.599703486896	300	13.887966383668497	0.0	140051	3480.9264924033755	0.3
18529.86423354873	750	8.623436321834204	0.0	366214	9264.530061834292	0.3
18533.462625268414	300	9.025044602150988	0.0	143509	3598.3917196832163	-0.15000000000000002
18536.229660807196	300	10.258009063369284	0.0	150616	2767.0355387817035	0.3
18539.673533398203	300	10.814136472362103	0.0	165384	3443.872591007182	0.3
18543.061057147905	300	11.426612722659058	0.0	140881	3387.523749703044	0.3
18546.932825069227	300	11.55484480133648	0.0	157671	3871.767921322577	0.3
18550.26085752332	300	12.226812347240086	0.0	157812	3328.032454096395	0.3
18553.43787097671	300	13.049798893850308	0.0	163927	3177.0134533897776	0.3
18555.84276383461	300	14.64490603595346	0.0	137654	2404.8928578968485	0.3
18558.4013501922	300	16.08631967836273	0.0	146754	2558.586357590728	0.3
18567.065799016134	750	11.421870854431775	0.0	379700	8664.448823930956	0.3
18570.658555859907	300	11.82911401065598	0.0	181901	3592.756843775797	-0.15000000000000002
18572.80247745484	300	13.68519241572392	0.0	111155	2143.921594932061	0.3
18576.438560904448	300	14.049108966116714	0.0	153605	3636.0834496072066	0.3
18580.14252795178	300	14.345141918782643	0.0	149029	3703.967047334071	0.3
18583.837945051582	300	14.649724818981218	0.0	157421	3695.4170998014256	0.3
18589.05334863651	300	13.434321234053336	0.0	157488	5215.403584927882	0.3
18592.933156310217	300	13.554513560346479	0.0	143881	3879.8076737068563	0.3
18596.285304825247	300	14.202365045317524	0.0	163444	3352.1485150289545	0.3
18602.82433669729	750	11.663333173277142	0.0	401088	6539.031872040383	0.3
18609.16722668624	750	9.320443184324127	0.0	365161	6342.889988953015	0.75
18611.733432357087	300	10.754237513476	0.0	131610	2566.205670848129	-0.15000000000000002
18614.16412173275	300	12.32354813781537	0.0	124011	2430.6893756606282	0.3
18616.76815219803	300	13.719517672533513	0.0	144254	2604.030465281858	0.3
18619.44493861187	300	15.042731258696485	0.0	149991	2676.786413837028	0.3
18621.854580718697	300	16.63308915186845	0.0	147968	2409.642106828033	0.3
18628.998694126843	750	13.48897574371974	0.0	384505	7144.11340814871	0.3
18637.21133181837	750	9.276338052194287	0.0	372093	8212.637691525453	0.75
18640.04674046561	300	10.440929404953568	0.0	172312	2835.40864724072	-0.15000000000000002
18643.746471984578	300	10.74119788598289	0.0	167025	3699.7315189706765	0.3
18647.13373369806	300	11.353936172495393	0.0	160064	3387.2617134874986	0.3
18649.973302454615	300	12.514367415946454	0.0	137507	2839.568756548939	0.3
18652.201259959882	300	14.286409910678696	0.0	118421	2227.9575052677574	0.3

