40198.368706036155	750	4.0	33.84142253878498	450283	33841.42253878498	-144.76811691677543
40209.45874575096	300	4.0	7.090039714807608	155580	11090.039714807608	-30.63717077367271
40223.05537532626	300	4.0	9.596629575299511	139857	13596.629575299512	-40.9655071737879
40236.81958837961	300	4.0	9.764213053346909	155432	13764.213053346908	-41.686116129391706
40248.968108206864	300	4.0	8.148519827257045	163442	12148.519827257045	-34.738635257205296
40262.632504327594	300	4.0	9.664396120735944	126289	13664.396120735944	-41.25690331916456
40274.66040061735	300	4.0	8.02789628975617	153295	12027.896289756169	-34.21995404595153
40292.41004142063	300	4.0	13.74964080327627	173849	17749.64080327627	-58.82345545408796
40303.601107140064	300	4.0	7.191065719429991	150710	11191.065719429991	-30.62158259354896
40314.27539333358	300	4.0	6.67428619351214	139105	10674.28619351214	-28.3994306321022
40324.613369493636	300	4.0	6.3379761600578695	141840	10337.97616005787	-26.953297488248836
40336.16387941945	300	4.0	7.5505099258168284	156148	11550.509925816828	-32.16719268101237
40348.02469683812	300	4.0	7.860817418665365	160746	11860.817418665365	-33.50151490026107
40361.69138586529	300	4.0	9.666689027174499	179801	13666.6890271745	-41.266762816850346
40372.094798061014	300	4.0	6.403412195721763	140051	10403.412195721763	-27.23467244160358
40382.4385872883	300	4.0	6.343789227284234	138313	10343.789227284235	-26.978293677322206
40393.10597834282	300	4.0	6.66739105452701	143509	10667.39105452701	-28.369781534466142
40404.570447040554	300	4.0	7.464468697730725	150616	11464.468697730725	-31.797215400242113
40417.107131721714	300	4.0	8.536684681152947	165384	12536.684681152947	-36.407744128957674
40427.53560171781	300	4.0	6.428469996098815	140881	10428.469996098815	-27.3424209832249
40439.06037804746	300	4.0	7.524776329654565	157671	11524.776329654565	-32.05653821751463
40451.110267535325	300	4.0	8.049889487858003	157812	12049.889487858003	-34.31452479778942
40462.910216549324	300	4.0	7.799949014000084	163927	11799.949014000083	-33.23978076020036
40475.98841375688	300	4.0	9.078197207556068	137654	13078.197207556068	-38.736247992491094
40487.30867619599	300	4.0	7.320262439117825	146754	11320.262439117825	-31.177128488206648
40498.71279358747	300	4.0	7.404117391475657	153938	11404.117391475656	-31.537704783345323
40512.95362517006	300	4.0	10.240831582590644	181901	14240.831582590645	-43.735575805139774
40521.54703814042	300	4.0	4.593412970360634	111155	8593.412970360634	-19.451675772550725
40532.54707627601	300	4.0	7.000038135587949	153605	11000.038135587949	-29.800163983028177
40545.2170102838	300	4.0	8.669934007784716	149029	12669.934007784717	-36.98071623347428
40557.34218622371	300	4.0	8.125175939909852	157421	12125.175939909852	-34.638256541612364
40569.209185621105	300	4.0	7.86699939739776	157488	11866.99939739776	-33.52809740881037
40572.70882715779	300	4.500358463317178	0.0	143881	3499.641536682822	0.3
40573.63245198206	300	7.576733639035789	0.0	163444	923.6248242813894	0.3
40575.78268884314	750	9.42649677796182	0.0	401088	2150.2368610739695	0.3
40578.61254188618	1200	10.59664373492037	0.0	598727	2829.8530430414494	0.75
40580.65576278515	1200	12.553422835945883	0.0	487812	2043.220898974486	1.2
40584.61096250147	1850	12.598223119627042	0.0	938587	3955.1997163188407	1.2000000000000002
40588.46672016749	1850	12.742465453613487	0.0	908665	3855.7576660135546	1.85
40592.19091396245	1850	13.01827165865683	0.0	930577	3724.1937949566554	1.85
40598.13590221253	2850	11.073283408574728	0.0	1339500	5944.988250082105	1.85
40602.20623339526	1850	11.002952225840982	0.0	1025005	4070.331182733746	0.8500000000000001
40605.71814084144	1850	11.491044779663149	0.0	886255	3511.9074461778337	1.85
40609.48799060679	1850	11.721195014318534	0.0	973972	3769.849765344616	1.85
40613.08903118175	1850	12.120154439349939	0.0	958994	3601.040574968595	1.85
40617.00473537461	1850	12.20445024648635	0.0	982064	3915.7041928635895	1.85
40620.286090650516	1850	12.923094970585426	0.0	830730	3281.355275900923	1.85
40623.61803642067	1850	13.591149200431351	0.0	846370	3331.945770154074	1.85

