34623.40569409675	750	4.0	2.8275869610086337	450283	2827.586961008634	-11.408623932337125
34624.435029468936	300	6.970664627814678	0.0	155580	1029.3353721853218	-0.15000000000000002
34625.36842448853	300	10.037269608225255	0.0	139857	933.3950195894238	0.3
34626.28847770879	300	13.117216387969663	0.0	155432	920.0532202555937	0.3
34628.334075180064	750	15.0716189166954	0.0	411561	2045.5974712742627	0.3
34629.93552301608	750	17.470171080678345	0.0	318564	1601.4478360170529	0.75
34631.73607644781	750	19.669617648948556	0.0	352642	1800.5534317297888	0.75
34634.03907951208	750	21.36661458468028	0.0	437162	2303.0030642682727	0.75
34638.50762618129	1850	20.898067915464722	0.0	852833	4468.546669215561	0.75
34643.070188855825	1850	20.335505240928693	0.0	913888	4562.562674536027	1.85
34647.47151536978	1850	19.934178726972718	0.0	939819	4401.326513955978	1.85
34652.168762105044	1850	19.23693199170697	0.0	917428	4697.246735265748	1.85
34656.93456586857	1850	18.471128228184032	0.0	946851	4765.803763522937	1.85
34662.06007505489	1850	17.345619041866378	0.0	1036454	5125.509186317652	1.85
34665.98426176648	1850	17.421432330268342	0.0	821631	3924.186711598037	1.85
34670.23294352337	1850	17.17275057338171	0.0	923170	4248.681756886631	1.85
34674.78082374739	1850	16.624870349365676	0.0	966699	4547.880224016033	1.85
34678.91194250354	1850	16.493751593210927	0.0	885714	4131.118756154748	1.85
34683.41376778823	1850	15.991926308522656	0.0	987708	4501.825284688272	1.85
34687.71435311431	1850	15.691340982448892	0.0	923755	4300.585326073764	1.85
34691.74066453191	1850	15.665029564836598	0.0	891604	4026.3114176122945	1.85
34696.0884153935	1850	15.317278703257386	0.0	955231	4347.750861579209	1.85
34700.48595026442	1850	14.919743832335554	0.0	968026	4397.534870921832	1.85
34704.479160025956	1850	14.926534070800601	0.0	874175	3993.2097615349544	1.85
34708.596617457006	1850	14.809076639749913	0.0	897976	4117.457431050689	1.85
34712.74974594527	1850	14.655948151476561	0.0	905935	4153.128488273351	1.85
34717.913177408904	1850	13.492516687844821	0.0	1076599	5163.4314636317395	1.85
34721.544053915	1850	13.861640181748783	0.0	758197	3630.8765060960395	1.85
34726.04498818256	1850	13.360705914193604	0.0	972798	4500.934267555177	1.85
34727.92354416854	750	15.482149928211957	0.0	400508	1878.5559859816478	-0.3500000000000001
34729.60445572507	750	17.801238371680515	0.0	358218	1680.9115565314412	0.75
34731.47323078423	750	19.932463312528064	0.0	400322	1868.7750591524518	0.75
34733.205775074144	750	22.199919022614974	0.0	369834	1732.5442899130899	0.75
34738.060682144176	1850	21.345011952591072	0.0	1035329	4854.907070023901	0.75
34742.77539863592	1850	20.630295460850668	0.0	1026056	4714.716491740401	1.85
34747.00398500724	1850	20.401709089524076	0.0	943942	4228.586371326593	1.85
34750.34635214023	1850	21.059341956534357	0.0	728962	3342.3671329897206	1.85
34754.67017814487	1850	20.735515951893582	0.0	938587	4323.826004640775	1.85
34758.76607666904	1850	20.63961742773006	0.0	908665	4095.898524163525	1.85
34763.42912122591	1850	19.976572870851758	0.0	930577	4663.044556878302	1.85
34767.398824426324	1850	20.006869670440807	0.0	858450	3969.7032004109487	1.85
34772.58663907081	1850	18.819055025955787	0.0	1025005	5187.814644485023	1.85
34776.781029209145	1850	18.62466488762322	0.0	886255	4194.390138332568	1.85
34781.215166755916	1850	18.190527340849826	0.0	973972	4434.137546773394	1.85
34785.77002010427	1850	17.635673992495533	0.0	958994	4554.853348354293	1.85
34790.650137960474	1850	16.755556136294516	0.0	982064	4880.117856201018	1.85
34794.71126372895	1850	16.694430367816192	0.0	830730	4061.1257684783236	1.85
34798.64128782941	1850	16.764406267353113	0.0	846370	3930.0241004630802	1.85

