5367.277694309082	750	4.0	5.289240610757688	450283	5289.240610757688	-21.99373462625806
5369.13356814191	300	6.144126167172188	0.0	155580	1855.873832827812	-0.15000000000000002
5370.8099711926725	300	8.467723116408598	0.0	139857	1676.40305076359	0.3
5372.667719365194	300	10.609974943886623	0.0	155432	1857.7481725219743	0.3
5374.632025437249	300	12.645668871832456	0.0	163442	1964.3060720541687	0.3
5378.378977994872	750	12.898716314208858	0.0	318564	3746.9525576235983	0.3
5382.499086128789	750	12.778608180292245	0.0	352642	4120.108133916612	0.75
5388.303878284897	750	10.973816024184144	0.0	437162	5804.792156108101	0.75
5392.684488849542	750	10.593205459539513	0.0	374758	4380.610564644629	0.75
5396.915891410297	750	10.36180289878273	0.0	362795	4231.402560756781	0.75
5401.122522390249	750	10.15517191883098	0.0	353220	4206.630979951752	0.75
5410.978989485572	750	4.298704823507891	0.0	405134	9856.467095323089	0.75
5412.957959689457	300	6.319734619623411	0.0	160746	1978.97020388448	-0.15000000000000002
5415.120172171438	300	8.157522137642562	0.0	179801	2162.212481980849	0.3
5416.820934445038	300	10.456759864043525	0.0	140051	1700.762273599036	0.3
5418.500874997857	300	12.776819311223814	0.0	138313	1679.94055281971	0.3
5420.23660869066	300	15.041085618420743	0.0	143509	1735.7336928030725	0.3
5422.054339326894	300	17.223354982187285	0.0	150616	1817.7306362334593	0.3
5426.851706798314	750	16.425987510766788	0.0	405596	4797.367471420496	0.3
5431.022602821397	750	16.255091487683433	0.0	350713	4170.8960230833545	0.75
5435.59930011481	750	15.6783941942715	0.0	386472	4576.697293411934	0.75
5440.321914114443	750	14.955780194638734	0.0	399894	4722.6139996327665	0.75
5445.06117341919	750	14.2165208898915	0.0	401853	4739.259304747233	0.75
5449.310648416121	750	13.967045892960845	0.0	343800	4249.474996930656	0.75
5456.258529190841	750	11.019165118240315	0.0	359903	6947.880774720531	0.75
5461.051199815862	750	10.226494493219372	0.0	379700	4792.670625020943	0.75
5466.019782370052	750	9.257911939029212	0.0	425781	4968.5825541901595	0.75
5469.276301782918	750	10.001392526163091	0.0	277716	3256.519412866123	0.75
5474.033306770245	750	9.244387538836188	0.0	400396	4757.004987326902	0.75
5478.713237582642	750	8.564456726437765	0.0	400508	4679.930812398424	0.75
5483.089073081364	750	8.188621227715817	0.0	358218	4375.835498721949	0.75
5487.81683778797	750	7.46085652111032	0.0	400322	4727.764706605497	0.75
5492.124278086982	750	7.153416222098646	0.0	369834	4307.440299011673	0.75
5496.942674261523	750	6.335020047557426	0.0	412837	4818.396174541221	0.75
5501.637525064089	750	5.640169244992437	0.0	401088	4694.850802564988	0.75
5505.914284552263	750	5.36340975681785	0.0	365161	4276.759488174587	0.75
5509.692335529409	750	5.5853587796716555	0.0	321064	3778.050977146195	0.75
5513.930381124394	750	5.347313184686623	0.0	361565	4238.045594985033	0.75
5518.386682634368	750	4.891011674711886	0.0	378327	4456.301509974736	0.75
5524.886686247257	750	4.0	1.6089919381764302	390680	6500.003612888317	-6.168665334158649
5526.804314547918	300	6.082371699338944	0.0	147968	1917.6283006610558	-0.15000000000000002
5528.7616561395735	300	8.125030107683676	0.0	161857	1957.3415916552674	0.3
5530.526301741529	300	10.360384505727577	0.0	145210	1764.6456019560992	0.3
5532.6128791422925	300	12.273807104963925	0.0	172312	2086.577400763652	0.3
5537.356480591488	750	11.53020565576835	0.0	398987	4743.601449195577	0.3
5542.047726346564	750	10.838959900692723	0.0	393804	4691.245755075626	0.75
5548.403126603949	1200	8.483559643307737	0.0	538612	6355.400257384986	0.75
5558.243370969158	1850	4.0	1.3566847219011033	846370	9840.24436520884	-4.633744304174744

