14400.94542677602	750	4.0	3.30335939272852	450283	3303.3593927285197	-13.454445388732635
14404.449381578796	750	4.496045197223555	0.0	398865	3503.954802776445	0.75
14408.37592196064	750	4.569504815378759	0.0	350812	3926.540381844796	0.75
14410.19485393474	300	6.750572841280602	0.0	155432	1818.9319740981568	-0.15000000000000002
14412.103399663485	300	8.842027112533943	0.0	163442	1908.5457287466606	0.3
14413.369314616013	300	11.57611216000544	0.0	126289	1265.9149525285031	0.3
14414.343487769427	300	14.601939006592652	0.0	153295	974.1731534127883	0.3
14416.973463463954	750	15.971963312067444	0.0	437162	2629.9756945252057	0.3
14419.901737730903	750	17.043689045116682	0.0	374758	2928.274266950763	0.75
14423.709246195707	750	17.236180580312865	0.0	362795	3807.508464803816	0.75
14427.602687491255	750	17.342739284766306	0.0	353220	3893.4412955465586	0.75
14432.121487488635	750	16.82393928738562	0.0	405134	4518.799997380688	0.75
14436.415670983422	750	16.529755792597783	0.0	386351	4294.18349478784	0.75
14441.408195582313	750	15.537231193706777	0.0	434409	4992.524598891005	0.75
14445.30813175993	750	15.637295016090633	0.0	337059	3899.936177616143	0.75
14449.329402727199	750	15.616024048823473	0.0	366214	4021.2709672671613	0.75
14453.309814570113	750	15.635612205907496	0.0	360831	3980.4118429159776	0.75
14457.508704958707	750	15.436721817315142	0.0	372963	4198.890388592354	0.75
14461.998303709168	750	14.947123066853703	0.0	405596	4489.5987504614395	0.75
14465.974603681983	750	14.97082309403885	0.0	350713	3976.299972814852	0.75
14470.047265739899	750	14.898161036123359	0.0	386472	4072.6620579154933	0.75
14472.901597616437	750	16.043829159584714	0.0	399894	2854.331876538645	0.75
14475.781867141946	750	17.16355963407577	0.0	401853	2880.2695255089416	0.75
14478.26991139659	750	18.675515379433495	0.0	343800	2488.044254642275	0.75
14481.568301256768	750	19.377125519254704	0.0	359903	3298.3898601787923	0.75
14486.717556630863	1200	18.227870145160498	0.0	590335	5149.255374094206	0.75
14491.35569060046	1200	17.589736175563605	0.0	696376	4638.133969596892	1.2
14494.740682085016	1200	18.204744691008223	0.0	487160	3384.9914845553844	1.2
14500.863309267279	1200	16.082117508744467	0.0	622896	6122.627182263755	1.2
14505.458855412913	1200	15.486571363109809	0.0	641447	4595.54614563466	1.2
14511.760123409847	1200	13.185303366176818	0.0	570392	6301.267996932989	1.2
14518.33710523172	1200	10.608321544304607	0.0	620283	6576.981821872213	1.2
14522.224153267134	750	10.721273508889226	0.0	369834	3887.048035415381	0.3
14526.634350365854	750	10.31107641017116	0.0	412837	4410.197098718067	0.75
14530.904911220996	750	10.040515555029062	0.0	401088	4270.560855142097	0.75
14534.735426528998	750	10.210000247027336	0.0	365161	3830.515308001727	0.75
14537.229142454225	750	11.716284321798579	0.0	321064	2493.7159252287565	0.75
14539.715502621915	750	13.229924154109089	0.0	361565	2486.360167689491	0.75
14542.244721261186	750	14.700705514838564	0.0	378327	2529.218639270524	0.75
14544.809710461554	750	16.135716314472635	0.0	390680	2564.9892003659297	0.75
14550.15204989781	1200	14.79337687821608	0.0	566904	5342.339436256553	0.75
14556.748511508436	1200	12.196915267590139	0.0	641452	6596.461610625943	1.2
14562.825947347259	1200	10.119479428768422	0.0	599477	6077.435838821717	1.2
14569.576371605379	1200	7.369055170647403	0.0	634861	6750.424258121018	1.2
14574.247788874713	750	6.697637901314206	0.0	398987	4671.4172693331975	0.3
14578.618386582339	750	6.327040193686102	0.0	393804	4370.597707628104	0.75
14582.154437747984	750	6.790989028042443	0.0	331053	3536.0511656436597	0.75
14588.028408262007	1200	4.917018514018789	0.0	550906	5873.970514023654	0.75

