4481.703539135057	750	4.0	10.478976926179792	450283	10478.976926179792	-44.309600782573106
4483.312327733702	300	6.391211401355156	0.0	155580	1608.7885986448434	-0.15000000000000002
4484.766616119359	300	8.936923015697154	0.0	139857	1454.2883856580017	0.3
4488.5395597301285	750	9.163979404928359	0.0	382355	3772.9436107687943	0.3
4494.923484460195	1200	6.780054674860806	0.0	652874	6383.924730067553	0.75
4496.238932835318	300	9.464606299737987	0.0	126289	1315.448375122819	-0.6000000000000001
4501.925929554154	1200	7.7776095809022	0.0	561791	5686.996718835787	0.29999999999999993
4511.850704286651	750	4.0	2.1471651515951535	437162	9924.774732497353	-8.93281015185916
4513.425207435395	300	6.42549685125618	0.0	150710	1574.50314874382	-0.15000000000000002
4514.877313115299	300	8.973391171352194	0.0	139105	1452.1056799039857	0.3
4519.812782308749	750	8.037921977903027	0.0	353220	4935.469193449167	0.3
4525.088902473265	750	6.761801813386464	0.0	405134	5276.120164516563	0.75
4526.776307620565	300	9.074396666087116	0.0	160746	1687.4051472993485	-0.15000000000000002
4537.284417412956	1200	4.0	1.4337131263044993	687371	10508.109792391615	-5.864966443109347
4538.830254766978	300	6.454162645977474	0.0	140051	1545.8373540225261	-0.6000000000000001
4540.317847855104	300	8.966569557851527	0.0	138313	1487.5930881259492	0.3
4544.018315140557	750	9.266102272397976	0.0	360831	3700.4672854535497	0.3
4549.778830438793	1200	7.505586974162274	0.0	581493	5760.515298235703	0.75
4554.5426702892255	750	6.74174712372965	0.0	405596	4763.839850432624	0.3
4556.980192189504	300	8.304225223451297	0.0	140881	2437.5219002783515	-0.15000000000000002
4563.48439486535	750	5.80002254760587	0.0	386472	6504.202675845428	0.3
4565.100081352228	300	8.184336060728825	0.0	157812	1615.686486877046	-0.15000000000000002
4569.211619508501	750	8.072797904455143	0.0	401853	4111.53815627368	0.3
4573.03193062177	750	8.2524867911863	0.0	343800	3820.3111132688437	0.75
4579.497353561133	750	5.787063851823044	0.0	359903	6465.422939363256	0.75
4581.131895396286	300	8.152522016669332	0.0	153938	1634.541835153713	-0.15000000000000002
4585.363580748665	750	7.920836664290415	0.0	425781	4231.685352378917	0.3
4588.05287812519	750	9.231539287765692	0.0	277716	2689.297376524723	0.75
4594.446898517914	1200	6.837518895041143	0.0	622896	6394.020392724549	0.75
4596.022989611129	300	9.261427801827205	0.0	149029	1576.0910932139373	-0.6000000000000001
4601.74321010192	1200	7.541207311035242	0.0	570392	5720.220490791963	0.29999999999999993
4605.749411391767	750	7.535006021187868	0.0	400322	4006.2012898473745	0.3
4609.90472604894	750	7.37969136401587	0.0	369834	4155.314657171998	0.75
4615.662413474678	750	5.622003938277302	0.0	412837	5757.687425738568	0.75
4617.476497482427	300	7.8079199305288105	0.0	179328	1814.0840077484918	-0.15000000000000002
4621.1340707244	750	8.150346688555707	0.0	365161	3657.573241973102	0.3
4624.41130967046	750	8.873107742496028	0.0	321064	3277.23894605968	0.75
4628.411501221147	750	8.872916191809079	0.0	361565	4000.1915506869473	0.75
4634.417741190807	750	6.866676222148389	0.0	378327	6006.239969660691	0.75
4635.996030790605	300	9.28838662235057	0.0	149991	1578.2895997978187	-0.15000000000000002
4656.727334363117	1200	4.0	11.442916950162113	566904	20731.303572512683	-48.904542885697076
4658.415753229547	300	6.311581133570751	0.0	161857	1688.4188664292485	-0.6000000000000001
4660.191098649325	300	8.536235713792621	0.0	145210	1775.3454197781298	0.3
4666.692669662016	750	6.034664701102354	0.0	438281	6501.571012690267	0.3
4668.368749626554	300	8.358584736564428	0.0	167025	1676.0799645379268	-0.15000000000000002
4674.796694773514	750	5.930639589604416	0.0	393804	6427.945146960012	0.3
4677.440047354724	300	7.2872870083936085	0.0	137507	2643.3525812108073	-0.15000000000000002
4681.821449096421	750	6.905885266696891	0.0	314107	4381.401741696718	0.3

