23340.629998026652	750	4.0	2.0685219574807663	450283	2068.521957480766	-8.144644417167294
23341.397064263096	300	7.23293376355568	0.0	155580	767.0662364443197	-0.15000000000000002
23343.026306328524	750	9.603691698126289	0.0	350812	1629.242065429391	0.3
23344.725217824118	750	11.90478020253455	0.0	382355	1698.9114955917396	0.75
23346.484181296368	750	14.145816730283672	0.0	411561	1758.9634722508779	0.75
23347.86376342289	750	16.766234603760196	0.0	318564	1379.5821265234767	0.75
23349.40080063629	750	19.22919739036279	0.0	352642	1537.0372133974076	0.75
23351.39021398443	750	21.239784042219878	0.0	437162	1989.41334814291	0.75
23355.201619160936	1850	21.428378865713988	0.0	852833	3811.405176505891	0.75
23359.301410703265	1850	21.328587323386834	0.0	913888	4099.791542327154	1.85
23363.449467106875	1850	21.18053091977643	0.0	939819	4148.056403610402	1.85
23367.692401660715	1850	20.937596365936116	0.0	917428	4242.934553840312	1.85
23371.952015548675	1850	20.67798247797237	0.0	946851	4259.613887963743	1.85
23376.6264251103	1850	20.00357291634868	0.0	1036454	4674.409561623693	1.85
23380.502364652424	1850	20.127633374223347	0.0	821631	3875.9395421253303	1.85
23384.673468682606	1850	19.956529344042497	0.0	923170	4171.10403018085	1.85
23388.93188771234	1850	19.698110314307876	0.0	966699	4258.419029734621	1.85
23393.17336795603	1850	19.456630070616022	0.0	885714	4241.480243691855	1.85
23397.770181920398	1850	18.859816106249934	0.0	987708	4596.813964366089	1.85
23401.849951784523	1850	18.78004624212481	0.0	923755	4079.769864125123	1.85
23405.715960029593	1850	18.914037997056848	0.0	891604	3866.0082450679674	1.85
23410.025125592874	1850	18.604872433774965	0.0	955231	4309.165563281878	1.85
23414.291566369277	1850	18.338431657369895	0.0	968026	4266.440776405071	1.85
23418.139148141232	1850	18.4908498854149	0.0	874175	3847.581771954996	1.85
23422.066264737157	1850	18.563733289486013	0.0	897976	3927.1165959288874	1.85
23426.012351317433	1850	18.61764670921165	0.0	905935	3946.0865802743606	1.85
23430.87648580756	1850	17.75351221908476	0.0	1076599	4864.1344901268885	1.85
23434.277579985832	1850	18.352418040812434	0.0	758197	3401.094178272328	1.85
23438.662120857247	1850	17.967877169396793	0.0	972798	4384.540871415638	1.85
23442.96322236547	1850	17.66677566117465	0.0	975811	4301.101508222141	1.85
23446.742737703287	1850	17.887260323356035	0.0	873429	3779.5153378186183	1.85
23451.035241278933	1850	17.59475674770998	0.0	954453	4292.503575646051	1.85
23455.15076004682	1850	17.47923797982133	0.0	885062	4115.5187678886505	1.85
23460.74106643646	1850	15.888931590180132	0.0	1035329	5590.306389641199	1.85
23465.890996304737	1850	14.739001721906707	0.0	1026056	5149.929868273424	1.85
23470.06780170535	1850	14.56219632129118	0.0	943942	4176.805400615526	1.85
23473.21444930836	1850	15.415548718277075	0.0	728962	3146.6476030141066	1.85
23477.223398465438	1850	15.406599561204319	0.0	938587	4008.949157072755	1.85
23481.290004628736	1850	15.339993397905003	0.0	908665	4066.6061632993146	1.85
23485.344428738663	1850	15.28556928797915	0.0	930577	4054.424109925853	1.85
23489.115644855607	1850	15.514353171033262	0.0	858450	3771.216116945888	1.85
23493.688222434885	1850	14.941775591753442	0.0	1025005	4572.5775792798195	1.85
23497.701908387637	1850	14.928089639003499	0.0	886255	4013.685952749943	1.85
23501.952737885196	1850	14.677260141441245	0.0	973972	4250.829497562254	1.85
23507.21621217785	1850	13.41378584878667	0.0	958994	5263.474292654575	1.85
23511.45954581571	1850	13.170452210925188	0.0	982064	4243.333637861483	1.85
23515.10863470458	1850	13.521363322057674	0.0	830730	3649.0888888675136	1.85
23519.030346361196	1850	13.599651665437305	0.0	846370	3921.711656620369	1.85

