36863.133016533655	750	4.0	5.014769106170859	450283	5014.769106170859	-20.813507156534694
36865.179504965265	300	5.953511568393422	0.0	155580	2046.4884316065777	-0.15000000000000002
36867.036608165196	300	8.096408368465342	0.0	139857	1857.1031999280808	0.3
36871.30585793537	750	7.8271585982964424	0.0	382355	4269.249770168899	0.3
36875.69080636905	750	7.442210164616614	0.0	411561	4384.948433679829	0.75
36879.18177657747	750	7.9512399562048985	0.0	318564	3490.9702084117152	0.75
36883.19526273445	750	7.937753799219657	0.0	352642	4013.4861569852405	0.75
36888.07339036129	750	7.059626172375253	0.0	437162	4878.127626844404	0.75
36892.089774469874	750	7.0432420637947954	0.0	374758	4016.384108580458	0.75
36895.93242720684	750	7.200589326825585	0.0	362795	3842.6527369692103	0.75
36899.705871219994	750	7.427145313676105	0.0	353220	3773.4440131494807	0.75
36904.24134856228	750	6.891667971380275	0.0	405134	4535.47734229583	0.75
36906.071743636014	300	9.061272897653597	0.0	160746	1830.3950737266784	-0.15000000000000002
36913.46054009247	1200	5.672476441199256	0.0	687371	7388.79645645434	0.29999999999999993
36915.077856791955	300	8.05515974171291	0.0	140051	1617.316699486347	-0.6000000000000001
36919.39505258599	750	7.737963947680539	0.0	366214	4317.195794032371	0.3
36923.57218385936	750	7.560832674305291	0.0	360831	4177.1312733752475	0.75
36928.0759453745	750	7.057071159172303	0.0	372963	4503.761515132987	0.75
36932.734864703045	750	6.398151830626961	0.0	405596	4658.919328545342	0.75
36934.36153376303	300	8.771482770636462	0.0	140881	1626.669059990501	-0.15000000000000002
36938.91092514887	750	8.22209138480357	0.0	386472	4549.391385832892	0.3
36943.4510634386	750	7.68195309506771	0.0	399894	4540.138289735859	0.75
36947.932215813154	750	7.200800720517391	0.0	401853	4481.152374550319	0.75
36951.91121512828	750	7.221801405389875	0.0	343800	3978.999315127516	0.75
36956.23298262048	750	6.900033913193819	0.0	359903	4321.767492196056	0.75
36958.100753754	300	9.032262779673662	0.0	153938	1867.7711335201573	-0.15000000000000002
36966.170886550826	1200	4.962129982845536	0.0	696376	8070.132796828126	0.29999999999999993
36967.49879626978	300	7.634220263901681	0.0	111155	1327.9097189438544	-0.6000000000000001
36971.95470688751	750	7.17830964615933	0.0	400396	4455.910617742351	0.3
36976.2080234984	750	6.924993035274774	0.0	400508	4253.316610884556	0.75
36977.937720758026	300	9.195295775644288	0.0	157421	1729.6972596304868	-0.15000000000000002
36984.53710426027	1200	6.595912273396667	0.0	620283	6599.383502247621	0.29999999999999993
36986.14024991261	300	8.992766621057678	0.0	143881	1603.1456523389893	-0.6000000000000001
36990.65917546741	750	8.473841066258512	0.0	412837	4518.925554799165	0.3
36995.08943761954	750	8.043578914120568	0.0	401088	4430.262152137944	0.75
36999.44893988223	750	7.684076651431574	0.0	365161	4359.502262688994	0.75
37003.24348968338	750	7.889526850286525	0.0	321064	3794.549801145049	0.75
37007.43547754763	750	7.697538986037855	0.0	361565	4191.98786424867	0.75
37011.81540177748	750	7.317614756191637	0.0	378327	4379.924229846218	0.75
37016.004186555576	750	7.128829978088679	0.0	390680	4188.784778102958	0.75
37019.826438870645	750	7.306577663024492	0.0	345516	3822.2523150641873	0.75
37024.330071643395	750	6.802944890274606	0.0	384505	4503.632772749886	0.75
37026.13713220618	300	8.995884327490257	0.0	145210	1807.0605627843486	-0.15000000000000002
37030.92126699748	750	8.211749536188213	0.0	438281	4784.134791302043	0.3
37035.252941768485	750	7.880074765181356	0.0	398987	4331.674771006858	0.75
37039.54641225396	750	7.586604279702653	0.0	393804	4293.470485478703	0.75
37043.2436140929	750	7.889402440759627	0.0	331053	3697.201838943027	0.75
37046.86826622101	750	8.26475031265451	0.0	314107	3624.6521281051164	0.75

