46987.151007836415	750	4.0	1.6819728170206167	450283	1681.9728170206167	-6.482483113188652
46987.78451514376	300	7.366492692657579	0.0	155580	633.5073073424214	-0.15000000000000002
46989.11259976584	750	10.038408070576274	0.0	350812	1328.0846220813055	0.3
46991.38707774264	1200	11.76393009376694	0.0	617681	2274.477976809333	0.75
46994.9952376103	1850	12.155770226108022	0.0	996749	3608.1598676589183	1.2000000000000002
46997.91530678589	1850	13.235701050512635	0.0	801058	2920.069175595386	1.85
47003.12244800836	2850	12.028559828048127	0.0	1388403	5207.141222464506	1.85
47007.28616147257	1850	11.86484636383776	0.0	1060487	4163.713464210368	0.8500000000000001
47010.50354974847	1850	12.647458087928786	0.0	852833	3217.3882759089734	1.85
47013.87456327709	1850	13.276444559314589	0.0	913888	3371.013528614197	1.85
47019.22612922257	2850	11.924878613838253	0.0	1354548	5351.565945476335	1.85
47022.94201146183	1850	12.208996374574337	0.0	917428	3715.8822392639167	0.8500000000000001
47026.504979500336	1850	12.646028336064747	0.0	946851	3562.9680385095908	1.85
47030.28715925587	1850	12.863848580532277	0.0	1036454	3782.1797555324692	1.85
47033.30756235291	1850	13.84344548348934	0.0	821631	3020.403097042937	1.85
47038.657187805904	2850	12.493820030493312	0.0	1471065	5349.625452996027	1.85
47042.20652068763	1850	12.944487148763272	0.0	966699	3549.3328817300408	0.8500000000000001
47045.541634550274	1850	13.609373286123358	0.0	885714	3335.113862639913	1.85
47051.2324806282	2850	11.918527208199896	0.0	1537156	5690.846077923463	1.85
47055.42216254833	1850	11.728845288063363	0.0	923755	4189.681920136533	0.8500000000000001
47059.15553621596	1850	11.99547162043662	0.0	891604	3733.373667626743	1.85
47062.76460345883	1850	12.386404377571788	0.0	955231	3609.0672428648327	1.85
47066.30750921751	1850	12.843498618888251	0.0	968026	3542.9057586835374	1.85
47069.516280787815	1850	13.634727048584201	0.0	874175	3208.7715703040494	1.85
47074.55266021121	2850	12.598347625198286	0.0	1383735	5036.379423385915	1.85
47077.878066186546	1850	13.27294164985748	0.0	905935	3325.4059753408083	0.8500000000000001
47083.47043356085	2850	11.680574275553477	0.0	1547572	5592.367374304002	1.85
47086.24442182515	1850	12.906586011255198	0.0	758197	2773.988264298279	0.8500000000000001
47089.79202487245	1850	13.358982963959491	0.0	972798	3547.603047295707	1.85
47095.46051287916	2850	11.690494957250037	0.0	1561263	5668.488006709454	1.85
47098.683163906535	1850	12.46784392986894	0.0	873429	3222.6510273810986	0.8500000000000001
47102.2323792605	1850	12.918628575899541	0.0	954453	3549.215353969397	1.85
47105.51860584481	1850	13.632401991591648	0.0	885062	3286.226584307894	1.85
47111.36183935857	2850	11.789168477834801	0.0	1587293	5843.233513756846	1.85
47115.11610385963	1850	12.034903976771549	0.0	1026056	3754.2645010632514	0.8500000000000001
47118.5237900806	1850	12.627217755806143	0.0	943942	3407.686220965406	1.85
47121.196983145346	1850	13.954024691056002	0.0	728962	2673.1930647501417	1.85
47126.628399438356	2850	12.522608398044172	0.0	1499009	5431.416293011828	1.85
47129.96601928201	1850	13.184988554395558	0.0	908665	3337.619843648616	0.8500000000000001
47135.089749350875	2850	12.061258485527445	0.0	1402287	5123.730068868112	1.85
47138.265019360406	1850	12.885988475996811	0.0	858450	3175.2700095306336	0.8500000000000001
47142.13781146855	1850	13.013196367856443	0.0	1025005	3872.7921081403697	1.85
47147.143695842395	2850	12.007311994010436	0.0	1343002	5005.884373846005	1.85
47150.75342266307	1850	12.397585173334754	0.0	973972	3609.726820675684	0.8500000000000001
47154.286937718425	1850	12.864070117978827	0.0	958994	3533.5150553559265	1.85
47157.85656827032	1850	13.294439566086814	0.0	982064	3569.6305518920135	1.85
47162.37652759353	2850	12.774480242877992	0.0	1231456	4519.959323208824	1.85
47165.52356202701	1850	13.627445809399513	0.0	846370	3147.0344334784795	0.8500000000000001

