22445.032857309518	750	4.0	4.241689545231836	450283	4241.689545231836	-17.489265044496893
22446.55119611149	300	6.481661198027601	0.0	155580	1518.3388019723986	-0.15000000000000002
22447.924688751795	300	9.108168557722525	0.0	139857	1373.4926403050767	0.3
22449.44222958327	300	11.590627726245382	0.0	155432	1517.5408314771425	0.3
22451.033852341636	300	13.999004967879749	0.0	163442	1591.6227583656334	0.3
22454.07045423769	750	14.962403071824138	0.0	318564	3036.601896055611	0.3
22457.44302177947	750	15.589835530047127	0.0	352642	3372.56754177701	0.75
22461.654753968854	750	15.37810334066485	0.0	437162	4211.7321893822755	0.75
22465.30062943563	750	15.73222787388768	0.0	374758	3645.8754667771695	0.75
22467.808123941424	750	17.224733368095105	0.0	362795	2507.494505792577	0.75
22469.712839978965	750	19.320017330552613	0.0	353220	1904.7160375424917	0.75
22471.86987647409	750	21.162980835428364	0.0	405134	2157.0364951242495	0.75
22476.264624685777	1850	20.76823262374458	0.0	946851	4394.748211683781	0.75
22483.779442760388	1850	17.253414549131122	0.0	1036454	7514.81807461346	1.85
22488.90100183324	1850	16.131855476280094	0.0	821631	5121.559072851024	1.85
22497.550004956916	1850	11.482852352603947	0.0	923170	8649.003123676148	1.85
22500.869018430814	750	12.163838878706992	0.0	360831	3319.013473896955	-0.3500000000000001
22504.201445528273	750	12.83141178124774	0.0	372963	3332.4270974592523	0.75
22507.742423640524	750	13.290433668996483	0.0	405596	3540.9781122512563	0.75
22510.746618654255	750	14.286238655264553	0.0	350713	3004.1950137319304	0.75
22514.060771358163	750	14.972085951358498	0.0	386472	3314.1527039060543	0.75
22517.499975670926	750	15.532881638592901	0.0	399894	3439.2043127655984	0.75
22519.65750352226	750	17.375353787262284	0.0	401853	2157.5278513306175	0.75
22521.497803234022	750	19.53505407549984	0.0	343800	1840.2997117624427	0.75
22523.902032867227	750	21.13082444229605	0.0	359903	2404.229633203792	0.75
22527.41339506131	750	21.619462248212393	0.0	379700	3511.3621940836565	0.75
22531.2606158155	750	21.772241494024932	0.0	425781	3847.22075418746	0.75
22533.744789317832	750	23.288067991692497	0.0	277716	2484.1735023324372	0.75
22537.143694855524	750	23.88916245400101	0.0	400396	3398.9055376914857	0.75
22540.55821206404	750	24.474645245484005	0.0	400508	3414.517208517007	0.75
22543.627024166915	750	25.405833142605985	0.0	358218	3068.8121028780183	0.75
22547.055328062535	750	25.977529246987363	0.0	400322	3428.3038956186197	0.75
22551.930921267965	1850	25.10193604155679	0.0	885062	4875.593205430574	0.75
22560.114761182173	1850	20.91809612734638	0.0	1035329	8183.839914210411	1.85
22566.86328580109	1850	18.16957150842835	0.0	1026056	6748.524618918028	1.85
22573.98291376977	1850	15.049943539746991	0.0	943942	7119.62796868136	1.85
22579.57136333796	1850	13.461493971557735	0.0	728962	5588.449568189257	1.85
22584.220164802617	1850	12.812692506900014	0.0	938587	4648.801464657721	1.85
22588.964133383797	1850	12.068723925724122	0.0	908665	4743.968581175892	1.85
22593.885098344195	1850	11.147758965323892	0.0	930577	4920.96496040023	1.85
22601.45285473918	1850	7.5800025703412395	0.0	858450	7567.756394982653	1.85
22604.956538305858	750	8.076319003661784	0.0	384505	3503.683566679456	-0.3500000000000001
22606.39631013837	300	10.636547171146605	0.0	145210	1439.7718325151777	-0.15000000000000002
22608.089869838146	300	12.942987471371417	0.0	172312	1693.5596997751895	0.3
22611.868815487887	750	13.164041821628325	0.0	398987	3778.94564974309	0.3
22615.570919199534	750	13.461938109981336	0.0	393804	3702.1037116469884	0.75
22618.67496646029	750	14.357890849223336	0.0	331053	3104.047260757999	0.75
22621.599755101797	750	15.43310220771737	0.0	314107	2924.788641505966	0.75

