11901.20121698169	750	4.0	5.242977578178035	450283	5242.977578178035	-21.79480358616555
11903.000322318741	300	6.200894662947537	0.0	155580	1799.1053370524633	-0.15000000000000002
11904.625693929001	300	8.575523052688208	0.0	139857	1625.3716102593285	0.3
11906.42341613002	300	10.777800851670673	0.0	155432	1797.7222010175367	0.3
11911.058937448899	750	10.142279532790905	0.0	411561	4635.521318879768	0.3
11914.862669195647	750	10.33854778604227	0.0	318564	3803.731746748636	0.75
11919.296412551888	750	9.904804429799741	0.0	352642	4433.7433562425285	0.75
11924.589984134624	750	8.611232847064995	0.0	437162	5293.571582734745	0.75
11928.940875962278	750	8.260341019411255	0.0	374758	4350.8918276537415	0.75
11933.193127632998	750	8.008089348691843	0.0	362795	4252.251670719412	0.75
11937.40824642942	750	7.792970552268262	0.0	353220	4215.118796423581	0.75
11942.204881285561	750	6.996335696127355	0.0	405134	4796.634856140907	0.75
11946.604358544637	750	6.596858437051347	0.0	386351	4399.477259076008	0.75
11951.294646504923	750	5.906570476766305	0.0	434409	4690.287960285043	0.75
11955.120306090657	750	6.080910891031772	0.0	337059	3825.659585734533	0.75
11959.238954913095	750	5.962262068593676	0.0	366214	4118.648822438096	0.75
11963.297362407711	750	5.903854573977145	0.0	360831	4058.4074946165306	0.75
11970.906533194044	750	4.0	1.7053162123562506	372963	7609.170786333396	-6.582859713131877
11974.290314623184	300	4.616218570860814	0.0	165384	3383.7814291391865	-0.15000000000000002
11976.053490495924	300	6.8530426981220085	0.0	140881	1763.1758727388049	0.3
11977.992302964863	300	8.914230229181697	0.0	157671	1938.8124689403107	0.3
11979.833589007692	300	11.072944186354059	0.0	157812	1841.286042827637	0.3
11981.743122485139	300	13.163410708908707	0.0	163927	1909.533477445353	0.3
11983.352653968233	300	15.553879225813693	0.0	137654	1609.5314830950133	0.3
11985.047454712892	300	17.85907848115501	0.0	146754	1694.8007446586835	0.3
11986.821304264055	300	20.085228929992738	0.0	153938	1773.849551162274	0.3
11991.467901153675	750	19.43863204037102	0.0	425781	4646.596889621717	0.3
11994.507800125783	750	20.398733068263866	0.0	277716	3039.8989721071575	0.75
11998.966418763157	750	19.940114430890546	0.0	400396	4458.618637373317	0.75
12003.990050591796	750	18.91648260225068	0.0	400508	5023.631828639863	0.75
12008.30109324425	750	18.60543994979663	0.0	358218	4311.042652454054	0.75
12013.013997710197	750	17.892535483851738	0.0	400322	4712.90446594489	0.75
12017.294591037758	750	17.61194215628946	0.0	369834	4280.593327562277	0.75
12022.048270334972	750	16.858262859075083	0.0	412837	4753.679297214376	0.75
12026.663415229654	750	16.243117964393125	0.0	401088	4615.144894681957	0.75
12033.746947980635	1200	13.159585213412528	0.0	598727	7083.532750980596	0.75
12039.053710635311	1200	11.852822558735129	0.0	487812	5306.762654677398	1.2
12045.352305588693	1200	9.554227605355187	0.0	575591	6298.594953379943	1.2
12049.47812147678	750	9.428411717267577	0.0	378327	4125.815888087609	0.3
12054.479547658055	750	8.42698553599407	0.0	390680	5001.4261812735085	0.75
12058.552171179901	750	8.354362014146085	0.0	345516	4072.6235218479846	0.75
12062.995327792238	750	7.91120540180976	0.0	384505	4443.1566123363245	0.75
12067.300887956444	750	7.605645237603681	0.0	372093	4305.56016420608	0.75
12072.131646135254	750	6.77488705879438	0.0	438281	4830.758178809301	0.75
12076.415936264664	750	6.490596929384378	0.0	398987	4284.290129410001	0.75
12080.763725374789	750	6.142807819261053	0.0	393804	4347.789110123325	0.75
12084.615323860693	750	6.291209333355288	0.0	331053	3851.5984859057653	0.75
12090.856041554624	1200	4.050491639425005	0.0	550906	6240.717693930283	0.75

