44316.55188295685	750	4.0	0.9988998671774274	450283	998.8998671774274	-3.5452694288629374
44317.44585327223	750	7.106029684616731	0.0	398865	893.9703153832692	0.75
44318.241761046236	750	10.310121910607391	0.0	350812	795.9077740093401	0.75
44319.102039135156	750	13.449843821684148	0.0	382355	860.2780889232444	0.75
44321.233785172815	1850	15.318097784026705	0.0	996749	2131.746037657443	0.75
44323.058254587086	1850	17.49362836975469	0.0	801058	1824.469414272015	1.85
44325.11020071541	1850	19.441682241428744	0.0	905515	2051.9461283259434	1.85
44327.418138935	1850	21.13374402183457	0.0	1060487	2307.9382195941766	1.85
44329.23953014155	1850	23.312352815279958	0.0	852833	1821.39120655461	1.85
44331.18558894436	1850	25.366294012471226	0.0	913888	1946.0588028087323	1.85
44333.28600728969	1850	27.26587566714545	0.0	939819	2100.4183453257747	1.85
44335.34775011764	1850	29.204132839194127	0.0	917428	2061.742827951323	1.85
44337.42847416229	1850	31.123408794541554	0.0	946851	2080.7240446525757	1.85
44342.172922896294	4300	30.37896006053402	0.0	2275376	4744.448734007531	1.8499999999999996
44346.35179206854	4300	30.20009088829078	0.0	2005399	4178.869172243239	4.3
44350.895685637995	4300	29.65619731883419	0.0	2152483	4543.893569456592	4.3
44355.75236643485	4300	28.799516521979022	0.0	2289689	4856.680796855169	4.3
44360.14012794028	4300	28.41175501655147	0.0	2059512	4387.761505427554	4.3
44364.82847336537	4300	27.72340959145421	0.0	2220726	4688.345425097262	4.3
44369.389909094425	4300	27.161973862408587	0.0	2156729	4561.43572904562	4.3
44373.7594699394	4300	26.79241301742631	0.0	2039773	4369.560844982279	4.3
44378.45035704165	4300	26.101525915178012	0.0	2176469	4690.887102248295	4.3
44383.31044701892	4300	25.241435937905862	0.0	2221506	4860.0899772721505	4.3
44388.13883174333	4300	24.413051213499006	0.0	2044075	4828.384724406855	4.3
44392.868393520876	4300	23.68348943595497	0.0	2186790	4729.561777544034	4.3
44397.343419700905	4300	23.208463255929242	0.0	2105231	4475.0261800257285	4.3
44402.32981800339	4300	22.222064953452225	0.0	2395588	4986.398302477019	4.3
44406.553625625565	4300	21.998257331274296	0.0	1972048	4223.807622177927	4.3
44411.14739337037	4300	21.404489586468717	0.0	2134614	4593.76774480558	4.3
44415.77778329884	4300	20.77409965799433	0.0	2164140	4630.389928474387	4.3
44420.76843623756	4300	19.783446719279883	0.0	2113193	4990.652938714449	4.3
44425.645122411595	4300	18.90676054524142	0.0	2147852	4876.686174038467	4.3
44430.16905452039	4300	18.382828436447454	0.0	2191074	4523.9321087939625	4.3
44434.957515361	4300	17.5943675958459	0.0	2286761	4788.460840601556	4.3
44439.936835058485	4300	16.615047898350753	0.0	2307787	4979.319697495147	4.3
44444.673253359826	4300	15.878629597017369	0.0	2143948	4736.418301333384	4.3
44448.67752567749	4300	15.874357279348121	0.0	1919781	4004.2723176692466	4.3
44453.41908996025	4300	15.132792996596297	0.0	2147467	4741.564282751825	4.3
44457.84651782347	4300	14.705365133368291	0.0	2133870	4427.427863228006	4.3
44462.38820800235	4300	14.16367495449616	0.0	2146120	4541.6901788721325	4.3
44466.90870850062	4300	13.643174456222493	0.0	2108491	4520.500498273667	4.3
44469.150790628344	1850	15.401092328493842	0.0	1025005	2242.08212772865	-0.6000000000000001
44471.0727155969	1850	17.479167359936284	0.0	886255	1921.9249685575573	1.85
44473.176944905026	1850	19.3749380518072	0.0	973972	2104.2293081290836	1.85
44475.22136845415	1850	21.33051450268404	0.0	958994	2044.42354912316	1.85
44477.28906366176	1850	23.26281929507021	0.0	982064	2067.695207613834	1.85
44479.05045921218	1850	25.501423744656954	0.0	830730	1761.3955504132523	1.85
44480.898206147234	1850	27.653676809603322	0.0	846370	1847.7469350536294	1.85

