17485.09001815392	750	4.0	1.9377225001152607	450283	1937.7225001152608	-7.5822067504956205
17486.81560656167	750	6.27441159224649	0.0	398865	1725.5884077535097	0.75
17488.34294378229	750	8.747074371630934	0.0	350812	1527.3372206155573	0.75
17489.904248969062	750	11.185769184856305	0.0	382355	1561.3051867746285	0.75
17491.575359862814	750	13.5146582911025	0.0	411561	1671.1108937538052	0.75
17492.886940723874	750	16.203077430044754	0.0	318564	1311.5808610577462	0.75
17494.364809381743	750	18.72520877217699	0.0	352642	1477.868657867764	0.75
17498.77385209334	1850	18.316166060575085	0.0	1060487	4409.042711601905	0.75
17503.085548019742	1850	18.00447013417565	0.0	852833	4311.695926399432	1.85
17509.894797035857	1850	15.195221118056622	0.0	913888	6809.24901611903	1.85
17513.75577756554	1850	15.334240588375012	0.0	939819	3860.9805296816107	1.85
17517.509670459724	1850	15.580347694188418	0.0	917428	3753.892894186595	1.85
17521.76706397495	1850	15.32295417896731	0.0	946851	4257.39351522111	1.85
17526.38790560032	1850	14.702112553592723	0.0	1036454	4620.841625374586	1.85
17529.78032343222	1850	15.30969472169648	0.0	821631	3392.417831896245	1.85
17533.440715880337	1850	15.649302273575946	0.0	923170	3660.392448120534	1.85
17537.444275020287	1850	15.64574313362734	0.0	966699	4003.559139948605	1.85
17541.13806071248	1850	15.951957441429398	0.0	885714	3693.7856921979424	1.85
17545.19037493378	1850	15.899643220132559	0.0	987708	4052.31422129684	1.85
17548.975859035607	1850	16.1141591183032	0.0	923755	3785.484101829361	1.85
17552.677534052917	1850	16.4124841009952	0.0	891604	3701.6750173080004	1.85
17556.704041268556	1850	16.385976885353898	0.0	955231	4026.507215641301	1.85
17560.810233482927	1850	16.279784670983258	0.0	968026	4106.19221437064	1.85
17564.391995279602	1850	16.698022874306165	0.0	874175	3581.7617966770968	1.85
17568.138208001918	1850	16.95181015199115	0.0	897976	3746.212722315012	1.85
17571.847884906347	1850	17.242133247563842	0.0	905935	3709.6769044273087	1.85
17576.137859204428	1850	16.95215894948671	0.0	1076599	4289.9742980771325	1.85
17579.231492850337	1850	17.858525303576744	0.0	758197	3093.633645909961	1.85
17583.16751461444	1850	17.922503539471734	0.0	972798	3936.0217641050117	1.85
17587.111668138514	1850	17.97835001539709	0.0	975811	3944.1535240746457	1.85
17590.652515774542	1850	18.437502379370933	0.0	873429	3540.847636026157	1.85
17594.73716487873	1850	18.352853275182568	0.0	954453	4084.6491041883623	1.85
17598.327400075614	1850	18.762618078298203	0.0	885062	3590.2351968843655	1.85
17602.47073132465	1850	18.619286829262563	0.0	1035329	4143.33124903564	1.85
17606.89694656315	1850	18.1930715907631	0.0	1026056	4426.215238499462	1.85
17613.002593084126	1850	16.087425069788207	0.0	943942	6105.646520974897	1.85
17621.170002756735	1850	11.92001539718014	0.0	728962	8167.409672608064	1.85
17624.94292290759	1850	12.147095246323483	0.0	938587	3772.920150856658	1.85
17628.57292160851	1850	12.517096545405053	0.0	908665	3629.9987009184288	1.85
17632.307436623494	1850	12.782581530417207	0.0	930577	3734.515014987845	1.85
17635.847164341976	1850	13.24285381193575	0.0	858450	3539.727718481458	1.85
17640.296303919687	1850	12.79371423422179	0.0	1025005	4449.1395777139605	1.85
17648.29530776472	1850	8.794710389189458	0.0	886255	7999.003845032332	1.85
17650.079132366587	750	11.010885787323383	0.0	438281	1783.8246018660761	-0.3500000000000001
17651.71020089665	750	13.37981725725993	0.0	398987	1631.0685300634525	0.75
17653.512204869363	750	15.577813284545893	0.0	393804	1802.0039727140365	0.75
17655.044356591196	750	18.04566156271388	0.0	331053	1532.1517218320128	0.75
17659.087654484178	1850	18.002363669730272	0.0	846370	4043.2978929836086	0.75

