42237.74044182768	750	4.0	5.368573732660492	450283	5368.573732660492	-22.334867050440113
42239.633513529254	300	6.1069282984214865	0.0	155580	1893.0717015785133	-0.15000000000000002
42241.343355211786	300	8.397086615893745	0.0	139857	1709.8416825277423	0.3
42243.242064914746	300	10.498376912929528	0.0	155432	1898.709702964215	0.3
42245.25259177978	300	12.487850047896291	0.0	163442	2010.5268650332375	0.3
42246.824278783475	300	14.916163044199672	0.0	126289	1571.6870036966172	0.3
42251.58585163524	750	14.154590192440804	0.0	352642	4761.5728517588705	0.3
42257.110146169725	750	12.630295657955656	0.0	437162	5524.294534485147	0.75
42261.569426289876	750	12.171015537796688	0.0	374758	4459.280120158967	0.75
42265.93790886192	750	11.802532965755235	0.0	362795	4368.482572041453	0.75
42270.220427390166	750	11.520014437507973	0.0	353220	4282.518528247262	0.75
42275.10015813683	750	10.640283690847388	0.0	405134	4879.7307466605835	0.75
42279.71639742352	750	10.02404440415471	0.0	386351	4616.23928669268	0.75
42281.853510893496	300	11.886930934183692	0.0	179801	2137.1134699710155	-0.15000000000000002
42283.53584235207	300	14.204599475610543	0.0	140051	1682.3314585731487	0.3
42285.2453330105	300	16.495108817186903	0.0	138313	1709.490658423641	0.3
42289.569248047184	750	16.171193780491755	0.0	360831	4323.915036695148	0.3
42294.01518479872	750	15.725257028952015	0.0	372963	4445.93675153974	0.75
42299.302147926785	750	14.43829390088898	0.0	405596	5286.9631280630365	0.75
42303.39725008156	750	14.34319174611436	0.0	350713	4095.1021547746195	0.75
42308.05579248385	750	13.684649343822137	0.0	386472	4658.542402292224	0.75
42312.7669312538	750	12.973510573874908	0.0	399894	4711.13876994723	0.75
42317.56756536994	750	12.17287645773017	0.0	401853	4800.634116144737	0.75
42321.625512892875	750	12.11492893479618	0.0	343800	4057.947522933989	0.75
42325.866508033214	750	11.873933794450483	0.0	359903	4240.995140345697	0.75
42330.4465789616	750	11.293862866064075	0.0	379700	4580.07092838641	0.75
42335.52219943057	750	10.21824239709865	0.0	425781	5075.620468965425	0.75
42338.92021158745	750	10.820230240217807	0.0	277716	3398.0121568808427	0.75
42343.681833178925	750	10.05860864874568	0.0	400396	4761.621591472124	0.75
42345.49115941615	300	12.24928241151393	0.0	149029	1809.3262372317522	-0.15000000000000002
42347.38792040705	300	14.352521420616863	0.0	157421	1896.7609908970662	0.3
42349.28545463015	300	16.454987197518314	0.0	157488	1897.5342230985523	0.3
42353.82615044083	750	15.91429138684028	0.0	369834	4540.695810678034	0.3
42359.018081893984	750	14.722359933682638	0.0	412837	5191.931453157641	0.75
42363.99365374037	750	13.746788087301272	0.0	401088	4975.5718463813655	0.75
42368.48421985577	750	13.256221971901981	0.0	365161	4490.566115399291	0.75
42372.3616147031	750	13.378827124575158	0.0	321064	3877.394847326823	0.75
42376.66253594124	750	13.077905886426347	0.0	361565	4300.921238148811	0.75
42381.20153730749	750	12.538904520179662	0.0	378327	4539.0013662466845	0.75
42385.92342231016	750	11.817019517518043	0.0	390680	4721.885002661618	0.75
42390.10881735741	750	11.63162447026066	0.0	345516	4185.395047257384	0.75
42394.72754000456	750	11.012901823115943	0.0	384505	4618.722647144718	0.75
42399.18516568316	750	10.555276144520532	0.0	372093	4457.62567859541	0.75
42404.542177951625	750	9.19826387605123	0.0	438281	5357.0122684693015	0.75
42406.64560037516	300	11.094841452517844	0.0	167025	2103.422423533385	-0.15000000000000002
42408.64675270169	300	13.093689125994924	0.0	160064	2001.1523265229212	0.3
42410.37716686704	300	15.363274960641146	0.0	137507	1730.4141653537793	0.3
42414.1597200945	750	15.580721733180294	0.0	314107	3782.5532274608518	0.3

