24515.599829760016	750	4.0	2.1269724728519006	450283	2126.9724728519004	-8.395981633263172
24516.38709158719	300	7.2127381728239826	0.0	155580	787.2618271760175	-0.15000000000000002
24518.061871996724	750	9.537957763290153	0.0	350812	1674.7804095338286	0.3
24519.871042889772	750	11.728786870239775	0.0	382355	1809.1708930503764	0.75
24521.806493072654	750	13.793336687356808	0.0	411561	1935.4501828829661	0.75
24523.322682682603	750	16.277147077408515	0.0	318564	1516.1896099482924	0.75
24526.33076541288	750	17.2690643471292	0.0	352642	3008.082730279316	0.75
24530.05271795875	750	17.547111801260623	0.0	437162	3721.9525458685766	0.75
24532.017664604522	750	19.582165155491815	0.0	374758	1964.9466457688095	0.75
24533.922440108585	750	21.677389651428673	0.0	362795	1904.7755040631428	0.75
24535.788708853343	750	23.8111209066742	0.0	353220	1866.2687447544693	0.75
24537.920232279783	750	25.679597480233987	0.0	405134	2131.523426440214	0.75
24542.423645798648	1850	25.176183961364032	0.0	946851	4503.413518869953	0.75
24547.14882787884	1850	24.451001881175326	0.0	1036454	4725.182080188707	1.85
24550.913803222207	1850	24.68602653780572	0.0	821631	3764.975343369606	1.85
24555.152814693025	1850	24.447015066986445	0.0	923170	4239.011470819272	1.85
24559.579682708878	1850	24.020147051134547	0.0	966699	4426.868015851898	1.85
24563.773771699856	1850	23.826058060155585	0.0	885714	4194.088990978964	1.85
24568.45990296103	1850	23.13992679898011	0.0	987708	4686.131261175476	1.85
24572.781845520727	1850	22.817984239281845	0.0	923755	4321.942559698262	1.85
24576.96616412377	1850	22.633665636239076	0.0	891604	4184.318603042771	1.85
24581.467140936827	1850	22.132688823180047	0.0	955231	4500.976813059027	1.85
24585.92012555227	1850	21.679704207738933	0.0	968026	4452.984615441112	1.85
24589.928331513525	1850	21.671498246486703	0.0	874175	4008.205961252231	1.85
24594.021083592917	1850	21.578746167092856	0.0	897976	4092.752079393847	1.85
24598.172397443625	1850	21.427432316385097	0.0	905935	4151.313850707761	1.85
24603.14926521414	1850	20.450564545874084	0.0	1076599	4976.867770511013	1.85
24606.6877444671	1850	20.912085292909644	0.0	758197	3538.4792529644415	1.85
24611.152541577376	1850	20.447288182634374	0.0	972798	4464.797110275272	1.85
24615.695299118157	1850	19.904530641854514	0.0	975811	4542.757540779857	1.85
24619.69020697231	1850	19.909622787699195	0.0	873429	3994.9078541553213	1.85
24624.178848446256	1850	19.42098131375533	0.0	954453	4488.6414739438615	1.85
24628.371182485815	1850	19.228647274198867	0.0	885062	4192.334039556467	1.85
24633.28336884544	1850	18.3164609145745	0.0	1035329	4912.186359624369	1.85
24638.41937261491	1850	17.180457145104768	0.0	1026056	5136.003769469729	1.85
24643.13473088572	1850	16.465098874294114	0.0	943942	4715.3582708106505	1.85
24646.48079528521	1850	17.119034474801442	0.0	728962	3346.064399492672	1.85
24650.735626433725	1850	16.86420332628664	0.0	938587	4254.831148514803	1.85
24654.81674136305	1850	16.78308839696015	0.0	908665	4081.114929326488	1.85
24658.99753478905	1850	16.60229497096214	0.0	930577	4180.793425998006	1.85
24662.869851025564	1850	16.729978734451873	0.0	858450	3872.3162365102694	1.85
24667.488784782898	1850	16.111044977116272	0.0	1025005	4618.933757335601	1.85
24671.54847467082	1850	16.051355089193024	0.0	886255	4059.6898879232476	1.85
24676.13804128586	1850	15.461788474151854	0.0	973972	4589.56661504117	1.85
24680.594325569484	1850	15.00550419052749	0.0	958994	4456.2842836243635	1.85
24685.178425147496	1850	14.421404612514305	0.0	982064	4584.099578013185	1.85
24689.00272047478	1850	14.59710928522943	0.0	830730	3824.295327284873	1.85
24692.801218705197	1850	14.798611054811772	0.0	846370	3798.4982304176583	1.85

