15207.031403671548	750	4.0	11.775725263192742	450283	11775.725263192742	-49.88561863172879
15210.731721591692	300	4.299682079855988	0.0	155580	3700.3179201440116	-0.15000000000000002
15214.124026924303	300	4.907376747246186	0.0	139857	3392.305332609802	0.3
15218.574796121562	300	4.456607549987847	0.0	155432	4450.769197258339	0.3
15223.72764925407	300	4.0	0.6962455825181696	163442	5152.853132506017	-2.6938560048281293
15227.26694685106	300	4.460702403008955	0.0	126289	3539.2975969910453	0.3
15230.94871487519	300	4.778934378878797	0.0	153295	3681.768024130157	0.3
15234.290350289417	300	5.437298964650124	0.0	173849	3341.635414228673	0.3
15237.524741500323	300	6.20290775374349	0.0	150710	3234.391210906635	0.3
15240.912521310216	300	6.815127943850765	0.0	139105	3387.779809892724	0.3
15245.270452741157	300	6.457196512909824	0.0	141840	4357.931430940942	0.3
15249.264054914436	300	6.4635943396319995	0.0	156148	3993.6021732778236	0.3
15253.161094582674	300	6.566554671393127	0.0	160746	3897.0396682388728	0.3
15257.487133672887	300	6.240515581181318	0.0	179801	4326.039090211809	0.3
15260.872210043972	300	6.855439210096224	0.0	140051	3385.076371085095	0.3
15264.222762280364	300	7.504886973705346	0.0	138313	3350.5522363908776	0.3
15272.919426190736	750	4.0	1.1917769366663824	360831	8696.663910371728	-4.824640827665444
15276.562193783875	300	4.357232406859846	0.0	150616	3642.767593140154	-0.15000000000000002
15280.635168975023	300	4.284257215712738	0.0	165384	4072.975191147108	0.3
15284.82394760371	300	4.095478587026798	0.0	140881	4188.77862868594	0.3
15289.185799647066	300	4.0	0.26637345632902	157671	4361.852043355818	-0.8454058622147858
15293.081650593342	300	4.104149053724336	0.0	157812	3895.8509462756642	0.3
15297.180247588627	300	4.005552058439506	0.0	163927	4098.596995284829	0.3
15300.633677788343	300	4.552121858723047	0.0	137654	3453.430199716459	0.3
15304.234572782563	300	4.951226864502807	0.0	146754	3600.89499422024	0.3
15307.941611009916	300	5.244188637150186	0.0	153938	3707.038227352621	0.3
15312.268253431866	300	4.917546215199905	0.0	181901	4326.6424219502815	0.3
15314.994078782021	300	6.191720865043127	0.0	111155	2725.825350156778	0.3
15318.702784646395	300	6.483015000669576	0.0	153605	3708.7058643735504	0.3
15322.23681657433	300	6.948983072735865	0.0	149029	3534.031927933712	0.3
15326.084313243457	300	7.101486403608975	0.0	157421	3847.4966691268896	0.3
15335.86533535408	750	4.0	2.679535707013094	400322	9781.022110622069	-11.222003540156303
15339.457180147028	300	4.408155207050218	0.0	143881	3591.8447929497825	-0.15000000000000002
15343.49172654015	300	4.373608813928902	0.0	163444	4034.546393121315	0.3
15347.929137614274	300	4.0	0.06380226019778547	179328	4437.411074126688	0.025650281149522502
15352.956610755211	300	4.0	1.0274731409359774	159914	5027.473140935977	-4.1181345060247025
15356.198416951991	300	4.758193803218744	0.0	131610	3241.806196781256	0.3
15359.217895284884	300	5.73871547032597	0.0	124011	3019.4783328927742	0.3
15362.718839718014	300	6.237771037195428	0.0	144254	3500.9444331305426	0.3
15366.401748369793	300	6.554862385415484	0.0	149991	3682.9086517799424	0.3
15370.009151729531	300	6.947459025677785	0.0	147968	3607.4033597376997	0.3
15373.975921342751	300	6.980689412458989	0.0	161857	3966.7696132187957	0.3
15378.498246412435	300	6.458364342775196	0.0	145210	4522.325069683793	0.3
15382.758495049255	300	6.19811570595583	0.0	172312	4260.248636819366	0.3
15386.89380457622	300	6.062806178990429	0.0	167025	4135.309526965401	0.3
15390.822749694618	300	6.133861060593348	0.0	160064	3928.9451183970814	0.3
15394.1654639059	300	6.791146849312092	0.0	137507	3342.7142112812558	0.3
15397.077697571574	300	7.878913183636969	0.0	118421	2912.2336656751227	0.3

