41193.01476101429	750	4.0	2.0167314798705447	450283	2016.7314798705445	-7.921945363443342
41193.76393280989	300	7.250828204399768	0.0	155580	749.171795600232	-0.15000000000000002
41195.35282531508	750	9.6619356992056	0.0	350812	1588.8925051941678	0.3
41198.181320082105	1200	10.83344093217692	0.0	617681	2828.49476702868	0.75
41201.21487678791	1200	11.799884226374296	0.0	652874	3033.5567058026254	1.2
41204.623971197354	1850	12.39078981693084	0.0	801058	3409.094409443457	1.2000000000000002
41208.47860335822	1850	12.536157656060253	0.0	905515	3854.6321608705857	1.85
41213.00223592395	1850	12.012525090327722	0.0	1060487	4523.632565732531	1.85
41216.63687219663	1850	12.377888817653947	0.0	852833	3634.6362726737752	1.85
41220.62233015289	1850	12.392430861394201	0.0	913888	3985.457956259747	1.85
41224.96723888052	1850	12.047522133760015	0.0	939819	4344.908727634184	1.85
41229.19294663792	1850	11.821814376362402	0.0	917428	4225.707757397613	1.85
41233.40364791882	1850	11.611113095466015	0.0	946851	4210.701280896387	1.85
41237.91251249894	1850	11.102248515351905	0.0	1036454	4508.864580114111	1.85
41241.55403114801	1850	11.460729866280843	0.0	821631	3641.5186490710616	1.85
41246.333462437295	1850	10.681298576994118	0.0	923170	4779.431289286723	1.85
41249.34235063292	1200	11.672410381364532	0.0	617242	3008.888195629586	0.5499999999999999
41253.37440716627	1850	11.640353848015916	0.0	885714	4032.056533348615	1.2000000000000002
41257.64068359872	1850	11.374077415568136	0.0	987708	4266.276432447782	1.85
41262.26016380955	1850	10.754597204738369	0.0	923755	4619.480210829765	1.85
41265.13917659506	1200	11.875584419228801	0.0	601738	2879.0127855095693	0.5499999999999999
41269.602100913406	1850	11.412660100882494	0.0	955231	4462.924318346307	1.2000000000000002
41273.990647561914	1850	11.02411345236946	0.0	968026	4388.5466485130355	1.85
41277.74535421041	1850	11.269406803874377	0.0	874175	3754.706648495083	1.85
41281.955589766934	1850	11.059171247355913	0.0	897976	4210.235556518464	1.85
41287.512974947545	1850	9.501786066746742	0.0	905935	5557.385180609169	1.85
41293.72271111363	1200	7.292049900659187	0.0	696376	6209.736166087556	0.5499999999999999
41295.21593086497	750	9.798830149315812	0.0	277716	1493.2197513433753	0.3
41298.45497762724	1200	10.559783387047759	0.0	622896	3239.046762268054	0.75
41301.56260631371	1200	11.452154700574289	0.0	641447	3107.6286864734707	1.2
41305.90619891092	1850	11.108562103370875	0.0	873429	4343.592597203413	1.2000000000000002
41310.66777460427	1850	10.346986410018516	0.0	954453	4761.575693352359	1.85
41313.54193425788	1200	11.472826756406924	0.0	584349	2874.1596536115926	0.5499999999999999
41318.38519112112	1850	10.629569893173546	0.0	1035329	4843.25686323338	1.2000000000000002
41321.411784781696	1200	11.602976232597767	0.0	690253	3026.5936605757797	0.5499999999999999
41325.45004680128	1850	11.564714213018382	0.0	943942	4038.262019579384	1.2000000000000002
41328.54671065132	1850	12.468050362982531	0.0	728962	3096.6638500358513	1.85
41332.67772722087	1850	12.337033793428985	0.0	938587	4131.016569553544	1.85
41336.609562072095	1850	12.40519894220387	0.0	908665	3931.8348512251137	1.85
41340.613614153815	1850	12.401146860484312	0.0	930577	4004.0520817195597	1.85
41344.364536716006	1850	12.650224298292313	0.0	858450	3750.922562192	1.85
41349.10290501344	1850	11.911856000856266	0.0	1025005	4738.368297436046	1.85
41353.41204308016	1850	11.602717934130995	0.0	886255	4309.138066725272	1.85
41357.700643871845	1850	11.314117142455073	0.0	973972	4288.60079167592	1.85
41361.82367197752	1850	11.19108903677942	0.0	958994	4123.028105675654	1.85
41366.00921011536	1850	11.005550898943538	0.0	982064	4185.538137835882	1.85
41369.4671314574	1850	11.547629556899574	0.0	830730	3457.9213420439646	1.85
41374.86744264532	1850	10.147318368982797	0.0	846370	5400.311187916776	1.85

