41046.53469061765	750	4.0	1.6344397665076353	450283	1634.4397665076353	-6.278090995982832
41047.99162827123	750	6.543062346417546	0.0	398865	1456.9376535824535	0.75
41049.282680261575	750	9.252010356073527	0.0	350812	1291.0519903440204	0.75
41051.36655492578	1200	11.168135691867962	0.0	617681	2083.874664205565	0.75
41054.54075806193	1850	11.993932555714931	0.0	996749	3174.203136153029	1.2000000000000002
41056.31799334789	1850	14.216697269752512	0.0	801058	1777.2352859624195	1.85
41057.92412732734	1850	16.610563290301894	0.0	905515	1606.1339794506218	1.85
41060.76452588295	2850	17.7701647346904	0.0	1638769	2840.3985556114912	1.85
41063.10089149054	2850	19.43379912710437	0.0	1348011	2336.36560758603	2.85
41066.827258267724	4300	19.70743234992572	0.0	2169201	3726.3667771786436	2.8499999999999996
41070.595984829015	4300	19.93870578863094	0.0	2173522	3768.7265612947804	4.3
41074.253896476555	4300	20.280794141097278	0.0	2102452	3657.911647533661	4.3
41078.20851965275	4300	20.32617096490359	0.0	2209463	3954.623176193685	4.3
41082.29698050323	4300	20.237710114417396	0.0	2275376	4088.460850486193	4.3
41085.785832870075	4300	20.74885774757539	0.0	2005399	3488.8523668420103	4.3
41089.52560765543	4300	21.009082962222063	0.0	2152483	3739.774785353327	4.3
41093.47963892394	4300	21.055051693710247	0.0	2289689	3954.0312685118156	4.3
41097.049853876866	4300	21.484836740786374	0.0	2059512	3570.214952923873	4.3
41100.97283447343	4300	21.56185614421938	0.0	2220726	3922.9805965669957	4.3
41104.67955104106	4300	21.855139576592855	0.0	2156729	3706.7165676265263	4.3
41109.14590799211	4300	21.38878262554131	0.0	2039773	4466.356951051544	4.3
41114.472330289784	4300	20.062360327866497	0.0	2176469	5326.422297674815	4.3
41118.98321218206	4300	19.55147843558777	0.0	2221506	4510.881892278723	4.3
41122.68870715926	4300	19.845983458390442	0.0	2044075	3705.4949771973293	4.3
41126.34937912983	4300	20.185311487811425	0.0	2186790	3660.671970579016	4.3
41129.907698836425	4300	20.62699178122015	0.0	2105231	3558.319706591275	4.3
41134.00441450335	4300	20.5302761142908	0.0	2395588	4096.715666929353	4.3
41137.43403786288	4300	21.100652754763562	0.0	1972048	3429.6233595272356	4.3
41141.09820966558	4300	21.436480952058787	0.0	2134614	3664.171802704776	4.3
41144.94853338003	4300	21.586157237610102	0.0	2164140	3850.3237144486866	4.3
41148.837715177106	4300	21.696975440538854	0.0	2113193	3889.1817970712495	4.3
41152.89364651131	4300	21.6410441063302	0.0	2147852	4055.9313342086534	4.3
41156.92606735722	4300	21.60862326042255	0.0	2191074	4032.420845907649	4.3
41161.384435007785	4300	21.1502556098564	0.0	2286761	4458.36765056615	4.3
41166.34728012338	4300	20.18741049426387	0.0	2307787	4962.845115592532	4.3
41170.69158709336	4300	19.843103524284757	0.0	2143948	4344.306969979113	4.3
41174.23092729271	4300	20.30376332493282	0.0	1919781	3539.340199351938	4.3
41177.87527794373	4300	20.659412673914296	0.0	2147467	3644.3506510185257	4.3
41181.5812818617	4300	20.953408755946576	0.0	2133870	3706.0039179677206	4.3
41185.22894443482	4300	21.30574618282828	0.0	2146120	3647.662573118298	4.3
41188.787541372796	4300	21.7471492448513	0.0	2108491	3558.5969379769786	4.3
41192.60018368712	4300	21.93450693052767	0.0	2184571	3812.6423143236325	4.3
41196.25873843764	4300	22.27595218001088	0.0	2121928	3658.554750516792	4.3
41200.11102592336	4300	22.423664694283865	0.0	2219102	3852.2874857270126	4.3
41203.84630678583	4300	22.688383831815443	0.0	2124950	3735.2808624684194	4.3
41207.72862606322	4300	22.806064554423433	0.0	2246506	3882.319277392012	4.3
41211.1510586554	4300	23.38363196224648	0.0	1961140	3422.4325921769505	4.3
41215.16836192108	4300	23.366328696562114	0.0	2155012	4017.3032656843625	4.3

