15980.830097001368	750	4.0	8.838368564901426	450283	8838.368564901426	-37.25498482907613
15982.45949262016	300	6.370604381207748	0.0	155580	1629.3956187922522	-0.15000000000000002
15983.122758431395	300	9.707338569972165	0.0	139857	663.2658112355833	0.3
15983.850978910685	300	12.979118090682826	0.0	155432	728.2204792893397	0.3
15985.647371086536	750	15.182725914832293	0.0	411561	1796.3921758505323	0.3
15987.055924465276	750	17.774172536092205	0.0	318564	1408.553378740087	0.75
15988.817108217272	750	20.01298878409592	0.0	352642	1761.1837519962883	0.75
15991.084097961553	750	21.74599903981574	0.0	437162	2266.9897442801803	0.75
15995.18947833537	1850	21.640618665999394	0.0	852833	4105.380373816345	0.75
15999.33534344498	1850	21.494753556387334	0.0	913888	4145.86510961206	1.85
16003.52665646041	1850	21.303440540958764	0.0	939819	4191.313015428573	1.85
16009.250647172801	1850	19.579449828566627	0.0	917428	5723.990712392135	1.85
16021.367630792543	1850	11.462466208824347	0.0	946851	12116.98361974228	1.85
16023.673379379352	750	13.156717622014384	0.0	434409	2305.748586809965	-0.3500000000000001
16025.301644764384	750	15.528452236982938	0.0	337059	1628.2653850314457	0.75
16027.063832333071	750	17.76626466829643	0.0	366214	1762.1875686865085	0.75
16033.055825160258	1850	15.774271841110691	0.0	966699	5991.992827185739	0.75
16038.162116089397	1850	14.667980911970087	0.0	885714	5106.290929140602	1.85
16043.203177080248	1850	13.626919921120212	0.0	987708	5041.060990849875	1.85
16047.884919787213	1850	12.945177214154237	0.0	923755	4681.742706965975	1.85
16052.588358810694	1850	12.241738190673654	0.0	891604	4703.439023480583	1.85
16057.709398064888	1850	11.12069893647916	0.0	955231	5121.039254194493	1.85
16062.908348196288	1850	9.921748805077328	0.0	968026	5198.950131401832	1.85
16067.434312092071	1850	9.395784909294843	0.0	874175	4525.9638957824845	1.85
16072.071134084214	1850	8.758962917153076	0.0	897976	4636.821992141767	1.85
16076.704457640024	1850	8.125639361343541	0.0	905935	4633.323555809534	1.85
16078.904045329962	750	9.926051671405816	0.0	425781	2199.587689937726	-0.3500000000000001
16084.794885326613	750	8.035211674755082	0.0	277716	5890.839996650734	0.75
16086.801754868025	750	10.028342133343426	0.0	400396	2006.8695414116567	0.75
16088.809163399308	750	12.020933602060145	0.0	400508	2007.4085312832792	0.75
16090.741313665563	750	14.08878333580602	0.0	358218	1932.1502662541252	0.75
16092.964322323447	750	15.865774677921923	0.0	400322	2223.0086578840974	0.75
16094.979014549517	750	17.851082451850928	0.0	369834	2014.6922260709944	0.75
16097.014967272342	750	19.81512972902724	0.0	412837	2035.952722823687	0.75
16102.295286114555	1850	18.534810886813908	0.0	1026056	5280.318842213335	0.75
16107.47108563819	1850	17.359011363179604	0.0	943942	5175.799523634301	1.85
16115.357119366485	1850	13.47297763488362	0.0	728962	7886.0337282959845	1.85
16117.322941498407	750	15.507155502962913	0.0	361565	1965.8221319207075	-0.3500000000000001
16119.376189544271	750	17.45390745709795	0.0	378327	2053.2480458649634	0.75
16121.596082268923	750	19.234014732445882	0.0	390680	2219.892724652069	0.75
16130.28608781081	1850	14.544009190560931	0.0	858450	8690.00554188495	0.75
16132.250473896403	750	16.579623104966196	0.0	384505	1964.3860855947357	-0.3500000000000001
16134.15403112387	750	18.676065877499187	0.0	372093	1903.5572274670083	0.75
16137.547264606243	1200	19.282832395125048	0.0	634861	3393.2334823741376	0.75
16142.637799766702	1850	18.192297234665038	0.0	958994	5090.535160460011	1.2000000000000002
16156.207183390852	1850	8.622913610515713	0.0	982064	13569.383624149325	1.85
16158.05709189094	750	10.773005110427398	0.0	331053	1849.9085000883144	-0.3500000000000001
16159.816401999104	750	13.013695002265743	0.0	314107	1759.3101081616542	0.75

