28665.084058022523	750	4.0	3.849413752622151	450283	3849.413752622151	-15.802479136275249
28666.457995386812	300	6.6260626357093475	0.0	155580	1373.9373642906517	-0.15000000000000002
28667.570904086795	300	9.51315393572624	0.0	139857	1112.9086999831059	0.3
28668.798841373133	300	12.285216649385378	0.0	155432	1227.9372863408632	0.3
28671.958371108278	750	13.125686914239912	0.0	411561	3159.529735145466	0.3
28674.722437874192	750	14.361620148327662	0.0	318564	2764.0667659122496	0.75
28677.7526982868	750	15.331359735716859	0.0	352642	3030.260412610803	0.75
28681.437263628166	750	15.646794394353627	0.0	437162	3684.5653413632313	0.75
28684.620502764647	750	16.463555257872812	0.0	374758	3183.2391364808136	0.75
28687.573349507784	750	17.510708514734606	0.0	362795	2952.8467431382037	0.75
28689.999209046106	750	19.08484897641175	0.0	353220	2425.8595383228617	0.75
28692.861476214963	750	20.222581807553606	0.0	405134	2862.2671688581436	0.75
28695.916110182814	750	21.167947839704553	0.0	386351	3054.633967849052	0.75
28699.30784860301	750	21.7762094195095	0.0	434409	3391.7384201950545	0.75
28701.93996885346	750	23.144089169055547	0.0	337059	2632.120250453949	0.75
28704.649114482458	750	24.434943540058065	0.0	366214	2709.1456289974813	0.75
28707.288864488444	750	25.79519353407247	0.0	360831	2639.750005985597	0.75
28714.24325191269	1850	22.840806109832222	0.0	885714	6954.38742424025	0.75
28723.54118737469	1850	17.542870647830444	0.0	987708	9297.935462001775	1.85
28729.80738512629	1850	15.276672896229142	0.0	923755	6266.197751601304	1.85
28736.24245088606	1850	12.841607136459134	0.0	891604	6435.065759770008	1.85
28742.690282677788	1850	10.39377534473188	0.0	955231	6447.8317917272525	1.85
28745.3777100054	750	11.706348017121394	0.0	401853	2687.4273276104873	-0.3500000000000001
28747.689159076977	750	13.394898945540996	0.0	343800	2311.449071580398	0.75
28750.320309461345	750	14.763748561174346	0.0	359903	2631.1503843666505	0.75
28753.148285683063	750	15.935772339455292	0.0	379700	2827.9762217190537	0.75
28757.00426532284	750	16.079792699676915	0.0	425781	3855.9796397783757	0.75
28759.532892933243	750	17.551165089276697	0.0	277716	2528.627610400222	0.75
28763.06999063662	750	18.01406738589739	0.0	400396	3537.0977033793056	0.75
28766.229879678176	750	18.854178344344437	0.0	400508	3159.889041552952	0.75
28769.04263666385	750	20.041421358668202	0.0	358218	2812.7569856762343	0.75
28772.479342175142	750	20.604715847376784	0.0	400322	3436.7055112914177	0.75
28775.218060372725	750	21.86599764979119	0.0	369834	2738.718197585595	0.75
28777.90223189359	750	23.181826128929366	0.0	412837	2684.1715208618225	0.75
28780.5075707957	750	24.576487226818813	0.0	401088	2605.338902110553	0.75
28787.96569528517	1850	21.11836273735167	0.0	943942	7458.12448946714	0.75
28793.73968424739	1850	19.34437377512947	0.0	728962	5773.988962222204	1.85
28799.394205600354	1850	17.689852422165036	0.0	938587	5654.521352964432	1.85
28806.16240015861	1850	14.921657863909711	0.0	908665	6768.194558255325	1.85
28813.551453289172	1850	11.532604733346208	0.0	930577	7389.053130563503	1.85
28819.726728306854	1850	9.357329715666369	0.0	858450	6175.275017679841	1.85
28822.407614490643	750	10.67644353187438	0.0	384505	2680.886183791989	-0.3500000000000001
28825.037912113054	750	12.046145909466741	0.0	372093	2630.297622407639	0.75
28828.382425811727	750	12.701632210791326	0.0	438281	3344.5136986754146	0.75
28831.39941542908	750	13.68464259343447	0.0	398987	3016.989617356856	0.75
28834.348749396802	750	14.735308625716153	0.0	393804	2949.333967718317	0.75
28836.95677281426	750	16.127285208256154	0.0	331053	2608.023417459999	0.75
28839.46909958284	750	17.614958439677576	0.0	314107	2512.3267685785772	0.75

