4291.051495560814	750	4.0	2.1363906390048166	450283	2136.3906390048164	-8.43647974772071
4291.842011515483	300	7.209484045330671	0.0	155580	790.5159546693287	-0.15000000000000002
4293.524129545368	750	9.527366015446004	0.0	350812	1682.1180298846673	0.3
4296.47052983431	1200	10.580965726504234	0.0	617681	2946.400288941772	0.75
4299.655486245235	1200	11.396009315579022	0.0	652874	3184.9564109252115	1.2
4304.291376350732	1850	10.760119210080976	0.0	801058	4635.890105498045	1.2000000000000002
4306.946774132093	1200	12.104721428720072	0.0	561791	2655.397781360903	0.5499999999999999
4312.094491679743	1850	10.957003881069861	0.0	1060487	5147.717547650213	1.2000000000000002
4315.054263246088	1200	11.997232314725775	0.0	584846	2959.771566344087	0.5499999999999999
4319.123627711337	1850	11.927867849477439	0.0	913888	4069.3644652483335	1.2000000000000002
4323.959539248426	1850	11.091956312387756	0.0	939819	4835.9115370896825	1.85
4328.830606216065	1850	10.220889344749208	0.0	917428	4871.066967638548	1.85
4331.756869883585	1200	11.294625677228893	0.0	624282	2926.2636675203157	0.5499999999999999
4336.333867996118	1850	10.717627564695839	0.0	1036454	4576.998112533054	1.2000000000000002
4338.834782686785	1200	12.216712874028907	0.0	526950	2500.9146906669307	0.5499999999999999
4343.138189521165	1850	11.913306039648344	0.0	923170	4303.406834380565	1.2000000000000002
4347.525187185891	1850	11.526308374922946	0.0	966699	4386.997664725397	1.85
4351.5842210234805	1850	11.467274537333305	0.0	885714	4059.033837589641	1.85
4356.449991145018	1850	10.601504415794988	0.0	987708	4865.770121538317	1.85
4359.419619586172	1200	11.631875974641128	0.0	586839	2969.6284411538613	0.5499999999999999
4363.843370917571	1850	11.208124643243137	0.0	891604	4423.751331397991	1.2000000000000002
4368.263144886561	1850	10.788350674251822	0.0	955231	4419.773968991313	1.85
4371.196769590767	1200	11.854725970046005	0.0	656471	2933.624704205817	0.5499999999999999
4375.042475828419	1850	12.00901973239437	0.0	874175	3845.706237651635	1.2000000000000002
4379.785841248881	1850	11.265654311932064	0.0	897976	4743.365420462308	1.85
4384.657303929298	1850	10.394191631514664	0.0	905935	4871.462680417399	1.85
4388.129257822818	1200	10.922237737996007	0.0	696376	3471.9538935186574	0.5499999999999999
4390.475702029086	1200	12.575793531726601	0.0	487160	2346.4442062694056	1.2
4396.164838403195	1850	10.886657157618005	0.0	972798	5689.136374108597	1.2000000000000002
4399.590538227548	1200	11.46095733326532	0.0	641447	3425.699824352686	0.5499999999999999
4403.648376252619	1850	11.403119308195059	0.0	873429	4057.8380250702617	1.2000000000000002
4407.751366371446	1850	11.300129189367805	0.0	954453	4102.990118827254	1.85
4411.698281131115	1850	11.353214429698262	0.0	885062	3946.914759669541	1.85
4417.10869270985	1850	9.942802850963695	0.0	1035329	5410.411578734567	1.85
4420.510260254342	1200	10.541235306471455	0.0	690253	3401.56754449224	0.5499999999999999
4423.402502236649	1200	11.648993324164799	0.0	598727	2892.2419823066557	1.2
4426.846174219774	1850	12.205321341038948	0.0	728962	3443.6719831258533	1.2000000000000002
4431.26079171302	1850	11.790703847792818	0.0	938587	4414.617493246128	1.85
4435.5875256952395	1850	11.463969865573432	0.0	908665	4326.733982219385	1.85
4439.913532612957	1850	11.137962947855925	0.0	930577	4326.006917717506	1.85
4444.135618562234	1850	10.915876998578328	0.0	858450	4222.085949277596	1.85
4447.563920852115	1200	11.487574708697585	0.0	641452	3428.3022898807444	0.5499999999999999
4451.985292556182	1850	11.066203004631243	0.0	886255	4421.371704066342	1.2000000000000002
4457.072583315356	1850	9.978912245457087	0.0	973972	5087.290759174158	1.85
4460.043315456927	1200	11.008180103884921	0.0	630203	2970.732141572166	0.5499999999999999
4464.547132103272	1850	10.504363457540551	0.0	982064	4503.81664634437	1.2000000000000002
4467.046370458799	1200	12.005125102013299	0.0	538612	2499.2383555272513	0.5499999999999999
4471.224562208878	1850	11.826933351934652	0.0	846370	4178.191750078646	1.2000000000000002

