24586.76450728554	750	4.0	4.664598025000137	450283	4664.598025000137	-19.307771507500586
24588.411516872515	300	6.352990413027774	0.0	155580	1647.0095869722265	-0.15000000000000002
24589.89471796231	300	8.869789323231036	0.0	139857	1483.201089796738	0.3
24591.534184787633	300	11.230322497907407	0.0	155432	1639.4668253236275	0.3
24593.37324123054	300	13.391266055003616	0.0	163442	1839.0564429037913	0.3
24597.154747156117	750	13.6097601294267	0.0	318564	3781.505925576915	0.3
24601.339416367842	750	13.425090917700334	0.0	352642	4184.669211726367	0.75
24606.3082846253	750	12.456222660244585	0.0	437162	4968.86825745575	0.75
24610.448487950154	750	12.316019335390889	0.0	374758	4140.203324853695	0.75
24614.349320882524	750	12.415186403017847	0.0	362795	3900.8329323730422	0.75
24618.039124471452	750	12.725382814091608	0.0	353220	3689.8035889262383	0.75
24622.351348123244	750	12.413159162297811	0.0	405134	4312.223651793798	0.75
24626.482723704856	750	12.281783580688039	0.0	386351	4131.375581609771	0.75
24631.234206466197	750	11.53030081934557	0.0	434409	4751.4827613424695	0.75
24635.0686990351	750	11.695808250446598	0.0	337059	3834.4925688989715	0.75
24639.3216197119	750	11.44288757364682	0.0	366214	4252.920676799778	0.75
24643.485759933046	750	11.278747352498339	0.0	360831	4164.14022114848	0.75
24648.010183854585	750	10.754323430962716	0.0	372963	4524.423921535625	0.75
24652.305136394556	750	10.45937089098815	0.0	405596	4294.952539974566	0.75
24656.280633381855	750	10.483873903689496	0.0	350713	3975.4969872986558	0.75
24660.937285151525	750	9.827222134017596	0.0	386472	4656.651769671898	0.75
24665.52606700823	750	9.238440277312424	0.0	399894	4588.781856705172	0.75
24667.264214813727	300	11.500292471815316	0.0	163927	1738.147805497109	-0.15000000000000002
24668.736607025006	300	14.027900260538962	0.0	137654	1472.3922112763548	0.3
24672.556369894843	750	14.208137390700966	0.0	359903	3819.7628698379954	0.3
24676.812893637034	750	13.951613648509484	0.0	379700	4256.523742191481	0.75
24681.80211928234	750	12.962388003207533	0.0	425781	4989.225645301952	0.75
24685.03471814853	750	13.729789137017912	0.0	277716	3232.5988661896213	0.75
24689.250471689655	750	13.514035595892047	0.0	400396	4215.753541125865	0.75
24693.549661708817	750	13.214845576730845	0.0	400508	4299.190019161203	0.75
24697.34081566498	750	13.423691620572225	0.0	358218	3791.153956158619	0.75
24701.513778537963	750	13.250728747588077	0.0	400322	4172.962872984149	0.75
24705.345340098196	750	13.41916718735767	0.0	369834	3831.561560230407	0.75
24709.630315284903	750	13.134192000650028	0.0	412837	4284.975186707643	0.75
24713.862110399958	750	12.902396885595628	0.0	401088	4231.7951150543995	0.75
24717.728414786343	750	13.036092499212039	0.0	365161	3866.304386383589	0.75
24721.15633163207	750	13.608175653485475	0.0	321064	3427.916845726564	0.75
24725.048177832487	750	13.716329453069276	0.0	361565	3891.846200416197	0.75
24729.04774142151	750	13.716765864047796	0.0	378327	3999.5635890214817	0.75
24733.129128725926	750	13.635378559630487	0.0	390680	4081.3873044173074	0.75
24736.715511841132	750	14.048995444423849	0.0	345516	3586.3831152066396	0.75
24740.673786834574	750	14.090720450983378	0.0	384505	3958.274993440471	0.75
24744.600412044918	750	14.164095240641332	0.0	372093	3926.6252103420447	0.75
24749.141813941118	750	13.622693344439611	0.0	438281	4541.401896201722	0.75
24753.23909649479	750	13.525410790765532	0.0	398987	4097.282553674078	0.75
24757.255018951088	750	13.509488334469042	0.0	393804	4015.9224562964905	0.75
24760.625019348605	750	14.139487936949564	0.0	331053	3370.0003975194786	0.75
24763.868828591018	750	14.895678694538278	0.0	314107	3243.8092424112883	0.75

