29422.19970664179	750	4.0	5.511173091912129	450283	5511.173091912129	-22.948044295222154
29424.144945306285	300	6.054761335501532	0.0	155580	1945.2386644984676	-0.15000000000000002
29425.901681929892	300	8.298024711894628	0.0	139857	1756.7366236069042	0.3
29430.764051984053	750	7.435654657735343	0.0	382355	4862.370054159285	0.3
29435.80844051676	750	6.391266125027418	0.0	411561	5044.388532707925	0.75
29438.124035496086	300	8.07567114570343	0.0	126289	2315.594979323988	-0.15000000000000002
29445.93808141895	750	4.261625222839922	0.0	352642	7814.045922863508	0.3
29448.247416938404	300	5.95228970338311	0.0	173849	2309.3355194568107	-0.15000000000000002
29450.13989993247	300	8.059806709316584	0.0	150710	1892.4829940665265	0.3
29455.12579970157	750	7.073906940213975	0.0	362795	4985.899769102609	0.3
29459.968836184114	750	6.230870457670488	0.0	353220	4843.036482543487	0.75
29461.949519203274	300	8.250187438509737	0.0	156148	1980.6830191607492	-0.15000000000000002
29467.161577523573	750	7.038129118210565	0.0	386351	5212.058320299173	0.3
29472.727205618605	750	5.472501023180916	0.0	434409	5565.628095029649	0.75
29474.622216926422	300	7.577489715362881	0.0	140051	1895.0113078180357	-0.15000000000000002
29479.395891232296	750	6.803815409487426	0.0	366214	4773.674305875455	0.3
29481.26369837364	300	8.936008268144128	0.0	143509	1867.8071413432972	-0.15000000000000002
29486.124263811296	750	8.075442830486418	0.0	372963	4860.565437657711	0.3
29491.1428611362	750	7.056845505584733	0.0	405596	5018.597324901684	0.75
29495.43116999822	750	6.768536643561172	0.0	350713	4288.308862023562	0.75
29497.459808913405	300	8.739897728375304	0.0	157671	2028.6389151858655	-0.15000000000000002
29502.459369711683	750	7.740336930100914	0.0	399894	4999.560798274391	0.3
29507.524830743707	750	6.674875898076803	0.0	401853	5065.46103202411	0.75
29509.21812178438	300	8.981584857405181	0.0	137654	1693.2910406716212	-0.15000000000000002
29513.151112002106	750	9.048594639679326	0.0	359903	3932.990217725856	0.3
29520.714239826462	1200	5.485466815322264	0.0	590335	7563.127824357062	0.75
29523.088648780536	300	7.111057861248189	0.0	181901	2374.408954074075	-0.6000000000000001
29526.567428021426	750	7.632278620358256	0.0	277716	3478.779240889933	0.3
29531.592339290317	750	6.607367351469391	0.0	400396	5024.9112688888645	0.75
29533.54323935238	300	8.656467289405885	0.0	149029	1950.9000620635056	-0.15000000000000002
29538.118246777656	750	8.081459864128027	0.0	358218	4575.007425277859	0.3
29543.586250892986	750	6.61345574880049	0.0	400322	5468.004115327537	0.75
29545.416900326527	300	8.782806315258139	0.0	143881	1830.649433542352	-0.15000000000000002
29550.16896794189	750	8.03073869989878	0.0	412837	4752.067615359358	0.3
29554.695035649394	750	7.504670992394107	0.0	401088	4526.067707504673	0.75
29560.119306003242	750	6.080400638544715	0.0	365161	5424.270353849392	0.75
29561.833703482167	300	8.366003159622386	0.0	131610	1714.3974789223296	-0.15000000000000002
29566.383200151737	750	7.816506490049893	0.0	361565	4549.4966695724925	0.3
29571.285886627724	750	6.9138200140633295	0.0	378327	4902.686475986563	0.75
29573.464454950976	300	8.73525169080985	0.0	149991	2178.56832325348	-0.15000000000000002
29577.746992929424	750	8.452713712361627	0.0	345516	4282.537978448223	0.3
29582.157571260082	750	8.04213538170153	0.0	384505	4410.578330660095	0.75
29586.395931632465	750	7.803775009318853	0.0	372093	4238.360372382678	0.75
29591.633964581368	750	6.565742060417414	0.0	438281	5238.032948901439	0.75
29593.919422404502	300	8.2802842372812	0.0	167025	2285.4578231362134	-0.15000000000000002
29598.915740638473	750	7.283966003310251	0.0	393804	4996.31823397095	0.3
29603.048218560885	750	7.151488080898529	0.0	331053	4132.477922411722	0.75
29606.91467072628	750	7.285035915504953	0.0	314107	3866.452165393576	0.75

