27485.244415162248	750	4.0	20.327915635219746	450283	20327.915635219746	-86.6600372314449
27490.538901380536	300	4.0	1.2944862182903845	155580	5294.486218290384	-5.716290738648653
27495.083702725176	300	4.0	0.5448013446408313	139857	4544.801344640831	-2.042645781955575
27502.415597810716	300	4.0	3.3318950855405602	155432	7331.89508554056	-14.027148867824408
27508.284135394028	300	4.0	1.8685375833138422	163442	5868.537583313842	-7.734711608249522
27512.442517588308	300	4.0	0.15838219427638434	126289	4158.382194276384	-0.3810434353884526
27517.450381235103	300	4.0	1.007863646798638	153295	5007.863646798638	-4.033813681234143
27523.20545967883	300	4.0	1.7550784437238336	173849	5755.0784437238335	-7.246837308012484
27531.42619649131	300	4.0	4.2207368124799	150710	8220.7368124799	-17.849168293663567
27536.019921645464	300	4.0	0.5937251541533606	139105	4593.725154153361	-2.253018162859451
27540.64650537694	300	4.0	0.6265837314746104	141840	4626.58373147461	-2.394310045340825
27545.747742626678	300	4.0	1.1012372497407406	156148	5101.2372497407405	-4.435320173885184
27551.031019575614	300	4.0	1.283276948935406	160746	5283.276948935406	-5.2180908804222454
27556.82130134017	300	4.0	1.7902817645570677	179801	5790.281764557068	-7.398211587595391
27561.412366864206	300	4.0	0.591065524034715	140051	4591.065524034715	-2.2415817533492746
27565.901592532857	300	4.0	0.48922566865376665	138313	4489.225668653767	-1.8036703752111964
27570.542087946287	300	4.0	0.6404954134316968	143509	4640.495413431697	-2.4541302777562963
27575.52399866799	300	4.0	0.9819107217027558	150616	4981.910721702756	-3.9222161033218503
27580.968559571433	300	4.0	1.4445609034407225	165384	5444.5609034407225	-5.911611884795107
27587.0193838062	300	4.0	2.050824234765849	140881	6050.824234765849	-8.51854420949315
27592.15759904512	300	4.0	1.1382152389203948	157671	5138.215238920395	-4.5943255273576975
27597.29825425278	300	4.0	1.140655207661205	157812	5140.655207661205	-4.604817392943182
27602.627436534036	300	4.0	1.3291822812566971	163927	5329.182281256697	-5.415483809403797
27607.23151419457	300	4.0	0.604077660536067	137654	4604.077660536067	-2.2975339403050885
27612.221036857427	300	4.0	0.9895226628542141	146754	4989.522662854214	-3.954947450273121
27622.08744998319	300	4.0	5.866413125765317	153938	9866.413125765317	-24.92557644079086
27633.468815798125	300	4.0	7.381365814933624	181901	11381.365814933624	-31.439873004214583
27637.229798215376	300	4.239017582752962	0.0	111155	3760.9824172470376	0.3
27661.17091876838	300	4.0	19.70210297025276	153605	23941.120553005723	-84.41904277208687
27666.957556049543	300	4.0	1.7866372811653937	149029	5786.637281165394	-7.382540309011192
27672.133329510223	300	4.0	1.1757734606783452	157421	5175.773460678345	-4.755825880916884
27686.402122378815	300	4.0	10.268792868591104	157488	14268.792868591105	-43.855809334941746
27705.454395630037	300	4.0	15.052273251219143	143881	19052.273251219143	-64.42477498024232
27737.70542059818	300	4.0	28.251024968141788	163444	32251.024968141788	-121.17940736300969
27751.678569157273	300	4.0	9.973148559091868	179328	13973.148559091867	-42.58453880409503
27760.7785733923	300	4.0	5.100004235028406	159914	9100.004235028406	-21.630018210622143
27773.279915087132	300	4.0	8.5013416948318	131610	12501.341694831799	-36.25576928777674
27782.937746202162	300	4.0	5.657831115029687	124011	9657.831115029687	-24.028673794627654
27790.428701146746	300	4.0	3.490954944579059	144254	7490.954944579059	-14.711106261689952
27796.254141329446	300	4.0	1.8254401826997009	149991	5825.440182699701	-7.549392785608713
27801.635684401674	300	4.0	1.3815430722268174	147968	5381.5430722268175	-5.640635210575315
27806.989111762225	300	4.0	1.353427360552805	161857	5353.427360552805	-5.519737650377062
27818.547047511838	300	4.0	7.557935749611544	145210	11557.935749611544	-32.19912372332964
27824.33864783183	300	4.0	1.7916003199913375	172312	5791.6003199913375	-7.403881375962751
27829.837545739094	300	4.0	1.4988979072658175	167025	5498.897907265818	-6.145261001243015
27835.105411193224	300	4.0	1.2678654541288896	160064	5267.86545412889	-5.151821452754225
27839.69275471125	300	4.0	0.5873435180268716	137507	4587.343518026872	-2.225577127515548
27843.692435366887	300	4.000319344364306	0.0	118421	3999.6806556356937	0.3

