11385.833888895477	750	4.0	4.964613199394635	450283	4964.613199394635	-20.59783675739693
11387.711086526982	300	6.12280236849375	0.0	155580	1877.1976315062489	-0.15000000000000002
11389.413881095215	300	8.42000780026125	0.0	139857	1702.7945682325	0.3
11391.309622343504	300	10.524266551971806	0.0	155432	1895.7412482894442	0.3
11393.50052950005	300	12.333359395426722	0.0	163442	2190.907156545085	0.3
11395.211593448685	300	14.622295446790984	0.0	126289	1711.0639486357377	0.3
11397.174091123468	300	16.659797772007206	0.0	153295	1962.4976747837782	0.3
11402.257578855642	750	15.576310039832581	0.0	437162	5083.4877321746235	0.3
11406.673000228322	750	15.16088866715354	0.0	374758	4415.421372679041	0.75
11410.773894648602	750	15.05999424687257	0.0	362795	4100.894420280971	0.75
11414.88417710114	750	14.94971179433528	0.0	353220	4110.282452537289	0.75
11419.613499138224	750	14.220389757248533	0.0	405134	4729.322037086748	0.75
11425.881916798775	750	11.951972096699029	0.0	386351	6268.417660549506	0.75
11431.4261904388	750	10.407698456673451	0.0	434409	5544.273640025576	0.75
11433.125828729571	300	12.708060165900967	0.0	140051	1699.6382907724835	-0.15000000000000002
11434.807270007039	300	15.026618888434506	0.0	138313	1681.4412774664638	0.3
11438.95256374734	750	14.881325148134126	0.0	360831	4145.293740300381	0.3
11443.291621145101	750	14.542267750371513	0.0	372963	4339.057397762613	0.75
11448.68845008947	750	13.1454388060035	0.0	405596	5396.828944368011	0.75
11452.79237634602	750	13.041512549453161	0.0	350713	4103.926256550341	0.75
11457.319983634698	750	12.513905260775486	0.0	386472	4527.607288677676	0.75
11462.37832178845	750	11.455567107021787	0.0	399894	5058.3381537537	0.75
11467.200182041337	750	10.633706854135275	0.0	401853	4821.860252886511	0.75
11468.879092865063	300	12.954796030410112	0.0	137654	1678.910823725162	-0.15000000000000002
11470.653756321868	300	15.180132573604523	0.0	146754	1774.6634568055915	0.3
11475.3228332782	750	14.51105561727216	0.0	379700	4669.076956332363	0.3
11480.578814994458	750	13.255073901013505	0.0	425781	5255.981716258653	0.75
11483.89309321161	750	13.940795683860086	0.0	277716	3314.2782171534204	0.75
11488.56509993528	750	13.26878896019249	0.0	400396	4672.006723667597	0.75
11493.174291788948	750	12.65959710652487	0.0	400508	4609.191853667618	0.75
11497.350506426068	750	12.483382469405038	0.0	358218	4176.214637119831	0.75
11501.73978134777	750	12.094107547704079	0.0	400322	4389.27492170096	0.75
11505.745287328158	750	12.088601567315601	0.0	369834	4005.5059803884783	0.75
11510.183818209003	750	11.65007068646972	0.0	412837	4438.530880845881	0.75
11514.533683536822	750	11.300205358651768	0.0	401088	4349.865327817952	0.75
11518.883809911482	750	10.9500789839923	0.0	365161	4350.126374659469	0.75
11522.920875678885	750	10.9130132165878	0.0	321064	4037.065767404499	0.75
11527.289875753242	750	10.544013142231229	0.0	361565	4369.000074356571	0.75
11529.106465175106	300	12.727423720367797	0.0	144254	1816.5894218634335	-0.15000000000000002
11531.949740516091	300	13.884148379382188	0.0	149991	2843.275340985609	0.3
11534.501467707856	300	15.332421187617564	0.0	147968	2551.727191764623	0.3
11538.695149896339	750	15.138738999135002	0.0	384505	4193.682188482562	0.3
11543.044302999264	750	14.789585896209653	0.0	372093	4349.153102925349	0.75
11548.412769996798	750	13.421118898675108	0.0	438281	5368.466997534546	0.75
11552.971952739694	750	12.861936155779425	0.0	398987	4559.182742895682	0.75
11557.967098347599	750	11.86679054787314	0.0	393804	4995.145607906284	0.75
11562.392244524211	750	11.441644371262052	0.0	331053	4425.146176611089	0.75
11566.247318188432	750	11.586570707040355	0.0	314107	3855.0736642216975	0.75

