14639.14904329764	750	4.0	1.6554738824205308	450283	1655.4738824205308	-6.368537694408282
14639.77339479798	300	7.375648499661354	0.0	155580	624.3515003386453	-0.15000000000000002
14641.080834305221	750	10.068208992418773	0.0	350812	1307.4395072425814	0.3
14643.076234528606	1200	12.07280876903563	0.0	617681	1995.4002233831422	0.75
14644.957900992677	1850	14.191142304964384	0.0	996749	1881.6664640712463	1.2000000000000002
14647.250803323457	2850	15.89823997418315	0.0	1224260	2292.9023307812336	1.85
14651.194704969936	4300	15.95433832770496	0.0	2157535	3943.9016464781907	2.8499999999999996
14655.334300890592	4300	15.814742407047232	0.0	2290172	4139.595920657728	4.3
14659.04181532299	4300	16.107227974650577	0.0	2055469	3707.5144323966547	4.3
14662.981502107914	4300	16.16754118972575	0.0	2169201	3939.686784924827	4.3
14667.00825311869	4300	16.14079017895094	0.0	2173522	4026.7510107748085	4.3
14670.915887921677	4300	16.233155375962387	0.0	2102452	3907.634802988556	4.3
14674.981230155596	4300	16.16781314204319	0.0	2209463	4065.342233919197	4.3
14679.1158787042	4300	16.03316459344073	0.0	2275376	4134.648548602458	4.3
14682.892066273924	4300	16.256977023716143	0.0	2005399	3776.187569724589	4.3
14686.848473847558	4300	16.300569450082044	0.0	2152483	3956.4075736340988	4.3
14691.435031375388	4300	15.714011922253867	0.0	2289689	4586.557527828177	4.3
14695.581702772359	4300	15.567340525283837	0.0	2059512	4146.671396970028	4.3
14699.627014198555	4300	15.522029099087241	0.0	2220726	4045.3114261965966	4.3
14703.530695604562	4300	15.61834769307926	0.0	2156729	3903.6814060079805	4.3
14707.206171369595	4300	15.942871928047335	0.0	2039773	3675.4757650319243	4.3
14711.130656607325	4300	16.01838669031653	0.0	2176469	3924.485237730806	4.3
14715.15607808314	4300	15.992965214501183	0.0	2221506	4025.4214758153466	4.3
14718.895638729527	4300	16.253404568113822	0.0	2044075	3739.560646387361	4.3
14722.850911370497	4300	16.29813192714329	0.0	2186790	3955.272640970531	4.3
14726.652173035676	4300	16.496870261964823	0.0	2105231	3801.2616651784706	4.3
14730.989946332029	4300	16.159096965612463	0.0	2395588	4337.77329635236	4.3
14734.623662121561	4300	16.525381176080213	0.0	1972048	3633.715789532251	4.3
14738.52548563635	4300	16.623557661291134	0.0	2134614	3901.823514789078	4.3
14742.532462877385	4300	16.61658042025522	0.0	2164140	4006.9772410359146	4.3
14746.442052577497	4300	16.7069907201424	0.0	2113193	3909.5897001128237	4.3
14750.363947625876	4300	16.785095671764676	0.0	2147852	3921.8950483777226	4.3
14754.348053828233	4300	16.80098946940784	0.0	2191074	3984.106202356835	4.3
14758.52126153166	4300	16.627781765979265	0.0	2286761	4173.207703428576	4.3
14762.695223974968	4300	16.453819322671713	0.0	2307787	4173.962443307551	4.3
14766.578174912482	4300	16.57086838515722	0.0	2143948	3882.9509375144917	4.3
14770.11533740361	4300	17.033705894030717	0.0	1919781	3537.162491126505	4.3
14773.986534613683	4300	17.162508683955792	0.0	2147467	3871.197210074926	4.3
14777.837023692053	4300	17.312019605587444	0.0	2133870	3850.4890783683472	4.3
14781.723057116642	4300	17.425986180998276	0.0	2146120	3886.0334245891704	4.3
14785.559671641538	4300	17.58937165610247	0.0	2108491	3836.6145248958064	4.3
14789.541885719214	4300	17.607157578426612	0.0	2184571	3982.2140776758574	4.3
14794.55671208603	4300	16.592331211609164	0.0	2121928	5014.82636681745	4.3
14799.521073345495	4300	15.627969952144573	0.0	2219102	4964.361259464588	4.3
14803.586613886799	4300	15.562429410841633	0.0	2124950	4065.5405413029393	4.3
14807.662944912194	4300	15.486098385445775	0.0	2246506	4076.331025395857	4.3
14811.246962664734	4300	15.902080632904097	0.0	1961140	3584.017752541678	4.3
14815.203816198255	4300	15.945227099385471	0.0	2155012	3956.853533518626	4.3

