40856.14360058927	750	4.0	3.696382719776279	450283	3696.382719776279	-15.144445695037998
40859.39480515924	750	4.748795430025833	0.0	398865	3251.204569974167	0.75
40862.242413767446	750	5.9011868218188885	0.0	350812	2847.6086082069455	0.75
40865.469590701956	750	6.674009887318284	0.0	382355	3227.1769345006055	0.75
40868.96258517028	750	7.181015418985871	0.0	411561	3492.9944683324125	0.75
40871.686105283145	750	8.457495306129823	0.0	318564	2723.520112856047	0.75
40874.71197684915	750	9.431623740124415	0.0	352642	3025.8715660054086	0.75
40878.52273172786	750	9.62086886141072	0.0	437162	3810.754878713695	0.75
40882.260729198795	750	9.882871390475195	0.0	374758	3737.9974709355242	0.75
40885.55182130367	750	10.591779285597154	0.0	362795	3291.092104878041	0.75
40888.62851664066	750	11.515083948607282	0.0	353220	3076.6953369898715	0.75
40891.96168979416	750	12.181910795110905	0.0	405134	3333.173153496376	0.75
40895.20018081324	750	12.943419776030835	0.0	386351	3238.491019080072	0.75
40898.8772434727	750	13.266357116563722	0.0	434409	3677.0626594671126	0.75
40903.20339410187	1200	12.940206487401968	0.0	526950	4326.150629161756	0.75
40908.12923619481	1200	12.014364394460612	0.0	587876	4925.842092941354	1.2
40913.988199791725	1200	10.155400797544484	0.0	617242	5858.963596916128	1.2
40918.74856295686	1200	9.395037632405762	0.0	581493	4760.363165138722	1.2
40923.680384355466	1200	8.463216233806506	0.0	639204	4931.821398599254	1.2
40929.42939078663	1200	6.7142098026340955	0.0	586839	5749.006431172411	1.2
40934.51499671661	1200	5.628603872660055	0.0	601738	5085.60592997404	1.2
40937.90277345859	750	6.240827130674648	0.0	399894	3387.776741985407	0.3
40941.703469336644	750	6.440131252619796	0.0	401853	3800.6958780548525	0.75
40944.987283544775	750	7.156317044494605	0.0	343800	3283.814208125192	0.75
40947.76500156906	750	8.378599020202415	0.0	359903	2777.71802429219	0.75
40950.82699764392	750	9.316602945350798	0.0	379700	3061.996074851617	0.75
40954.47112993245	750	9.672470656820243	0.0	425781	3644.132288530555	0.75
40956.890168184356	750	11.253432404916147	0.0	277716	2419.038251904096	0.75
40960.32993367011	750	11.813666919159521	0.0	400396	3439.7654857566263	0.75
40965.65978351215	1200	10.483817077116818	0.0	641447	5329.849842042703	0.75
40970.347164085026	1200	9.796436504242822	0.0	570392	4687.380572873997	1.2
40976.00573463324	1200	8.137865956032284	0.0	620283	5658.570548210538	1.2
40980.753714940845	1200	7.389885648422175	0.0	584349	4747.980307610109	1.2
40986.268021975826	1200	5.875578613443056	0.0	670129	5514.307034979119	1.2
40992.11011297568	1200	4.033487613586618	0.0	690253	5842.090999856438	1.2
40995.09447522381	750	5.049125365460025	0.0	365161	2984.362248126593	0.3
40997.801281846354	750	6.34231874291603	0.0	321064	2706.8066225439948	0.75
41000.82355331969	750	7.32004726957548	0.0	361565	3022.2714733405505	0.75
41003.79947853162	750	8.344122057649528	0.0	378327	2975.9252119259513	0.75
41006.827484703244	750	9.31611588602758	0.0	390680	3028.006171621948	0.75
41009.4603819042	750	10.683218685070308	0.0	345516	2632.8972009572735	0.75
41014.61675750402	1200	9.526843085248757	0.0	641452	5156.375599821551	0.75
41019.18242405007	1200	8.961176539200551	0.0	599477	4565.666546048205	1.2
41024.27626171115	1200	7.867338878122939	0.0	634861	5093.837661077612	1.2
41030.03661984214	1200	6.106980747133803	0.0	630203	5760.358130989136	1.2
41035.55328578663	1200	4.590314802649115	0.0	638661	5516.665944484687	1.2
41038.26970914345	750	5.8738914458226645	0.0	331053	2716.4233568264503	0.3
41044.90025085114	1850	4.0	0.7566502618649374	846370	6630.541707687602	-2.503596126019231

