17188.631758278018	750	4.0	1.9377225001152607	450283	1937.7225001152608	-7.5822067504956205
17190.35734668577	750	6.27441159224649	0.0	398865	1725.5884077535097	0.75
17191.884683906388	750	8.747074371630934	0.0	350812	1527.3372206155573	0.75
17193.44598909316	750	11.185769184856305	0.0	382355	1561.3051867746285	0.75
17195.117099986914	750	13.5146582911025	0.0	411561	1671.1108937538052	0.75
17198.35662187277	1850	14.275136405248464	0.0	801058	3239.521885854035	0.75
17202.133049184933	1850	14.498709093083205	0.0	905515	3776.427312165259	1.85
17207.56548608181	1850	13.066272196205881	0.0	1060487	5432.436896877322	1.85
17213.845258641184	1850	10.786499636829712	0.0	852833	6279.77255937617	1.85
17215.384817163907	750	13.246941114107955	0.0	362795	1539.558522721758	-0.3500000000000001
17216.88585455802	750	15.745903719998942	0.0	353220	1501.0373941090131	0.75
17218.591056349404	750	18.04070192861097	0.0	405134	1705.2017913879677	0.75
17220.217641012136	750	20.414117265879444	0.0	386351	1626.584662731529	0.75
17224.73550147916	1850	19.896256798856154	0.0	1036454	4517.860467023288	0.75
17228.57615357795	1850	20.0556047000651	0.0	821631	3840.652098791051	1.85
17232.399864665338	1850	20.23189361267624	0.0	923170	3823.7110873888605	1.85
17236.25412666744	1850	20.377631610574845	0.0	966699	3854.262002101398	1.85
17239.872633801722	1850	20.759124476294225	0.0	885714	3618.5071342806186	1.85
17244.00578691118	1850	20.625971366834772	0.0	987708	4133.153109459453	1.85
17247.80234641763	1850	20.82941186038718	0.0	923755	3796.5595064475924	1.85
17251.460327561585	1850	21.171430716432727	0.0	891604	3657.9811439544546	1.85
17255.403005922624	1850	21.22875235539458	0.0	955231	3942.678361038148	1.85
17259.45595325306	1850	21.175805024961825	0.0	968026	4052.9473304327557	1.85
17263.207646714167	1850	21.424111563851277	0.0	874175	3751.6934611105476	1.85
17266.903558643204	1850	21.728199634813468	0.0	897976	3695.9119290378117	1.85
17270.656104938484	1850	21.9756533395319	0.0	905935	3752.546295281568	1.85
17275.08588287153	1850	21.54587540648643	0.0	1076599	4429.77793304547	1.85
17278.119112202312	1850	22.512646075704495	0.0	758197	3033.2293307819336	1.85
17282.049060216075	1850	22.582698061941848	0.0	972798	3929.948013762649	1.85
17286.000159650368	1850	22.631598627650952	0.0	975811	3951.099434290896	1.85
17289.53839192715	1850	23.09336635086517	0.0	873429	3538.23227678578	1.85
17293.399050637872	1850	23.23270764014714	0.0	954453	3860.6587107180317	1.85
17297.141897454832	1850	23.489860823184994	0.0	885062	3742.8468169621447	1.85
17301.40615296588	1850	23.22560531213579	0.0	1035329	4264.255511049203	1.85
17305.49791868057	1850	23.133839597451075	0.0	1026056	4091.7657146847173	1.85
17309.342926288824	1850	23.288831989195472	0.0	943942	3845.0076082556056	1.85
17313.313117432357	1850	23.31864084566404	0.0	728962	3970.191143531432	1.85
17322.004182404387	1850	18.62757587363175	0.0	938587	8691.06497203229	1.85
17327.516285688012	1850	17.115472590007503	0.0	908665	5512.103283624245	1.85
17331.242919845445	1850	17.38883843257869	0.0	930577	3726.6341574288126	1.85
17334.66395256393	1850	17.96780571409183	0.0	858450	3421.0327184868584	1.85
17338.86391458114	1850	17.767843696882014	0.0	1025005	4199.962017209818	1.85
17342.675669802557	1850	17.956088475462952	0.0	886255	3811.7552214190623	1.85
17351.135085615333	1850	13.496672662688773	0.0	973972	8459.415812774178	1.85
17354.943190575945	1850	13.688567702076847	0.0	958994	3808.1049606119263	1.85
17359.285948418867	1850	13.34580985915696	0.0	982064	4342.7578429198875	1.85
17363.35731667515	1850	13.27444160287362	0.0	830730	4071.368256283338	1.85
17367.31454101454	1850	13.31721726348282	0.0	846370	3957.2243393908007	1.85

