27073.5885027117	750	4.0	1.5003753806185098	450283	1500.3753806185098	-5.701614136659592
27074.92668484647	750	6.661817865230529	0.0	398865	1338.1821347694715	0.75
27076.113288311455	750	9.475214400241754	0.0	350812	1186.6034649887752	0.75
27077.399391203762	750	12.18911150793538	0.0	382355	1286.1028923063723	0.75
27078.77503207115	750	14.813470640544121	0.0	411561	1375.6408673912592	0.75
27079.857894218767	750	17.73060849292839	0.0	318564	1082.8621476157336	0.75
27082.788174878096	1850	18.800327833594842	0.0	905515	2930.2806593335467	0.75
27086.198459077215	1850	19.39004363447579	0.0	1060487	3410.2841991190494	1.85
27088.953432669576	1850	20.63507004211517	0.0	852833	2754.9735923606204	1.85
27091.89533192589	1850	21.69317078579912	0.0	913888	2941.8992563160527	1.85
27094.94356690028	1850	22.64493581140607	0.0	939819	3048.2349743930477	1.85
27097.933572359547	1850	23.654930352140443	0.0	917428	2990.005459265628	1.85
27100.97556762318	1850	24.61293508850701	0.0	946851	3041.9952636334315	1.85
27104.304849655306	1850	25.28365305638216	0.0	1036454	3329.2820321248496	1.85
27106.97443259524	1850	26.61407011644417	0.0	821631	2669.582939937992	1.85
27109.940606573964	1850	27.647896137721286	0.0	923170	2966.173978722885	1.85
27113.022667717618	1850	28.56583499406974	0.0	966699	3082.061143651546	1.85
27115.86389218318	1850	29.72461052850411	0.0	885714	2841.2244655656327	1.85
27119.02999663209	1850	30.55850607959637	0.0	987708	3166.10444890774	1.85
27122.02457617136	1850	31.563926540323035	0.0	923755	2994.579539273333	1.85
27124.913523620573	1850	32.674979091112625	0.0	891604	2888.947449210414	1.85
27127.996426654856	1850	33.592076056827416	0.0	955231	3082.903034285214	1.85
27131.18363186403	1850	34.40487084765453	0.0	968026	3187.2052091728833	1.85
27134.089347799723	1850	35.49915491196404	0.0	874175	2905.7159356904835	1.85
27136.980225969863	1850	36.60827674182577	0.0	897976	2890.87817013827	1.85
27139.92118910635	1850	37.66731360533838	0.0	905935	2940.963136487396	1.85
27147.65244534921	4300	33.936057362479666	0.0	2395588	7731.256242858711	1.8499999999999996
27153.95544382427	4300	31.633058887420063	0.0	1972048	6302.998475059604	4.3
27160.826560652404	4300	28.761942059285655	0.0	2134614	6871.116828134406	4.3
27167.712578172	4300	25.87592453969126	0.0	2164140	6886.017519594395	4.3
27174.45991193204	4300	23.128590779650864	0.0	2113193	6747.333760040394	4.3
27181.221110898845	4300	20.36739181284431	0.0	2147852	6761.198966806553	4.3
27188.177537750074	4300	17.4109649616171	0.0	2191074	6956.426851227208	4.3
27196.027969253075	4300	13.56053345861705	0.0	2286761	7850.431503000052	4.3
27199.343010467255	1850	14.245492244439294	0.0	1026056	3315.041214177756	-0.6000000000000001
27202.465170978387	1850	15.123331733307536	0.0	943942	3122.1605111317594	1.85
27204.90592000635	1850	16.682582705345613	0.0	728962	2440.7490279619233	1.85
27207.936185724087	1850	17.65231698760799	0.0	938587	3030.265717737624	1.85
27210.865085048074	1850	18.723417663624502	0.0	908665	2928.899323983483	1.85
27213.852254439	1850	19.736248272694823	0.0	930577	2987.1693909296796	1.85
27216.623287193375	1850	20.965215518316583	0.0	858450	2771.0327543782387	1.85
27219.929077401906	1850	21.65942530978521	0.0	1025005	3305.7902085313713	1.85
27222.77799635908	1850	22.81050635261297	0.0	886255	2848.9189571722436	1.85
27225.89701593554	1850	23.691486776154246	0.0	973972	3119.019576458721	1.85
27228.979895069602	1850	24.60860764209106	0.0	958994	3082.8791340631883	1.85
27232.256093674365	1850	25.332409037328002	0.0	982064	3276.1986047630553	1.85
27235.16776487696	1850	26.420737834736947	0.0	830730	2911.671202591054	1.85
27238.223039341814	1850	27.36546336988005	0.0	846370	3055.274464856899	1.85

