36107.424666376406	750	4.0	5.507574150500108	450283	5507.574150500109	-22.932568847150463
36109.13147132881	300	6.293195047592906	0.0	155580	1706.8049524070937	-0.15000000000000002
36110.67387048184	300	8.75079589456039	0.0	139857	1542.3991530325163	0.3
36114.697816679545	750	8.726849696854774	0.0	382355	4023.946197705615	0.3
36120.169934043915	750	7.254732332482193	0.0	411561	5472.117364372582	0.75
36124.50183619276	750	6.922830183641175	0.0	318564	4331.902148841017	0.75
36126.23135722557	300	9.19330915082225	0.0	153295	1729.5210328189262	-0.15000000000000002
36134.27866890919	1200	5.145997467214803	0.0	709534	8047.311683607447	0.29999999999999993
36136.09515728747	300	7.329509088932026	0.0	150710	1816.4883782827767	-0.6000000000000001
36140.86318500886	750	6.561481367545625	0.0	362795	4768.027721386402	0.3
36142.876743047935	300	8.547923328460195	0.0	141840	2013.5580390854298	-0.15000000000000002
36147.62397708559	750	7.800689290809225	0.0	405134	4747.234037650969	0.3
36153.62800372028	750	5.796662656117627	0.0	386351	6004.026634691598	0.75
36155.52426739727	300	7.9003989791309515	0.0	179801	1896.2636769866758	-0.15000000000000002
36158.96623219004	750	8.458434186359376	0.0	337059	3441.9647927715746	0.3
36162.56786434934	750	8.856802027066907	0.0	366214	3601.632159292469	0.75
36166.2611012871	750	9.163565089304841	0.0	360831	3693.2369377620666	0.75
36172.41440672663	1200	7.010259649776057	0.0	581493	6153.305439528783	0.75
36178.09611556868	750	5.3285508077202195	0.0	405596	5681.708842055838	0.3
36179.73668103485	300	7.687985341551579	0.0	140881	1640.5654661686406	-0.15000000000000002
36183.80170472325	750	7.6229616531555475	0.0	386472	4065.023688396032	0.3
36187.6594256365	750	7.765240739899778	0.0	399894	3857.7209132557696	0.75
36192.65795236552	750	6.7667140108857495	0.0	401853	4998.526729014029	0.75
36194.46515298051	300	8.959513395891623	0.0	137654	1807.2006149941271	-0.15000000000000002
36198.67162561821	750	8.753040758195825	0.0	359903	4206.472637695799	0.3
36202.587903453714	750	8.836762922690513	0.0	379700	3916.277835505313	0.75
36207.46405370883	750	7.96061266757449	0.0	425781	4876.150255116022	0.75
36210.45475288331	750	8.969913493089187	0.0	277716	2990.6991744853026	0.75
36214.19625823749	750	9.228408138918565	0.0	400396	3741.5053541706225	0.75
36220.94385483336	1200	6.480811543047787	0.0	641447	6747.5965958707775	0.75
36222.59540223917	300	8.829264137240076	0.0	157421	1651.5474058077104	-0.6000000000000001
36226.87805589751	750	8.546610478893818	0.0	400322	4282.653658346259	0.3
36230.93990955912	750	8.48475681728022	0.0	369834	4061.853661613597	0.75
36235.289527049936	750	8.135139326465042	0.0	412837	4349.617490815178	0.75
36239.22096844891	750	8.203697927488644	0.0	401088	3931.4413989763993	0.75
36242.808561454556	750	8.616104921848844	0.0	365161	3587.5930056397997	0.75
36246.00182190886	750	9.422844467543912	0.0	321064	3193.26045430493	0.75
36252.16722336724	1200	7.25744300916458	0.0	575591	6165.401458379333	0.75
36256.53578937246	750	6.8888770039525715	0.0	378327	4368.566005212008	0.3
36258.1364647652	300	9.288201611211418	0.0	149991	1600.6753927411528	-0.15000000000000002
36263.814536768215	1200	7.610129608193339	0.0	566904	5678.072003018079	0.29999999999999993
36267.669302485876	750	7.755363890529723	0.0	384505	3854.7657176636153	0.3
36271.45344172812	750	7.971224648291789	0.0	372093	3784.1392422379336	0.75
36275.99286999002	750	7.4317963863880125	0.0	438281	4539.428261903777	0.75
36280.12839694363	750	7.296269432772453	0.0	398987	4135.526953615559	0.75
36284.15181482918	750	7.272851547230121	0.0	393804	4023.417885542332	0.75
36287.79348346275	750	7.631182913658356	0.0	331053	3641.668633571765	0.75
36291.31813005908	750	8.106536317331377	0.0	314107	3524.646596326977	0.75

