43436.57428408292	750	4.0	1.7134930595916904	450283	1713.4930595916903	-6.618020156244269
43438.10124790171	750	6.4730361812148365	0.0	398865	1526.963818785163	0.75
43439.4538897008	750	9.120394382120756	0.0	350812	1352.6417990940809	0.75
43440.91882867707	750	11.655455405850942	0.0	382355	1464.9389762698133	0.75
43442.48755036532	750	14.086733717608622	0.0	411561	1568.7216882423204	0.75
43445.46514466977	1850	15.109139413148272	0.0	801058	2977.5943044603505	0.75
43448.81962600712	1850	15.754658075800645	0.0	905515	3354.4813373476254	1.85
43452.75147752733	1850	15.822806555587256	0.0	1060487	3931.8515202133885	1.85
43455.93958125719	1850	16.63470282572619	0.0	852833	3188.103729861065	1.85
43459.355974847276	1850	17.21830923563613	0.0	913888	3416.393590090062	1.85
43462.86553506285	1850	17.70874902006245	0.0	939819	3509.560215573681	1.85
43466.28985366079	1850	18.284430422117076	0.0	917428	3424.318597945373	1.85
43469.80486048268	1850	18.769423600224677	0.0	946851	3515.0068218924	1.85
43473.67068691104	1850	18.903597171868192	0.0	1036454	3865.826428356487	1.85
43476.7565778653	1850	19.817706217602574	0.0	821631	3085.89095426562	1.85
43480.20037427631	1850	20.373909806591556	0.0	923170	3443.796411011016	1.85
43483.81683845374	1850	20.757445629159868	0.0	966699	3616.464177431689	1.85
43487.13671496669	1850	21.437569116209392	0.0	885714	3319.8765129504773	1.85
43490.81369790652	1850	21.760586176384304	0.0	987708	3676.982939825088	1.85
43494.29158518897	1850	22.282698893932164	0.0	923755	3477.887282452143	1.85
43497.65219156091	1850	22.92209252199339	0.0	891604	3360.606371938772	1.85
43501.23518830542	1850	23.339095777479837	0.0	955231	3582.996744513555	1.85
43504.83332195843	1850	23.74096212447094	0.0	968026	3598.1336530088956	1.85
43508.08731545286	1850	24.486968630039918	0.0	874175	3253.9934944310235	1.85
43511.42837856697	1850	25.145905515932842	0.0	897976	3341.063114107076	1.85
43514.80239554862	1850	25.771888534278368	0.0	905935	3374.016981654475	1.85
43518.80296045638	1850	25.771323626516246	0.0	1076599	4000.5649077621238	1.85
43521.64849961212	1850	26.925784470770445	0.0	758197	2845.5391557458	1.85
43525.259926280836	1850	27.314357802058005	0.0	972798	3611.4266687124396	1.85
43528.89241626311	1850	27.68186781978384	0.0	975811	3632.489982274169	1.85
43532.1655581456	1850	28.408725937295618	0.0	873429	3273.1418824882194	1.85
43535.73215587299	1850	28.842128209908278	0.0	954453	3566.5977273873395	1.85
43539.05881733069	1850	29.515466752209065	0.0	885062	3326.661457699213	1.85
43542.95374538298	1850	29.620538699906824	0.0	1035329	3894.9280523022403	1.85
43546.81032712445	1850	29.76395695844372	0.0	1026056	3856.5817414631047	1.85
43550.36972952724	1850	30.20455455564813	0.0	943942	3559.4024027955875	1.85
43553.13958545564	1850	31.434698627248483	0.0	728962	2769.855928399648	1.85
43556.69846563434	1850	31.875818448550323	0.0	938587	3558.880178698161	1.85
43560.11017399104	1850	32.46411009185104	0.0	908665	3411.708356699282	1.85
43563.58439980822	1850	32.98988427467149	0.0	930577	3474.2258171795565	1.85
43571.4210548008	4300	29.153229282092834	0.0	2108491	7836.654992578654	1.8499999999999996
43579.49023327543	4300	25.084050807468454	0.0	2184571	8069.178474624381	4.3
43587.32858296009	4300	21.245701122802274	0.0	2121928	7838.349684666181	4.3
43595.54062030807	4300	17.03366377482429	0.0	2219102	8212.037347977985	4.3
43603.41100306469	4300	13.16328101820415	0.0	2124950	7870.382756620139	4.3
43611.833107258775	4300	8.741176824125512	0.0	2246506	8422.104194078638	4.3
43614.9884450127	1850	9.585839070207303	0.0	830730	3155.3377539182097	-0.6000000000000001
43618.18314040349	1850	10.391143679417903	0.0	846370	3194.6953907893994	1.85

