23789.06002181638	750	4.0	1.7020237572592853	450283	1702.0237572592853	-6.568702156214926
23790.57682601716	750	6.483195799221324	0.0	398865	1516.8042007786764	0.75
23791.92053217158	750	9.139489644799228	0.0	350812	1343.7061544220953	0.75
23793.20426001341	750	11.855761802970301	0.0	382355	1283.727841828928	0.75
23794.399050576932	750	14.660971239445256	0.0	411561	1194.7905635250438	0.75
23796.648867200074	1850	16.411154616304955	0.0	801058	2249.8166231402993	0.75
23799.489222911685	1850	17.570798904693532	0.0	905515	2840.355711611423	1.85
23803.15863793226	1850	17.901383884115482	0.0	1060487	3669.4150205780506	1.85
23806.465408192358	1850	18.59461362402064	0.0	852833	3306.770260094843	1.85
23810.238162190104	1850	18.8218596262744	0.0	913888	3772.7539977462393	1.85
23814.127395818497	1850	18.932625997882386	0.0	939819	3889.2336283920135	1.85
23817.40370501975	1850	19.656316796632193	0.0	917428	3276.309201250195	1.85
23820.906242722613	1850	20.1537790937695	0.0	946851	3502.537702862694	1.85
23824.778464770407	1850	20.281557045973702	0.0	1036454	3872.2220477957962	1.85
23827.85542228573	1850	21.204599530648093	0.0	821631	3076.957515325612	1.85
23831.680883406112	1850	21.379138410266975	0.0	923170	3825.461120381114	1.85
23835.554540205685	1850	21.505481610696123	0.0	966699	3873.6567995708524	1.85
23838.959780406825	1850	22.10024140955551	0.0	885714	3405.2402011406125	1.85
23844.25341853852	1850	20.8066032778623	0.0	987708	5293.638131693208	1.85
23848.081628258187	1850	20.978393558193396	0.0	923755	3828.209719668906	1.85
23852.13913727759	1850	20.92088453878814	0.0	891604	4057.5090194052523	1.85
23856.38755249811	1850	20.67246931826879	0.0	955231	4248.415220519353	1.85
23860.67070183877	1850	20.389319977607236	0.0	968026	4283.149340661554	1.85
23864.742049263805	1850	20.317972552573945	0.0	874175	4071.3474250332915	1.85
23868.41142167944	1850	20.648600136938693	0.0	897976	3669.3724156352528	1.85
23872.465934020187	1850	20.594087796192497	0.0	905935	4054.5123407461974	1.85
23877.431195397396	1850	19.628826418984886	0.0	1076599	4965.261377207609	1.85
23880.967106536074	1850	20.092915280305437	0.0	758197	3535.9111386794452	1.85
23885.386497539086	1850	19.673524277297485	0.0	972798	4419.391003007953	1.85
23889.320372628415	1850	19.73964918796683	0.0	975811	3933.8750893306565	1.85
23893.445887816688	1850	19.61413399969698	0.0	873429	4125.515188269848	1.85
23898.152043783393	1850	18.90797803298876	0.0	954453	4706.15596670822	1.85
23902.608197180794	1850	18.451824635590505	0.0	885062	4456.153397398252	1.85
23907.601872545976	1850	17.458149270406285	0.0	1035329	4993.675365184222	1.85
23912.112732241112	1850	16.947289575270087	0.0	1026056	4510.859695136197	1.85
23915.90785281006	1850	17.15216900632164	0.0	943942	3795.120568948451	1.85
23918.50718805278	1850	18.55283376360244	0.0	728962	2599.3352427191976	1.85
23922.53868400365	1850	18.521337812733698	0.0	938587	4031.495950868741	1.85
23927.078692413113	1850	17.98132940327103	0.0	908665	4540.00840946267	1.85
23931.360563490805	1850	17.699458325581542	0.0	930577	4281.871077689487	1.85
23935.3323860562	1850	17.727635760185	0.0	858450	3971.822565396543	1.85
23940.00721312787	1850	17.052808688515935	0.0	1025005	4674.827071669063	1.85
23943.90367900419	1850	17.156342812195884	0.0	886255	3896.465876320049	1.85
23948.25135633513	1850	16.80866548125363	0.0	973972	4347.677330942256	1.85
23952.694812692927	1850	16.365209123453212	0.0	958994	4443.456357800418	1.85
23957.180676723274	1850	15.879345093105355	0.0	982064	4485.864030347856	1.85
23960.618267541824	1850	16.44175427455391	0.0	830730	3437.5908185514436	1.85
23963.966465021284	1850	17.093556795098294	0.0	846370	3348.197479455616	1.85

