36819.84673088132	750	4.0	1.7386342530113148	450283	1738.6342530113147	-6.726127287948653
36820.49981562377	300	7.346915257552471	0.0	155580	653.0847424475282	-0.15000000000000002
36821.87204473206	750	9.974686149264116	0.0	350812	1372.229108288355	0.3
36823.360463659286	750	12.486267222033593	0.0	382355	1488.4189272305223	0.75
36824.90349206438	750	14.943238816941284	0.0	411561	1543.0284050923085	0.75
36827.826300614426	1850	16.020430266899787	0.0	801058	2922.808550041497	0.75
36831.20823970077	1850	16.638491180551192	0.0	905515	3381.9390863485974	1.85
36835.171954458834	1850	16.674776422493977	0.0	1060487	3963.7147580572127	1.85
36838.353887977435	1850	17.49284290389021	0.0	852833	3181.933518603766	1.85
36841.72954108767	1850	18.117189793657612	0.0	913888	3375.6531102325953	1.85
36845.2165677031	1850	18.63016317823128	0.0	939819	3487.026615426328	1.85
36848.66248219088	1850	19.184248690450627	0.0	917428	3445.9144877806566	1.85
36852.24835742082	1850	19.598373460502174	0.0	946851	3585.875229948452	1.85
36856.16994107171	1850	19.676789809611698	0.0	1036454	3921.5836508904767	1.85
36859.29475199534	1850	20.55197888598642	0.0	821631	3124.8109236252767	1.85
36862.779745876585	1850	21.066985004740513	0.0	923170	3484.9938812459095	1.85
36866.41058627581	1850	21.4361446055163	0.0	966699	3630.840399224212	1.85
36869.733129673354	1850	22.113601207968742	0.0	885714	3322.543397547557	1.85
36873.432681139544	1850	22.414049741777347	0.0	987708	3699.5514661913935	1.85
36876.88880598567	1850	22.957924895652578	0.0	923755	3456.1248461247687	1.85
36880.232752126365	1850	23.61397875495156	0.0	891604	3343.9461407010167	1.85
36883.879841510716	1850	23.966889370605067	0.0	955231	3647.089384346496	1.85
36887.5936172114	1850	24.253113669916754	0.0	968026	3713.7757006883116	1.85
36890.92549248337	1850	24.921238397949118	0.0	874175	3331.8752719676363	1.85
36894.252558260225	1850	25.594172621097474	0.0	897976	3327.0657768516444	1.85
36897.61720912252	1850	26.229521758795247	0.0	905935	3364.6508623022282	1.85
36901.61520021832	1850	26.231530662997635	0.0	1076599	3997.991095797612	1.85
36904.46917409752	1850	27.377556783804177	0.0	758197	2853.9738791934533	1.85
36908.0917181785	1850	27.755012702827536	0.0	972798	3622.544080976643	1.85
36911.72928458193	1850	28.117446299393663	0.0	975811	3637.5664034338715	1.85
36915.00999388892	1850	28.83673699240539	0.0	873429	3280.7093069882735	1.85
36918.576770847416	1850	29.269960033904873	0.0	954453	3566.7769585005144	1.85
36921.86507976503	1850	29.98165111628537	0.0	885062	3288.3089176195035	1.85
36925.648785356774	1850	30.197945524550416	0.0	1035329	3783.7055917349544	1.85
36929.413763989985	1850	30.432966891343444	0.0	1026056	3764.978633206973	1.85
36932.91439759488	1850	30.932333286443797	0.0	943942	3500.6336048996463	1.85
36935.65417244634	1850	32.192558434986424	0.0	728962	2739.7748514573773	1.85
36939.152339840584	1850	32.6943910407401	0.0	938587	3498.167394246323	1.85
36942.57355876432	1850	33.27317211699947	0.0	908665	3421.2189237406233	1.85
36946.12655365827	1850	33.72017722305514	0.0	930577	3552.9948939443334	1.85
36949.35601192426	1850	34.49071895706246	0.0	858450	3229.4582659926773	1.85
36953.18516043419	1850	34.661570447135425	0.0	1025005	3829.1485099270367	1.85
36956.49920018455	1850	35.34753069676904	0.0	886255	3314.039750366382	1.85
36960.11573109623	1850	35.73099978509164	0.0	973972	3616.530911677398	1.85
36963.68980159112	1850	36.15692929020264	0.0	958994	3574.070494888997	1.85
36967.35823659215	1850	36.48849428917863	0.0	982064	3668.4350010240078	1.85
36970.47702848644	1850	37.36970239487334	0.0	830730	3118.7918943052923	1.85
36973.63347232469	1850	38.21325855662918	0.0	846370	3156.443838244168	1.85

