1591.5670940498665	750	4.0	5.01868974180991	450283	5018.68974180991	-20.83036588978261
1592.5759277397901	300	6.991166310076273	0.0	155580	1008.8336899237275	-0.15000000000000002
1593.4648428276944	300	10.10225122217189	0.0	139857	888.9150879043822	0.3
1594.4438417333133	300	13.123252316552907	0.0	155432	978.9989056189818	0.3
1596.9042581764877	750	14.662835873378697	0.0	411561	2460.41644317421	0.3
1599.1272774841736	750	16.439816565692794	0.0	318564	2223.019307685902	0.75
1601.5877089686846	750	17.979385081181814	0.0	352642	2460.431484510981	0.75
1604.7318612712643	750	18.835232778602155	0.0	437162	3144.152302579661	0.75
1607.4238591646658	750	20.143234885200492	0.0	374758	2691.997893401665	0.75
1609.5899402322848	750	21.977153817581467	0.0	362795	2166.0810676190245	0.75
1611.7009647907942	750	23.86612925907214	0.0	353220	2111.0245585093285	0.75
1618.857436456998	1850	20.70965759286841	0.0	917428	7156.471666203728	0.75
1624.5926338225836	1850	18.97446022728276	0.0	946851	5735.197365585652	1.85
1631.601955871681	1850	15.96513817818531	0.0	1036454	7009.32204909745	1.85
1636.7557116674473	1850	14.81138238241893	0.0	821631	5153.755795766377	1.85
1641.9805648770691	1850	13.586529172797237	0.0	923170	5224.853209621696	1.85
1651.5218842718198	1850	8.045209778046527	0.0	966699	9541.31939475071	1.85
1653.7975971359183	750	9.769496913948139	0.0	372963	2275.712864098388	-0.3500000000000001
1656.138517500122	750	11.428576549744614	0.0	405596	2340.920364203525	0.75
1658.1760707369497	750	13.391023312916817	0.0	350713	2037.5532368277961	0.75
1660.6308181233285	750	14.936275926537931	0.0	386472	2454.7473863788846	0.75
1663.16803942611	750	16.399054623756363	0.0	399894	2537.221302781567	0.75
1665.7917450406683	750	17.775349009198116	0.0	401853	2623.7056145582515	0.75
1668.051817400618	750	19.515276649248385	0.0	343800	2260.072359949731	0.75
1674.7279647463515	750	16.839129303514763	0.0	359903	6676.147345733622	0.75
1677.342411859167	750	18.22468219069941	0.0	379700	2614.447112815353	0.75
1680.035121153154	750	19.531972896712528	0.0	425781	2692.709293986886	0.75
1681.6956456826324	750	21.87144836723402	0.0	277716	1660.524529478506	0.75
1684.084493358098	750	23.482600691768454	0.0	400396	2388.8476754655676	0.75
1691.1957746097899	1850	20.37131944007636	0.0	975811	7111.281251692092	0.75
1697.6573144056777	1850	17.909779644188717	0.0	873429	6461.539795887644	1.85
1703.8323523113645	1850	15.734741738501812	0.0	954453	6175.037905686907	1.85
1710.17390038388	1850	13.39319366598656	0.0	885062	6341.548072515252	1.85
1715.1773474720053	750	12.389746577861255	0.0	412837	5003.4470881253055	-0.3500000000000001
1719.9905349906746	750	11.576559059191954	0.0	401088	4813.1875186693005	0.75
1722.7493792782332	750	12.817714771633302	0.0	365161	2758.8442875586506	0.75
1725.1067111240231	750	14.460382925843307	0.0	321064	2357.3318457899954	0.75
1727.5332115122376	750	16.033882537628962	0.0	361565	2426.500388214347	0.75
1730.011002674678	750	17.556091375188654	0.0	378327	2477.791162440308	0.75
1732.2621166967176	750	19.304977353148942	0.0	390680	2251.1140220397137	0.75
1734.2622422020906	750	21.30485184777607	0.0	345516	2000.1255053728723	0.75
1739.3389842763513	750	20.228109773515406	0.0	384505	5076.742074260662	0.75
1741.925907260845	750	21.641186789021702	0.0	372093	2586.9229844937054	0.75
1744.534935107396	750	23.03215894247076	0.0	438281	2609.027846550945	0.75
1747.2323390095069	750	24.33475504035986	0.0	398987	2697.4039021109006	0.75
1749.9895448861114	750	25.577549163755496	0.0	393804	2757.2058766043615	0.75
1754.529892648184	1850	25.03720140168292	0.0	830730	4540.347762072577	0.75
1760.5621236738214	1850	23.00497037604561	0.0	846370	6032.23102563731	1.85

