11041.355118320966	750	4.0	1.8230266382886728	450283	1823.0266382886728	-7.089014544641293
11042.037361986362	300	7.3177563346052334	0.0	155580	682.2436653947667	-0.15000000000000002
11043.475340548803	750	9.87977777216489	0.0	350812	1437.9785624403448	0.3
11046.011128087463	1200	11.343990233503321	0.0	617681	2535.787538661566	0.75
11050.171513321906	1850	11.183604999058987	0.0	996749	4160.385234444335	1.2000000000000002
11053.450826378083	1850	11.904291942882857	0.0	801058	3279.3130561761295	1.85
11057.324748358473	1850	12.030369962492065	0.0	905515	3873.921980390793	1.85
11062.132561481027	1850	11.22255683993837	0.0	1060487	4807.813122553694	1.85
11071.110701783062	1850	6.244416537904162	0.0	852833	8978.140302034208	1.85
11071.795285162232	300	9.559833158731605	0.0	139105	684.5833791725579	-1.25
11074.51523333335	1200	10.839884987614798	0.0	607410	2719.9481711168064	0.29999999999999993
11077.569055898752	1200	11.786062422212712	0.0	594078	3053.822565402086	1.2
11082.41075788698	1850	10.94436043398245	0.0	946851	4841.701988230263	1.2000000000000002
11085.641061830924	1200	11.71405649004134	0.0	687371	3230.303943941107	0.5499999999999999
11089.507010221889	1850	11.848108099074624	0.0	821631	3865.948390966717	1.2000000000000002
11093.927000111042	1850	11.428118209921532	0.0	923170	4419.989889153089	1.85
11098.315245588572	1850	11.039872732389892	0.0	966699	4388.245477531642	1.85
11102.269422083953	1850	11.085696237009781	0.0	885714	3954.17649538011	1.85
11106.84211125853	1850	10.513007062434296	0.0	987708	4572.6891745754865	1.85
11109.407857185839	1200	11.947261135124823	0.0	586839	2565.7459273094714	0.5499999999999999
11113.811205435635	1850	11.543912885327213	0.0	891604	4403.348249797611	1.2000000000000002
11120.785022606256	1850	8.570095714705317	0.0	955231	6973.817170621895	1.85
11122.728062147418	750	10.627056173545496	0.0	401853	1943.0395411598215	-0.3500000000000001
11124.920039026401	1200	12.43507929456199	0.0	536667	2191.976878983505	0.75
11128.796957338162	1850	12.558160982802187	0.0	897976	3876.918311759805	1.2000000000000002
11132.865051081915	1850	12.490067239049804	0.0	905935	4068.093743752382	1.85
11137.577818259824	1850	11.777300061140256	0.0	1076599	4712.767177909547	1.85
11140.942990077492	1850	12.41212824347213	0.0	758197	3365.1718176681266	1.85
11145.85111124179	1850	11.504007079174263	0.0	972798	4908.121164297867	1.85
11151.640128953963	1850	9.714989366999827	0.0	975811	5789.017712174437	1.85
11154.305426438703	1200	11.049691882261063	0.0	570392	2665.2974847387636	0.5499999999999999
11158.656082082065	1850	10.699036238898254	0.0	954453	4350.65564336281	1.2000000000000002
11161.437079461779	1200	11.918038859184508	0.0	584349	2780.9973797137463	0.5499999999999999
11166.18629520818	1850	11.168823112785876	0.0	1035329	4749.215746398631	1.2000000000000002
11170.856183182517	1850	10.498935138446523	0.0	1026056	4669.8879743393545	1.85
11173.628192228918	1200	11.72692609204433	0.0	598727	2772.009046402193	0.5499999999999999
11177.010663701569	1850	12.344454619393158	0.0	728962	3382.4714726511716	1.2000000000000002
11181.443127265811	1850	11.91199105515201	0.0	938587	4432.463564241149	1.85
11185.501584438422	1850	11.853533882541488	0.0	908665	4058.4571726105232	1.85
11189.721479157328	1850	11.633639163634301	0.0	930577	4219.894718907186	1.85
11193.964117806581	1850	11.391000514381746	0.0	858450	4242.638649252556	1.85
11199.265875980442	1850	10.089242340520254	0.0	1025005	5301.758173861492	1.85
11201.91052653126	1200	11.444591789703518	0.0	599477	2644.6505508167356	0.5499999999999999
11206.250622987936	1850	11.104495333024305	0.0	973972	4340.096456679213	1.2000000000000002
11210.76144064039	1850	10.593677680571378	0.0	958994	4510.817652452926	1.85
11213.831450782673	1200	11.523667538288615	0.0	638661	3070.0101422827634	0.5499999999999999
11217.51952030554	1850	11.835598015423592	0.0	830730	3688.069522865022	1.2000000000000002
11221.752695391131	1850	11.602422929830158	0.0	846370	4233.175085593434	1.85

