8781.43667389173	750	4.0	5.244460976357943	450283	5244.460976357943	-21.801182198339156
8783.350494371693	300	6.08617952003951	0.0	155580	1913.8204799604903	-0.15000000000000002
8785.078987949695	300	8.35768594203569	0.0	139857	1728.4935780038197	0.3
8786.979986963308	300	10.456686928424068	0.0	155432	1900.9990136116235	0.3
8788.941912384116	300	12.49476150761482	0.0	163442	1961.9254208092475	0.3
8790.476045834934	300	14.96062805679692	0.0	126289	1534.1334508178988	0.3
8794.62570026141	750	14.810973630323476	0.0	352642	4149.654426473445	0.3
8799.78236556951	750	13.654308322221853	0.0	437162	5156.665308101621	0.75
8804.195573714422	750	13.241100177310118	0.0	374758	4413.208144911736	0.75
8808.454033974582	750	12.982639917149243	0.0	362795	4258.460260160875	0.75
8812.6310105782	750	12.80566331353143	0.0	353220	4176.976603617814	0.75
8817.543536831343	750	11.893137060388035	0.0	405134	4912.526253143395	0.75
8823.405344663486	750	10.03132922824522	0.0	386351	5861.807832142815	0.75
8825.56241504017	300	11.874258851560263	0.0	179801	2157.070376684957	-0.15000000000000002
8827.260291377483	300	14.176382514247875	0.0	140051	1697.8763373123893	0.3
8828.924100491076	300	16.512573400654322	0.0	138313	1663.8091135935513	0.3
8833.135028618251	750	16.30164527347911	0.0	360831	4210.92812717521	0.3
8837.499828334256	750	15.93684555747578	0.0	372963	4364.799716003333	0.75
8842.244343912886	750	15.192329978845118	0.0	405596	4744.5155786306605	0.75
8846.341237876517	750	15.095436015214398	0.0	350713	4096.8939636307205	0.75
8850.885277927782	750	14.551395963948975	0.0	386472	4544.040051265423	0.75
8855.587302920629	750	13.849370971102159	0.0	399894	4702.024992846817	0.75
8860.295203677331	750	13.141470214399316	0.0	401853	4707.900756702843	0.75
8864.340064317767	750	13.096609573964766	0.0	343800	4044.8606404345505	0.75
8868.584413468989	750	12.852260422742722	0.0	359903	4244.3491512220435	0.75
8872.98656209023	750	12.45011180150187	0.0	379700	4402.148621240851	0.75
8877.941604303905	750	11.495069587824554	0.0	425781	4955.042213677316	0.75
8881.210774029383	750	12.225899862346115	0.0	277716	3269.1697254784413	0.75
8885.908301371783	750	11.528372519947046	0.0	400396	4697.527342399067	0.75
8890.621408670835	750	10.815265220895585	0.0	400508	4713.107299051463	0.75
8894.836338824347	750	10.600335067384824	0.0	358218	4214.930153510761	0.75
8899.535200210146	750	9.901473681584248	0.0	400322	4698.861385800575	0.75
8901.303609434139	300	12.133064457592292	0.0	143881	1768.4092239919548	-0.15000000000000002
8903.301585797983	300	14.135088093748971	0.0	163444	1997.9763638433224	0.3
8908.11462551803	750	13.322048373702419	0.0	401088	4813.039720046551	0.3
8912.424989767762	750	13.011684123970277	0.0	365161	4310.3642497321425	0.75
8916.20898592938	750	13.227687962352816	0.0	321064	3783.9961616174614	0.75
8920.461252922141	750	12.975420969590733	0.0	361565	4252.266992762083	0.75
8924.898815041868	750	12.537858849864483	0.0	378327	4437.56211972625	0.75
8929.4533287327	750	11.983345159033783	0.0	390680	4554.513690830699	0.75
8933.54282109993	750	11.893852791802177	0.0	345516	4089.492367231606	0.75
8938.074717669046	750	11.361956222688141	0.0	384505	4531.8965691140365	0.75
8942.445581633412	750	10.991092258322443	0.0	372093	4370.8639643657	0.75
8947.563532540698	750	9.873141351035333	0.0	438281	5117.95090728711	0.75
8949.561385234627	300	11.875288657106795	0.0	167025	1997.8526939285366	-0.15000000000000002
8951.492845947507	300	13.943827944227241	0.0	160064	1931.4607128795549	0.3
8953.165060127045	300	16.271613764689626	0.0	137507	1672.2141795376158	0.3
8956.873836201728	750	16.562837690005214	0.0	314107	3708.776074684413	0.3

