38509.02753560343	750	4.0	7.0283336426002965	450283	7028.333642600296	-29.471834663181273
38511.50832166875	300	5.519213934682046	0.0	155580	2480.786065317954	-0.15000000000000002
38513.7430933293	300	7.284442274126896	0.0	139857	2234.7716605551504	0.3
38519.6939217438	750	5.333613859636	0.0	382355	5950.828414490895	0.3
38522.273410868016	300	6.754124735411848	0.0	163442	2579.4891242241524	-0.15000000000000002
38524.300903185846	300	8.726632417586515	0.0	126289	2027.4923178253332	0.3
38529.80875076262	750	7.21878484081364	0.0	352642	5507.847576772875	0.3
38536.74132088988	750	4.286214713551169	0.0	437162	6932.570127262472	0.75
38539.173873893975	300	5.853661709458147	0.0	150710	2432.553004093021	-0.15000000000000002
38541.40035227604	300	7.627183327391013	0.0	139105	2226.478382067134	0.3
38546.92966245967	750	6.09787314376287	0.0	353220	5529.310183628142	0.3
38549.41921542341	300	7.608320180022615	0.0	156148	2489.5529637402565	-0.15000000000000002
38555.66114024724	750	5.366395356191246	0.0	386351	6241.9248238313685	0.3
38558.694458137674	300	6.333077465755236	0.0	179801	3033.31789043601	-0.15000000000000002
38560.92798894963	300	8.099546653800726	0.0	140051	2233.5308119545093	0.3
38566.62320066921	750	6.404334934229114	0.0	366214	5695.211719571612	0.3
38568.90120220036	300	8.126333403072714	0.0	143509	2278.0015311564002	-0.15000000000000002
38574.71649610051	750	6.3110395029233235	0.0	372963	5815.2939001493905	0.3
38577.353264181416	300	7.674271422020221	0.0	165384	2636.7680809031026	-0.15000000000000002
38582.822654513555	750	6.204881089877047	0.0	350713	5469.390332143174	0.3
38585.31902491834	300	7.708510685092289	0.0	157671	2496.3704047847573	-0.15000000000000002
38591.533046275596	750	5.494489327837206	0.0	399894	6214.021357255084	0.3
38594.13011249607	300	6.897423107366841	0.0	163927	2597.066220470365	-0.15000000000000002
38596.312984880504	300	8.714550722919775	0.0	137654	2182.872384447064	0.3
38601.902855493565	750	7.124680109861338	0.0	359903	5589.870613058437	0.3
38607.87639267516	750	5.151142928269655	0.0	379700	5973.537181591683	0.75
38610.92234368075	300	6.105191922675777	0.0	181901	3045.951005593878	-0.15000000000000002
38612.87030343614	300	8.157232167289354	0.0	111155	1947.9597553864228	0.3
38619.18186606228	750	5.8456695411430175	0.0	400396	6311.562626146337	0.3
38621.54546399843	300	7.48207160499927	0.0	149029	2363.5979361437476	-0.15000000000000002
38627.131187235056	750	5.8963483683745554	0.0	358218	5585.723236624714	0.3
38629.639385989176	300	7.3881496142552825	0.0	157488	2508.198754119273	-0.15000000000000002
38635.45061993988	750	5.576915663551458	0.0	369834	5811.233950703824	0.3
38638.03943401738	300	6.98810158604744	0.0	163444	2588.8140775040183	-0.15000000000000002
38640.87232070637	300	8.155214897063564	0.0	179328	2832.8866889838764	0.3
38646.56291438921	750	6.4646212142199015	0.0	365161	5690.593682843662	0.3
38648.668551137875	300	8.358984465558503	0.0	131610	2105.636748661398	-0.15000000000000002
38654.33977304251	750	6.687762560913266	0.0	361565	5671.221904645237	0.3
38656.64692384926	300	8.380611754172387	0.0	144254	2307.1508067408786	-0.15000000000000002
38662.72304069197	750	6.304494911452058	0.0	390680	6076.116842720329	0.3
38665.05997028742	300	7.967565316000754	0.0	147968	2336.9295954513036	-0.15000000000000002
38671.19771305489	750	5.829822548534978	0.0	384505	6137.742767465776	0.3
38673.53132904856	300	7.496206554860809	0.0	145210	2333.6159936741697	-0.15000000000000002
38680.36909365099	750	4.65844195242868	0.0	438281	6837.764602432129	0.3
38683.05201793219	300	5.975517671229652	0.0	167025	2682.9242811990266	-0.15000000000000002
38685.628494044424	300	7.399041558997093	0.0	160064	2576.47611223256	0.3
38690.782249178075	750	6.245286425344984	0.0	331053	5153.755133652108	0.3
38692.74361543689	300	8.283920166526652	0.0	118421	1961.3662588183336	-0.15000000000000002

