44201.21305377179	750	4.0	2.557230337617211	450283	2557.2303376172113	-10.246090451754007
44202.1489765935	300	7.064077178293461	0.0	155580	935.9228217065396	-0.15000000000000002
44204.15416623408	750	9.058887537703034	0.0	350812	2005.189640590426	0.3
44207.5703329028	1200	9.642720868988444	0.0	617681	3416.16666871459	0.75
44211.26175475903	1200	9.951299012759526	0.0	652874	3691.421856228919	1.2
44214.25665756022	1200	10.956396211572953	0.0	520315	2994.9028011865735	1.2
44217.29121422039	1200	11.921839551400927	0.0	561791	3034.556660172025	1.2
44223.09251813572	1850	10.120535636061577	0.0	1060487	5801.30391533935	1.2000000000000002
44226.30223471924	1200	10.910819052552505	0.0	584846	3209.716583509073	0.5499999999999999
44229.344399146874	1200	11.868654624911047	0.0	560821	3042.164427641457	1.2
44234.35676421667	1850	10.856289555120975	0.0	939819	5012.365069790072	1.2000000000000002
44237.766204819316	1200	11.446848952472612	0.0	594078	3409.4406026483634	0.5499999999999999
44243.16273111997	1850	10.050322651815968	0.0	946851	5396.526300656643	1.2000000000000002
44247.06084294478	1200	10.152210827002007	0.0	687371	3898.111824813961	0.5499999999999999
44250.058263123945	1200	11.154790647835798	0.0	526950	2997.420179166209	1.2
44255.443283556604	1850	9.76977021517509	0.0	923170	5385.020432660708	1.2000000000000002
44258.86312418502	1200	10.349929586752054	0.0	617242	3419.8406284230346	0.5499999999999999
44262.041698229856	1200	11.171355541921274	0.0	581493	3178.574044830781	1.2
44267.662477398124	1850	9.550576373651657	0.0	987708	5620.779168269616	1.2000000000000002
44271.54986952436	1200	9.663184247420887	0.0	586839	3887.3921262307695	0.5499999999999999
44275.902141178936	1200	9.310912592843597	0.0	601738	4352.271654577288	1.2
44279.269637889534	1200	9.943415882242256	0.0	616206	3367.4967106013405	1.2
44282.80341417784	1200	10.409639593932232	0.0	656471	3533.7762883100245	1.2
44285.68417617913	1200	11.528877592652291	0.0	536667	2880.7620012799403	1.2
44290.3131709346	1850	10.899882837180591	0.0	897976	4628.9947554717	1.2000000000000002
44293.82484286216	1200	11.388210909617168	0.0	590335	3511.6719275634237	0.5499999999999999
44299.70863974909	1850	9.50441402267788	0.0	1076599	5883.796886939288	1.2000000000000002
44302.40518468724	1200	10.807869084532761	0.0	487160	2696.544938145119	0.5499999999999999
44305.929990329816	1200	11.283063441961295	0.0	622896	3524.8056425714676	1.2
44311.212439706695	1850	10.0006140650813	0.0	975811	5282.449376879994	1.2000000000000002
44314.26356601194	1200	10.949487759839888	0.0	570392	3051.1263052414106	0.5499999999999999
44318.64498455894	1200	10.568069212846485	0.0	620283	4381.418546993404	1.2
44324.037399164496	1200	9.175654607286313	0.0	584349	5392.414605560173	1.2
44330.22734758264	1200	6.9857061891430785	0.0	670129	6189.948418143234	1.2
44331.80816178258	300	9.404891989200769	0.0	179328	1580.8141999423099	-0.6000000000000001
44335.707699171784	1200	9.505354599995531	0.0	598727	3899.5373892052376	0.29999999999999993
44338.51745967623	1200	10.695594095549259	0.0	487812	2809.760504446273	1.2
44341.654899787034	1200	11.558153984744537	0.0	575591	3137.440110804722	1.2
44347.157032910545	1850	10.056020861226125	0.0	908665	5502.133123518412	1.2000000000000002
44350.51939058583	1200	10.693663185944079	0.0	587506	3362.357675282046	0.5499999999999999
44353.744466512464	1200	11.46858725931007	0.0	566904	3225.0759266340087	1.2
44359.45173740993	1850	9.761316361848646	0.0	1025005	5707.270897461424	1.2000000000000002
44362.78710591565	1200	10.425947856123999	0.0	599477	3335.3685057246475	0.5499999999999999
44366.26428247125	1200	10.948771300516931	0.0	634861	3477.176555607067	1.2
44369.5915289115	1200	11.621524860268591	0.0	630203	3327.24644024834	1.2
44374.87237412354	1850	10.340679648233264	0.0	982064	5280.845212035326	1.2000000000000002
44377.97584406045	1200	11.237209711321793	0.0	538612	3103.469936911471	0.5499999999999999
44383.00862757509	1850	10.20442619668975	0.0	846370	5032.783514632044	1.2000000000000002

