33758.195166268604	750	4.0	1.7188586863676834	450283	1718.8586863676833	-6.6410923513810385
33759.72688301104	750	6.4682832575557025	0.0	398865	1531.7167424442982	0.75
33761.87896577679	1200	8.316200491807233	0.0	571051	2152.08276574847	0.75
33765.22858591804	1850	8.966580350562351	0.0	933276	3349.6201412448813	1.2000000000000002
33768.74318330888	1850	9.451982959722457	0.0	996749	3514.597390839894	1.85
33771.5458902858	1850	10.649275982802399	0.0	801058	2802.7069769200593	1.85
33774.63761508998	1850	11.55755117861891	0.0	905515	3091.724804183488	1.85
33780.285385155774	2850	9.909781112829409	0.0	1638769	5647.770065789503	1.85
33786.441625766674	2850	7.753540501935125	0.0	1348011	6156.240610894284	2.85
33789.88741025772	1850	8.307756010884761	0.0	913888	3445.7844910503627	0.8500000000000001
33793.156790693894	1850	9.038375574710726	0.0	939819	3269.3804361740354	1.85
33796.33606983113	1850	9.859096437469113	0.0	917428	3179.279137241614	1.85
33799.57918979378	1850	10.61597647482473	0.0	946851	3243.119962644381	1.85
33803.12340513201	1850	11.07176113659254	0.0	1036454	3544.2153382321903	1.85
33806.05182419297	1850	12.143342075629667	0.0	821631	2928.419060962873	1.85
33811.22093481036	2850	10.974231458248662	0.0	1471065	5169.110617381007	1.85
33817.178347421715	2850	9.016818846893825	0.0	1491626	5957.412611354838	2.85
33822.565761072874	2850	7.629405195731292	0.0	1358801	5387.413651162532	2.85
33827.89516820577	2850	6.299998062839981	0.0	1537156	5329.407132891311	2.85
33832.51137690107	2850	5.683789367542856	0.0	1336050	4616.208695297125	2.85
33835.66575933373	1850	6.529406934883276	0.0	891604	3154.38243265958	0.8500000000000001
33839.05189943082	1850	7.143266837796365	0.0	955231	3386.140097086911	1.85
33842.48484056399	1850	7.710325704621892	0.0	968026	3432.9411331744745	1.85
33845.5014929314	1850	8.6936733372193	0.0	874175	3016.6523674025916	1.85
33848.59598165881	1850	9.599184609803139	0.0	897976	3094.488727416161	1.85
33854.94865950687	2850	7.246506761750418	0.0	1480464	6352.67784805272	1.85
33860.15344069221	2850	6.0417255764091475	0.0	1547572	5204.78118534127	2.85
33862.73919874093	1850	7.455967527689196	0.0	758197	2585.7580487199516	0.8500000000000001
33866.404530372725	1850	7.790635895896867	0.0	972798	3665.3316317923295	1.85
33870.05207578446	1850	8.143090484159446	0.0	975811	3647.5454117374206	1.85
33873.026020330355	1850	9.169145938267768	0.0	873429	2973.944545891677	1.85
33876.43300164461	1850	9.762164624013241	0.0	954453	3406.981314254526	1.85
33879.65945599083	1850	10.53571027779055	0.0	885062	3226.454346222692	1.85
33883.407540488515	1850	10.787625780110828	0.0	1035329	3748.084497679722	1.85
33888.58545557806	2850	9.609710690569653	0.0	1492672	5177.915089541176	1.85
33893.44324670346	2850	8.751919565178461	0.0	1439896	4857.791125391191	2.85
33897.30655087824	2850	8.888615390391246	0.0	1139291	3863.3041747872167	2.85
33902.34784469549	2850	7.847321573140252	0.0	1499009	5041.293817250994	2.85
33907.45244119424	2850	6.742725074390123	0.0	1427478	5104.596498750129	2.85
33912.42238825964	2850	5.772778008989544	0.0	1402287	4969.947065400578	2.85
33917.01379053654	2850	5.181375732090217	0.0	1339500	4591.402276899327	2.85
33922.205689383314	2850	4.0	0.010523114686096052	1527299	5191.898846776313	2.804750606849787
33925.19649527986	1850	5.009194103458805	0.0	886255	2990.8058965411947	0.8500000000000001
33928.499218580844	1850	5.70647080247468	0.0	973972	3302.723300984125	1.85
33931.80075296025	1850	6.404936423064151	0.0	958994	3301.534379410528	1.85
33937.31062651692	2850	4.895062866398926	0.0	1483527	5509.873556665225	1.85
33942.10550032446	2850	4.100189058852934	0.0	1231456	4794.873807545992	2.85
33946.86327437084	2850	4.0	0.6575849875160574	1364537	4757.774046368992	0.022384553680953267

