29488.10397737231	750	4.0	4.4431302062730005	450283	4443.130206273	-18.3554598869739
29489.693221342593	300	6.410756029716595	0.0	155580	1589.243970283405	-0.15000000000000002
29491.131066346057	300	8.97291102625237	0.0	139857	1437.8450034642246	0.3
29492.720126061184	300	11.383851311125838	0.0	155432	1589.059715126532	0.3
29494.390043536307	300	13.713933836003267	0.0	163442	1669.91747512257	0.3
29497.592229019097	750	14.511748353209203	0.0	318564	3202.1854827940642	0.3
29501.084065059484	750	15.019912312823722	0.0	352642	3491.8360403854804	0.75
29505.3584671912	750	14.745510181105583	0.0	437162	4274.4021317181405	0.75
29509.05838272509	750	15.045594647218076	0.0	374758	3699.915533887506	0.75
29512.767105002633	750	15.336872369674712	0.0	362795	3708.7222775433647	0.75
29516.350243981655	750	15.753733390653764	0.0	353220	3583.1389790209464	0.75
29520.426974224836	750	15.677003147473219	0.0	405134	4076.730243180545	0.75
29524.407283644206	750	15.696693728101446	0.0	386351	3980.309419371773	0.75
29528.786167686838	750	15.317809685471158	0.0	434409	4378.884042630287	0.75
29532.15267685054	750	15.951300521772112	0.0	337059	3366.509163699048	0.75
29539.66857674125	750	12.435400631061803	0.0	366214	7515.899890710308	0.75
29543.562027794487	750	12.541949577822937	0.0	360831	3893.4510532388645	0.75
29547.30996690072	750	12.794010471589981	0.0	372963	3747.9391062329564	0.75
29551.33333295501	750	12.770644417302783	0.0	405596	4023.366054287199	0.75
29554.792740771154	750	13.31123660115811	0.0	350713	3459.4078161446746	0.75
29558.698577565057	750	13.405399807253804	0.0	386472	3905.8367939043037	0.75
29563.802287265076	750	12.301690107235357	0.0	399894	5103.709700018447	0.75
29568.31882424906	750	11.785153123250893	0.0	401853	4516.536983984463	0.75
29571.777000889582	750	12.326976482732082	0.0	343800	3458.176640518812	0.75
29575.45652357425	750	12.647453798064616	0.0	359903	3679.522684667464	0.75
29579.31474746462	750	12.789229907693963	0.0	379700	3858.223890370653	0.75
29583.58192206351	750	12.522055308803628	0.0	425781	4267.174598890336	0.75
29586.375451269283	750	13.72852610303014	0.0	277716	2793.52920577349	0.75
29590.357160635078	750	13.746816737238431	0.0	400396	3981.709365791709	0.75
29594.334483707662	750	13.76949366465208	0.0	400508	3977.3230725863514	0.75
29597.904050235535	750	14.19992713677934	0.0	358218	3569.5665278727383	0.75
29601.898212736316	750	14.205764635997625	0.0	400322	3994.1625007817165	0.75
29605.63585144715	750	14.468125925162123	0.0	369834	3737.6387108355007	0.75
29609.730124451864	750	14.373852920448192	0.0	412837	4094.2730047139326	0.75
29613.710337086053	750	14.393640286262697	0.0	401088	3980.2126341854937	0.75
29617.33252576432	750	14.7714516079951	0.0	365161	3622.188678267596	0.75
29620.474622677535	750	15.629354694779423	0.0	321064	3142.096913215679	0.75
29624.001277110863	750	16.102700261451883	0.0	361565	3526.6544333275383	0.75
29627.745766425058	750	16.358210947258186	0.0	378327	3744.4893141936996	0.75
29631.791275288087	750	16.312702084229656	0.0	390680	4045.50886302853	0.75
29635.26361172452	750	16.840365647793295	0.0	345516	3472.3364364363597	0.75
29639.688940748078	750	16.415036624237537	0.0	384505	4425.329023555756	0.75
29643.923780619436	750	16.180196752881102	0.0	372093	4234.839871356437	0.75
29648.318091636334	750	15.785885735981969	0.0	438281	4394.311016899133	0.75
29652.33828267024	750	15.765694702075482	0.0	398987	4020.191033906487	0.75
29656.185902848618	750	15.918074523698943	0.0	393804	3847.6201783765387	0.75
29659.462892406005	750	16.641084966308853	0.0	331053	3276.989557390088	0.75
29662.590768086397	750	17.513209285917487	0.0	314107	3127.875680391364	0.75

