30281.428677579184	750	4.0	1.6605475445588944	450283	1660.5475445588945	-6.390354441603246
30282.90874175296	750	6.519935826223767	0.0	398865	1480.0641737762328	0.75
30284.220134111103	750	9.208543468080567	0.0	350812	1311.3923581432007	0.75
30285.505131159727	750	11.92354641945778	0.0	382355	1284.9970486227858	0.75
30286.672289085105	750	14.756388494078987	0.0	411561	1167.1579253787932	0.75
30288.868321832106	1850	16.56035574707894	0.0	801058	2196.0327470000443	0.75
30291.312424170308	1850	18.116253408877057	0.0	905515	2444.102338201886	1.85
30294.11664709899	1850	19.312030480194903	0.0	1060487	2804.222928682155	1.85
30296.427855917784	1850	21.000821661396166	0.0	852833	2311.2088187987365	1.85
30298.960994786958	1850	22.46768279222375	0.0	913888	2533.1388691724187	1.85
30301.55133469295	1850	23.87734288623225	0.0	939819	2590.339905991499	1.85
30304.060610572247	1850	25.368067006935828	0.0	917428	2509.275879296424	1.85
30306.65078128017	1850	26.777896299018526	0.0	946851	2590.170707917302	1.85
30309.48498520666	1850	27.94369237252263	0.0	1036454	2834.2039264958967	1.85
30311.843215803186	1850	29.58546177599827	0.0	821631	2358.230596524361	1.85
30314.674724504628	1850	30.75395307455728	0.0	923170	2831.5087014409864	1.85
30317.6216262747	1850	31.80705130448456	0.0	966699	2946.9017700727195	1.85
30320.316382423833	1850	33.11229515535105	0.0	885714	2694.756149133509	1.85
30323.15370393135	1850	34.27497364783415	0.0	987708	2837.3215075169037	1.85
30325.74716934981	1850	35.68150822937691	0.0	923755	2593.465418457246	1.85
30328.34936988067	1850	37.07930769851678	0.0	891604	2602.2005308601297	1.85
30334.651472146343	4300	34.77720543284367	0.0	2176469	6302.102265673107	1.8499999999999996
30341.28381458123	4300	32.14486299795788	0.0	2221506	6632.342434885791	4.3
30347.08814862509	4300	30.340528954096467	0.0	2044075	5804.334043861413	4.3
30353.219023549816	4300	28.209654029370455	0.0	2186790	6130.874924726009	4.3
30358.93626066187	4300	26.49241691731805	0.0	2105231	5717.2371120524085	4.3
30365.503569548426	4300	23.92510803076215	0.0	2395588	6567.3088865559	4.3
30370.961516697284	4300	22.467160881903823	0.0	1972048	5457.947148858327	4.3
30376.920372833454	4300	20.50830474573564	0.0	2134614	5958.856136168182	4.3
30382.940318749253	4300	18.488358829935443	0.0	2164140	6019.9459158002	4.3
30388.84179368179	4300	16.58688389740027	0.0	2113193	5901.474932535174	4.3
30399.253186179038	4300	10.175491400152056	0.0	2147852	10411.392497248213	4.3
30402.8396061442	1850	10.58907143498769	0.0	885062	3586.4199651643653	-0.6000000000000001
30405.73760267025	1850	11.691074908935988	0.0	1035329	2897.996526051703	1.85
30408.580915083625	1850	12.847762495563195	0.0	1026056	2843.312413372795	1.85
30411.157585846977	1850	14.271091732213756	0.0	943942	2576.6707633494384	1.85
30413.1678634086	1850	16.260814170588436	0.0	728962	2010.277561625318	1.85
30415.742945316328	1850	17.685732262861094	0.0	938587	2575.0819077273445	1.85
30418.22885799682	1850	19.1998195823681	0.0	908665	2485.9126804929906	1.85
30420.71467618249	1850	20.714001396695476	0.0	930577	2485.818185672625	1.85
30423.014024631342	1850	22.414652947839908	0.0	858450	2299.348448855565	1.85
30426.011058610115	1850	23.41761896907012	0.0	1025005	2997.033978769791	1.85
30428.58884580565	1850	24.839831773531895	0.0	886255	2577.7871955382225	1.85
30431.257685737448	1850	26.170991841734107	0.0	973972	2668.839931797789	1.85
30433.90584514937	1850	27.522832429815306	0.0	958994	2648.159411918802	1.85
30436.692493555158	1850	28.736184024025853	0.0	982064	2786.648405789452	1.85
30439.063932634024	1850	30.364744945158115	0.0	830730	2371.439078867738	1.85
30441.484808731184	1850	31.94386884800209	0.0	846370	2420.8760971560246	1.85

