17569.159892460848	750	4.0	2.262192842520104	450283	2262.192842520104	-8.977429222836447
17569.99387509497	300	7.166017365880396	0.0	155580	833.9826341196043	-0.15000000000000002
17570.75165983118	300	10.408232629667095	0.0	139857	757.7847362133018	0.3
17572.649546101	750	12.510346359849645	0.0	382355	1897.886269817449	0.3
17574.574117805016	750	14.585774655833976	0.0	411561	1924.5717040156685	0.75
17578.17670129073	1850	14.983191170118653	0.0	801058	3602.583485715324	0.75
17581.998232111364	1850	15.161660349484999	0.0	905515	3821.5308206336535	1.85
17587.331066668838	1850	13.82882579201017	0.0	1060487	5332.834557474829	1.85
17591.348788232208	1850	13.81110422864279	0.0	852833	4017.721563367378	1.85
17595.34715603212	1850	13.812736428730416	0.0	913888	3998.367799912376	1.85
17599.33987664615	1850	13.820015814699262	0.0	939819	3992.7206140311546	1.85
17603.31168925659	1850	13.848203204260912	0.0	917428	3971.81261043835	1.85
17607.945874494908	1850	13.21401796594255	0.0	946851	4634.185238318364	1.85
17612.37889560569	1850	12.780996855163114	0.0	1036454	4433.021110779435	1.85
17615.867046238174	1850	13.292846222676403	0.0	821631	3488.1506324867114	1.85
17619.790942671807	1850	13.368949789043189	0.0	923170	3923.896433633214	1.85
17623.92853549741	1850	13.231356963438873	0.0	966699	4137.592825604314	1.85
17627.7033590353	1850	13.456533425548992	0.0	885714	3774.8235378898808	1.85
17631.941951253757	1850	13.217941207091194	0.0	987708	4238.5922184577985	1.85
17635.938008073834	1850	13.221884387013779	0.0	923755	3996.0568200774132	1.85
17639.87320786428	1850	13.286684596568616	0.0	891604	3935.1997904451628	1.85
17644.195523037386	1850	12.964369423461765	0.0	955231	4322.315173106849	1.85
17648.379765885864	1850	12.780126574981741	0.0	968026	4184.242848480024	1.85
17652.276357769944	1850	12.883534690902984	0.0	874175	3896.591884078758	1.85
17656.205995923978	1850	12.953896536868594	0.0	897976	3929.6381540343887	1.85
17660.148478313113	1850	13.011414147732896	0.0	905935	3942.4823891356996	1.85
17665.36755971646	1850	11.79233274438687	0.0	1076599	5219.081403346025	1.85
17670.03097555432	1850	11.128916906526062	0.0	758197	4663.415837860811	1.85
17671.84902625499	750	13.31086620585652	0.0	400396	1818.0507006695404	-0.3500000000000001
17673.667563128543	750	15.49232933230195	0.0	400508	1818.5368735545717	0.75
17675.264118108993	750	17.8957743518536	0.0	358218	1596.5549804483487	0.75
17677.009679368493	750	20.150213092352	0.0	400322	1745.5612595016	0.75
17678.628393660605	750	22.531498800240865	0.0	369834	1618.7142921111374	0.75
17683.48417107379	1850	21.67572138705461	0.0	1035329	4855.7774131862525	0.75
17687.94824496374	1850	21.211647497107123	0.0	1026056	4464.073889947489	1.85
17691.97608789189	1850	21.18380456895797	0.0	943942	4027.8429281491503	1.85
17695.161872241508	1850	21.998020219338535	0.0	728962	3185.7843496194355	1.85
17699.598798122202	1850	21.561094338644224	0.0	938587	4436.925880694312	1.85
17703.515007606566	1850	21.644884854277713	0.0	908665	3916.2094843665122	1.85
17707.50072235335	1850	21.65917010749271	0.0	930577	3985.714746785003	1.85
17711.260401736454	1850	21.899490724388713	0.0	858450	3759.679383103996	1.85
17715.892658634544	1850	21.267233826300124	0.0	1025005	4632.256898088587	1.85
17719.632360138792	1850	21.527532322052572	0.0	886255	3739.7015042475527	1.85
17723.71125609511	1850	21.448636365734814	0.0	973972	4078.8959563177605	1.85
17727.930365397642	1850	21.22952706320189	0.0	958994	4219.109302532926	1.85
17732.30526556765	1850	20.854626893191405	0.0	982064	4374.900170010483	1.85
17735.90648683883	1850	21.253405622016018	0.0	830730	3601.221271175389	1.85
17739.766795718297	1850	21.393096742547836	0.0	846370	3860.308879468179	1.85

