21899.042977664707	750	4.0	3.2724006227649514	450283	3272.4006227649515	-13.32132267788929
21900.226003292788	300	6.816974371917725	0.0	155580	1183.0256280822753	-0.15000000000000002
21901.298264274646	300	9.7447133900586	0.0	139857	1072.2609818591256	0.3
21902.48295823072	300	12.560019433983355	0.0	155432	1184.6939560752455	0.3
21905.488024814542	750	13.554952850163522	0.0	411561	3005.066583819832	0.3
21907.779303880558	750	15.263673784147839	0.0	318564	2291.279066015682	0.75
21910.281890886396	750	16.761086778309007	0.0	352642	2502.587005838832	0.75
21913.444818295215	750	17.598159369491164	0.0	437162	3162.9274088178445	0.75
21916.204323432103	750	18.838654232601584	0.0	374758	2759.5051368895806	0.75
21922.659901604708	1850	16.38307605999714	0.0	913888	6455.578172604444	0.75
21925.200666659362	750	17.84231100534105	0.0	353220	2540.7650546560917	-0.3500000000000001
21928.10213916788	750	18.940838496825275	0.0	405134	2901.4725085157734	0.75
21930.87183428057	750	20.17114338413345	0.0	386351	2769.6951126918248	0.75
21933.923754035448	750	21.11922362925406	0.0	434409	3051.919754879393	0.75
21936.29139216051	750	22.751585504191702	0.0	337059	2367.638125062356	0.75
21943.718613759178	1850	19.324363905520418	0.0	923170	7427.221598671283	0.75
21952.265501686037	1850	14.777475978663023	0.0	966699	8546.887926857395	1.85
21954.99955784464	750	16.043419820059253	0.0	372963	2734.056158603771	-0.3500000000000001
21957.962824126986	750	17.080153537711396	0.0	405596	2963.2662823478554	0.75
21960.527418415728	750	18.51555924896701	0.0	350713	2564.594288744389	0.75
21963.344534861462	750	19.698442803231874	0.0	386472	2817.1164457351315	0.75
21966.254985309923	750	20.787992354774104	0.0	399894	2910.45044845777	0.75
21969.179370130594	750	21.863607534098747	0.0	401853	2924.384820675357	0.75
21975.362491071515	1850	19.680486593180458	0.0	874175	6183.120940918293	0.75
21981.705233301636	1850	17.337744363058825	0.0	897976	6342.742230121633	1.85
21988.149884547543	1850	14.893093117152068	0.0	905935	6444.651245906755	1.85
21995.763780107987	1850	11.27919755670842	0.0	1076599	7613.89556044365	1.85
22001.2952569493	1850	9.747720715394967	0.0	758197	5531.4768413134525	1.85
22004.349706725374	750	10.693270939318591	0.0	400396	3054.4497760763766	-0.3500000000000001
22007.524306380164	750	11.518671284527617	0.0	400508	3174.5996547909754	0.75
22010.38431808194	750	12.65865958275351	0.0	358218	2860.0117017741063	0.75
22013.552135492624	750	13.490842172066918	0.0	400322	3167.8174106865927	0.75
22016.234836126874	750	14.808141537813727	0.0	369834	2682.7006342531913	0.75
22019.212859910698	750	15.830117753990972	0.0	412837	2978.023783822752	0.75
22022.087230072186	750	16.955747592500842	0.0	401088	2874.3701614901315	0.75
22024.69876157633	750	18.344216088359534	0.0	365161	2611.531504141304	0.75
22026.989170336958	750	20.053807327729118	0.0	321064	2290.408760630416	0.75
22029.565619932055	750	21.477357732632257	0.0	361565	2576.4495950968644	0.75
22032.275362083838	750	22.767615580849686	0.0	378327	2709.7421517825696	0.75
22038.710453680014	1850	20.332523984670914	0.0	930577	6435.09159617877	0.75
22046.306519901875	1850	16.73645776281191	0.0	858450	7596.06622185901	1.85
22053.409283609748	1850	13.633694054941039	0.0	1025005	7102.763707870869	1.85
22059.778058950826	1850	11.264918713863455	0.0	886255	6368.775341077585	1.85
22062.910970897174	750	12.13200676751289	0.0	438281	3132.911946350566	-0.3500000000000001
22065.7413228813	750	13.30165478338876	0.0	398987	2830.3519841241277	0.75
22068.507876528638	750	14.535101136048045	0.0	393804	2766.553647340715	0.75
22070.899077652844	750	16.143900011842415	0.0	331053	2391.20112420563	0.75
22073.207823792894	750	17.83515387179428	0.0	314107	2308.746140048136	0.75

