35291.6386923939	750	4.0	6.865428320142443	450283	6865.428320142443	-28.771341776612502
35293.241595404514	300	6.397096989383826	0.0	155580	1602.9030106161747	-0.15000000000000002
35294.690593002895	300	8.948099391005202	0.0	139857	1448.9975983786242	0.3
35300.15675466329	300	7.481937730608492	0.0	155432	5466.1616603967095	0.3
35301.84492628707	300	9.793766106830345	0.0	163442	1688.1716237781463	0.3
35303.16753458968	300	12.471157804219521	0.0	126289	1322.608302610824	0.3
35304.755865796265	300	14.882826597632041	0.0	153295	1588.3312065874802	0.3
35308.89398412934	750	14.7447082645583	0.0	437162	4138.118333073741	0.3
35312.826109258196	750	14.812583135700642	0.0	374758	3932.1251288576577	0.75
35316.679588036735	750	14.95910435716051	0.0	362795	3853.478778540133	0.75
35319.93129535151	750	15.707397042386944	0.0	353220	3251.707314773566	0.75
35323.50314849427	750	16.135543899634435	0.0	405134	3571.853142752508	0.75
35327.906673262994	750	15.732019130907378	0.0	386351	4403.524768727056	0.75
35335.05193181438	750	12.586760579516373	0.0	434409	7145.258551391004	0.75
35338.77294385589	750	12.865748538003848	0.0	337059	3721.012041512526	0.75
35342.314606267944	750	13.324086125949036	0.0	366214	3541.6624120548113	0.75
35345.58157473585	750	14.057117658041038	0.0	360831	3266.9684679079955	0.75
35349.31600956357	750	14.322682830329459	0.0	372963	3734.43482771158	0.75
35352.983042902335	750	14.655649491557675	0.0	405596	3667.0333387717833	0.75
35355.81009029811	750	15.828602095780742	0.0	350713	2827.047395776933	0.75
35359.15003065685	750	16.488661737035645	0.0	386472	3339.940358745095	0.75
35362.67503426027	750	16.963658133621262	0.0	399894	3525.003603414386	0.75
35366.25145547995	750	17.387236913935343	0.0	401853	3576.421219685918	0.75
35369.52604309075	750	18.11264930313004	0.0	343800	3274.5876108053017	0.75
35372.876722638895	750	18.761969754982836	0.0	359903	3350.6795481472095	0.75
35376.21242786682	750	19.426264527065786	0.0	379700	3335.7052279170503	0.75
35380.65416298522	750	18.984529408664116	0.0	425781	4441.735118401668	0.75
35383.260624055474	750	20.378068338411087	0.0	277716	2606.4610702530294	0.75
35386.520925686746	750	21.117766707139925	0.0	400396	3260.3016312711607	0.75
35390.214258191074	750	21.42443420281534	0.0	400508	3693.332504324586	0.75
35393.73429676193	750	21.904395631960398	0.0	358218	3520.0385708549456	0.75
35397.77813440131	750	21.86055799257536	0.0	400322	4043.837639385038	0.75
35401.02665057351	750	22.612041820374454	0.0	369834	3248.5161722009047	0.75
35404.57462272775	750	23.064069666133626	0.0	412837	3547.972154240831	0.75
35408.01535975378	750	23.623332640105296	0.0	401088	3440.7370260283315	0.75
35411.38116440748	750	24.257527986397886	0.0	365161	3365.804653707408	0.75
35414.12258424544	750	25.51610814844888	0.0	321064	2741.4198379490067	0.75
35416.998089316985	750	26.640603076901357	0.0	361565	2875.505071547522	0.75
35420.31300206856	750	27.325690325333156	0.0	378327	3314.912751568203	0.75
35428.79514160312	1850	22.843550790767637	0.0	930577	8482.139534565516	0.75
35437.22185441726	1850	18.416837976628102	0.0	858450	8426.712814139533	1.85
35446.93393258964	1850	12.704759804240329	0.0	1025005	9712.078172387775	1.85
35450.3622042881	750	13.276488105782049	0.0	372093	3428.271698458278	-0.3500000000000001
35454.164663246345	750	13.474029147536006	0.0	438281	3802.458958246042	0.75
35457.53507991512	750	14.103612478764655	0.0	398987	3370.416668771351	0.75
35461.02111167001	750	14.617580723879097	0.0	393804	3486.0317548855587	0.75
35463.97673376484	750	15.661958629050995	0.0	331053	2955.6220948281025	0.75
35466.62090969473	750	17.017782699154864	0.0	314107	2644.1759298961274	0.75

