44550.012360768764	750	4.0	4.253525774151409	450283	4253.52577415141	-17.54016082885106
44553.53356669078	750	4.478794077985123	0.0	398865	3521.205922014877	0.75
44556.58830190323	750	5.424058865534204	0.0	350812	3054.7352124509202	0.75
44559.96853372994	750	6.043827038824535	0.0	382355	3380.2318267096693	0.75
44563.592948329475	750	6.419412439290258	0.0	411561	3624.414599534277	0.75
44566.42381487668	750	7.588545892087434	0.0	318564	2830.8665472028233	0.75
44569.713600735915	750	8.298760032850636	0.0	352642	3289.785859236798	0.75
44573.64120960995	750	8.371151158815488	0.0	437162	3927.6088740351483	0.75
44576.95106564484	750	9.061295123935555	0.0	374758	3309.8560348799333	0.75
44580.20210841594	750	9.810252352836015	0.0	362795	3251.0427710995414	0.75
44583.344881560755	750	10.667479208019406	0.0	353220	3142.773144816609	0.75
44586.91359235865	750	11.098768410128825	0.0	405134	3568.7107978905806	0.75
44590.28691043942	750	11.725450329360696	0.0	386351	3373.318080768129	0.75
44596.37945333121	1200	9.632907437567825	0.0	687371	6092.542891792871	0.75
44600.99362248163	1200	9.018738287147178	0.0	526950	4614.1691504206465	1.2
44606.52967320475	1200	7.4826875640247135	0.0	587876	5536.050723122465	1.2
44612.02992645701	1200	5.982434311764027	0.0	617242	5500.253252260687	1.2
44615.36253033651	750	6.649830432262918	0.0	372963	3332.6038795011095	0.3
44618.813201156154	750	7.19915961261943	0.0	405596	3450.6708196434874	0.75
44621.65228464651	750	8.360076122264308	0.0	350713	2839.083490355121	0.75
44625.380000821984	750	8.63235994678675	0.0	386472	3727.71617547756	0.75
44629.23721440173	750	8.775146367039685	0.0	399894	3857.2135797470632	0.75
44632.90510473833	750	9.10725603043725	0.0	401853	3667.8903366024356	0.75
44636.01530660967	750	9.997054159102506	0.0	343800	3110.2018713347466	0.75
44639.014432357515	750	10.997928411259636	0.0	359903	2999.125747842868	0.75
44641.87979493605	750	12.132565832719582	0.0	379700	2865.362578540054	0.75
44645.46705763136	750	12.545303137414168	0.0	425781	3587.2626953054123	0.75
44647.945615470344	750	14.066745298427412	0.0	277716	2478.5578389867565	0.75
44651.41335882454	750	14.599001944237205	0.0	400396	3467.7433541902064	0.75
44654.9825659792	750	15.029794789578718	0.0	400508	3569.2071546584875	0.75
44658.271200115814	750	15.741160652957896	0.0	358218	3288.634136620822	0.75
44663.86015355107	1200	14.152207217707822	0.0	620283	5588.953435250075	0.75
44668.93698678356	1200	13.07537398520585	0.0	584349	5076.833232501974	1.2
44675.59331109534	1200	10.419049673431285	0.0	670129	6656.324311774564	1.2
44681.075164715636	1200	8.937196053140251	0.0	690253	5481.8536202910345	1.2
44686.02500586458	1200	7.987354904190782	0.0	598727	4949.841148949469	1.2
44690.294639663436	1200	7.717721105336648	0.0	487812	4269.633798854134	1.2
44695.134776639075	1200	6.877584129699344	0.0	575591	4840.136975637304	1.2
44700.16909834433	1200	5.843262424441015	0.0	605884	5034.321705258329	1.2
44704.83166616005	1200	5.18069460872699	0.0	587506	4662.5678157140255	1.2
44707.59319944876	750	6.419161320012667	0.0	345516	2761.5332887143236	0.3
44710.63631027872	750	7.376050490057232	0.0	384505	3043.110829955434	0.75
44713.56466197754	750	8.447698791233416	0.0	372093	2928.3516988238175	0.75
44718.76029607875	1200	7.252064690028734	0.0	634861	5195.6341012046805	0.75
44724.16007396196	1200	5.852286806819871	0.0	630203	5399.777883208864	1.2
44729.71219638218	1200	4.300164386600333	0.0	638661	5552.122420219538	1.2
44732.62229275889	750	5.390068009890178	0.0	331053	2910.096376710155	0.3
44737.61534964863	1200	4.397011120146116	0.0	550906	4993.056889744062	0.75

