30472.948382175375	750	4.0	1.650043841198174	450283	1650.0438411981738	-6.345188517152148
30473.570857509363	300	7.377524666013125	0.0	155580	622.4753339868747	-0.15000000000000002
30474.87406651352	750	10.07431566185704	0.0	350812	1303.2090041560837	0.3
30476.287259445304	750	12.661122730075633	0.0	382355	1413.192931781408	0.75
30477.81573738624	750	15.132644789134718	0.0	411561	1528.477940940914	0.75
30480.722890615103	1850	16.225491560274662	0.0	801058	2907.153228860056	0.75
30483.977865342527	1850	16.97051683284711	0.0	905515	3254.974727427552	1.85
30487.78335549975	1850	17.165026675626873	0.0	1060487	3805.4901572202407	1.85
30490.91314392618	1850	18.035238249194048	0.0	852833	3129.788426432825	1.85
30494.35712111752	1850	18.59126105785577	0.0	913888	3443.9771913382765	1.85
30497.904370081997	1850	19.044012093374526	0.0	939819	3547.2489644812467	1.85
30501.220882072408	1850	19.727500102964527	0.0	917428	3316.51199041	1.85
30504.601061810794	1850	20.347320364577637	0.0	946851	3380.1797383868907	1.85
30508.277364786438	1850	20.671017388933464	0.0	1036454	3676.302975644172	1.85
30511.217426301024	1850	21.73095587434593	0.0	821631	2940.0615145875345	1.85
30514.51203089587	1850	22.43635127950054	0.0	923170	3294.604594845395	1.85
30517.96069185843	1850	22.987690316941183	0.0	966699	3448.6609625593546	1.85
30521.143271215507	1850	23.80511095986326	0.0	885714	3182.5793570779188	1.85
30524.65825884675	1850	24.290123328619487	0.0	987708	3514.987631243775	1.85
30527.931191685973	1850	25.017190489392263	0.0	923755	3272.9328392272264	1.85
30531.116438344274	1850	25.831943831093806	0.0	891604	3185.246658298455	1.85
30534.525897595486	1850	26.42248457987993	0.0	955231	3409.4592512138724	1.85
30537.983321613883	1850	26.965060561483934	0.0	968026	3457.4240183959996	1.85
30541.11371876794	1850	27.83466340742306	0.0	874175	3130.397154060873	1.85
30544.323522803148	1850	28.624859372219053	0.0	897976	3209.804035204007	1.85
30547.553495971257	1850	29.394886204110072	0.0	905935	3229.9731681089797	1.85
30551.40326599167	1850	29.54511618369483	0.0	1076599	3849.7700204152425	1.85
30554.135614472587	1850	30.81276770277873	0.0	758197	2732.3484809161037	1.85
30557.58481548577	1850	31.363566689591956	0.0	972798	3449.201013186771	1.85
30561.087656239913	1850	31.86072593545296	0.0	975811	3502.8407541389925	1.85
30564.24212895836	1850	32.70625321700185	0.0	873429	3154.4727184511107	1.85
30567.6436950051	1850	33.304687170263776	0.0	954453	3401.566046738076	1.85
30570.803673556962	1850	34.14470861840431	0.0	885062	3159.9785518594645	1.85
30574.492414574765	1850	34.45596760059918	0.0	1035329	3688.741017805126	1.85
30578.188098244376	1850	34.76028393098626	0.0	1026056	3695.6836696129126	1.85
30581.564933803413	1850	35.38344837194926	0.0	943942	3376.835559037006	1.85
30584.182345167777	1850	36.76603700758271	0.0	728962	2617.4113643665523	1.85
30587.506349569267	1850	37.44203260609684	0.0	938587	3324.004401485872	1.85
30590.73666065663	1850	38.21172151873343	0.0	908665	3230.311087363407	1.85
30594.057651814597	1850	38.890730360761374	0.0	930577	3320.9911579720547	1.85
30597.13887147182	1850	39.809510703541626	0.0	858450	3081.219657219741	1.85
30600.816726817386	1850	40.13165535797608	0.0	1025005	3677.855345565548	1.85
30604.029608134613	1850	40.91877404074876	0.0	886255	3212.8813172273212	1.85
30607.557411325957	1850	41.39097084940438	0.0	973972	3527.803191344374	1.85
30611.018353504216	1850	41.93002867114921	0.0	958994	3460.9421782551717	1.85
30614.52987692882	1850	42.41850524654429	0.0	982064	3511.5234246049176	1.85
30617.505607193474	1850	43.44277498189092	0.0	830730	2975.73026465337	1.85
30620.53299145023	1850	44.41539072513607	0.0	846370	3027.384256754849	1.85

