33567.32662775958	750	4.0	2.3160784367766603	450283	2316.07843677666	-9.20913727813964
33570.42388271036	1200	4.902745049224192	0.0	611087	3097.2549507758076	0.75
33573.15775908318	1200	6.168868676402966	0.0	571051	2733.8763728212257	1.2
33576.66037201696	1200	6.666255742628758	0.0	617681	3502.612933774208	1.2
33581.33714509885	1200	5.989482660738256	0.0	652874	4676.773081890503	1.2
33583.94173065335	1200	7.3848971062351865	0.0	520315	2604.585554503069	1.2
33586.71160440037	1200	8.615023359213684	0.0	561791	2769.8737470215033	1.2
33590.12912138556	1200	9.197506374030114	0.0	709534	3417.5169851835694	1.2
33594.46371895376	1200	8.862908805834584	0.0	584846	4334.597568195531	1.2
33598.97098887392	1200	8.355638885671425	0.0	560821	4507.269920163158	1.2
33603.82813870206	1200	7.498489057528496	0.0	607410	4857.149828142929	1.2
33608.832093843484	750	6.494533916108054	0.0	405134	5003.9551414204425	0.3
33611.30641346319	300	8.020214296398255	0.0	160746	2474.3196197097986	-0.15000000000000002
33612.2301122665	300	11.096515493084269	0.0	179801	923.6988033139864	0.3
33612.96728803918	300	14.359339720408215	0.0	140051	737.1757726760536	0.3
33613.69630841495	300	17.63031934464408	0.0	138313	729.0203757641358	0.3
33615.469472985205	750	19.85715477437701	0.0	360831	1773.1645702670676	0.3
33617.94849541813	750	21.378132341451558	0.0	372963	2479.0224329254543	0.75
33622.581304268315	1200	20.745323491264337	0.0	639204	4632.808850187218	0.75
33625.513442017465	1200	21.813185742117554	0.0	586839	2932.1377491467824	1.2
33629.70796267659	1200	21.618665082987707	0.0	601738	4194.520659129848	1.2
33634.69140968496	1200	20.63521807462177	0.0	616206	4983.447008365941	1.2
33638.69226280531	1200	20.634364954271188	0.0	656471	4000.8531203505813	1.2
33641.28277919209	1200	22.04384856748989	0.0	536667	2590.5163867812976	1.2
33645.621592022275	1850	21.70503573729903	0.0	897976	4338.8128301908555	1.2000000000000002
33649.9276462036	1850	21.39898155597436	0.0	905935	4306.0541813246755	1.85
33654.96324574654	1850	20.363382013036222	0.0	1076599	5035.599542938135	1.85
33659.4157639956	1850	19.910863763971893	0.0	758197	4452.518249064326	1.85
33666.11712129621	1850	17.20950646336888	0.0	972798	6701.3573006030165	1.85
33671.15034230269	1850	16.176285456884518	0.0	975811	5033.221006484361	1.85
33675.345816573164	1850	15.980811186406	0.0	873429	4195.4742704785185	1.85
33680.01452366446	1850	15.312104095114956	0.0	954453	4668.707091291044	1.85
33684.61220063518	1850	14.714427124391603	0.0	885062	4597.6769707233525	1.85
33689.87577852095	1850	13.450849238622665	0.0	1035329	5263.577885768938	1.85
33694.7555293316	1850	12.571098427966659	0.0	1026056	4879.750810656006	1.85
33699.3284283082	1850	11.998199451362964	0.0	943942	4572.898976603693	1.85
33702.78902384923	1850	12.53760391032963	0.0	728962	3460.595541033335	1.85
33707.333426872894	1850	11.99320088666729	0.0	938587	4544.4030236623385	1.85
33711.61451146494	1850	11.7121162946224	0.0	908665	4281.084592044891	1.85
33715.979198093446	1850	11.347429666114689	0.0	930577	4364.68662850771	1.85
33720.069078736	1850	11.257549023562085	0.0	858450	4089.880642552603	1.85
33726.12925410647	1850	9.19737365309591	0.0	1025005	6060.175370466175	1.85
33731.26068775212	1850	8.065940007448882	0.0	886255	5131.433645647028	1.85
33735.92108036591	1850	7.405547393654995	0.0	973972	4660.392613793887	1.85
33740.849581525654	1850	6.47704623390924	0.0	958994	4928.501159745755	1.85
33745.91383795085	1850	5.412789808717944	0.0	982064	5064.256425191295	1.85
33750.72609788615	1850	4.600529873416835	0.0	830730	4812.25993530111	1.85
33756.476307582234	1850	4.0	1.1496798226690153	846370	5750.20969608585	-3.093623237476765

