32991.98059215917	750	4.0	6.987494890505907	450283	6987.494890505907	-29.2962280291754
32994.4489052672	300	5.531686891967325	0.0	155580	2468.3131080326752	-0.15000000000000002
32996.67715983078	300	7.303432328386008	0.0	139857	2228.2545635813162	0.3
32999.14536033917	300	8.835231819999162	0.0	155432	2468.2005083868466	0.3
33001.73325944041	300	10.247332718764788	0.0	163442	2587.899101234375	0.3
33003.748806470685	300	12.231785688480915	0.0	126289	2015.5470302838723	0.3
33006.1791725234	300	13.801419635768744	0.0	153295	2430.366052712173	0.3
33008.92754444072	300	15.053047718453447	0.0	173849	2748.371917315297	0.3
33014.736103544354	750	13.244488614818572	0.0	374758	5808.559103634873	0.3
33020.36218295451	750	11.618409204665147	0.0	362795	5626.079410153425	0.75
33025.85851205526	750	10.122080103908235	0.0	353220	5496.329100756911	0.75
33031.81078832955	750	8.169803829621674	0.0	405134	5952.2762742865625	0.75
33037.825511682524	750	6.155080476647181	0.0	386351	6014.723352974493	0.75
33044.51773426492	750	4.0	0.5371421057437429	434409	6692.222582390924	-1.5597110546980941
33046.73282604802	300	5.784908216895968	0.0	140051	2215.0917831040324	-0.15000000000000002
33048.93471137995	300	7.5830228849673755	0.0	138313	2201.8853319285918	0.3
33051.21630950955	300	9.30142475536466	0.0	143509	2281.598129602715	0.3
33053.61972454919	300	10.898009715725998	0.0	150616	2403.4150396386626	0.3
33056.251835510404	300	12.265898754514044	0.0	165384	2632.1109612119535	0.3
33058.3303733408	300	14.187360924117591	0.0	140881	2078.537830396453	0.3
33060.6202720953	300	15.897462169621777	0.0	157671	2289.8987544958145	0.3
33066.72180926664	750	13.79592499828286	0.0	399894	6101.537171338916	0.3
33072.94414970963	750	11.57358455529576	0.0	401853	6222.340442987101	0.75
33078.27096199204	750	10.246772272875369	0.0	343800	5326.812282420391	0.75
33083.920376273716	750	8.597357991203054	0.0	359903	5649.414281672315	0.75
33089.91941600286	750	6.598318262062386	0.0	379700	5999.039729140669	0.75
33096.560124735224	750	4.0	0.04239047030180791	425781	6640.708732364194	0.567720977702226
33098.340484919936	300	6.219639815285701	0.0	111155	1780.3601847142988	-0.15000000000000002
33100.75832179111	300	7.8018029441106265	0.0	153605	2417.836871175075	0.3
33103.11248593501	300	9.447638800207976	0.0	149029	2354.1641439026507	0.3
33105.60846132113	300	10.951663414086202	0.0	157421	2495.9753861217737	0.3
33108.10170164098	300	12.4584230942319	0.0	157488	2493.2403198543007	0.3
33110.37483112531	300	14.185293609912124	0.0	143881	2273.129484319778	0.3
33116.74334954896	750	11.81677518625321	0.0	412837	6368.518423658914	0.3
33122.98457968983	750	9.575545045384366	0.0	401088	6241.230140868844	0.75
33128.63842191005	750	7.921702825166939	0.0	365161	5653.842220217427	0.75
33133.628879128635	750	6.931245606574915	0.0	321064	4990.457218592023	0.75
33139.257494212216	750	5.302630523001209	0.0	361565	5628.615083573706	0.75
33141.54130348832	300	7.018821246901927	0.0	144254	2283.8092760992818	-0.15000000000000002
33143.91362388272	300	8.646500852496738	0.0	149991	2372.3203944051897	0.3
33146.25689114138	300	10.303233593837295	0.0	147968	2343.267258659443	0.3
33148.81446850673	300	11.745656228483313	0.0	161857	2557.5773653539823	0.3
33151.12458338928	300	13.43554134592967	0.0	145210	2310.114882553644	0.3
33153.84743920246	300	14.712685532755442	0.0	172312	2722.855813174227	0.3
33156.46610290628	300	16.094021828939713	0.0	167025	2618.6637038157282	0.3
33166.2620171349	1200	10.298107600318684	0.0	638661	9795.914228621032	0.29999999999999993
33174.58869759337	1200	5.97142714184991	0.0	538612	8326.680458468772	1.2
33179.476992129064	750	5.083132606154307	0.0	314107	4888.294535695603	0.3

