20930.00505193769	750	4.0	6.920877351020259	450283	6920.877351020259	-29.009772609387113
20932.673212078225	300	5.331839859462805	0.0	155580	2668.1601405371953	-0.15000000000000002
20934.732338144706	300	7.272713792983486	0.0	139857	2059.1260664793194	0.3
20936.886278442133	300	9.118773495556415	0.0	155432	2153.940297427072	0.3
20939.013150808605	300	10.99190112908456	0.0	163442	2126.8723664718527	0.3
20940.437756532247	300	13.567295405441607	0.0	126289	1424.605723642953	0.3
20942.14989657933	300	15.855155358360339	0.0	153295	1712.14004708127	0.3
20947.355846064675	750	14.649205873015404	0.0	437162	5205.949485344934	0.3
20951.59640505818	750	14.408646879513654	0.0	374758	4240.55899350175	0.75
20956.04396326423	750	13.96108867346388	0.0	362795	4447.558206049772	0.75
20960.52683638254	750	13.478215555153584	0.0	353220	4482.873118310298	0.75
20964.85070981421	750	13.154342123484756	0.0	405134	4323.873431668829	0.75
20969.017187756104	750	12.98786418158986	0.0	386351	4166.477941894897	0.75
20974.729993808276	750	11.275058129416463	0.0	434409	5712.806052173398	0.75
20979.4133829853	750	10.591668952392578	0.0	337059	4683.389177023885	0.75
20981.302987444647	300	12.702064493046139	0.0	138313	1889.6044593464385	-0.15000000000000002
20983.260573256222	300	14.74447868147132	0.0	143509	1957.5858115748197	0.3
20985.337648403416	300	16.66740353427396	0.0	150616	2077.075147197361	0.3
20990.541110668837	750	15.4639412688523	0.0	405596	5203.462265421659	0.3
20994.042748064574	750	15.962303873117456	0.0	350713	3501.6373957348437	0.75
20998.21394060804	750	15.791111329651939	0.0	386472	4171.192543465519	0.75
21002.61457244947	750	15.390479488220652	0.0	399894	4400.631841431287	0.75
21007.07543239667	750	14.929619541025032	0.0	401853	4460.85994719562	0.75
21011.311207064944	750	14.693844872749818	0.0	343800	4235.774668275214	0.75
21016.996760201197	750	13.008291736496151	0.0	359903	5685.553136253667	0.75
21026.82431196149	750	7.180739976201268	0.0	379700	9827.551760294882	0.75
21028.784427599854	300	9.220624337838851	0.0	181901	1960.115638362417	-0.15000000000000002
21030.01331767623	300	11.991734261466679	0.0	111155	1228.8900763721722	0.3
21031.79583129604	300	14.209220641653967	0.0	153605	1782.5136198127136	0.3
21036.9685320398	750	13.036519897896534	0.0	400508	5172.700743757431	0.3
21042.644793673688	750	11.3602582640088	0.0	358218	5676.261633887734	0.75
21047.237227795267	750	10.767824142431053	0.0	400322	4592.434121577748	0.75
21050.922194157047	750	11.082857780649817	0.0	369834	3684.9663617812357	0.75
21055.41697115954	750	10.588080778154296	0.0	412837	4494.777002495522	0.75
21061.35656151069	750	8.648490427002995	0.0	401088	5939.5903511513025	0.75
21063.336325932014	300	10.668726005679503	0.0	159914	1979.7644213234937	-0.15000000000000002
21064.979841293334	300	13.025210644357886	0.0	131610	1643.5153613216166	0.3
21066.52340633812	300	15.481645599569282	0.0	124011	1543.5650447886035	0.3
21070.9915571467	750	15.013494790993047	0.0	378327	4468.150808576234	0.3
21075.072505333654	750	14.932546604037586	0.0	390680	4080.94818695546	0.75
21078.893912969903	750	15.111138967791147	0.0	345516	3821.4076362464402	0.75
21082.97302660388	750	15.032025333815167	0.0	384505	4079.11363397598	0.75
21086.5361688674	750	15.468883070292886	0.0	372093	3563.14226352228	0.75
21091.427394449343	750	14.577657488348663	0.0	438281	4891.225581944223	0.75
21096.178356556535	750	13.826695381154845	0.0	398987	4750.962107193818	0.75
21103.883768295633	750	10.121283642054918	0.0	393804	7705.411739099928	0.75
21106.579182428944	300	11.425869508743585	0.0	137507	2695.414133311333	-0.15000000000000002
21108.18335659761	300	13.821695340079266	0.0	118421	1604.1741686643174	0.3

