35352.203516511494	750	4.0	4.5457995898013674	450283	4545.799589801368	-18.79693823614588
35354.43575639875	300	5.767760112736862	0.0	155580	2232.239887263138	-0.15000000000000002
35356.74049903906	300	7.463017472432779	0.0	139857	2304.742640304083	0.3
35358.92978122648	300	9.273735285009066	0.0	155432	2189.282187423715	0.3
35360.891727233175	300	11.311789278316574	0.0	163442	1961.9460066924908	0.3
35362.42587659037	300	13.777639921118375	0.0	126289	1534.1493571981985	0.3
35364.107687881035	300	16.09582863045524	0.0	153295	1681.8112906631327	0.3
35368.435320608725	750	15.768195902767008	0.0	437162	4327.632727688234	0.3
35372.01802194229	750	16.18549456921029	0.0	374758	3582.7013335567167	0.75
35375.7018957711	750	16.501620740406796	0.0	362795	3683.8738288034942	0.75
35379.34073237792	750	16.862784133583137	0.0	353220	3638.836606823662	0.75
35383.18810217058	750	17.015414340917545	0.0	405134	3847.3697926655905	0.75
35386.97097892483	750	17.232537586661874	0.0	386351	3782.8767542556698	0.75
35391.365447637756	750	16.838068873736646	0.0	434409	4394.468712925228	0.75
35394.822221775576	750	17.38129473592242	0.0	337059	3456.774137814229	0.75
35398.456494485945	750	17.74702202555703	0.0	366214	3634.272710365387	0.75
35402.038940587016	750	18.16457592448876	0.0	360831	3582.446101068274	0.75
35405.70668589145	750	18.496830620051433	0.0	372963	3667.7453044373246	0.75
35409.664502337626	750	18.5390141738736	0.0	405596	3957.8164461778338	0.75
35413.21539148248	750	18.988125029018462	0.0	350713	3550.889144855138	0.75
35416.989603494694	750	19.21391301680398	0.0	386472	3774.2120122144847	0.75
35420.821148408926	750	19.382368102572922	0.0	399894	3831.544914231052	0.75
35424.63905642285	750	19.564460088646666	0.0	401853	3817.90801392626	0.75
35427.95480970843	750	20.248706803070025	0.0	343800	3315.7532855766394	0.75
35431.38010097315	750	20.8234155383582	0.0	359903	3425.2912647118237	0.75
35434.95364514676	750	21.249871364743132	0.0	379700	3573.5441736150683	0.75
35439.038573460115	750	21.16494305138536	0.0	425781	4084.9283133577687	0.75
35441.730332653024	750	22.473183858477952	0.0	277716	2691.759192907413	0.75
35445.583176268854	750	22.62034024264494	0.0	400396	3852.8436158330096	0.75
35454.865780581305	1850	17.33773593019169	0.0	975811	9282.604312453248	0.75
35465.575864132974	1850	10.627652378523807	0.0	873429	10710.083551667884	1.85
35469.37383102394	750	10.829685487553835	0.0	400322	3797.9668909699726	-0.3500000000000001
35472.982426673305	750	11.221089838187	0.0	369834	3608.5956493668355	0.75
35477.735860200635	750	10.467656310859583	0.0	412837	4753.433527327416	0.75
35480.27086199916	300	11.93265451233475	0.0	179328	2535.0017985248337	-0.15000000000000002
35481.9931584835	300	14.210358027996595	0.0	159914	1722.2964843381546	0.3
35485.26797535424	750	14.935541157253171	0.0	321064	3274.8168707434256	0.3
35488.71465439178	750	15.488862119709742	0.0	361565	3446.679037543428	0.75
35492.289048889135	750	15.914467622349504	0.0	378327	3574.394497360238	0.75
35495.977514968814	750	16.22600154267729	0.0	390680	3688.466079672213	0.75
35499.33109287588	750	16.8724236356047	0.0	345516	3353.5779070725907	0.75
35503.02061588635	750	17.18290062513258	0.0	384505	3689.523010472123	0.75
35506.575885038874	750	17.627631472609938	0.0	372093	3555.2691525226387	0.75
35510.807922217464	750	17.395594294019244	0.0	438281	4232.037178590693	0.75
35514.64435474322	750	17.559161768263248	0.0	398987	3836.4325257559944	0.75
35518.44083924823	750	17.76267726325393	0.0	393804	3796.4845050093177	0.75
35521.643450242875	750	18.560066268611077	0.0	331053	3202.6109946428555	0.75
35524.58054079851	750	19.622975712979155	0.0	314107	2937.0905556319235	0.75

