3240.22507711833	750	4.0	6.547527727918499	450283	6547.527727918499	-27.404369230049547
3242.527345762798	300	5.6977313555313795	0.0	155580	2302.26864446862	-0.15000000000000002
3244.609996622246	300	7.6150804960834995	0.0	139857	2082.65085944788	0.3
3246.926188167866	300	9.298888950463486	0.0	155432	2316.191545620012	0.3
3249.3541906966702	300	10.87088642165916	0.0	163442	2428.0025288043266	0.3
3251.22886199133	300	12.99621512699941	0.0	126289	1874.6712946597486	0.3
3253.4873109149485	300	14.737766203380836	0.0	153295	2258.4489236185746	0.3
3259.976300550475	750	12.248776567854312	0.0	437162	6488.989635526523	0.3
3266.519020366163	750	9.706056752166715	0.0	374758	6542.7198156875975	0.75
3272.5260858227894	750	7.698991295540034	0.0	362795	6007.06545662668	0.75
3281.031895952331	750	4.0	0.806818834001373	353220	8505.810129541407	-2.719320986205904
3283.5115443374843	300	5.520351614846506	0.0	156148	2479.6483851534936	-0.15000000000000002
3286.3125100909683	300	6.719385861362795	0.0	160746	2800.9657534837106	0.3
3289.6708626459217	300	7.361033306408987	0.0	179801	3358.352554953808	0.3
3293.9849418041654	300	7.046954148165341	0.0	140051	4314.079158243647	0.3
3297.269331614114	300	7.762564338217098	0.0	138313	3284.3898099482426	0.3
3300.296661054656	300	8.73523489767498	0.0	143509	3027.329440542119	0.3
3302.769503466539	300	10.26239248579195	0.0	150616	2472.84241188303	0.3
3305.4632881532943	300	11.568607799036773	0.0	165384	2693.7846867551784	0.3
3307.6719103871005	300	13.359985565230705	0.0	140881	2208.6222338060675	0.3
3310.134218833424	300	14.897677118907662	0.0	157671	2462.308446323042	0.3
3312.48839189034	300	16.543504061991108	0.0	157812	2354.1730569165534	0.3
3314.918849564426	300	18.113046387904955	0.0	163927	2430.4576740861526	0.3
3317.5435800300197	300	19.488315922311187	0.0	137654	2624.73046559377	0.3
3320.60158197201	300	20.430313980321287	0.0	146754	3058.001941989901	0.3
3323.212937049051	300	21.81895890327976	0.0	153938	2611.3550770415263	0.3
3326.2167235874867	300	22.81517236484401	0.0	181901	3003.786538435751	0.3
3327.9024003348054	300	25.129495617525752	0.0	111155	1685.6767473182595	0.3
3330.2012836668355	300	26.83061228549551	0.0	153605	2298.883332030239	0.3
3336.184311250264	750	24.84758470206709	0.0	400508	5983.027583428423	0.3
3342.3381012320183	750	22.693794720312567	0.0	358218	6153.78998175452	0.75
3349.090112501737	750	19.941783450593835	0.0	400322	6752.011269718732	0.75
3355.324437902444	750	17.707458049886796	0.0	369834	6234.325400707039	0.75
3361.557168855711	750	15.474727096619771	0.0	412837	6232.7309532670215	0.75
3367.3888244310774	750	13.643071521253109	0.0	401088	5831.6555753666635	0.75
3372.683765370446	750	12.348130581884611	0.0	365161	5294.940939368498	0.75
3377.821649373866	750	11.21024657846468	0.0	321064	5137.88400341993	0.75
3384.591367292662	750	8.440528659668507	0.0	361565	6769.717918796173	0.75
3390.3453692679136	750	6.686526684416959	0.0	378327	5754.001975251548	0.75
3397.171003536512	750	4.0	0.13910758418160277	390680	6825.634268598562	0.15183738801910818
3399.396946917039	300	5.7740566194735	0.0	147968	2225.9433805265003	-0.15000000000000002
3401.8243190362937	300	7.346684500218811	0.0	161857	2427.372119254689	0.3
3403.99753957323	300	9.173463963282574	0.0	145210	2173.220536936238	0.3
3406.5597378295097	300	10.611265707002648	0.0	172312	2562.1982562799258	0.3
3412.534736373942	750	8.636267162570654	0.0	398987	5974.998544431994	0.3
3420.8807050662476	750	4.29029847026455	0.0	393804	8345.968692306104	0.75
3422.954084255028	300	6.216919281484197	0.0	137507	2073.3791887803536	-0.15000000000000002
3427.5397431426622	750	5.6312603938500905	0.0	314107	4585.658887634106	0.3

