23087.653753119994	750	4.0	2.0685219574807663	450283	2068.521957480766	-8.144644417167294
23089.49520494156	750	6.158548178433195	0.0	398865	1841.4518215668054	0.75
23091.101636726504	750	8.552116393490277	0.0	350812	1606.4317849429192	0.75
23092.7414542953	750	10.912298824691279	0.0	382355	1639.8175687989979	0.75
23094.50041776755	750	13.1533353524404	0.0	411561	1758.9634722508779	0.75
23097.974324027164	1850	13.679429092830063	0.0	801058	3473.906259610337	0.75
23102.015481383965	1850	13.638271736026995	0.0	905515	4041.1573568030662	1.85
23104.018364833824	750	15.635388286165718	0.0	437162	2002.883449861278	-0.3500000000000001
23105.746760522157	750	17.906992597832534	0.0	374758	1728.395688333187	0.75
23107.405783099926	750	20.24797002006321	0.0	362795	1659.0225777693233	0.75
23111.558541297367	1850	20.09521182262049	0.0	939819	4152.758197442718	0.75
23115.865677993253	1850	19.788075126737255	0.0	917428	4307.136695883235	1.85
23120.04222209538	1850	19.611531024609317	0.0	946851	4176.544102127936	1.85
23124.81480628072	1850	18.838946839270346	0.0	1036454	4772.584185338972	1.85
23128.631728677887	1850	19.022024442102893	0.0	821631	3816.9223971674514	1.85
23132.778780499128	1850	18.874972620863954	0.0	923170	4147.05182123894	1.85
23137.043312065824	1850	18.610441054165	0.0	966699	4264.531566698955	1.85
23141.402452347615	1850	18.251300772375238	0.0	885714	4359.1402817897615	1.85
23145.894820844074	1850	17.758932275916937	0.0	987708	4492.368496458301	1.85
23149.926915753607	1850	17.72683736638182	0.0	923755	4032.094909535115	1.85
23153.844274272906	1850	17.80947884708179	0.0	891604	3917.35851930003	1.85
23158.133308266883	1850	17.520444853106653	0.0	955231	4289.033993975139	1.85
23162.392367286142	1850	17.26138583384783	0.0	968026	4259.059019258825	1.85
23166.237396446097	1850	17.41635667389111	0.0	874175	3845.029159956717	1.85
23170.15018137634	1850	17.503571743650095	0.0	897976	3912.784930241013	1.85
23174.145288801454	1850	17.508464318533555	0.0	905935	3995.107425116541	1.85
23178.993043773997	1850	16.66070934598965	0.0	1076599	4847.754972543908	1.85
23182.39413795227	1850	17.25961516771732	0.0	758197	3401.094178272328	1.85
23186.79602189464	1850	16.857731225346505	0.0	972798	4401.883942370814	1.85
23191.033827912663	1850	16.619925207320666	0.0	975811	4237.806018025841	1.85
23194.867597033364	1850	16.786156086618888	0.0	873429	3833.7691207017792	1.85
23199.194445139783	1850	16.459307980197202	0.0	954453	4326.848106421688	1.85
23203.331642310113	1850	16.3221108098698	0.0	885062	4137.197170327403	1.85
23209.046385092384	1850	14.607368027598062	0.0	1035329	5714.742782271737	1.85
23214.04007146519	1850	13.613681654792392	0.0	1026056	4993.68637280567	1.85
23218.159062748575	1850	13.494690371409096	0.0	943942	4118.991283383296	1.85
23221.27361673702	1850	14.380136382965405	0.0	728962	3114.55398844369	1.85
23225.34172026053	1850	14.31203285945553	0.0	938587	4068.1035235098766	1.85
23229.387694712783	1850	14.266058407200445	0.0	908665	4045.9744522550823	1.85
23233.43063143816	1850	14.223121681822864	0.0	930577	4042.936725377582	1.85
23237.21866557515	1850	14.435087544836012	0.0	858450	3788.034136986851	1.85
23241.828147642573	1850	13.82560547741361	0.0	1025005	4609.482067422402	1.85
23245.79402604825	1850	13.859727071732758	0.0	886255	3965.878405680852	1.85
23250.302918643974	1850	13.35083447600946	0.0	973972	4508.892595723297	1.85
23255.297622504775	1850	12.356130615208986	0.0	958994	4994.703860800475	1.85
23259.54571782678	1850	12.108035293202178	0.0	982064	4248.095322006809	1.85
23263.208310406495	1850	12.445442713487438	0.0	830730	3662.592579714739	1.85
23267.273510783907	1850	12.380242336076646	0.0	846370	4065.200377410793	1.85

