17829.565369694632	750	4.0	6.358794604917855	450283	6358.794604917855	-26.592816801146775
17831.799636255004	300	5.765733439629685	0.0	155580	2234.266560370316	-0.15000000000000002
17833.821955197494	300	7.743414497138548	0.0	139857	2022.3189424911372	0.3
17836.087733791996	300	9.477635902636006	0.0	155432	2265.7785945025416	0.3
17838.46615384091	300	11.099215853722756	0.0	163442	2378.420048913251	0.3
17840.31896564579	300	13.246404048843083	0.0	126289	1852.8118048796737	0.3
17845.560267687142	750	12.00510200749126	0.0	352642	5241.302041351823	0.3
17852.16081565039	750	9.40455404424369	0.0	437162	6600.547963247569	0.75
17857.463220295518	750	8.102149399112653	0.0	374758	5302.404645131037	0.75
17862.611961802493	750	6.953407892138044	0.0	362795	5148.741506974609	0.75
17867.608165946156	750	5.9572037484762435	0.0	353220	4996.204143661801	0.75
17873.385835424044	750	4.179534270589766	0.0	405134	5777.669477886478	0.75
17875.731517699696	300	5.8338519949350625	0.0	160746	2345.6822756547035	-0.15000000000000002
17878.342608468112	300	7.222761226519957	0.0	179801	2611.090768415105	0.3
17880.37550137125	300	9.18986832338119	0.0	140051	2032.8929031387656	0.3
17882.36582738408	300	11.19954231054951	0.0	138313	1990.3260128316817	0.3
17884.427918552483	300	13.137451142145514	0.0	143509	2062.0911684039957	0.3
17889.670835366967	750	11.894534327663047	0.0	372963	5242.916814482467	0.3
17895.438675456062	750	10.12669423856984	0.0	405596	5767.840089093206	0.75
17900.48012332764	750	9.085246366990567	0.0	350713	5041.447871579272	0.75
17906.007249412378	750	7.5581202822571125	0.0	386472	5527.126084733456	0.75
17911.91183487178	750	5.65353482285236	0.0	399894	5904.585459404752	0.75
17917.747223594895	750	4.0	0.1818539002651796	401853	5835.3887231175395	-0.031971771140272276
17919.796762093858	300	5.950461501040899	0.0	137654	2049.538498959101	-0.15000000000000002
17921.93558041935	300	7.811643175546639	0.0	146754	2138.8183254942605	0.3
17924.167184595353	300	9.580038999543715	0.0	153938	2231.6041760029216	0.3
17926.774991515103	300	10.972232079792276	0.0	181901	2607.8069197514405	0.3
17928.392632632113	300	13.354590962780492	0.0	111155	1617.6411170117847	0.3
17934.01220024461	750	11.735023350280754	0.0	400396	5619.56761249974	0.3
17939.67176202334	750	10.07546157155104	0.0	400508	5659.5617787297115	0.75
17944.781875640114	750	8.96534795477836	0.0	358218	5110.113616772679	0.75
17950.413859929053	750	7.33336366584008	0.0	400322	5631.984288938281	0.75
17955.637406016333	750	6.109817578560731	0.0	369834	5223.546087279348	0.75
17961.431068448474	750	4.316155146418834	0.0	412837	5793.6624321418985	0.75
17964.00108537635	300	5.746138218544283	0.0	179328	2570.0169278745493	-0.15000000000000002
17966.30030383781	300	7.44691975708435	0.0	159914	2299.2184614599337	0.3
17968.197287687417	300	9.549935907476659	0.0	131610	1896.9838496076907	0.3
17969.989361117805	300	11.757862477086116	0.0	124011	1792.0734303905424	0.3
17972.061457540676	300	13.685766054217993	0.0	144254	2072.0964228681223	0.3
17977.540894939037	750	12.206328655856963	0.0	390680	5479.43739836103	0.3
17982.395459195537	750	11.351764399355842	0.0	345516	4854.564256501122	0.75
17987.794629634955	750	9.9525939599376	0.0	384505	5399.170439418241	0.75
17993.10412467345	750	8.643098921441702	0.0	372093	5309.495038495898	0.75
17999.22078277568	750	6.52644081921334	0.0	438281	6116.658102228363	0.75
18004.801747107114	750	4.9454764877760145	0.0	398987	5580.964331437325	0.75
18010.314156993154	750	4.0	0.5669333982650214	393804	5512.409886041036	-1.6878136125395922
18012.28800617403	300	6.026150819126492	0.0	137507	1973.849180873508	-0.15000000000000002
18016.6909174199	750	5.623239573253319	0.0	314107	4402.911245873172	0.3

