22633.756240684375	750	4.0	2.2034187672647763	450283	2203.4187672647763	-8.724700699238538
22635.717185393823	750	6.039055290550465	0.0	398865	1960.9447094495351	0.75
22637.491353856898	750	8.264886827478447	0.0	350812	1774.1684630720163	0.75
22639.483467779093	750	10.27277290528574	0.0	382355	1992.1139221927085	0.75
22643.519937904035	1200	10.236302780344072	0.0	652874	4036.4701249416667	0.75
22647.694518073506	1200	10.061722610871255	0.0	520315	4174.580169472818	1.2
22650.492435084274	1200	11.263805600105362	0.0	561791	2797.917010765891	1.2
22656.52268483375	1200	9.23355585062658	0.0	709534	6030.249749478781	1.2
22660.157246899453	1200	9.598993784923964	0.0	584846	3634.5620657026147	1.2
22663.546261318854	1200	10.209979365522761	0.0	560821	3389.014419401204	1.2
22667.78312145689	1200	9.973119227485112	0.0	607410	4236.860138037647	1.2
22671.92933001077	1200	9.82691067360333	0.0	594078	4146.208553881783	1.2
22675.460515516763	1200	10.295725167614087	0.0	624282	3531.185505989242	1.2
22679.29685110032	1200	10.459389584052557	0.0	687371	3836.3355835615316	1.2
22682.36317864214	1200	11.39306204223664	0.0	526950	3066.327541815918	1.2
22686.54414456806	1200	11.212096116314976	0.0	587876	4180.965925921663	1.2
22691.942373654118	1200	9.813867030256912	0.0	617242	5398.229086058066	1.2
22696.136989242244	1200	9.619251442127421	0.0	581493	4194.615588129491	1.2
22701.361568062297	1200	8.39467262207358	0.0	639204	5224.578820053842	1.2
22705.31286755766	1200	8.44337312671277	0.0	586839	3951.2994953608095	1.2
22708.644190817588	1200	9.112049866783611	0.0	601738	3331.3232599291578	1.2
22712.096642134693	1200	9.659598549678924	0.0	616206	3452.4513171046874	1.2
22715.87927590188	1200	9.8769647824907	0.0	656471	3782.6337671882225	1.2
22719.01597217463	1200	10.740268509741647	0.0	536667	3136.696272749053	1.2
22722.36124107642	1200	11.39499960795046	0.0	587236	3345.268901791187	1.2
22726.332357693434	1200	11.42388299093924	0.0	590335	3971.116617011219	1.2
22730.94826548782	1200	10.807975196554446	0.0	696376	4615.907794384796	1.2
22733.949331876152	1200	11.806908808223456	0.0	487160	3001.066388330991	1.2
22738.41037461885	1200	11.3458660655282	0.0	622896	4461.042742695256	1.2
22742.454282997318	1200	11.301957687056802	0.0	641447	4043.908378471398	1.2
22745.607010098047	1200	12.149230586325642	0.0	570392	3152.7271007311597	1.2
22748.700644336648	1200	13.05559634772337	0.0	620283	3093.634238602273	1.2
22752.650194669288	1200	13.106046015085662	0.0	584349	3949.5503326377075	1.2
22756.69320357214	1200	13.063037112233028	0.0	670129	4043.008902852634	1.2
22760.39001870211	1200	13.36622198226205	0.0	690253	3696.815129970978	1.2
22763.37766532339	1200	14.378575360977052	0.0	598727	2987.6466212849973	1.2
22766.42332257204	1200	15.332918112326054	0.0	487812	3045.6572486510004	1.2
22772.21929630754	1850	13.536944376828865	0.0	938587	5795.973735497188	1.2000000000000002
22777.413276255757	1850	12.34296442860926	0.0	908665	5193.979948219605	1.85
22783.59272641053	1850	10.163514273835489	0.0	930577	6179.450154773772	1.85
22789.98869064339	1850	7.767550040977284	0.0	858450	6395.964232858204	1.85
22795.778140525814	1850	5.978100158553122	0.0	1025005	5789.449882424162	1.85
22799.351912070866	1200	6.404328613500135	0.0	599477	3573.771545052987	0.5499999999999999
22803.590462238786	1200	6.165778445581679	0.0	634861	4238.550167918455	1.2
22807.46040626967	1200	6.295834414697171	0.0	630203	3869.944030884508	1.2
22811.641969884193	1200	6.114270800173612	0.0	638661	4181.563614523559	1.2
22817.57449365426	1850	4.181747030106743	0.0	830730	5932.523770066869	1.2000000000000002
22823.35106886182	1850	4.0	1.5948281774498818	846370	5776.575207556625	-5.007761163034491

