8060.615851669831	750	4.0	2.0967584713464094	450283	2096.7584713464094	-8.26606142678956
8061.392674074789	300	7.223177595041176	0.0	155580	776.8224049588244	-0.15000000000000002
8063.043914989614	750	9.57193668021655	0.0	350812	1651.2409148246247	0.3
8065.794050426576	1200	10.821801243254608	0.0	617681	2750.135436961944	0.75
8068.660804260489	1200	11.955047409341336	0.0	652874	2866.753833913272	1.2
8072.309952686229	1850	12.305898983601994	0.0	801058	3649.1484257393427	1.2000000000000002
8076.470659111697	1850	12.145192558133788	0.0	905515	4160.706425468206	1.85
8081.301775889098	1850	11.314075780732303	0.0	1060487	4831.116777401485	1.85
8085.149103580285	1850	11.46674808954599	0.0	852833	3847.3276911863145	1.85
8089.263033352172	1850	11.352818317658686	0.0	913888	4113.929771887303	1.85
8094.303474950198	1850	10.312376719633615	0.0	939819	5040.44159802507	1.85
8097.021852259177	1200	11.593999410653524	0.0	594078	2718.3773089800925	0.5499999999999999
8101.266697306297	1850	11.349154363533467	0.0	946851	4244.845047120056	1.2000000000000002
8106.109320085273	1850	10.506531584557036	0.0	1036454	4842.62277897643	1.85
8108.91651853321	1200	11.69933313661993	0.0	526950	2807.1984479371054	0.5499999999999999
8113.5640624204725	1850	11.051789249357796	0.0	923170	4647.543887262134	1.2000000000000002
8117.993213111634	1850	10.622638558196753	0.0	966699	4429.150691161043	1.85
8120.611802417498	1200	12.004049252332152	0.0	581493	2618.5893058646016	0.5499999999999999
8125.0286165095495	1850	11.587235160281306	0.0	987708	4416.814092050845	1.2000000000000002
8129.338682445587	1850	11.277169224242632	0.0	923755	4310.0659360386735	1.85
8133.423961950151	1850	11.191889719678656	0.0	891604	4085.2795045639764	1.85
8137.780546411684	1850	10.835305258146109	0.0	955231	4356.584461532547	1.85
8140.789908736432	1200	11.825942933397721	0.0	656471	3009.3623247483893	0.5499999999999999
8144.678949300911	1850	11.93690236891854	0.0	874175	3889.0405644791804	1.2000000000000002
8148.707221037475	1850	11.908630632354313	0.0	897976	4028.2717365642256	1.85
8152.788660795245	1850	11.827190874584417	0.0	905935	4081.439757769896	1.85
8157.669511644813	1850	10.946340025017326	0.0	1076599	4880.850849567092	1.85
8159.945440953703	1200	12.67041071612698	0.0	487160	2275.929308890345	0.5499999999999999
8164.983916931467	1850	11.631934738362546	0.0	972798	5038.475977764435	1.2000000000000002
8169.455858894772	1850	11.15999277505738	0.0	975811	4471.941963305165	1.85
8173.354396654572	1850	11.261455015257079	0.0	873429	3898.5377598003015	1.85
8177.615815711018	1850	11.000035958811406	0.0	954453	4261.419056445673	1.85
8181.634392908688	1850	10.981458761140981	0.0	885062	4018.5771976704264	1.85
8185.108900032487	1200	11.506951637340796	0.0	670129	3474.5071238001838	0.5499999999999999
8189.83353239761	1850	10.782319272218821	0.0	1026056	4724.632365121976	1.2000000000000002
8192.523236126246	1200	12.092615543583253	0.0	598727	2689.7037286355685	0.5499999999999999
8195.763219204933	1850	12.852632464895953	0.0	728962	3239.9830786873013	1.2000000000000002
8199.907787434695	1850	12.708064235133765	0.0	938587	4144.568229762188	1.85
8204.380049812087	1850	12.235801857741615	0.0	908665	4472.2623773921505	1.85
8208.852914925279	1850	11.762936744550089	0.0	930577	4472.865113191527	1.85
8212.644425506714	1850	11.971426163114117	0.0	858450	3791.510581435972	1.85
8217.227607617357	1850	11.38824405247315	0.0	1025005	4583.182110640965	1.85
8221.149259416445	1850	11.466592253384663	0.0	886255	3921.651799088488	1.85
8225.461839763817	1850	11.154011906012467	0.0	973972	4312.580347372195	1.85
8229.675079813596	1850	10.940771856233273	0.0	958994	4213.240049779195	1.85
8232.493089313992	1200	12.12276235583802	0.0	638661	2818.0095003952524	0.5499999999999999
8236.137613474495	1850	12.47823819533424	0.0	830730	3644.524160503778	1.2000000000000002
8239.832061470435	1850	12.78379019939393	0.0	846370	3694.4479959403116	1.85

