2185.395622551943	750	4.0	2.110278007653057	450283	2110.278007653057	-8.324195432908144
2187.2740622832284	750	6.12156026871426	0.0	398865	1878.4397312857398	0.75
2189.0233058949025	750	8.372316657040574	0.0	350812	1749.243611673687	0.75
2191.1946624112134	750	10.200960140729498	0.0	382355	2171.3565163110757	0.75
2193.525766173972	750	11.869856377971061	0.0	411561	2331.103762758438	0.75
2195.0502253743925	750	14.345397177549948	0.0	318564	1524.4592004211122	0.75
2196.6959488172483	750	16.699673734693963	0.0	352642	1645.7234428559864	0.75
2198.716939373466	750	18.678683178476017	0.0	437162	2020.9905562179451	0.75
2200.4380506529137	750	20.95757189902862	0.0	374758	1721.1112794473993	0.75
2204.549781221303	1850	20.845841330639217	0.0	913888	4111.7305683894	0.75
2209.099688168097	1850	20.295934383844862	0.0	939819	4549.9069467943555	1.85
2213.3262413360344	1850	20.069381215907356	0.0	917428	4226.553167937507	1.85
2217.6681724851587	1850	19.727450066783117	0.0	946851	4341.9311491242415	1.85
2222.3436518488015	1850	19.051970703140302	0.0	1036454	4675.479363642817	1.85
2226.0549014466997	1850	19.340721105242256	0.0	821631	3711.249597898045	1.85
2230.2426675413258	1850	19.1529550106165	0.0	923170	4187.766094625761	1.85
2234.637537308963	1850	18.758085242978968	0.0	966699	4394.869767637529	1.85
2238.6946533609275	1850	18.700969191014348	0.0	885714	4057.116051964618	1.85
2243.6189816347082	1850	17.776640917233845	0.0	987708	4924.328273780501	1.85
2247.9514041900056	1850	17.444218361936244	0.0	923755	4332.422555297601	1.85
2252.0850423560973	1850	17.310580195844704	0.0	891604	4133.6381660915395	1.85
2256.6367131656425	1850	16.75890938629903	0.0	955231	4551.670809545675	1.85
2261.273686796234	1850	16.121935755707522	0.0	968026	4636.973630591506	1.85
2265.299049389583	1850	16.09657316235837	0.0	874175	4025.362593349151	1.85
2269.246215571388	1850	16.149406980553852	0.0	897976	3947.1661818045186	1.85
2273.2997183136195	1850	16.095904238322166	0.0	905935	4053.502742231685	1.85
2278.1027762335098	1850	15.292846318432087	0.0	1076599	4803.057919890082	1.85
2281.495304944677	1850	15.900317607264402	0.0	758197	3392.5287111676853	1.85
2285.829968996986	1850	15.565653554955787	0.0	972798	4334.664052308615	1.85
2290.116025512162	1850	15.279597039779587	0.0	975811	4286.056515176201	1.85
2294.032347141577	1850	15.363275410364922	0.0	873429	3916.321629414664	1.85
2298.4587176764485	1850	14.936904875493209	0.0	954453	4426.370534871713	1.85
2302.5556142059468	1850	14.840008345995326	0.0	885062	4096.8965294978825	1.85
2307.1488611035275	1850	14.246761448414818	0.0	1035329	4593.246897580507	1.85
2316.1835043191977	1850	9.212118232744391	0.0	1026056	9034.643215670427	1.85
2317.9663483362847	750	11.429274215657474	0.0	365161	1782.8440170869176	-0.3500000000000001
2319.5435561747504	750	13.852066377191717	0.0	321064	1577.2078384657566	0.75
2321.3096310760625	750	16.085991475879606	0.0	361565	1766.0749013121101	0.75
2323.1104174171564	750	18.28520513478569	0.0	378327	1800.7863410939183	0.75
2324.966987007158	750	20.4286355447841	0.0	390680	1856.5695900015894	0.75
2328.931411044385	1850	20.464211507556698	0.0	858450	3964.424037227404	0.75
2333.6290732346606	1850	19.76654931728142	0.0	1025005	4697.662190275278	1.85
2337.6662788293993	1850	19.729343722542414	0.0	886255	4037.205594739009	1.85
2341.9944913532795	1850	19.401131198662277	0.0	973972	4328.212523880134	1.85
2346.2104068394797	1850	19.18521571246221	0.0	958994	4215.91548620007	1.85
2350.542341782575	1850	18.85328076936705	0.0	982064	4331.934943095158	1.85
2354.283969896523	1850	19.111652655418602	0.0	830730	3741.628113948448	1.85
2358.07773403367	1850	19.317888518272262	0.0	846370	3793.764137146339	1.85

