24170.61482539497	750	4.0	2.1269724728519006	450283	2126.9724728519004	-8.395981633263172
24171.402087222144	300	7.2127381728239826	0.0	155580	787.2618271760175	-0.15000000000000002
24173.076867631677	750	9.537957763290153	0.0	350812	1674.7804095338286	0.3
24174.886038524728	750	11.728786870239775	0.0	382355	1809.1708930503764	0.75
24176.82148870761	750	13.793336687356808	0.0	411561	1935.4501828829661	0.75
24178.33767831756	750	16.277147077408515	0.0	318564	1516.1896099482924	0.75
24181.345761047836	750	17.2690643471292	0.0	352642	3008.082730279316	0.75
24185.067713593708	750	17.547111801260623	0.0	437162	3721.9525458685766	0.75
24187.032660239478	750	19.582165155491815	0.0	374758	1964.9466457688095	0.75
24191.72569665622	1850	18.889128738749502	0.0	913888	4693.0364167423095	0.75
24196.316251971104	1850	18.29857342386566	0.0	939819	4590.5553148838435	1.85
24200.512449655555	1850	18.102375739414295	0.0	917428	4196.197684451365	1.85
24204.831094113462	1850	17.783731281506036	0.0	946851	4318.644457908259	1.85
24209.58140887916	1850	17.03341651580718	0.0	1036454	4750.314765698858	1.85
24213.356018140144	1850	17.25880725482422	0.0	821631	3774.609260982957	1.85
24217.68646763771	1850	16.928357757259906	0.0	923170	4330.449497564313	1.85
24222.27229359067	1850	16.342531804299327	0.0	966699	4585.82595296058	1.85
24226.44682580758	1850	16.167999587392806	0.0	885714	4174.532216906518	1.85
24231.0487113813	1850	15.566114013672077	0.0	987708	4601.8855737207305	1.85
24235.432125549458	1850	15.18269984551504	0.0	923755	4383.414168157036	1.85
24239.543324019138	1850	15.071501375835393	0.0	891604	4111.198469679649	1.85
24243.919586926175	1850	14.69523846880157	0.0	955231	4376.262907033823	1.85
24248.330561588118	1850	14.284263806856636	0.0	968026	4410.974661944934	1.85
24252.333180284273	1850	14.281645110703218	0.0	874175	4002.6186961534167	1.85
24256.47940149134	1850	14.135423903634125	0.0	897976	4146.221207069093	1.85
24260.710798561704	1850	13.90402683327207	0.0	905935	4231.397070362055	1.85
24265.637221538884	1850	12.977603856091998	0.0	1076599	4926.422977180073	1.85
24269.184577370244	1850	13.430248024729172	0.0	758197	3547.3558313628246	1.85
24273.65294567468	1850	12.961879720295627	0.0	972798	4468.368304433545	1.85
24278.20161815604	1850	12.413207238936	0.0	975811	4548.672481359627	1.85
24282.350438512716	1850	12.26438688225908	0.0	873429	4148.820356676921	1.85
24286.85935645009	1850	11.755468944884154	0.0	954453	4508.917937374926	1.85
24291.1256747701	1850	11.489150624875544	0.0	885062	4266.318320008609	1.85
24296.555778870243	1850	10.059046524732965	0.0	1035329	5430.104100142578	1.85
24301.233452052555	1850	9.381373342418904	0.0	1026056	4677.673182314062	1.85
24305.51250191631	1850	9.102323478666081	0.0	943942	4279.049863752822	1.85
24308.805217411755	1850	9.80960798321688	0.0	728962	3292.715495449202	1.85
24313.016485137414	1850	9.598340257558382	0.0	938587	4211.267725658497	1.85
24317.110582856458	1850	9.504242538513997	0.0	908665	4094.0977190443846	1.85
24321.301742643805	1850	9.313082751165526	0.0	930577	4191.1597873484725	1.85
24325.230230667326	1850	9.384594727646133	0.0	858450	3928.4880235193923	1.85
24330.016936729884	1850	8.597888665085692	0.0	1025005	4786.706062560441	1.85
24334.163302831148	1850	8.451522563825367	0.0	886255	4146.366101260326	1.85
24338.692431495798	1850	7.9223938991744856	0.0	973972	4529.128664650882	1.85
24343.141223292965	1850	7.4736021020047545	0.0	958994	4448.791797169731	1.85
24347.53839647997	1850	7.076428915000403	0.0	982064	4397.173187004351	1.85
24351.228149043018	1850	7.386676351951917	0.0	830730	3689.7525630484865	1.85
24354.998426541548	1850	7.616398853419189	0.0	846370	3770.2774985327287	1.85

