9868.864982967774	750	4.0	1.883435618487275	450283	1883.435618487275	-7.348773159495282
9870.542483535124	750	6.322499432650297	0.0	398865	1677.500567349704	0.75
9872.027526266458	750	8.837456701317427	0.0	350812	1485.0427313328682	0.75
9873.571333407428	750	11.29364956034716	0.0	382355	1543.807140970268	0.75
9875.216401176654	750	13.64858179112089	0.0	411561	1645.0677692262682	0.75
9876.507823660408	750	16.357159307368065	0.0	318564	1291.4224837528263	0.75
9879.66456586421	750	17.200417103563677	0.0	352642	3156.742203804388	0.75
9883.805055888457	750	17.059927079316832	0.0	437162	4140.490024246841	0.75
9885.367692301941	750	19.497290665831716	0.0	374758	1562.6364134851162	0.75
9889.289358800286	1850	19.575624167486872	0.0	913888	3921.666498344843	0.75
9893.660270608627	1850	19.204712359146495	0.0	939819	4370.911808340376	1.85
9897.607568871172	1850	19.257414096600726	0.0	917428	3947.2982625457707	1.85
9901.76362411952	1850	19.10135884825318	0.0	946851	4156.055248347544	1.85
9905.956538694054	1850	18.90844427371869	0.0	1036454	4192.914574534492	1.85
9909.319208563546	1850	19.545774404226286	0.0	821631	3362.6698694924057	1.85
9913.400975387334	1850	19.464007580438018	0.0	923170	4081.766823788266	1.85
9917.502950864991	1850	19.36203210278113	0.0	966699	4101.975477656888	1.85
9921.311607644087	1850	19.553375323686048	0.0	885714	3808.656779095082	1.85
9929.450651256308	1850	15.414331711463984	0.0	987708	8139.043612222064	1.85
9933.055637718096	1850	15.809345249675989	0.0	923755	3604.9864617879944	1.85
9936.522291522338	1850	16.34269144543261	0.0	891604	3466.6538042433776	1.85
9944.335409040244	1850	12.529573927527919	0.0	955231	7813.117517904691	1.85
9948.42193105245	1850	12.443051915322842	0.0	968026	4086.5220122050773	1.85
9951.90402950833	1850	12.960953459442791	0.0	874175	3482.09845588005	1.85
9955.577516224244	1850	13.287466743527796	0.0	897976	3673.486715914997	1.85
9959.446153536408	1850	13.418829431364586	0.0	905935	3868.6373121632096	1.85
9963.92704751226	1850	12.93793545551281	0.0	1076599	4480.893975851778	1.85
9967.24856349092	1850	13.61641947685105	0.0	758197	3321.515978661758	1.85
9971.336786725304	1850	13.528196242469589	0.0	972798	4088.2232343814617	1.85
9975.318283677656	1850	13.54669929011747	0.0	975811	3981.496952352119	1.85
9978.974386104162	1850	13.89059686361048	0.0	873429	3656.1024265069896	1.85
9984.187334433262	1850	12.677648534512546	0.0	954453	5212.948329097933	1.85
9985.95565061413	750	14.909332353643192	0.0	369834	1768.3161808693524	-0.3500000000000001
9987.83475187407	750	17.030231093704256	0.0	412837	1879.101259938934	0.75
9989.662652198282	750	19.202330769493038	0.0	401088	1827.9003242112192	0.75
9993.58844688772	1850	19.276536080055614	0.0	943942	3925.7946894374213	0.75
9996.63939365973	1850	20.225589308042437	0.0	728962	3050.946772013182	1.85
10000.54093769413	1850	20.324045273644227	0.0	938587	3901.5440343982077	1.85
10004.256093529386	1850	20.6088894383883	0.0	908665	3715.1558352559296	1.85
10008.023741326982	1850	20.84124164079166	0.0	930577	3767.647797596639	1.85
10011.535728622071	1850	21.329254345703205	0.0	858450	3511.987295088456	1.85
10015.770298587133	1850	21.094684380642317	0.0	1025005	4234.569965060888	1.85
10019.257439924697	1850	21.607543043077296	0.0	886255	3487.1413375650204	1.85
10023.02727231974	1850	21.837710648034097	0.0	973972	3769.8323950432014	1.85
10030.804245725509	1850	18.060737242265255	0.0	958994	7776.973405768842	1.85
10034.640095273571	1850	18.224887694202287	0.0	982064	3835.849548062969	1.85
10038.05680133994	1850	18.80818162783196	0.0	830730	3416.7060663703282	1.85
10041.577298291095	1850	19.287684676679184	0.0	846370	3520.4969511527765	1.85

