36444.00340827126	750	4.0	9.014061696539095	450283	9014.061696539095	-38.0104652951181
36446.93723146368	300	5.066176807582612	0.0	155580	2933.823192417388	-0.15000000000000002
36449.56836967085	300	6.435038600408545	0.0	139857	2631.1382071740672	0.3
36452.57909159897	300	7.4243166722925835	0.0	155432	3010.721928115962	0.3
36455.81179477649	300	8.191613494776812	0.0	163442	3232.7031775157716	0.3
36458.55109561214	300	9.452312659119283	0.0	126289	2739.3008356575288	0.3
36461.67014003753	300	10.333268233736998	0.0	153295	3119.044425382284	0.3
36464.88285220071	300	11.12055607055392	0.0	173849	3212.712163183078	0.3
36468.009062959834	300	11.994345311426798	0.0	150710	3126.210759127124	0.3
36470.9825746031	300	13.020833668163185	0.0	139105	2973.5116432636128	0.3
36473.60350828516	300	14.399899986102348	0.0	141840	2620.933682060836	0.3
36476.48092630608	300	15.522481965179326	0.0	156148	2877.418020923021	0.3
36479.441462824965	300	16.561945446302495	0.0	160746	2960.5365188768315	0.3
36483.0596578793	300	16.943750391968564	0.0	179801	3618.1950543339353	0.3
36486.13496150986	300	17.86844676140524	0.0	140051	3075.3036305633213	0.3
36488.6372978135	300	19.36611045776748	0.0	138313	2502.336303637759	0.3
36491.220221887	300	20.783186384265484	0.0	143509	2582.924073501997	0.3
36494.37540743481	300	21.628000836454547	0.0	150616	3155.185547810938	0.3
36497.686682534986	300	22.31672573628246	0.0	165384	3311.275100172085	0.3
36500.29745696838	300	23.70595130288682	0.0	140881	2610.7744333956384	0.3
36507.293491206685	750	20.709917064583554	0.0	386472	6996.034238303267	0.3
36514.449210191495	750	17.55419807977138	0.0	399894	7155.718984812179	0.75
36521.62769424724	750	14.375714024026639	0.0	401853	7178.484055744738	0.75
36528.07110610985	750	11.932302161414093	0.0	343800	6443.411862612546	0.75
36530.79558498714	300	13.207823284120199	0.0	146754	2724.478877293893	-0.15000000000000002
36533.89479573144	300	14.108612539817905	0.0	153938	3099.2107443022946	0.3
36537.760998852646	300	14.242409418611066	0.0	181901	3866.203121206837	0.3
36540.15335583205	300	15.850052439206033	0.0	111155	2392.356979405034	0.3
36543.25054045852	300	16.752867812745972	0.0	153605	3097.184626460061	0.3
36545.937112551845	300	18.066295719415617	0.0	149029	2686.572093330354	0.3
36548.80222809191	300	19.20118017935063	0.0	157421	2865.115540064989	0.3
36551.70399759714	300	20.299410674118427	0.0	157488	2901.7695052322056	0.3
36554.36937744345	300	21.63403082781529	0.0	143881	2665.379846303135	0.3
36557.39039038024	300	22.61301789102195	0.0	163444	3021.012936793342	0.3
36564.63279797605	750	19.370610295211463	0.0	401088	7242.407595810487	0.3
36571.15929599528	750	16.84411227598706	0.0	365161	6526.4980192244	0.75
36576.897443114976	750	15.10596515629313	0.0	321064	5738.147119693933	0.75
36584.13408396968	750	11.869324301592963	0.0	361565	7236.640854700168	0.75
36591.02818051362	750	8.975227757645229	0.0	378327	6894.096543947734	0.75
36598.26158556373	750	5.741822707540377	0.0	390680	7233.405050104851	0.75
36600.95616606251	300	7.0472422087543	0.0	147968	2694.580498786078	-0.15000000000000002
36603.90380522224	300	8.099603049026712	0.0	161857	2947.639159727588	0.3
36606.58550785843	300	9.417900412834182	0.0	145210	2681.7026361925305	0.3
36609.95271731677	300	10.050690954479926	0.0	172312	3367.209458354256	0.3
36613.50642804418	300	10.496980227077827	0.0	167025	3553.7107274020977	0.3
36616.51430975086	300	11.489098520393634	0.0	160064	3007.8817066841925	0.3
36622.47650262362	750	9.526905647641005	0.0	331053	5962.192872752629	0.3
36633.155434205335	1200	4.0	1.1520259340781414	550906	10678.931581719145	-4.203711516536008

