164.9847378560472	750	4.0	1.6636513739301029	450283	1663.6513739301029	-6.4037009078994425
166.46755143164884	750	6.517186424398367	0.0	398865	1482.8135756016336	0.75
167.78136195923076	750	9.203375896816452	0.0	350812	1313.8105275819141	0.75
169.1940914112692	750	11.790646444778003	0.0	382355	1412.7294520384476	0.75
170.69076891371168	750	14.293968942335542	0.0	411561	1496.67750244246	0.75
173.52817509833935	1850	15.456562757707864	0.0	801058	2837.4061846276786	0.75
179.04960060330185	1850	13.935137252745355	0.0	905515	5521.42550496251	1.85
182.87774418034348	1850	14.106993675703714	0.0	1060487	3828.1435770416415	1.85
185.89809552810334	1850	15.086642327943858	0.0	852833	3020.3513477598553	1.85
189.08453734103966	1850	15.900200515007546	0.0	913888	3186.4418129363125	1.85
192.3938936013263	1850	16.590844254720892	0.0	939819	3309.3562602866555	1.85
195.62991634222288	1850	17.354821513824312	0.0	917428	3236.022740896576	1.85
198.97160917227626	1850	18.013128683770955	0.0	946851	3341.692830053358	1.85
202.61725861967847	1850	18.367479236368748	0.0	1036454	3645.6494474022084	1.85
205.53287953735892	1850	19.45185831868831	0.0	821631	2915.6209176804414	1.85
208.8182954496394	1850	20.166442406407825	0.0	923170	3285.4159122804854	1.85
212.29393122436116	1850	20.69080663168608	0.0	966699	3475.6357747217435	1.85
215.47844096774307	1850	21.506296888304156	0.0	885714	3184.5097433819224	1.85
218.95688729303933	1850	22.02785056300792	0.0	987708	3478.4463252962382	1.85
222.23098520426916	1850	22.75375265177811	0.0	923755	3274.0979112298096	1.85
225.40908594073704	1850	23.575651915310228	0.0	891604	3178.100736467883	1.85
228.87574657552386	1850	24.108991280523416	0.0	955231	3466.660634786811	1.85
232.3523934645597	1850	24.632344391487596	0.0	968026	3476.6468890358183	1.85
235.47867049943983	1850	25.50606735660746	0.0	874175	3126.27703488014	1.85
238.6428402744723	1850	26.341897581574976	0.0	897976	3164.1697750324806	1.85
241.81962498916707	1850	27.1651128668802	0.0	905935	3176.7847146947747	1.85
245.55892095406685	1850	27.425816901980397	0.0	1076599	3739.295964899804	1.85
248.20340309941923	1850	28.78133475662802	0.0	758197	2644.4821453523755	1.85
251.59076075253458	1850	29.39397710351266	0.0	972798	3387.357653115361	1.85
255.03152425511635	1850	29.953213600930876	0.0	975811	3440.7635025817845	1.85
258.0442290888006	1850	30.94050876724662	0.0	873429	3012.7048336842618	1.85
261.3112977956212	1850	31.673440060426014	0.0	954453	3267.068706820603	1.85
264.38790188222885	1850	32.59683597381837	0.0	885062	3076.6040866076414	1.85
267.98949234337044	1850	32.995245512676775	0.0	1035329	3601.5904611416013	1.85
271.57502334989584	1850	33.40971450615136	0.0	1026056	3585.5310065254134	1.85
278.98946915584986	4300	29.995268700197318	0.0	2143948	7414.445805954042	1.8499999999999996
285.61754453847226	4300	27.367193317574955	0.0	1919781	6628.075382622362	4.3
293.0212406076978	4300	23.963497248349412	0.0	2147467	7403.696069225541	4.3
300.4029091241611	4300	20.581828731886105	0.0	2133870	7381.668516463309	4.3
307.7894764273039	4300	17.195261428743326	0.0	2146120	7386.567303142778	4.3
315.0975280015384	4300	13.887209854508805	0.0	2108491	7308.051574234521	4.3
322.559540855963	4300	10.425197000084198	0.0	2184571	7462.012854424607	4.3
325.6775237837951	1850	11.307214072252167	0.0	886255	3117.9829278320303	-0.6000000000000001
327.9248816161995	1200	13.05985623984776	0.0	634861	2247.3578324044083	0.5499999999999999
331.2655062209706	1850	13.719231635076651	0.0	958994	3340.6246047711074	1.2000000000000002
334.72620009520875	1850	14.258537760838486	0.0	982064	3460.693874238166	1.85
337.6713046691144	1850	15.313433186932858	0.0	830730	2945.1045739056276	1.85
340.6577174529077	1850	16.327020403139567	0.0	846370	2986.4127837932897	1.85

