36133.67390566084	750	4.0	0.9646382649669235	450283	964.6382649669235	-3.3979445393577707
36134.53752672039	750	7.136378940452932	0.0	398865	863.621059547067	0.75
36135.30674154531	750	10.367164115532658	0.0	350812	769.2148249202755	0.75
36136.13792660849	750	13.535979052358103	0.0	382355	831.1850631745548	0.75
36137.02649057597	750	16.647415084879757	0.0	411561	888.563967478346	0.75
36138.71050939643	1850	18.963396264422684	0.0	801058	1684.0188204570757	0.75
36140.67906842733	1850	20.994837233513763	0.0	905515	1968.5590309089216	1.85
36142.970839961774	1850	22.703065699070372	0.0	1060487	2291.7715344433936	1.85
36144.841160366246	1850	24.832745294602752	0.0	852833	1870.3204044676208	1.85
36146.843021056324	1850	26.83088460451974	0.0	913888	2001.8606900830139	1.85
36148.890243213835	1850	28.783662447014787	0.0	939819	2047.2221575049507	1.85
36150.84250432282	1850	30.83140133802934	0.0	917428	1952.2611089854488	1.85
36155.5116209265	4300	30.16228473434469	0.0	2209463	4669.116603684646	1.8499999999999996
36160.43244147073	4300	29.241464190126077	0.0	2275376	4920.820544218616	4.3
36164.7331426154	4300	28.940763045451387	0.0	2005399	4300.70114467469	4.3
36169.30307215953	4300	28.370833501320856	0.0	2152483	4569.9295441305285	4.3
36173.85752753677	4300	27.816378124075722	0.0	2289689	4554.4553772451345	4.3
36178.186773506415	4300	27.487132154431443	0.0	2059512	4329.245969644284	4.3
36182.86050495666	4300	26.813400704189117	0.0	2220726	4673.731450242323	4.3
36187.30796870507	4300	26.365936955780484	0.0	2156729	4447.463748408635	4.3
36191.44524830982	4300	26.228657351034148	0.0	2039773	4137.279604746333	4.3
36195.83790576848	4300	25.835999892377174	0.0	2176469	4392.657458656973	4.3
36200.34910910123	4300	25.32479655961668	0.0	2221506	4511.203332760496	4.3
36204.4581989893	4300	25.21570667155903	0.0	2044075	4109.089888057649	4.3
36208.904885296935	4300	24.769020363920685	0.0	2186790	4446.686307638346	4.3
36213.28757834653	4300	24.38632731432964	0.0	2105231	4382.693049591043	4.3
36218.251372664134	4300	23.422532996729945	0.0	2395588	4963.794317599698	4.3
36222.35049710194	4300	23.323408558924406	0.0	1972048	4099.124437805537	4.3
36226.76759412719	4300	22.90631153368177	0.0	2134614	4417.097025242638	4.3
36231.23402629773	4300	22.439879363132206	0.0	2164140	4466.4321705495595	4.3
36235.675881890864	4300	21.99802377000077	0.0	2113193	4441.855593131438	4.3
36240.30145108461	4300	21.37245457625271	0.0	2147852	4625.569193748057	4.3
36247.27438711448	4300	18.399518546388254	0.0	2191074	6972.936029864458	4.3
36251.938926494026	4300	17.73497916684633	0.0	2286761	4664.539379541928	4.3
36256.65685444581	4300	17.017051215054263	0.0	2307787	4717.927951792067	4.3
36258.71431726431	1850	18.959588396559294	0.0	943942	2057.4628184949697	-0.6000000000000001
36260.32141877171	1850	21.352486889161877	0.0	728962	1607.1015073974143	1.85
36262.33543103681	1850	23.33847462405737	0.0	938587	2014.0122651045085	1.85
36266.781503632956	4300	22.892402027912357	0.0	2133870	4446.072596145013	1.8499999999999996
36271.21608068935	4300	22.457824971522967	0.0	2146120	4434.577056389389	4.3
36275.810042439596	4300	21.863863221276873	0.0	2108491	4593.961750246098	4.3
36280.40407631204	4300	21.269829348826615	0.0	2184571	4594.033872450259	4.3
36284.81387330339	4300	20.86003235747708	0.0	2121928	4409.796991349532	4.3
36289.402091488424	4300	20.271814172448703	0.0	2219102	4588.218185028377	4.3
36293.76455508241	4300	19.909350578457033	0.0	2124950	4362.46359399167	4.3
36298.79737143924	4300	18.876534221625224	0.0	2246506	5032.816356831809	4.3
36303.33141929075	4300	18.34248637011468	0.0	1961140	4534.047851510542	4.3
36307.82060462595	4300	17.853301034918516	0.0	2155012	4489.1853351961645	4.3

