18739.295073879726	750	4.0	1.698136462064219	450283	1698.136462064219	-6.5519867868761414
18739.93416598573	300	7.3609078939956625	0.0	155580	639.0921060043377	-0.15000000000000002
18741.274843578554	750	10.020230301171432	0.0	350812	1340.67759282423	0.3
18743.572322325486	1200	11.72275155423857	0.0	617681	2297.4787469328617	0.75
18747.22215180127	1850	12.072922078457406	0.0	996749	3649.829475781163	1.2000000000000002
18750.155026839973	1850	13.14004703975682	0.0	801058	2932.875038700588	1.85
18755.175063925788	2850	12.120009953940604	0.0	1388403	5020.037085816216	1.85
18759.22730533675	1850	12.06776854297686	0.0	1060487	4052.2414109637434	0.8500000000000001
18763.080708167978	1850	12.214365711751125	0.0	852833	3853.4028312257356	1.85
18766.46478040032	1850	12.83029347940605	0.0	913888	3384.0722323450764	1.85
18769.887513571848	1850	13.407560307879486	0.0	939819	3422.7331715265645	1.85
18775.376316448936	2850	11.918757430791276	0.0	1519951	5488.802877088209	1.85
18778.850642122998	1850	12.444431756725091	0.0	946851	3474.3256740661864	0.8500000000000001
18782.645565298364	1850	12.649508581358866	0.0	1036454	3794.9231753662243	1.85
18785.664474891062	1850	13.63059898865868	0.0	821631	3018.9095927001877	1.85
18790.98961061065	2850	12.305463269074295	0.0	1471065	5325.135719584384	1.85
18794.488769818025	1850	12.806304061698844	0.0	966699	3499.1592073754514	0.8500000000000001
18797.61772391455	1850	13.677349965168286	0.0	885714	3128.954096530557	1.85
18803.12264755453	2850	12.172426325190257	0.0	1537156	5504.923639978029	1.85
18806.500863701945	1850	12.794210177775271	0.0	923755	3378.2161474149843	0.8500000000000001
18809.76827202391	1850	13.526801855812566	0.0	891604	3267.408321962707	1.85
18815.102313863088	2850	12.192760016634908	0.0	1468126	5334.041839177659	1.85
18818.65663719914	1850	12.6384366805809	0.0	968026	3554.323336054006	0.8500000000000001
18831.866956386435	1850	4.0	0.5718825067123998	874175	13210.3191872933	-0.609094778863319
18832.472067226976	300	7.394889159458218	0.0	146754	605.1108405417816	-1.25
18833.9106985839	750	9.956257802536333	0.0	379700	1438.631356921886	0.3
18836.460374664537	1200	11.40658172189457	0.0	696376	2549.6760806417633	0.75
18839.218623573117	1850	12.648332813315344	0.0	758197	2758.248908579226	1.2000000000000002
18842.770863072146	1850	13.096093314285477	0.0	972798	3552.239499029868	1.85
18848.418141959977	2850	11.448814426454106	0.0	1561263	5647.278887831371	1.85
18851.608284011978	1850	12.25867237445299	0.0	873429	3190.142052001116	0.8500000000000001
18855.089078516958	1850	12.777877869474008	0.0	954453	3480.794504978984	1.85
18858.31928584699	1850	13.547670539439892	0.0	885062	3230.2073300341144	1.85
18863.92606600462	2850	11.940890381812261	0.0	1587293	5606.780157627631	1.85
18867.61750188867	1850	12.249454497759956	0.0	1026056	3691.4358840523055	0.8500000000000001
18871.06135436137	1850	12.80560202506135	0.0	943942	3443.8524726986057	1.85
18873.716800494996	1850	14.150155891435011	0.0	728962	2655.4461336263394	1.85
18879.136616871077	2850	12.730339515353814	0.0	1499009	5419.8163760811985	1.85
18882.454934453275	1850	13.412021933155588	0.0	908665	3318.317582198226	0.8500000000000001
18887.51071884479	2850	12.35623754164	0.0	1402287	5055.784391515586	1.85
18890.631051058943	1850	13.235905327483845	0.0	858450	3120.3322141561566	0.8500000000000001
18896.233733541423	2850	11.633222845007495	0.0	1527299	5602.68248247635	1.85
18899.5288285313	1850	12.338127855131132	0.0	886255	3295.094989876363	0.8500000000000001
18903.130549825037	1850	12.736406561396404	0.0	973972	3601.721293734729	1.85
18906.667139808647	1850	13.199816577784578	0.0	958994	3536.5899836118265	1.85
18912.09865857422	2850	11.768297812211012	0.0	1483527	5431.518765573564	1.85
18915.26654315834	1850	12.600413228090918	0.0	830730	3167.8845841200946	0.8500000000000001
18918.55770107818	1850	13.30925530825162	0.0	846370	3291.1579198392965	1.85

