37662.90601225642	750	4.0	1.641506763533678	450283	1641.506763533678	-6.308479083194815
37664.369209923745	750	6.536802332673317	0.0	398865	1463.1976673266824	0.75
37665.66576775677	750	9.240244499646584	0.0	350812	1296.5578330267335	0.75
37667.07277434734	750	11.83323790906833	0.0	382355	1407.0065905782537	0.75
37668.583113202694	750	14.322899053716322	0.0	411561	1510.338855352009	0.75
37671.44710970088	1850	15.458902555528763	0.0	801058	2863.996498187558	0.75
37674.67095714559	1850	16.235055110819925	0.0	905515	3223.8474447088365	1.85
37678.43706608984	1850	16.468946166568433	0.0	1060487	3766.1089442514926	1.85
37681.48661683731	1850	17.419395419090957	0.0	852833	3049.550747477477	1.85
37684.73919148147	1850	18.166820774938678	0.0	913888	3252.574644152279	1.85
37688.08398013096	1850	18.822032125446942	0.0	939819	3344.7886494917375	1.85
37691.360739007694	1850	19.545273248714143	0.0	917428	3276.758876732799	1.85
37694.75207355584	1850	20.153938700567117	0.0	946851	3391.334548147027	1.85
37698.443562990135	1850	20.462449266275296	0.0	1036454	3691.489434291819	1.85
37701.35290749912	1850	21.553104757292115	0.0	821631	2909.3445089831785	1.85
37704.64178159181	1850	22.264230664603485	0.0	923170	3288.8740926886317	1.85
37708.09772303152	1850	22.808289224896544	0.0	966699	3455.9414397069404	1.85
37711.26492553854	1850	23.641086717878167	0.0	885714	3167.2025070183777	1.85
37714.78385322865	1850	24.1221590277677	0.0	987708	3518.9276901104645	1.85
37718.07677897813	1850	24.829233278289124	0.0	923755	3292.9257494785766	1.85
37721.247082298134	1850	25.6589299582859	0.0	891604	3170.303320003225	1.85
37724.63675447902	1850	26.269257777399517	0.0	955231	3389.6721808863804	1.85
37728.069519095596	1850	26.836493160827253	0.0	968026	3432.7646165722654	1.85
37731.1559358513	1850	27.750076405124652	0.0	874175	3086.4167557026003	1.85
37734.32789678071	1850	28.578115475705072	0.0	897976	3171.9609294195798	1.85
37737.5348827027	1850	29.371129553717147	0.0	905935	3206.985921987926	1.85
37741.34846341241	1850	29.55754884400337	0.0	1076599	3813.5807097137763	1.85
37744.06360873995	1850	30.8424035164628	0.0	758197	2715.145327540569	1.85
37747.53573988961	1850	31.37027236680676	0.0	972798	3472.1311496560397	1.85
37751.01592366452	1850	31.890088591893196	0.0	975811	3480.183774913561	1.85
37754.13746096695	1850	32.768551289459104	0.0	873429	3121.5373024340947	1.85
37757.53438018613	1850	33.37163207028018	0.0	954453	3396.919219178923	1.85
37760.670788717005	1850	34.23522353941251	0.0	885062	3136.408530867666	1.85
37764.31398101308	1850	34.59203124333327	0.0	1035329	3643.1922960792417	1.85
37767.96691305538	1850	34.939099201031325	0.0	1026056	3652.9320423019376	1.85
37771.32908025766	1850	35.576931998751185	0.0	943942	3362.1672022801413	1.85
37778.111230711336	4300	32.79478154508111	0.0	1919781	6782.150453670075	1.8499999999999996
37785.707134127515	4300	29.19887812889879	0.0	2147467	7595.903416182317	4.3
37793.28492407625	4300	25.62108818016152	0.0	2133870	7577.789948737271	4.3
37800.84528895324	4300	22.060723303169937	0.0	2146120	7560.364876991584	4.3
37808.22962045454	4300	18.67639180187564	0.0	2108491	7384.3315012943	4.3
37815.91096385922	4300	14.995048397195216	0.0	2184571	7681.3434046804205	4.3
37823.39734234218	4300	11.508669914239793	0.0	2121928	7486.378482955423	4.3
37826.87158420866	1850	12.034428047756988	0.0	973972	3474.2418664828033	-0.6000000000000001
37830.282388519474	1850	12.623623736945074	0.0	958994	3410.804310811915	1.85
37833.794265098084	1850	13.111747158334492	0.0	982064	3511.8765786105805	1.85
37836.77185112185	1850	14.134161134575278	0.0	830730	2977.586023759215	1.85
37839.80034860943	1850	15.105663646996511	0.0	846370	3028.497487578766	1.85

