878.9975173828458	750	4.0	5.267585523886687	450283	5267.585523886687	-21.900617752712755
880.8429814703666	300	6.154535912479143	0.0	155580	1845.4640875208565	-0.15000000000000002
882.5100267903847	300	8.487490592461118	0.0	139857	1667.045320018026	0.3
884.3590355070035	300	10.638481875842354	0.0	155432	1849.0087166187632	0.3
886.3255989568421	300	12.67191842600365	0.0	163442	1966.563449838705	0.3
891.0527698215003	750	11.944747561345448	0.0	318564	4727.170864658202	0.3
896.8489477350746	750	10.148569647771172	0.0	352642	5796.177913574276	0.75
898.923003098961	300	12.0745142838848	0.0	173849	2074.055363886371	-0.15000000000000002
900.6881636422374	300	14.30935374060831	0.0	150710	1765.1605432764902	0.3
904.7958005905854	750	14.201716792260395	0.0	362795	4107.636948347916	0.3
908.9042909659382	750	14.093226416907498	0.0	353220	4108.490375352897	0.75
913.5594886523373	750	13.438028730508366	0.0	405134	4655.197686399132	0.75
918.1009768796484	750	12.896540503197265	0.0	386351	4541.488227311101	0.75
923.233767285135	750	11.763750097710705	0.0	434409	5132.79040548656	0.75
927.2106760816183	750	11.786841301227401	0.0	337059	3976.9087964833034	0.75
931.512328100841	750	11.485189282004614	0.0	366214	4301.652019222787	0.75
935.7662384652917	750	11.23127891755401	0.0	360831	4253.910364450604	0.75
940.5167029926336	750	10.480814390212117	0.0	372963	4750.464527341892	0.75
949.2268315514365	750	5.770685831409254	0.0	405596	8710.128558802864	0.75
950.8573360503517	300	8.140181332494029	0.0	140881	1630.5044989152238	-0.15000000000000002
952.7813593569183	300	10.216158025927538	0.0	157671	1924.0233065664918	0.3
954.7070317130008	300	12.290485669845118	0.0	157812	1925.6723560824198	0.3
956.7113166518226	300	14.286200731023374	0.0	163927	2004.2849388217446	0.3
960.7629420436475	750	14.234575339198354	0.0	343800	4051.6253918250204	0.3
963.3970081438388	750	15.600509239007094	0.0	359903	2634.066100191261	0.75
966.4106996330773	750	16.586817749768493	0.0	379700	3013.6914892386003	0.75
971.4923737380105	750	15.505143644835277	0.0	425781	5081.674104933214	0.75
974.7516561310583	750	16.245861251787513	0.0	277716	3259.282393047767	0.75
979.5095507273916	750	15.487966655454242	0.0	400396	4757.894596333271	0.75
984.1343547942599	750	14.863162588585967	0.0	400508	4624.804066868275	0.75
988.2508045541246	750	14.746712828721197	0.0	358218	4116.449759864771	0.75
992.9410763055257	750	14.056441077320063	0.0	400322	4690.271751401133	0.75
997.2803698391346	750	13.717147543711283	0.0	369834	4339.293533608781	0.75
1001.7929200158118	750	13.204597367033966	0.0	412837	4512.550176677316	0.75
1006.1186218220225	750	12.878895560823343	0.0	401088	4325.7018062106235	0.75
1010.062943284653	750	12.93457409819286	0.0	365161	3944.321462630483	0.75
1013.6870478292717	750	13.310469553574087	0.0	321064	3624.104544618773	0.75
1017.9086217639381	750	13.088895618907776	0.0	361565	4221.5739346663095	0.75
1022.3322425583897	750	12.665274824456157	0.0	378327	4423.620794451619	0.75
1026.7039832671865	750	12.293534115659273	0.0	390680	4371.740708796885	0.75
1030.4207987914538	750	12.576718591392043	0.0	345516	3716.8155242672315	0.75
1034.5308243242594	750	12.466693058586442	0.0	384505	4110.025532805601	0.75
1038.4763389592028	750	12.521178423643068	0.0	372093	3945.5146349433726	0.75
1043.040899016996	750	11.956618365849645	0.0	438281	4564.560057793423	0.75
1047.205743175498	750	11.79177420734792	0.0	398987	4164.844158501724	0.75
1049.0085302448688	300	13.98898713797707	0.0	160064	1802.787069370851	-0.15000000000000002
1052.6734598533321	750	14.324057529513706	0.0	331053	3664.9296084633634	0.3
1056.2926767077865	750	14.704840675059206	0.0	314107	3619.2168544545	0.75

