23085.96028191301	750	4.0	7.357430335422453	450283	7357.430335422453	-30.886950442316547
23088.566958238636	300	5.393323674374954	0.0	155580	2606.676325625046	-0.15000000000000002
23090.912881908473	300	7.047400004536379	0.0	139857	2345.9236698385753	0.3
23097.168166941807	750	4.792114971202392	0.0	382355	6255.2850333339875	0.3
23099.886663813722	300	6.073618099288178	0.0	163442	2718.496871914213	-0.15000000000000002
23102.014279068484	300	7.946002844522914	0.0	126289	2127.6152547652646	0.3
23107.786565353697	750	6.173716559307022	0.0	352642	5772.286285215891	0.3
23110.82597189673	300	7.134310016276258	0.0	173849	3039.4065430307646	-0.15000000000000002
23117.28316801494	750	4.677113898065359	0.0	374758	6457.196118210898	0.3
23119.61882787845	300	6.341454034556786	0.0	139105	2335.6598635085743	-0.15000000000000002
23122.18734225037	300	7.77293966263626	0.0	141840	2568.5143719205257	0.3
23129.13951578527	750	4.820766127736793	0.0	405134	6952.173534899467	0.3
23131.697069068938	300	6.26321284406616	0.0	160746	2557.553283670633	-0.15000000000000002
23134.505437800308	300	7.454844112697454	0.0	179801	2808.3687313687064	0.3
23140.03836996222	750	5.9219119507817135	0.0	337059	5532.932161915741	0.3
23142.40821935421	300	7.55206255879506	0.0	138313	2369.849391986653	-0.15000000000000002
23148.337311262854	750	5.622970650150608	0.0	360831	5929.091908644452	0.3
23150.8300417977	300	7.130240115302565	0.0	150616	2492.730534848042	-0.15000000000000002
23157.52374423769	750	4.436537675316951	0.0	405596	6693.702439985615	0.3
23159.94573126359	300	6.0145506494140575	0.0	140881	2421.9870259028944	-0.15000000000000002
23162.555585206865	300	7.4046967061387505	0.0	157671	2609.853943275307	0.3
23169.085797796233	750	4.874484116770615	0.0	399894	6530.212589368135	0.3
23171.83159392163	300	6.128687991372622	0.0	163927	2745.7961253979934	-0.15000000000000002
23174.15298095225	300	7.807300960753706	0.0	137654	2321.3870306189165	0.3
23180.01779943909	750	5.942482473913043	0.0	359903	5864.818486840663	0.3
23182.550722004136	300	7.409559908865748	0.0	153938	2532.9225650472945	-0.15000000000000002
23189.45316042909	750	4.507121483914505	0.0	425781	6902.438424951243	0.3
23191.295397020986	300	6.664884892019216	0.0	111155	1842.2365918952894	-0.15000000000000002
23193.69965705727	300	8.260624855734099	0.0	153605	2404.260036285118	0.3
23200.126081353425	750	5.834200559579879	0.0	400508	6426.4242961542195	0.3
23202.79000375701	300	7.170278155996335	0.0	157421	2663.9224035835437	-0.15000000000000002
23209.38439453321	750	4.575887379797421	0.0	400322	6594.390776198914	0.3
23211.77670851973	300	6.183573393276676	0.0	143881	2392.313986520745	-0.15000000000000002
23214.49354479696	300	7.466737116047005	0.0	163444	2716.8362772296714	0.3
23220.79335784452	750	5.166924068486559	0.0	401088	6299.813047560446	0.3
23223.317314547105	300	6.642967365904471	0.0	159914	2523.9567025820875	-0.15000000000000002
23225.409673713686	300	8.550608199318715	0.0	131610	2092.3591665857557	0.3
23231.282008063452	750	6.678273849555328	0.0	361565	5872.334349763386	0.3
23233.68886191068	300	8.27142000232843	0.0	144254	2406.8538472268983	-0.15000000000000002
23240.071784077987	750	5.8884978350212265	0.0	390680	6382.922167307203	0.3
23242.54996333304	300	7.410318579966365	0.0	147968	2478.1792550548616	-0.15000000000000002
23248.90261804679	750	5.057663866215748	0.0	384505	6352.654713750618	0.3
23251.33705854492	300	6.6232233680880634	0.0	145210	2434.440498127684	-0.15000000000000002
23254.160424909383	300	7.799857003623836	0.0	172312	2823.3663644642274	0.3
23260.583882805335	750	5.376399107670285	0.0	398987	6423.457895953551	0.3
23263.236716384636	300	6.723565528373203	0.0	160064	2652.8335792970815	-0.15000000000000002
23265.552338105805	300	8.407943807202821	0.0	137507	2315.6217211703815	0.3
23270.70878535233	750	7.251496560678688	0.0	314107	5156.447246524132	0.3

