12258.533492666815	750	4.0	7.414677459365185	450283	7414.677459365185	-31.133113075270295
12260.513496101548	300	6.019996565265677	0.0	155580	1980.0034347343233	-0.15000000000000002
12262.12532342941	300	8.408169237403245	0.0	139857	1611.8273278624324	0.3
12263.748795138505	300	10.784697528310602	0.0	155432	1623.4717090926424	0.3
12265.451807794056	300	13.081684872760139	0.0	163442	1703.0126555504637	0.3
12266.835789868137	300	15.697702798678765	0.0	126289	1383.9820740813736	0.3
12271.351814501118	750	15.181678165698472	0.0	352642	4516.024632980293	0.3
12276.032454074488	750	14.501038592328795	0.0	437162	4680.639573369675	0.75
12280.643459435485	750	13.890033231330312	0.0	374758	4611.005360998483	0.75
12285.236937079335	750	13.296555587481645	0.0	362795	4593.477643848665	0.75
12289.265275066813	750	13.268217600002293	0.0	353220	4028.3379874793513	0.75
12293.545516115335	750	12.987976551479168	0.0	405134	4280.241048523127	0.75
12298.348581186568	750	12.184911480245741	0.0	386351	4803.065071233426	0.75
12306.694567527478	750	7.838925139336092	0.0	434409	8345.986340909649	0.75
12308.719175785121	300	9.814316881693417	0.0	140051	2024.6082576426747	-0.15000000000000002
12310.662004415775	300	11.871488251038391	0.0	138313	1942.828630655028	0.3
12312.629013938891	300	13.904478727923038	0.0	143509	1967.0095231153525	0.3
12316.55837643464	750	13.975116232174011	0.0	372963	3929.3624957490256	0.3
12322.71087291633	750	11.822619750483058	0.0	405596	6152.496481690954	0.75
12327.103612411218	750	11.4298802555941	0.0	350713	4392.739494888957	0.75
12331.900433073384	750	10.63305959342677	0.0	386472	4796.820662167332	0.75
12333.926178554811	300	12.607314112000868	0.0	157812	2025.7454814259017	-0.15000000000000002
12336.047195745276	300	14.486296921535542	0.0	163927	2121.0171904653257	0.3
12340.033295592662	750	14.500197074150476	0.0	343800	3986.0998473850673	0.3
12344.034491891804	750	14.499000775008586	0.0	359903	4001.19629914189	0.75
12348.864546084911	750	13.668946581900276	0.0	379700	4830.05419310831	0.75
12355.080713913689	750	11.452778753122198	0.0	425781	6216.167828778078	0.75
12360.054265170746	750	10.479227496064498	0.0	277716	4973.5512570577	0.75
12362.030715676665	300	12.502776990144765	0.0	153605	1976.4505059197331	-0.15000000000000002
12363.94477917797	300	14.588713488840519	0.0	149029	1914.0635013042472	0.3
12365.941833202698	300	16.591659464112116	0.0	157421	1997.054024728403	0.3
12371.43491464604	750	15.098578020769446	0.0	400322	5493.081443342669	0.3
12377.15949644141	750	13.373996225399958	0.0	369834	5724.581795369488	0.75
12382.644882098813	750	11.88861056799883	0.0	412837	5485.385657401128	0.75
12387.090976010131	750	11.442516656681011	0.0	401088	4446.093911317819	0.75
12388.838167864022	300	13.695324802790964	0.0	159914	1747.1918538900477	-0.15000000000000002
12392.431640093084	750	14.1018525737271	0.0	321064	3593.4722290638615	0.3
12396.332043511407	750	14.201449155404674	0.0	361565	3900.403418322426	0.75
12400.387793141608	750	14.14569952520346	0.0	378327	4055.749630201215	0.75
12404.865185455348	750	13.66830721146443	0.0	390680	4477.392313739029	0.75
12409.208285514032	750	13.325207152780116	0.0	345516	4343.100058684315	0.75
12416.407976146354	750	10.125516520456806	0.0	384505	7199.690632323311	0.75
12420.718689226836	750	9.814803439976878	0.0	372093	4310.713080479928	0.75
12423.45409854343	300	11.07939412338317	0.0	172312	2735.409316593708	-0.15000000000000002
12425.85428709016	300	12.679205576653752	0.0	167025	2400.1885467294164	0.3
12427.950404225074	300	14.583088441739543	0.0	160064	2096.1171349142087	0.3
12429.762400294587	300	16.771092372225798	0.0	137507	1811.9960695137452	0.3
12432.73866531152	750	17.794827355291027	0.0	314107	2976.265016934772	0.3

