15399.688210248041	750	4.0	2.6105126764687223	450283	2610.5126764687225	-10.475204508815505
15400.642542972584	300	7.045667275457871	0.0	155580	954.3327245421299	-0.15000000000000002
15402.709715499466	750	8.978494748574409	0.0	350812	2067.1725268834625	0.3
15405.027950995669	750	10.66025925237101	0.0	382355	2318.2354962033983	0.75
15408.79980133702	1200	10.888408911018862	0.0	652874	3771.8503413521485	0.75
15411.653039612975	1200	12.035170635064691	0.0	520315	2853.2382759541706	1.2
15416.596355664266	1850	11.091854583774245	0.0	905515	4943.316051290447	1.2000000000000002
15422.74417042942	1850	8.944039818621247	0.0	1060487	6147.814765152997	1.85
15424.78095844938	750	10.907251798659825	0.0	374758	2036.7880199614224	-0.3500000000000001
15427.789269023519	1200	11.898941224521888	0.0	560821	3008.310574137937	0.75
15434.574828768387	1850	9.113381479653276	0.0	939819	6785.559744868613	1.2000000000000002
15438.145043451794	1200	9.543166796248117	0.0	594078	3570.2146834051587	0.5499999999999999
15441.937928860434	1200	9.750281387608183	0.0	624282	3792.8854086399338	1.2
15446.160850512628	1200	9.527359735413443	0.0	687371	4222.92165219474	1.2
15449.669069947733	1200	10.019140300309179	0.0	526950	3508.219435104266	1.2
15453.91055506902	1200	9.777655179021455	0.0	587876	4241.485121287724	1.2
15457.660196824703	1200	10.028013423337448	0.0	617242	3749.6417556840056	1.2
15462.76145743883	1200	8.926752809209901	0.0	581493	5101.260614127547	1.2
15465.413062020376	750	10.27514822766338	0.0	405596	2651.6045815465227	0.3
15468.771382640145	1200	10.916827607894204	0.0	586839	3358.3206197691757	0.75
15472.328286409316	1200	11.359923838722459	0.0	601738	3556.903769171744	1.2
15477.627925248631	1850	10.060284999409246	0.0	955231	5299.638839313212	1.2000000000000002
15481.301722743596	1200	10.386487504443757	0.0	656471	3673.79749496549	0.5499999999999999
15484.360356544268	1200	11.327853703772075	0.0	536667	3058.6338006716833	1.2
15489.502002679475	1850	10.186207568565488	0.0	897976	5141.646135206587	1.2000000000000002
15492.85442111344	1200	10.833789134600375	0.0	590335	3352.4184339651133	0.5499999999999999
15496.721025791518	1200	10.967184456521215	0.0	696376	3866.604678079159	1.2
15499.434035960076	1200	12.254174287963982	0.0	487160	2713.0101685572336	1.2
15505.295512111077	1850	10.392698136963505	0.0	972798	5861.476151000477	1.2000000000000002
15509.322292926969	1200	10.3659173210722	0.0	641447	4026.7808158913053	0.5499999999999999
15512.547006857068	1200	11.141203390971137	0.0	570392	3224.7139301010625	1.2
15518.354754368063	1850	9.333455879977658	0.0	954453	5807.747510993479	1.2000000000000002
15521.944224573163	1200	9.743985674878248	0.0	584349	3589.4702050994097	0.5499999999999999
15525.859247074783	1200	9.828963173259352	0.0	670129	3915.022501618896	1.2
15529.6979763657	1200	9.990233882341709	0.0	690253	3838.729290917644	1.2
15532.99298266759	1200	10.695227580449943	0.0	598727	3295.006301891764	1.2
15535.703934707564	1200	11.984275540477652	0.0	487812	2710.952039972291	1.2
15540.897309233544	1850	10.790901014496887	0.0	938587	5193.374525980766	1.2000000000000002
15544.18097734269	1200	11.507232905352769	0.0	605884	3283.668109144119	0.5499999999999999
15549.182313722034	1850	10.505896526007596	0.0	930577	5001.336379345173	1.2000000000000002
15552.367756271475	1200	11.320453976567991	0.0	566904	3185.442549439605	0.5499999999999999
15558.151469969436	1850	9.536740278606295	0.0	1025005	5783.713697961694	1.2000000000000002
15561.92421829617	1200	9.763991951872235	0.0	599477	3772.7483267340617	0.5499999999999999
15566.479635428183	1200	9.20857481985973	0.0	634861	4555.417132012504	1.2
15570.087241317779	1200	9.600968930263697	0.0	630203	3607.605889596033	1.2
15575.68274366508	1200	8.005466582962633	0.0	638661	5595.502347301064	1.2
15578.49030323547	750	9.197907012572141	0.0	331053	2807.5595703904937	0.3
15582.363223134955	1200	9.324987113088595	0.0	550906	3872.9198994835456	0.75

