40053.47240172547	750	4.0	2.0167314798705447	450283	2016.7314798705445	-7.921945363443342
40055.26797704525	750	6.204424680215411	0.0	398865	1795.5753197845902	0.75
40056.86521924986	750	8.607182475607475	0.0	350812	1597.242204607935	0.75
40058.67496675742	750	10.797434968052935	0.0	382355	1809.74750755454	0.75
40060.61684018383	750	12.855561541638595	0.0	411561	1941.8734264143377	0.75
40062.12066407996	750	15.35173764551305	0.0	318564	1503.8238961255463	0.75
40063.659290162825	750	17.81311156264785	0.0	352642	1538.6260828652016	0.75
40068.14164707907	1850	17.33075464639642	0.0	1060487	4482.3569162514295	0.75
40071.80360379632	1850	17.668797929148685	0.0	852833	3661.9567172477373	1.85
40075.69555717728	1850	17.776844548191644	0.0	913888	3891.9533809570416	1.85
40079.75366860307	1850	17.71873312239936	0.0	939819	4058.1114257922795	1.85
40083.872604602024	1850	17.599797123444834	0.0	917428	4118.9359989545255	1.85
40088.30948570946	1850	17.16291601601355	0.0	946851	4436.881107431282	1.85
40092.951863785085	1850	16.52053794038449	0.0	1036454	4642.378075629063	1.85
40096.53189661263	1850	16.940505112840277	0.0	821631	3580.032827544211	1.85
40100.59381414605	1850	16.878587579421115	0.0	923170	4061.9175334191646	1.85
40105.28986459092	1850	16.18253713454626	0.0	966699	4696.050444874856	1.85
40109.72758762688	1850	15.744814098584321	0.0	885714	4437.723035961937	1.85
40114.20094005978	1850	15.271461665687868	0.0	987708	4473.352432896453	1.85
40118.20039380411	1850	15.272007921355021	0.0	923755	3999.453744332846	1.85
40122.66187884495	1850	14.810522880519883	0.0	891604	4461.485040835138	1.85
40127.18140689601	1850	14.290994829456343	0.0	955231	4519.52805106354	1.85
40131.680012003606	1850	13.792389721861646	0.0	968026	4498.605107594698	1.85
40135.55723976371	1850	13.915161961765541	0.0	874175	3877.2277600961042	1.85
40139.50637390145	1850	13.966027824021468	0.0	897976	3949.134137744074	1.85
40143.86704716786	1850	13.605354557610468	0.0	905935	4360.673266411	1.85
40152.23010579948	1850	9.242295925994744	0.0	1076599	8363.058631615724	1.85
40154.405589063295	750	11.066812662174227	0.0	277716	2175.4832638205166	-0.3500000000000001
40156.52309333225	750	12.949308393212833	0.0	400396	2117.5042689613924	0.75
40158.641167538175	750	14.831234187293722	0.0	400508	2118.0742059191134	0.75
40160.42749854221	750	17.044903183257123	0.0	358218	1786.3310040365977	0.75
40162.397017662304	750	19.07538406316391	0.0	400322	1969.5191200932154	0.75
40164.23046108621	750	21.24194063924866	0.0	369834	1833.4434239152497	0.75
40169.48371838713	1850	19.98868333833238	0.0	1035329	5253.257300916282	0.75
40174.4617018263	1850	19.010699899153277	0.0	1026056	4977.983439179102	1.85
40178.88113184347	1850	18.591269881991018	0.0	943942	4419.430017162259	1.85
40182.08118857229	1850	19.39121315317681	0.0	728962	3200.056728814207	1.85
40186.096163158574	1850	19.3762385668913	0.0	938587	4014.9745862855143	1.85
40189.95382865645	1850	19.51857306901452	0.0	908665	3857.6654978767797	1.85
40194.069867654245	1850	19.40253407122255	0.0	930577	4116.038997791964	1.85
40197.76467767006	1850	19.70772405540695	0.0	858450	3694.8100158156	1.85
40202.18258500877	1850	19.28981671669132	0.0	1025005	4417.907338715631	1.85
40206.121049753056	1850	19.35135197240991	0.0	886255	3938.464744281407	1.85
40210.66227507212	1850	18.81012665334285	0.0	973972	4541.225319067058	1.85
40215.29859265776	1850	18.173809067706745	0.0	958994	4636.317585636103	1.85
40219.49298995747	1850	17.979411767991543	0.0	982064	4194.3972997152005	1.85
40223.085974206006	1850	18.386427519460646	0.0	830730	3592.984248530898	1.85
40226.6936667637	1850	18.778734961764822	0.0	846370	3607.692557695822	1.85

