15951.437255996221	750	4.0	2.8224282704295933	450283	2822.4282704295933	-11.386441562847251
15952.464808958055	300	6.972447038166139	0.0	155580	1027.5529618338605	-0.15000000000000002
15953.39660169866	300	10.040654297561959	0.0	139857	931.7927406041794	0.3
15956.152481558938	750	11.284774437283685	0.0	382355	2755.8798602782745	0.3
15959.16302287837	750	12.27423311784967	0.0	411561	3010.541319434016	0.75
15961.042192193421	750	14.395063802800827	0.0	318564	1879.1693150488422	0.75
15963.113825477778	750	16.32343051844524	0.0	352642	2071.633284355589	0.75
15965.633761874542	750	17.80349412168035	0.0	437162	2519.9363967648865	0.75
15967.78663960212	750	19.65061639410322	0.0	374758	2152.877727577134	0.75
15969.935549740469	750	21.501706255753554	0.0	362795	2148.9101383496677	0.75
15972.23434045807	750	23.20291553815328	0.0	353220	2298.7907176002736	0.75
15978.065357021462	1850	21.371898974760338	0.0	917428	5831.016563392944	0.75
15984.476749641713	1850	18.960506354509214	0.0	946851	6411.392620251126	1.85
15991.167890765724	1850	16.26936523049786	0.0	1036454	6691.141124011351	1.85
15996.450113929364	1850	14.987142066858453	0.0	821631	5282.223163639407	1.85
16002.467351691057	1850	12.9699043051654	0.0	923170	6017.237761693053	1.85
16011.276334909055	1850	8.160921087167026	0.0	966699	8808.983217998375	1.85
16013.578540580591	750	9.858715415630883	0.0	372963	2302.205671536143	-0.3500000000000001
16016.05818254376	750	11.379073452461016	0.0	405596	2479.6419631698664	0.75
16018.190041998061	750	13.247213998161097	0.0	350713	2131.8594542999185	0.75
16020.530105861442	750	14.90715013477866	0.0	386472	2340.0638633824365	0.75
16022.939749905248	750	16.49750609097091	0.0	399894	2409.644043807752	0.75
16023.974731873393	300	19.462524122826167	0.0	163927	1034.981968144742	-0.15000000000000002
16026.065008656651	750	21.372247339568247	0.0	343800	2090.2767832579184	0.3
16028.271426512149	750	23.165829484069956	0.0	359903	2206.4178554982905	0.75
16033.44631673369	1850	21.99093926252842	0.0	905935	5174.890221541536	0.75
16040.149680690602	1850	19.287575305616432	0.0	1076599	6703.363956911988	1.85
16045.136664689431	1850	18.300591306786337	0.0	758197	4986.983998830096	1.85
16053.44698448759	1850	13.990271508628345	0.0	972798	8310.319798157992	1.85
16059.595851175443	1850	11.84140482077299	0.0	975811	6148.866687855355	1.85
16066.024070728885	1850	9.413185267331555	0.0	873429	6428.219553441434	1.85
16072.765210191406	750	6.672045804810533	0.0	400322	6741.139462521022	-0.3500000000000001
16074.34664699738	300	9.090608998837386	0.0	143881	1581.4368059731476	-0.15000000000000002
16076.132228952712	300	11.30502704350294	0.0	163444	1785.581955334444	0.3
16077.452492196682	300	13.984763799533589	0.0	179328	1320.263243969354	0.3
16079.901994060667	750	15.535261935549702	0.0	365161	2449.501863983886	0.3
16082.010800711041	750	17.42645528517584	0.0	321064	2108.8066503738587	0.75
16084.176042799667	750	19.261213196551253	0.0	361565	2165.2420886245914	0.75
16086.437955826821	750	20.999300169396864	0.0	378327	2261.913027154386	0.75
16088.773502327133	750	22.663753669084663	0.0	390680	2335.5465003122013	0.75
16090.8486204328	750	24.588635563417885	0.0	345516	2075.118105666783	0.75
16096.797971365246	1850	22.6392846309733	0.0	1025005	5949.350932444584	0.75
16102.401938851808	1850	21.035317144411128	0.0	886255	5603.967486562171	1.85
16108.433322848914	1850	19.003933147305073	0.0	973972	6031.383997106056	1.85
16114.288809516162	1850	17.148446480058443	0.0	958994	5855.48666724663	1.85
16120.554527931377	1850	14.88272806484278	0.0	982064	6265.718415215663	1.85
16127.91331363621	1850	11.523942360011176	0.0	830730	7358.785704831604	1.85
16131.10453612328	750	12.332719872940885	0.0	314107	3191.222487070291	-0.3500000000000001

