3980.580879748297	750	4.0	2.1363906390048166	450283	2136.3906390048164	-8.43647974772071
3981.371395702966	300	7.209484045330671	0.0	155580	790.5159546693287	-0.15000000000000002
3983.0535137328507	750	9.527366015446004	0.0	350812	1682.1180298846673	0.3
3984.9028669690115	750	11.678012779285224	0.0	382355	1849.3532361607818	0.75
3986.90148956953	750	13.679390178766806	0.0	411561	1998.6226005184176	0.75
3988.4665770537945	750	16.114302694501898	0.0	318564	1565.0874842649064	0.75
3990.451439333043	750	18.129440415254155	0.0	352642	1984.8622792477454	0.75
3993.017728753159	750	19.563150995137583	0.0	437162	2566.289420116567	0.75
3995.0156911464605	750	21.56518860183673	0.0	374758	1997.962393300857	0.75
3999.252104518002	1850	21.32877523029527	0.0	913888	4236.4133715414555	0.75
4004.062902368447	1850	20.517977379850247	0.0	939819	4810.797850445027	1.85
4008.1824579159725	1850	20.39842183232456	0.0	917428	4119.555547525687	1.85
4012.937442991739	1850	19.643436756558216	0.0	946851	4754.98507576634	1.85
4018.4237771271223	1850	18.15710262117423	0.0	1036454	5486.334135383991	1.85
4022.205586693902	1850	18.375293054394877	0.0	821631	3781.80956677935	1.85
4026.3249763933163	1850	18.2559033549804	0.0	923170	4119.38969941448	1.85
4030.8399165036603	1850	17.74096324463664	0.0	966699	4514.940110343765	1.85
4034.960921158071	1850	17.61995859022603	0.0	885714	4121.004654410608	1.85
4039.345710126185	1850	17.235169622111805	0.0	987708	4384.788968114224	1.85
4043.8162396207267	1850	16.764640127570406	0.0	923755	4470.529494541398	1.85
4048.2612202509404	1850	16.319659497356756	0.0	891604	4444.98063021365	1.85
4053.0046965289853	1850	15.57618321931198	0.0	955231	4743.476278044774	1.85
4057.5263594649573	1850	15.054520283339846	0.0	968026	4521.6629359721355	1.85
4061.401485797297	1850	15.179393950999824	0.0	874175	3875.126332340021	1.85
4065.349720217707	1850	15.231159530590336	0.0	897976	3948.2344204094884	1.85
4070.3166511276772	1850	14.264228620619505	0.0	905935	4966.93090997083	1.85
4076.0035599164826	1850	12.577319831814354	0.0	1076599	5686.908788805153	1.85
4079.610966103076	1850	12.969913645220945	0.0	758197	3607.4061865934077	1.85
4085.1890996751404	1850	11.391780073156417	0.0	972798	5578.133572064529	1.85
4090.4185732993487	1850	10.162306448947916	0.0	975811	5229.4736242085	1.85
4094.2158252237223	1850	10.365054524574022	0.0	873429	3797.2519243738957	1.85
4098.3649415858745	1850	10.215938162421967	0.0	954453	4149.116362152053	1.85
4102.5218154257545	1850	10.059064322541431	0.0	885062	4156.873839880536	1.85
4107.839418054101	1850	8.741461694195824	0.0	1035329	5317.602628345609	1.85
4112.790635793915	1850	7.790243954381473	0.0	1026056	4951.21773981435	1.85
4117.2270652228935	1850	7.353814525402914	0.0	943942	4436.4294289785585	1.85
4120.673603871293	1850	7.9072758770024025	0.0	728962	3446.5386484005107	1.85
4125.139984410905	1850	7.440895337391302	0.0	938587	4466.380539611101	1.85
4129.363326502085	1850	7.21755324621101	0.0	908665	4223.342091180291	1.85
4133.964320832784	1850	6.616558915511285	0.0	930577	4600.994330699726	1.85
4138.430046450099	1850	6.150833298196924	0.0	858450	4465.725617314361	1.85
4143.623766745533	1850	4.957113002762776	0.0	1025005	5193.720295434147	1.85
4148.103578436055	1850	4.4773013122419725	0.0	886255	4479.8116905208035	1.85
4152.577808064962	1850	4.003071683334757	0.0	973972	4474.229628907216	1.85
4156.965240999097	1850	4.0	0.3843612508005772	958994	4387.432934135334	0.19724662155751815
4161.861268285586	1850	4.0	0.8960272864894204	982064	4896.0272864894205	-2.0029173319045075
4165.686523402154	1850	4.174744883432059	0.0	830730	3825.255116567941	1.85
4169.637638342841	1850	4.223629942745584	0.0	846370	3951.1149406864756	1.85

