20647.622001202948	750	4.0	5.640787400295933	450283	5640.7874002959325	-23.50538582127251
20649.306366751935	300	6.315634451012286	0.0	155580	1684.3655489877135	-0.15000000000000002
20650.828594239945	300	8.793406963001136	0.0	139857	1522.2274880111495	0.3
20655.265303336488	750	8.356697866460062	0.0	382355	4436.709096541074	0.3
20659.998747039965	750	7.623254162978732	0.0	411561	4733.443703481329	0.75
20663.47553229939	750	8.146468903554801	0.0	318564	3476.785259423931	0.75
20667.184176187093	750	8.437825015852892	0.0	352642	3708.6438877019086	0.75
20671.907039617257	750	7.714961585686695	0.0	437162	4722.863430166197	0.75
20675.973868145524	750	7.648133057420547	0.0	374758	4066.828528266148	0.75
20680.406477392866	750	7.215523810078028	0.0	362795	4432.609247342519	0.75
20684.78250791987	750	6.839493283076091	0.0	353220	4376.030527001937	0.75
20686.60721583677	300	9.014785366173967	0.0	156148	1824.7079169021233	-0.15000000000000002
20693.25602287916	1200	6.365978323789313	0.0	624282	6648.807042384656	0.29999999999999993
20695.22481656728	300	8.397184635665706	0.0	179801	1968.793688123606	-0.6000000000000001
20698.84611591621	750	8.775885286735228	0.0	337059	3621.299348930478	0.3
20702.776197150397	750	8.84580405254856	0.0	366214	3930.081234186668	0.75
20706.332557760416	750	9.289443442534461	0.0	360831	3556.3606100141	0.75
20712.834840338615	1200	6.787160864333235	0.0	581493	6502.282578201225	0.75
20714.76140352137	300	8.86059768157724	0.0	165384	1926.5631827559966	-0.6000000000000001
20718.64914667135	750	8.972854531601556	0.0	350713	3887.743149975685	0.3
20723.209807422496	750	8.412193780453919	0.0	386472	4560.660751147636	0.75
20727.567900576745	750	8.054100626205617	0.0	399894	4358.093154248301	0.75
20731.516240992692	750	8.105760210257909	0.0	401853	3948.340415947709	0.75
20734.904516924093	750	8.717484278853446	0.0	343800	3388.275931404464	0.75
20738.79493662525	750	8.827064577697332	0.0	359903	3890.4197011561128	0.75
20742.77819957573	750	8.843801627217887	0.0	379700	3983.262950479445	0.75
20747.25818474078	750	8.363816462170934	0.0	425781	4479.985165046952	0.75
20750.21551235898	750	9.406488843969461	0.0	277716	2957.3276182014743	0.75
20756.509464291594	1200	7.112536911353776	0.0	622896	6293.951932615684	0.75
20760.505752870908	750	7.116248332044188	0.0	400508	3996.2885793095884	0.3
20764.524267677818	750	7.097733525131037	0.0	358218	4018.514806913151	0.75
20768.326397115357	750	7.295604087592174	0.0	400322	3802.1294375388625	0.75
20772.185367032285	750	7.436634170663747	0.0	369834	3858.969916928427	0.75
20776.696590623284	750	6.925410579667949	0.0	412837	4511.223590995798	0.75
20778.70425769202	300	8.917743510929212	0.0	179328	2007.6670687387375	-0.15000000000000002
20782.56399917534	750	9.058002027608124	0.0	365161	3859.741483321087	0.3
20787.801245752067	1200	7.8207554508834916	0.0	487812	5237.246576724631	0.75
20791.58878042064	750	8.033220782311206	0.0	361565	3787.5346685722857	0.3
20795.25946887144	750	8.362532331507254	0.0	378327	3670.688450803952	0.75
20799.006664830657	750	8.615336372293871	0.0	390680	3747.195959213381	0.75
20802.30881225539	750	9.313188947560077	0.0	345516	3302.147424733795	0.75
20808.626537116652	1200	6.9954640862977815	0.0	641452	6317.724861262295	0.75
20810.180408593405	300	9.441592609544992	0.0	145210	1553.8714767527886	-0.6000000000000001
20816.52686734064	1200	7.095133862311925	0.0	634861	6346.458747233068	0.29999999999999993
20820.60960659486	750	7.012394608094264	0.0	398987	4082.7392542176603	0.3
20825.246965459788	750	6.37503574316367	0.0	393804	4637.358864930595	0.75
20826.74102986036	300	8.880971342588417	0.0	137507	1494.064400575253	-0.15000000000000002
20829.908675106577	750	9.71332609637238	0.0	314107	3167.645246216036	0.3

