30695.677654727388	750	4.0	2.012954157948128	450283	2012.9541579481279	-7.90570287917695
30698.38090090261	1200	5.296753824776757	0.0	611087	2703.2461752232434	0.75
30700.878301301243	1200	6.799353426141756	0.0	571051	2497.400398635002	1.2
30703.564972730637	1200	8.112681996748162	0.0	617681	2686.6714293935934	1.2
30706.85095163466	1200	8.82670309272551	0.0	652874	3285.978904022653	1.2
30709.545710759576	1200	10.13194396781104	0.0	520315	2694.759124914469	1.2
30714.130221818363	1850	9.547432909027833	0.0	905515	4584.511058783207	1.2000000000000002
30718.549283577715	1850	9.12837114967624	0.0	1060487	4419.061759351593	1.85
30722.43844571866	1850	9.239209008729881	0.0	852833	3889.1621409463587	1.85
30726.452511677453	1850	9.225143049938204	0.0	913888	4014.0659587916775	1.85
30730.399134696403	1850	9.278520030987059	0.0	939819	3946.6230189511457	1.85
30734.406272756143	1850	9.271381971245034	0.0	917428	4007.1380597420225	1.85
30739.265960980367	1850	8.411693747022873	0.0	946851	4859.688224222161	1.85
30744.438461043137	1850	7.239193684249894	0.0	1036454	5172.500062772979	1.85
30747.981982783975	1850	7.695671943416286	0.0	821631	3543.521740833608	1.85
30751.94034786886	1850	7.737306858530968	0.0	923170	3958.365084885318	1.85
30756.191955061768	1850	7.485699665621715	0.0	966699	4251.607192909253	1.85
30760.27603576059	1850	7.401618966795997	0.0	885714	4084.080698825718	1.85
30765.466551811	1850	6.2111029163858404	0.0	987708	5190.516050410157	1.85
30770.13599653032	1850	5.541658197066127	0.0	923755	4669.444719319713	1.85
30772.700766073383	1200	6.976888654002791	0.0	601738	2564.7695430633357	0.5499999999999999
30775.302022215037	1200	8.375632512349428	0.0	616206	2601.2561416533636	1.2
30778.545908828703	1200	9.131745898687019	0.0	656471	3243.88661366241	1.2
30781.202119741913	1200	10.4755349854774	0.0	536667	2656.210913209617	1.2
30785.44584692448	1850	10.23180780290937	0.0	897976	4243.727182568031	1.2000000000000002
30790.128672347164	1850	9.548982380222911	0.0	905935	4682.825422686458	1.85
30795.41715835382	1850	8.260496373569142	0.0	1076599	5288.486006653769	1.85
30798.66495777326	1850	9.012696954130135	0.0	758197	3247.7994194390067	1.85
30803.136965638594	1850	8.540689088796691	0.0	972798	4472.007865333444	1.85
30807.891595442266	1850	7.786059285124594	0.0	975811	4754.629803672097	1.85
30811.890303432792	1850	7.787351294596801	0.0	873429	3998.7079905277924	1.85
30816.458861133455	1850	7.218793593931616	0.0	954453	4568.557700665186	1.85
30820.68292322261	1850	6.994731504778834	0.0	885062	4224.062089152782	1.85
30825.794666217585	1850	5.882988509804873	0.0	1035329	5111.74299497396	1.85
30830.602997042464	1850	5.074657684924787	0.0	1026056	4808.330824880086	1.85
30835.127038532934	1850	4.550616194456885	0.0	943942	4524.041490467903	1.85
30837.38980579852	1200	6.287848928870921	0.0	487812	2262.7672655859647	0.5499999999999999
30839.801638214078	1200	7.876016513310901	0.0	575591	2411.8324155600194	1.2
30842.341966027732	1200	9.335688699654416	0.0	605884	2540.3278136564845	1.2
30846.2313767759	1850	9.446277951485932	0.0	930577	3889.410748168485	1.2000000000000002
30849.99633842678	1850	9.681316300607689	0.0	858450	3764.9616508782437	1.85
30854.595800164836	1850	9.081854562548758	0.0	1025005	4599.461738058931	1.85
30858.9226471153	1850	8.75500761208421	0.0	886255	4326.846950464547	1.85
30863.757036058312	1850	7.920618669076127	0.0	973972	4834.388943008083	1.85
30867.85069857343	1850	7.826956153954049	0.0	958994	4093.662515122079	1.85
30871.975695615052	1850	7.701959112334687	0.0	982064	4124.997041619361	1.85
30877.922935496954	2850	5.754719230434515	0.0	1231456	5947.239881900173	1.85
30884.10562449443	2850	4.0	0.4279697670414989	1364537	6182.688997476013	1.009730001721555

