29665.244432399286	750	4.0	2.6536643128866335	450283	2653.6643128866335	-10.660756545412523
29666.21367470645	300	7.03075769283117	0.0	155580	969.2423071688303	-0.15000000000000002
29667.093049699084	300	10.151382700199012	0.0	139857	879.3749926321577	0.3
29668.997220016234	750	12.247212383049204	0.0	382355	1904.1703171498089	0.3
29670.842585872953	750	14.40184652633052	0.0	411561	1845.3658567186853	0.75
29672.28904675914	750	16.955385640144193	0.0	318564	1446.4608861863276	0.75
29673.84425771651	750	19.40017468277439	0.0	352642	1555.2109573697978	0.75
29675.70342166976	750	21.541010729522814	0.0	437162	1859.163953251578	0.75
29677.3086135318	750	23.935818867483903	0.0	374758	1605.191862038912	0.75
29680.927858015653	750	24.316574383634016	0.0	362795	3619.24448384989	0.75
29687.41480785584	1850	21.829624543446528	0.0	939819	6486.949840187488	0.75
29691.944186051078	1850	21.300246348208187	0.0	917428	4529.378195238338	1.85
29696.113789675175	1850	21.1306427241119	0.0	946851	4169.603624096284	1.85
29700.296156105636	1850	20.948276293650324	0.0	1036454	4182.366430461577	1.85
29703.547651551562	1850	21.696780847726266	0.0	821631	3251.495445924058	1.85
29707.150345716887	1850	22.094086682402626	0.0	923170	3602.6941653236404	1.85
29710.9922479627	1850	22.252184436591683	0.0	966699	3841.902245810944	1.85
29714.595691108658	1850	22.648741290630742	0.0	885714	3603.44314596094	1.85
29718.69825753575	1850	22.54617486353637	0.0	987708	4102.566427094374	1.85
29722.634715528362	1850	22.609716870925403	0.0	923755	3936.457992610967	1.85
29726.658946906595	1850	22.585485492689894	0.0	891604	4024.23137823551	1.85
29731.286155573656	1850	21.95827682563322	0.0	955231	4627.208667056674	1.85
29736.187105413537	1850	21.057326985752262	0.0	968026	4900.949839880958	1.85
29740.349440177222	1850	20.89499222207041	0.0	874175	4162.334763681852	1.85
29743.903382135595	1850	21.341050263694513	0.0	897976	3553.9419583758986	1.85
29748.217753037843	1850	21.02667936144802	0.0	905935	4314.370902246491	1.85
29753.558268556673	1850	19.686163842618924	0.0	1076599	5340.515518829099	1.85
29756.862825082982	1850	20.381607316306596	0.0	758197	3304.556526312327	1.85
29760.80667168909	1850	20.437760710201662	0.0	972798	3943.846606104934	1.85
29764.834958335392	1850	20.40947406389763	0.0	975811	4028.2866463040327	1.85
29768.340987631447	1850	20.903444767841727	0.0	873429	3506.0292960559023	1.85
29772.177379451783	1850	21.067052947507737	0.0	954453	3836.39182033399	1.85
29775.876234653926	1850	21.368197745361503	0.0	885062	3698.8552021462347	1.85
29780.973189957163	1850	20.271242442122848	0.0	1035329	5096.955303238657	1.85
29785.818744539218	1850	19.42568786007152	0.0	1026056	4845.554582051324	1.85
29789.670057675576	1850	19.574374723713845	0.0	943942	3851.3131363576776	1.85
29792.69422444608	1850	20.55020795320794	0.0	728962	3024.1667705059035	1.85
29796.533090495315	1850	20.711341903975416	0.0	938587	3838.866049232524	1.85
29800.11396425452	1850	21.130468144770795	0.0	908665	3580.8737592046195	1.85
29804.646462862045	1850	20.597969537247703	0.0	930577	4532.498607523092	1.85
29808.524751691406	1850	20.719680707888323	0.0	858450	3878.288829359383	1.85
29813.164324082532	1850	20.080108316763603	0.0	1025005	4639.57239112472	1.85
29817.22688601945	1850	20.017546379846628	0.0	886255	4062.561936916974	1.85
29821.247618904836	1850	19.996813494460376	0.0	973972	4020.732885386253	1.85
29825.004569899716	1850	20.239862499580582	0.0	958994	3756.9509948797945	1.85
29829.510785329538	1850	19.73364706975822	0.0	982064	4506.215429822361	1.85
29833.143853862144	1850	20.100578537152767	0.0	830730	3633.068532605451	1.85
29836.484984494316	1850	20.759447904978405	0.0	846370	3341.1306321743623	1.85

