31650.400350314096	750	4.0	4.4431302062730005	450283	4443.130206273	-18.3554598869739
31651.98959428438	300	6.410756029716595	0.0	155580	1589.243970283405	-0.15000000000000002
31653.42743928784	300	8.97291102625237	0.0	139857	1437.8450034642246	0.3
31655.016499002966	300	11.383851311125838	0.0	155432	1589.059715126532	0.3
31656.68641647809	300	13.713933836003267	0.0	163442	1669.91747512257	0.3
31658.004151069686	300	16.39619924440918	0.0	126289	1317.7345915940896	0.3
31661.53979142241	750	16.860558891688523	0.0	352642	3535.640352720654	0.3
31668.428524415962	1200	13.971825898134206	0.0	709534	6888.732993554318	0.75
31674.25470096438	1200	12.145649349716653	0.0	584846	5826.176548417553	1.2
31679.890707650793	1200	10.509642663303083	0.0	560821	5636.00668641357	1.2
31686.048141400213	1200	8.352208913879261	0.0	607410	6157.43374942382	1.2
31692.013446326506	1200	6.386903987588326	0.0	594078	5965.304926290935	1.2
31695.839013564342	750	6.561336749752814	0.0	386351	3825.567237835512	0.3
31704.29719118748	750	4.0	1.896840873390538	434409	8458.177623143352	-7.406415755579314
31705.770970279802	300	6.526220907681579	0.0	140051	1473.7790923184214	-0.15000000000000002
31707.2274529011	300	9.069738286380495	0.0	138313	1456.482621301082	0.3
31708.70809046815	300	11.589100719331876	0.0	143509	1480.6375670486184	0.3
31710.257892705118	300	14.039298482366569	0.0	150616	1549.8022369653077	0.3
31711.951810038987	300	16.34538114849586	0.0	165384	1693.9173338707071	0.3
31715.41782867739	750	16.879362510093987	0.0	350713	3466.0186384018753	0.3
31719.271378401292	750	17.025812786193196	0.0	386472	3853.5497239007886	0.75
31726.716449258638	1200	13.58074192884606	0.0	616206	7445.070857347138	0.75
31733.530160429025	1200	10.767030758457066	0.0	656471	6813.711170388993	1.2
31738.971656107806	1200	9.325535079677458	0.0	536667	5441.495678779608	1.2
31742.631848923305	750	9.66534226417622	0.0	359903	3660.19281550124	0.3
31746.429570882363	750	9.867620305123392	0.0	379700	3797.7219590528275	0.75
31750.663882555065	750	9.633308632420023	0.0	425781	4234.3116727033685	0.75
31753.449698708493	750	10.847492478989112	0.0	277716	2785.8161534309106	0.75
31757.42489035087	750	10.872300836612915	0.0	400396	3975.1916423761977	0.75
31761.409302273936	750	10.887888913547963	0.0	400508	3984.4119230649526	0.75
31765.004977619174	750	11.292213568310489	0.0	358218	3595.675345237474	0.75
31769.03355570867	750	11.263635478815834	0.0	400322	4028.5780894946543	0.75
31772.69771600999	750	11.599475177494938	0.0	369834	3664.1603013208955	0.75
31776.796882606923	750	11.500308580559155	0.0	412837	4099.166596935785	0.75
31780.74288798756	750	11.55430319992654	0.0	401088	3946.0053806326146	0.75
31784.30520428238	750	11.991986905101951	0.0	365161	3562.3162948245877	0.75
31787.44502094679	750	12.852170240692761	0.0	321064	3139.816664409191	0.75
31791.099223759127	750	13.197967428356383	0.0	361565	3654.2028123363784	0.75
31794.987897740746	750	13.309293446735508	0.0	378327	3888.6739816208765	0.75
31798.901036316733	750	13.396154870750218	0.0	390680	3913.138575985291	0.75
31803.227714574525	750	13.069476612962415	0.0	345516	4326.678257787801	0.75
31807.302653955954	750	12.994537231530805	0.0	384505	4074.9393814316104	0.75
31811.049023413158	750	13.248167774326356	0.0	372093	3746.3694572044483	0.75
31815.428767143636	750	12.868424043847822	0.0	438281	4379.743730478534	0.75
31819.32597436375	750	12.971216823733451	0.0	398987	3897.207220114372	0.75
31825.585615158074	1200	10.711576029410537	0.0	638661	6259.640794322915	0.75
31830.785007272487	1200	9.512183914999145	0.0	538612	5199.392114411392	1.2
31843.830520301777	2850	4.0	3.533329114292121	1364537	13045.513029291265	-13.99331519145612

