19562.99514368395	750	4.0	5.565172562873179	450283	5565.172562873178	-23.18024202035467
19565.0142354747	300	5.980908209248794	0.0	155580	2019.0917907512064	-0.15000000000000002
19566.83736158718	300	8.157782096772308	0.0	139857	1823.1261124764846	0.3
19568.815184893676	300	10.179958790276311	0.0	155432	1977.823306495999	0.3
19570.859563539132	300	12.135580144820445	0.0	163442	2044.3786454558676	0.3
19572.457407268135	300	14.537736415815806	0.0	126289	1597.8437290046381	0.3
19576.506043845307	750	14.489099838644792	0.0	352642	4048.636577171013	0.3
19581.52405819383	750	13.47108549012361	0.0	437162	5018.014348521184	0.75
19585.791748098596	750	13.203395585357008	0.0	374758	4267.6899047666	0.75
19589.921645393686	750	13.073498290269429	0.0	362795	4129.89729508758	0.75
19594.03240815999	750	12.96273552396322	0.0	353220	4110.7627663062085	0.75
19598.950376093657	750	12.044767590299015	0.0	405134	4917.967933664205	0.75
19603.504405857002	750	11.490737826953914	0.0	386351	4554.0297633451	0.75
19608.443709611725	750	10.551434072229572	0.0	434409	4939.303754724342	0.75
19612.31094382264	750	10.68419986131788	0.0	337059	3867.2342109116926	0.75
19616.77326861617	750	10.221875067785422	0.0	366214	4462.324793532458	0.75
19621.0887217884	750	9.906421895551928	0.0	360831	4315.453172233494	0.75
19625.379851168767	750	9.615292515186168	0.0	372963	4291.129380365762	0.75
19630.23079029133	750	8.764353392620833	0.0	405596	4850.939122565334	0.75
19634.86888267183	750	8.126261012117928	0.0	350713	4638.092380502906	0.75
19639.510570126342	750	7.484573557609102	0.0	386472	4641.687454508825	0.75
19644.385195634804	750	6.609948049148026	0.0	399894	4874.625508461076	0.75
19649.304648431542	750	5.690495252410832	0.0	401853	4919.452796737194	0.75
19653.310414008643	750	5.684729675311588	0.0	343800	4005.765577099244	0.75
19657.45690154022	750	5.538242143735852	0.0	359903	4146.487531575736	0.75
19661.836577274807	750	5.158566409148264	0.0	379700	4379.675734587588	0.75
19666.792231898893	750	4.202911785063378	0.0	425781	4955.654624084886	0.75
19668.15478354841	300	6.840360135547112	0.0	111155	1362.5516495162667	-0.15000000000000002
19670.0039377608	300	8.99120592315499	0.0	153605	1849.1542123921224	0.3
19674.64760881614	750	8.347534867817169	0.0	400508	4643.671055337822	0.3
19679.095934035468	750	7.899209648487141	0.0	358218	4448.325219330028	0.75
19684.022720907604	750	6.972422776353019	0.0	400322	4926.786872134122	0.75
19688.872990263866	750	6.122153420090555	0.0	369834	4850.269356262464	0.75
19694.039401921007	750	4.9557417629474845	0.0	412837	5166.41165714307	0.75
19698.909475201985	750	4.085668481970798	0.0	401088	4870.073280976687	0.75
19700.88088053763	300	6.114263146326212	0.0	159914	1971.405335644586	-0.15000000000000002
19702.496480546557	300	8.498663137400339	0.0	131610	1615.600008925872	0.3
19704.02341689415	300	10.971726789805883	0.0	124011	1526.9363475944556	0.3
19708.62288755178	750	10.372256132173458	0.0	378327	4599.470657632426	0.3
19713.281919503024	750	9.713224180927561	0.0	390680	4659.0319512458955	0.75
19717.323644804575	750	9.67149887937877	0.0	345516	4041.7253015487904	0.75
19721.79098169803	750	9.204161985923049	0.0	384505	4467.336893455723	0.75
19726.068177942478	750	8.926965741474302	0.0	372093	4277.196244448746	0.75
19731.32908388553	750	7.666059798423472	0.0	438281	5260.90594305083	0.75
19735.87395975038	750	7.1211839335703795	0.0	398987	4544.875864853092	0.75
19740.39201798079	750	6.603125703157261	0.0	393804	4518.058230413119	0.75
19744.30240396394	750	6.692739720008902	0.0	331053	3910.3859831483587	0.75
19750.906890426635	1200	4.088253257312067	0.0	550906	6604.486462696835	0.75

