13156.846940802221	750	4.0	1.603283105182517	450283	1603.283105182517	-6.144117352284822
13157.45325955177	300	7.3936812504485045	0.0	155580	606.3187495514953	-0.15000000000000002
13158.720037628436	750	10.126903173782743	0.0	350812	1266.7780766657615	0.3
13160.882323008844	1200	11.964617793375353	0.0	617681	2162.2853804073884	0.75
13164.258795399517	1850	12.588145402702883	0.0	996749	3376.4723906724703	1.2000000000000002
13166.98994268138	1850	13.856998120839078	0.0	801058	2731.1472818638044	1.85
13171.824048863065	2850	13.022891939156283	0.0	1388403	4834.106181682795	1.85
13178.189196462843	2850	10.657744339377517	0.0	1638769	6365.147599778767	2.85
13180.442569130335	1200	12.404371671885743	0.0	584846	2253.372667491775	-0.44999999999999996
13184.138999172163	1850	12.707941630057988	0.0	913888	3696.430041827755	1.2000000000000002
13192.814809939488	1850	8.032130862733615	0.0	939819	8675.810767324374	1.85
13196.530634968687	750	8.31630583353408	0.0	405134	3715.825029199534	-0.3500000000000001
13203.023597305035	750	5.8233434971853875	0.0	386351	6492.9623363486935	0.75
13205.752668422549	300	7.094272379671817	0.0	179801	2729.0711175135707	-0.15000000000000002
13216.88897794151	750	4.0	4.042037139289758	337059	11136.309518961574	-17.080759698945958
13218.578234192933	300	6.310743748574726	0.0	138313	1689.256251425274	-0.15000000000000002
13220.327945321937	300	8.561032619571742	0.0	143509	1749.7111290029834	0.3
13225.515633386787	750	7.3733445547208	0.0	372963	5187.688064850942	0.3
13228.830343310035	750	8.058634631472644	0.0	405596	3314.7099232481555	0.75
13231.138247844021	750	9.750730097486528	0.0	350713	2307.9045339861163	0.75
13235.294304095825	1200	9.594673845682891	0.0	601738	4156.056251803637	0.75
13240.042706528875	1200	8.846271412634627	0.0	616206	4748.402433048264	1.2
13247.236202524802	750	5.6527754167068105	0.0	401853	7193.495995927817	0.3
13247.873117399104	300	9.015860542403983	0.0	137654	636.9148743028272	-0.15000000000000002
13250.328932581562	1200	10.560045359945827	0.0	587236	2455.8151824581564	0.29999999999999993
13257.787534025476	1200	7.101443916032658	0.0	590335	7458.601443913169	1.2
13259.554674395042	750	9.334303546465861	0.0	425781	1767.1403695667982	0.3
13261.565026624095	1200	11.323951317413457	0.0	487160	2010.3522290524036	0.75
13265.101214958553	1850	11.787762982956524	0.0	972798	3536.188334456933	1.2000000000000002
13268.67290052499	1850	12.216077416518216	0.0	975811	3571.6855664383093	1.85
13272.253838960985	1850	12.63513898052476	0.0	873429	3580.9384359934547	1.85
13275.744228310221	1850	13.144749631287084	0.0	954453	3490.3893492376756	1.85
13280.545752125978	2850	12.343225815529557	0.0	1358081	4801.523815757527	1.85
13284.206125166205	1850	12.682852775302752	0.0	1035329	3660.373040226804	0.8500000000000001
13287.851223266634	1850	13.03775467487341	0.0	1026056	3645.0981004293435	1.85
13292.55720854036	2850	12.331769401148414	0.0	1439896	4705.985273724997	1.85
13295.160924646647	1850	13.728053294859677	0.0	728962	2603.7161062887344	0.8500000000000001
13300.517173810678	2850	12.371804130830425	0.0	1499009	5356.249164029252	1.85
13303.772662599187	1850	13.116315342321238	0.0	908665	3255.4887885091866	0.8500000000000001
13308.921156018945	2850	11.967821922563516	0.0	1402287	5148.493419757722	1.85
13312.677219639747	1850	12.211758301761824	0.0	858450	3756.063620801694	0.8500000000000001
13317.421915669525	1850	11.467062271982613	0.0	1025005	4744.696029779211	1.85
13321.21310587182	1850	11.675872069687651	0.0	886255	3791.1902022949607	1.85
13325.030363960332	1850	11.858613981177056	0.0	973972	3817.2580885105967	1.85
13328.499291154527	1850	12.389686786982052	0.0	958994	3468.9271941950033	1.85
13332.61654819956	1850	12.272429741949448	0.0	982064	4117.257045032604	1.85
13335.850491385061	1850	13.038486556447618	0.0	830730	3233.9431855018315	1.85
13340.75022160215	2850	12.13875633935879	0.0	1364537	4899.730217088825	1.85

