18612.912366358898	750	4.0	5.810349020591814	450283	5810.349020591814	-24.2345007885448
18615.17168111373	300	5.740685245168532	0.0	155580	2259.314754831468	-0.15000000000000002
18617.210753125983	300	7.701613232914614	0.0	139857	2039.072012253918	0.3
18619.349439678208	300	9.562926680690612	0.0	155432	2138.6865522240023	0.3
18621.586220013003	300	11.326146345894944	0.0	163442	2236.7803347956697	0.3
18623.360739670065	300	13.551626688834183	0.0	126289	1774.5196570607604	0.3
18628.207035286192	750	12.705331072707871	0.0	352642	4846.295616126313	0.3
18633.726096420676	750	11.18626993822294	0.0	437162	5519.061134484931	0.75
18638.671072374316	750	10.241293984582335	0.0	374758	4944.975953640605	0.75
18640.51235889026	300	12.400007468638897	0.0	139105	1841.2865159434384	-0.15000000000000002
18642.388274776975	300	14.524091581924418	0.0	141840	1875.915886714477	0.3
18644.576166577128	300	16.336199781774297	0.0	156148	2187.8918001501215	0.3
18650.2167134179	750	14.69565294100258	0.0	386351	5640.546840771717	0.3
18656.40343611903	750	12.508930239870281	0.0	434409	6186.722701132297	0.75
18661.069668625798	750	11.842697733105105	0.0	337059	4666.232506765176	0.75
18669.145654137705	750	7.766712221198508	0.0	366214	8075.985511906598	0.75
18672.50129921814	300	8.411067140763354	0.0	143509	3355.645080435154	-0.15000000000000002
18675.019816776577	300	9.892549582327122	0.0	150616	2518.5175584362305	0.3
18677.351850773463	300	11.560515585443033	0.0	165384	2332.03399688409	0.3
18679.339626401437	300	13.572739957469816	0.0	140881	1987.775627973218	0.3
18681.53151973991	300	15.38084661899307	0.0	157671	2191.8933384767465	0.3
18683.725301675284	300	17.187064683623266	0.0	157812	2193.7819353698037	0.3
18689.398960532595	750	15.513405826312756	0.0	401853	5673.65885731051	0.3
18694.05605657457	750	14.85630978433977	0.0	343800	4657.096041972986	0.75
18698.71719504927	750	14.195171309636779	0.0	359903	4661.138474702992	0.75
18703.702578418437	750	13.209787940472161	0.0	379700	4985.383369164617	0.75
18710.36342636328	750	10.548939995629393	0.0	425781	6660.847944842768	0.75
18711.944104692702	300	12.968261666208189	0.0	111155	1580.6783294212034	-0.15000000000000002
18714.097890800305	300	14.814475558603997	0.0	153605	2153.786107604192	0.3
18716.101519656808	300	16.810846702102832	0.0	149029	2003.6288565011625	0.3
18721.06454702893	750	15.847819329978098	0.0	358218	4963.027372124736	0.3
18727.328302168473	750	13.584064190437255	0.0	400322	6263.755139540843	0.75
18733.942550787968	750	10.96981557094412	0.0	369834	6614.248619493136	0.75
18736.483036880847	300	12.42932947806532	0.0	163444	2540.4860928788003	-0.15000000000000002
18738.980553115733	300	13.93181324318023	0.0	179328	2497.516234885089	0.3
18741.221305574727	300	15.691060784185028	0.0	159914	2240.7524589952004	0.3
18745.613318748125	750	15.29904761078634	0.0	321064	4392.013173398689	0.3
18750.35517109397	750	14.557195264944124	0.0	361565	4741.852345842218	0.75
18756.458096906128	750	12.454269452781134	0.0	378327	6102.92581216299	0.75
18761.773129053723	750	11.139237305187482	0.0	390680	5315.03214759365	0.75
18766.204559196605	750	10.70780716230328	0.0	345516	4431.430142884203	0.75
18771.151721743783	750	9.760644615123901	0.0	384505	4947.162547179378	0.75
18773.110089325808	300	11.80227703310176	0.0	145210	1958.3675820221426	-0.15000000000000002
18775.41903550578	300	13.493330853132065	0.0	172312	2308.946179969695	0.3
18778.513925144503	300	14.39844121440459	0.0	167025	3094.889638727475	0.3
18784.546444503085	750	12.365921855826723	0.0	393804	6032.519358577867	0.3
18790.44615894494	750	10.466207413971697	0.0	331053	5899.714441855026	0.75
18792.275694646345	300	12.63667171256765	0.0	118421	1829.5357014040462	-0.15000000000000002

