27212.91917829219	750	4.0	0.7227459921961153	450283	722.7459921961154	-2.3578077664432957
27213.221257343514	300	7.697920948679227	0.0	155580	302.07905132077303	-0.15000000000000002
27213.80201577102	750	11.11716252116963	0.0	350812	580.7584275095965	0.3
27215.214198883892	1850	13.704979408298787	0.0	933276	1412.1831128708427	0.75
27217.396167540883	2850	15.523010751306789	0.0	1472558	2181.968656991997	1.85
27220.253086347973	4300	16.66609194421554	0.0	1941625	2856.9188070912455	2.8499999999999996
27225.546546936897	4300	15.372631355293247	0.0	2157535	5293.460588922294	4.3
27238.28746995834	4300	6.63170833384519	0.0	2290172	12740.923021448058	4.3
27238.749275714505	300	10.169902577681974	0.0	150710	461.80575616321573	-3.7
27240.250048629223	1200	12.669129662963568	0.0	560821	1500.7729147184048	0.29999999999999993
27242.710967638923	1850	14.208210653265755	0.0	939819	2460.919009697812	1.2000000000000002
27245.124081188227	2850	15.795097103958007	0.0	1519951	2413.1135493077486	1.85
27248.364136444372	4300	16.555041847814746	0.0	2209463	3240.0552561432633	2.8499999999999996
27251.69514504153	4300	17.22403325065729	0.0	2275376	3331.008597157456	4.3
27254.674050337046	4300	18.2451279551415	0.0	2005399	2978.9052955157886	4.3
27257.912623383723	4300	19.006554908463347	0.0	2152483	3238.573046678154	4.3
27261.310491881854	4300	19.60868641033124	0.0	2289689	3397.868498132107	4.3
27264.362468462452	4300	20.556709829733002	0.0	2059512	3051.97658059824	4.3
27267.631411845818	4300	21.287766446367513	0.0	2220726	3268.943383365487	4.3
27270.80966314644	4300	22.109515145745554	0.0	2156729	3178.251300621961	4.3
27273.820516811797	4300	23.09866148039049	0.0	2039773	3010.853665355065	4.3
27277.288034347832	4300	23.63114394435274	0.0	2176469	3467.517536037746	4.3
27281.07049297936	4300	23.848685312821647	0.0	2221506	3782.4586315310944	4.3
27285.51941839036	4300	23.399759901824247	0.0	2044075	4448.925410997397	4.3
27290.984990718058	4300	21.934187574123317	0.0	2186790	5465.572327700933	4.3
27294.078985159496	4300	22.840193132686473	0.0	2105231	3093.9944414368456	4.3
27297.63767489687	4300	23.281503395314992	0.0	2395588	3558.6897373714833	4.3
27300.568470186055	4300	24.350708106128987	0.0	1972048	2930.7952891860036	4.3
27303.709419948256	4300	25.209758343927845	0.0	2134614	3140.9497622011395	4.3
27306.860173092235	4300	26.059005199951688	0.0	2164140	3150.7531439761588	4.3
27310.070212868523	4300	26.848965423664023	0.0	2113193	3210.039776287665	4.3
27315.080334227612	4300	25.83884406457558	0.0	2147852	5010.121359088444	4.3
27321.4983721286	4300	23.42080616358427	0.0	2191074	6418.0379009913095	4.3
27324.821076269927	4300	24.098102022257645	0.0	2286761	3322.704141326626	4.3
27328.15626584523	4300	24.762912446953614	0.0	2307787	3335.1895753040285	4.3
27331.27454009545	4300	25.64463819673261	0.0	2143948	3118.274250221001	4.3
27334.095559591176	4300	26.823618701006378	0.0	1919781	2821.0194957262347	4.3
27340.6295476823	4300	24.289630609884476	0.0	2147467	6533.988091121902	4.3
27343.72757911431	4300	25.19159917787356	0.0	2133870	3098.0314320109173	4.3
27346.84593314666	4300	26.073245145523885	0.0	2146120	3118.354032349676	4.3
27349.914248249708	4300	27.004930042472722	0.0	2108491	3068.315103051161	4.3
27354.033954482817	4300	26.88522380936632	0.0	2184571	4119.706233106404	4.3
27362.289098098256	4300	22.63008019392602	0.0	2121928	8255.1436154403	4.3
27365.499518277367	4300	23.41966001481645	0.0	2219102	3210.420179109571	4.3
27368.58428411377	4300	24.334894178409986	0.0	2124950	3084.7658364064678	4.3
27376.221871935846	4300	20.697306356339205	0.0	2246506	7637.58782207078	4.3
27379.076226766236	4300	21.84295152594924	0.0	1961140	2854.354830389968	4.3
27382.22184269023	4300	22.697335601955807	0.0	2155012	3145.615923993435	4.3

