16703.68957157362	750	4.0	7.243337332445118	450283	7243.337332445118	-30.396350529514006
16706.26996733301	300	5.419604240612065	0.0	155580	2580.395759387935	-0.15000000000000002
16708.572799608413	300	7.116771965206601	0.0	139857	2302.8322754054643	0.3
16711.118311947517	300	8.571259626105066	0.0	155432	2545.5123391015345	0.3
16714.73157894373	300	8.957992629891306	0.0	163442	3613.2669962137584	0.3
16717.49627247375	300	10.193299099872496	0.0	126289	2764.6935300188097	0.3
16719.9743339384	300	11.715237635223938	0.0	153295	2478.0614646485587	0.3
16722.81601089583	300	12.873560677794563	0.0	173849	2841.6769574293744	0.3
16725.39789714641	300	14.291674427212502	0.0	150710	2581.886250582061	0.3
16728.019269361223	300	15.670302212400296	0.0	139105	2621.372214812205	0.3
16731.464444813166	300	16.225126760458405	0.0	141840	3445.175451941889	0.3
16734.324666070806	300	17.364905502814953	0.0	156148	2860.221257643454	0.3
16736.978273371387	300	18.711298202233955	0.0	160746	2653.6073005809976	0.3
16739.884905140698	300	19.80466643292782	0.0	179801	2906.631769306137	0.3
16742.157944033974	300	21.531627539649016	0.0	140051	2273.0388932788064	0.3
16744.400032936537	300	23.289538637087848	0.0	138313	2242.088902561168	0.3
16750.24400737809	750	21.445564195533144	0.0	360831	5843.974441554701	0.3
16756.23540260833	750	19.454168965294617	0.0	372963	5991.395230238531	0.75
16762.651191502613	750	17.038380071010305	0.0	405596	6415.788894284309	0.75
16768.205204536494	750	15.484367037128614	0.0	350713	5554.013033881693	0.75
16774.883994723044	750	12.805576850578607	0.0	386472	6678.790186550007	0.75
16782.14314663936	750	9.54642493426647	0.0	399894	7259.151916312137	0.75
16788.43955795915	750	7.2500136144733665	0.0	401853	6296.411319793104	0.75
16793.872833380658	750	5.816738192967172	0.0	343800	5433.275421506194	0.75
16796.28841788553	300	7.401153688093613	0.0	146754	2415.5845048735596	-0.15000000000000002
16798.81704939349	300	8.872522180134117	0.0	153938	2528.631507959496	0.3
16801.779250946052	300	9.910320627572453	0.0	181901	2962.201552561664	0.3
16803.620489826404	300	12.06908174722	0.0	111155	1841.2388803524536	0.3
16807.17948488621	300	12.510086687418081	0.0	153605	3558.995059801919	0.3
16810.087135886228	300	13.602435687395072	0.0	149029	2907.651000023008	0.3
16812.622744571516	300	15.06682700211114	0.0	157421	2535.608685283932	0.3
16815.15303395939	300	16.536537614236906	0.0	157488	2530.289387874234	0.3
16817.46504525123	300	18.22452632239838	0.0	143881	2312.011291838529	0.3
16820.070154741497	300	19.619416832128984	0.0	163444	2605.1094902693944	0.3
16826.315417386137	750	17.374154187489307	0.0	401088	6245.262644639675	0.3
16832.011499152555	750	15.678072421070503	0.0	365161	5696.081766418805	0.75
16837.047407790393	750	14.64216378323518	0.0	321064	5035.908637835323	0.75
16842.749119599626	750	12.9404519740006	0.0	361565	5701.711809234582	0.75
16848.7460137649	750	10.943557808724984	0.0	378327	5996.894165275617	0.75
16855.11558499086	750	8.573986582761988	0.0	390680	6369.571225962996	0.75
16862.758568715177	750	4.931002858449099	0.0	345516	7642.983724312888	0.75
16865.36770279479	300	6.321868778834903	0.0	161857	2609.1340796141967	-0.15000000000000002
16867.73512825577	300	7.954443317856685	0.0	145210	2367.425460978217	0.3
16870.523625381	300	9.165946192627173	0.0	172312	2788.4971252295127	0.3
16873.207349044897	300	10.482222528730835	0.0	167025	2683.7236638963373	0.3
16875.80066701606	300	11.888904557564862	0.0	160064	2593.3179711659736	0.3
16881.196938138528	750	10.492633435099371	0.0	331053	5396.27112246549	0.3
16893.07165565303	1850	4.0	1.3820840794003435	846370	11874.717514499715	-5.192961541421477

