47607.78534130189	750	4.0	5.369517235609343	450283	5369.517235609343	-22.33892411312017
47609.648427256594	300	6.136914045297466	0.0	155580	1863.0859547025339	-0.15000000000000002
47611.33131356824	300	8.454027733645374	0.0	139857	1682.886311652091	0.3
47613.20628247606	300	10.579058825824221	0.0	155432	1874.9689078211532	0.3
47615.21514816314	300	12.570193138743562	0.0	163442	2008.8656870806587	0.3
47616.785551601395	300	14.999789700485776	0.0	126289	1570.4034382577872	0.3
47621.0885568565	750	14.696784445386106	0.0	352642	4303.00525509967	0.3
47626.21762745153	750	13.567713850350511	0.0	437162	5129.070595035592	0.75
47630.63106103079	750	13.154280271095464	0.0	374758	4413.433579255048	0.75
47635.072134963004	750	12.713206338878335	0.0	362795	4441.073932217129	0.75
47639.49178223996	750	12.293559061925462	0.0	353220	4419.647276952873	0.75
47644.453477387964	750	11.331863913921513	0.0	405134	4961.695148003948	0.75
47649.25290663682	750	10.53243466506881	0.0	386351	4799.4292488527035	0.75
47659.458122012315	750	4.327219289573066	0.0	434409	10205.215375495744	0.75
47661.224237154915	300	6.5611041469706395	0.0	140051	1766.115142602426	-0.15000000000000002
47662.969428004806	300	8.815913297074749	0.0	138313	1745.1908498958903	0.3
47664.75360912295	300	11.031732178933122	0.0	143509	1784.1811181416278	0.3
47666.604244763286	300	13.181096538595543	0.0	150616	1850.6356403375783	0.3
47668.628492417854	300	15.156848884019736	0.0	165384	2024.2476545758088	0.3
47672.73635926011	750	15.048982041762194	0.0	350713	4107.866842257541	0.3
47677.21575610658	750	14.569585195292118	0.0	386472	4479.396846470076	0.75
47681.56520552241	750	14.220135779469116	0.0	399894	4349.449415823003	0.75
47685.988784099456	750	13.796557202421823	0.0	401853	4423.578577047291	0.75
47690.14341776219	750	13.64192353968783	0.0	343800	4154.633662733993	0.75
47694.45149796732	750	13.33384333455833	0.0	359903	4308.0802051295	0.75
47699.065326754084	750	12.720014547790374	0.0	379700	4613.8287867679555	0.75
47704.08791827286	750	11.69742302901939	0.0	425781	5022.591518770983	0.75
47707.46257502234	750	12.322766279542112	0.0	277716	3374.6567494772794	0.75
47712.16091657079	750	11.624424731095521	0.0	400396	4698.34154844659	0.75
47716.84733903473	750	10.938002267158792	0.0	400508	4686.422463936729	0.75
47721.11775817596	750	10.667583125928662	0.0	358218	4270.41914123013	0.75
47725.74479505397	750	10.040546247915124	0.0	400322	4627.036878013538	0.75
47730.23026575957	750	9.555075542320148	0.0	369834	4485.4707055949775	0.75
47735.213140513995	750	8.572200787896735	0.0	412837	4982.874754423414	0.75
47739.46065011093	750	8.324691190960271	0.0	401088	4247.509596936462	0.75
47743.58636759522	750	8.198973706675716	0.0	365161	4125.717484284557	0.75
47747.1066167177	750	8.678724584196454	0.0	321064	3520.249122479262	0.75
47750.88881605904	750	8.896525242849428	0.0	361565	3782.1993413470254	0.75
47754.85740309203	750	8.927938209868303	0.0	378327	3968.5870329811237	0.75
47759.83739351212	750	7.947947789769832	0.0	390680	4979.990420098472	0.75
47763.55278269609	750	8.23255860579919	0.0	345516	3715.389183970641	0.75
47767.78734839402	750	7.997992907867941	0.0	384505	4234.565697931249	0.75
47772.287287975065	750	7.498053326825834	0.0	372093	4499.939581042107	0.75
47777.641036828834	750	6.144304473056847	0.0	438281	5353.748853768986	0.75
47782.49310199825	750	5.292239303640256	0.0	398987	4852.065169416591	0.75
47787.04029977214	750	4.745041529752129	0.0	393804	4547.197773888128	0.75
47790.486648462145	750	5.298692839742317	0.0	331053	3446.3486900098114	0.75
47799.40659862048	1200	4.0	3.6212573185896173	550906	8919.950158331934	-14.821406469935354

