22529.385363761903	750	4.0	2.9774225124973355	450283	2977.4225124973354	-12.052916803738542
22530.466469720806	300	6.918894041093411	0.0	155580	1081.1059589065887	-0.15000000000000002
22531.446403363272	300	9.938960398627806	0.0	139857	979.9336424656047	0.3
22535.05090073067	1200	10.334463031229134	0.0	617681	3604.497367398671	0.29999999999999993
22539.500637077737	1200	9.884726684162462	0.0	652874	4449.736347066671	1.2
22542.87988017481	1200	10.505483587092582	0.0	520315	3379.2430970698797	1.2
22545.5583835253	1200	11.826980236603479	0.0	561791	2678.5033504891035	1.2
22551.18055322186	1850	10.204810540042116	0.0	1060487	5622.169696561364	1.2000000000000002
22555.07091384469	1200	10.314449917209775	0.0	584846	3890.360622832341	0.5499999999999999
22558.792322933306	1200	10.593040828596262	0.0	560821	3721.409088613513	1.2
22562.50506798609	1200	10.880295775813389	0.0	607410	3712.745052782873	1.2
22565.75942553693	1200	11.625938224973565	0.0	594078	3254.3575508398253	1.2
22572.815179299763	1850	8.570184462139238	0.0	946851	7055.753762834326	1.2000000000000002
22575.599418382168	750	9.785945379737523	0.0	434409	2784.239082401715	-0.3500000000000001
22578.945828917967	1200	10.439534843935446	0.0	526950	3346.410535802077	0.75
22582.647770344585	1200	10.737593417321145	0.0	587876	3701.941426614301	1.2
22586.477363494334	1200	10.908000267572474	0.0	617242	3829.5931497486704	1.2
22590.475111456934	1200	10.910252304970632	0.0	581493	3997.747962601842	1.2
22594.95573744911	1200	10.42962631279416	0.0	639204	4480.625992176472	1.2
22599.622277028207	1200	9.763086733698689	0.0	586839	4666.539579095471	1.2
22604.770016977192	1200	8.615346784714362	0.0	601738	5147.739948984326	1.2
22607.0102399713	750	10.375123790607931	0.0	399894	2240.22299410643	0.3
22610.937948397084	1200	10.447415364821511	0.0	656471	3927.708425786421	0.75
22614.473130327748	1200	10.912233434161877	0.0	536667	3535.1819306596326	1.2
22618.678357848505	1200	10.707005913402464	0.0	587236	4205.227520759413	1.2
22621.47042572015	1200	11.914938041760246	0.0	590335	2792.0678716422176	1.2
22626.860551082413	1850	10.524812679494953	0.0	1076599	5390.125362265293	1.2000000000000002
22629.583388072824	1200	11.801975689082584	0.0	487160	2722.8369904123706	0.5499999999999999
22635.540375919816	1850	9.844987842091744	0.0	972798	5956.98784699084	1.2000000000000002
22639.791615438862	1200	9.593748323042487	0.0	641447	4251.239519049257	0.5499999999999999
22644.30546872195	1200	9.079895039958483	0.0	570392	4513.853283084002	1.2
22649.790736142728	1200	7.59462761917678	0.0	620283	5485.267420781703	1.2
22654.2124865752	750	7.1728771867035945	0.0	369834	4421.750432473185	0.3
22656.356699184045	750	9.028664577859953	0.0	412837	2144.2126088436435	0.75
22659.78311962884	1200	9.602244133067448	0.0	690253	3426.4204447925044	0.75
22662.39506405713	1200	10.990299704774975	0.0	598727	2611.9444282924737	1.2
22664.6099613791	1200	12.775402382804614	0.0	487812	2214.8973219703603	1.2
22670.501719076252	1850	10.883644685651783	0.0	938587	5891.75769715283	1.2000000000000002
22674.83920167043	1200	10.5461620914731	0.0	605884	4337.482594178684	0.5499999999999999
22678.50772556605	1200	10.877638195851047	0.0	587506	3668.5238956220533	1.2
22681.84135188167	1200	11.54401188023107	0.0	566904	3333.626315619977	1.2
22688.317667037976	1850	9.067696723926234	0.0	1025005	6476.315156304835	1.2000000000000002
22692.34991543032	1200	9.035448331580714	0.0	599477	4032.2483923455197	0.5499999999999999
22696.350131007544	1200	9.03523275435796	0.0	634861	4000.2155772227534	1.2
22700.085265749232	1200	9.300098012671581	0.0	630203	3735.134741686377	1.2
22704.412085406384	1200	8.973278355518312	0.0	638661	4326.819657153269	1.2
22706.39934145599	750	10.986022305912167	0.0	331053	1987.256049606144	0.3
22709.436379592393	1200	11.948984169512954	0.0	550906	3037.038136399212	0.75

