12819.955378186738	750	4.0	1.4524976281191886	450283	1452.4976281191887	-5.495739800912511
12821.251149749154	750	6.70422843758312	0.0	398865	1295.7715624168807	0.75
12822.400452027756	750	9.554926158981111	0.0	350812	1149.30227860201	0.75
12823.645899825253	750	12.30947836148595	0.0	382355	1245.4477974951583	0.75
12825.277311379097	750	14.678066807640437	0.0	411561	1631.4115538455128	0.75
12828.47189476812	1850	15.483483418618354	0.0	801058	3194.583389022083	0.75
12831.71862836961	1850	16.236749817125855	0.0	905515	3246.7336014924995	1.85
12836.602465532855	1850	15.352912653882541	0.0	1060487	4883.837163243315	1.85
12840.811522503825	1850	15.143855682912676	0.0	852833	4209.056970969865	1.85
12844.02557035218	1850	15.929807834557453	0.0	913888	3214.047848355223	1.85
12847.161007237428	1850	16.794370949310927	0.0	939819	3135.4368852465263	1.85
12850.158183610596	1850	17.797194576142534	0.0	917428	2997.1763731683923	1.85
12853.094880914026	1850	18.860497272710635	0.0	946851	2936.697303431899	1.85
12856.6580102258	1850	19.297367960939287	0.0	1036454	3563.1293117713485	1.85
12859.740088472772	1850	20.215289713966378	0.0	821631	3082.07824697291	1.85
12862.978892524448	1850	20.976485662288724	0.0	923170	3238.804051677654	1.85
12866.06012375833	1850	21.895254428406705	0.0	966699	3081.23123388202	1.85
12868.553020223191	1850	23.40235796354586	0.0	885714	2492.8964648608435	1.85
12872.43659814747	1850	23.518780039269014	0.0	987708	3883.5779242768454	1.85
12876.948949297768	1850	23.006428888969328	0.0	923755	4512.351150299689	1.85
12880.770462573664	1850	23.184915613073315	0.0	891604	3821.5132758960135	1.85
12883.842896171116	1850	24.112482015622376	0.0	955231	3072.4335974509377	1.85
12886.937279379512	1850	25.018098807226757	0.0	968026	3094.3832083956204	1.85
12889.724995666258	1850	26.23038252048017	0.0	874175	2787.7162867465895	1.85
12893.819170865207	1850	26.13620732153143	0.0	897976	4094.1751989487375	1.85
12897.430149410351	1850	26.525228776387717	0.0	905935	3610.9785451437133	1.85
12901.084383622132	1850	26.870994564605446	0.0	1076599	3654.234211782269	1.85
12903.984791522727	1850	27.97058666400978	0.0	758197	2900.4079005956655	1.85
12907.621696417771	1850	28.333681768966358	0.0	972798	3636.9048950434226	1.85
12911.313409629189	1850	28.6419685575492	0.0	975811	3691.7132114171627	1.85
12915.57794039874	1850	28.377437787998264	0.0	873429	4264.530769550932	1.85
12918.331928929263	1850	29.623449257474746	0.0	954453	2753.9885305235175	1.85
12920.720444610062	1850	31.234933576676276	0.0	885062	2388.5156807984663	1.85
12928.895706456293	1850	27.05967173044662	0.0	1035329	8175.261846229658	1.85
12932.28331286333	1850	27.672065323408702	0.0	1026056	3387.606407037919	1.85
12935.740786387423	1850	28.214591799316004	0.0	943942	3457.473524092701	1.85
12938.62608658346	1850	29.329291603279408	0.0	728962	2885.300196036596	1.85
12942.224231872851	1850	29.731146313887777	0.0	938587	3598.145289391631	1.85
12945.1446182875	1850	30.81075989923814	0.0	908665	2920.3864146496376	1.85
12948.087389496111	1850	31.86798869062596	0.0	930577	2942.771208612178	1.85
12950.764321134182	1850	33.191057052556005	0.0	858450	2676.9316380699534	1.85
12954.0517388054	1850	33.903639381337534	0.0	1025005	3287.417671218467	1.85
12956.949208942355	1850	35.00616924438144	0.0	886255	2897.4701369560908	1.85
12959.749949887897	1850	36.205428298839514	0.0	973972	2800.7409455419247	1.85
12962.569468200167	1850	37.38590998656985	0.0	958994	2819.5183122696644	1.85
12965.802437946795	1850	38.15294023994358	0.0	982064	3232.969746626269	1.85
12968.452245088105	1850	39.50313309863433	0.0	830730	2649.8071413092557	1.85
12971.044079921394	1850	40.91129826534477	0.0	846370	2591.834833289565	1.85

