18008.733564200968	750	4.0	5.208185851472101	450283	5208.185851472101	-21.645199161330034
18010.810813137545	300	5.922751063421447	0.0	155580	2077.248936578553	-0.15000000000000002
18012.686219002844	300	8.047345198123422	0.0	139857	1875.4058652980245	0.3
18016.862645180205	750	7.870919020762829	0.0	382355	4176.426177360593	0.3
18021.16933154655	750	7.564232654415281	0.0	411561	4306.686366347548	0.75
18024.574882191413	750	8.158682009551189	0.0	318564	3405.5506448640917	0.75
18028.38576284575	750	8.347801355211926	0.0	352642	3810.880654339264	0.75
18033.110973544604	750	7.622590656356101	0.0	437162	4725.210698855825	0.75
18037.317817995892	750	7.415746205070337	0.0	374758	4206.844451285764	0.75
18041.373029066985	750	7.3605351339770655	0.0	362795	4055.2110710932707	0.75
18045.27848657173	750	7.455077629233115	0.0	353220	3905.457504743951	0.75
18049.797040594953	750	6.936523606007371	0.0	405134	4518.5540232257445	0.75
18051.56522514884	300	9.168339052125178	0.0	160746	1768.1845538821926	-0.15000000000000002
18059.020062188112	1200	5.713502012852303	0.0	687371	7454.837039272876	0.29999999999999993
18060.645088746904	300	8.088475454058093	0.0	140051	1625.02655879421	-0.6000000000000001
18064.80112869491	750	7.932435506052884	0.0	366214	4156.039948005208	0.3
18068.709195789248	750	8.024368411716985	0.0	360831	3908.067094335899	0.75
18072.800314230677	750	7.933249970287112	0.0	372963	4091.1184414298727	0.75
18077.216110353187	750	7.517453847776985	0.0	405596	4415.796122510126	0.75
18081.033013573247	750	7.700550627716426	0.0	350713	3816.9032200605598	0.75
18085.35086290971	750	7.382701291255464	0.0	386472	4317.849336460962	0.75
18090.106972559635	750	6.626591641328737	0.0	399894	4756.109649926727	0.75
18091.928157362032	300	8.805406838930947	0.0	163927	1821.184802397791	-0.15000000000000002
18095.63381565828	750	9.099748542685434	0.0	343800	3705.658296245512	0.3
18102.151582725757	1200	6.5819814752065735	0.0	587236	6517.7670674788615	0.75
18103.816128418104	300	8.917435782860142	0.0	153938	1664.5456923464312	-0.6000000000000001
18108.463646053868	750	8.269918147092184	0.0	425781	4647.5176357679575	0.3
18111.541071173357	750	9.192493027605982	0.0	277716	3077.4251194862036	0.75
18117.891941491613	1200	6.841622709351212	0.0	622896	6350.870318254771	0.75
18119.440020014095	300	9.293544186866951	0.0	149029	1548.078522484259	-0.6000000000000001
18125.44268109541	1200	7.290883105552537	0.0	570392	6002.661081314414	0.29999999999999993
18129.641804711486	750	7.0917594894741285	0.0	400322	4199.123616078408	0.3
18133.540310142966	750	7.193254057998347	0.0	369834	3898.505431475782	0.75
18137.982196541314	750	6.751367659648807	0.0	412837	4441.88639834954	0.75
18140.011446243552	300	8.722117957411895	0.0	179328	2029.249702236912	-0.15000000000000002
18144.034945679534	750	8.698618521429202	0.0	365161	4023.4994359826924	0.3
18147.61616013324	750	9.11740406772599	0.0	321064	3581.214453703211	0.75
18154.030433049447	1200	6.703131151516397	0.0	575591	6414.272916209594	0.75
18155.653202540678	300	9.080361660287346	0.0	144254	1622.7694912290506	-0.6000000000000001
18161.779439177582	1200	6.954125023381131	0.0	587506	6126.236636906215	0.29999999999999993
18163.450285532293	300	9.283278668672	0.0	147968	1670.8463547091308	-0.6000000000000001
18170.624578543382	1200	6.108985657580393	0.0	641452	7174.293011091608	0.29999999999999993
18172.332085110273	300	8.401479090691657	0.0	145210	1707.5065668887376	-0.6000000000000001
18177.115598430802	750	7.6179657701651715	0.0	438281	4783.513320526486	0.3
18181.28244992768	750	7.451114273287835	0.0	398987	4166.851496877337	0.75
18185.713678440607	750	7.019885760361	0.0	393804	4431.228512926834	0.75
18189.48154464196	750	7.252019559009866	0.0	331053	3767.866201351135	0.75
18193.027202906167	750	7.70636129480468	0.0	314107	3545.6582642051862	0.75

