14369.505495848149	750	4.0	11.775725263192742	450283	11775.725263192742	-49.88561863172879
14373.205813768294	300	4.299682079855988	0.0	155580	3700.3179201440116	-0.15000000000000002
14376.598119100903	300	4.907376747246186	0.0	139857	3392.305332609802	0.3
14381.048888298163	300	4.456607549987847	0.0	155432	4450.769197258339	0.3
14386.20174143067	300	4.0	0.6962455825181696	163442	5152.853132506017	-2.6938560048281293
14389.741039027662	300	4.460702403008955	0.0	126289	3539.2975969910453	0.3
14393.422807051791	300	4.778934378878797	0.0	153295	3681.768024130157	0.3
14396.76444246602	300	5.437298964650124	0.0	173849	3341.635414228673	0.3
14399.998833676926	300	6.20290775374349	0.0	150710	3234.391210906635	0.3
14403.386613486817	300	6.815127943850765	0.0	139105	3387.779809892724	0.3
14407.74454491776	300	6.457196512909824	0.0	141840	4357.931430940942	0.3
14411.738147091037	300	6.4635943396319995	0.0	156148	3993.6021732778236	0.3
14415.635186759277	300	6.566554671393127	0.0	160746	3897.0396682388728	0.3
14419.961225849489	300	6.240515581181318	0.0	179801	4326.039090211809	0.3
14423.346302220574	300	6.855439210096224	0.0	140051	3385.076371085095	0.3
14426.696854456965	300	7.504886973705346	0.0	138313	3350.5522363908776	0.3
14430.189519915455	300	8.01222151521489	0.0	143509	3492.665458490456	0.3
14433.891087110813	300	8.310654319857985	0.0	150616	3701.567195356903	0.3
14437.887711152673	300	8.314030277999494	0.0	165384	3996.624041858491	0.3
14441.342375043258	300	8.859366387414193	0.0	140881	3454.6638905853015	0.3
14445.487911731434	300	8.713829699239923	0.0	157671	4145.536688174269	0.3
14450.308538487026	300	7.893202943647129	0.0	157812	4820.626755592793	0.3
14454.33136252359	300	7.870378907085204	0.0	163927	4022.8240365619263	0.3
14457.781328848034	300	8.420412582640347	0.0	137654	3449.9663244448566	0.3
14461.458388891142	300	8.74335253953292	0.0	146754	3677.0600431074276	0.3
14465.292457616046	300	8.90928381462933	0.0	153938	3834.06872490359	0.3
14469.666311142508	300	8.53543028816807	0.0	181901	4373.853526461258	0.3
14472.343781521353	300	9.8579599093244	0.0	111155	2677.470378843671	0.3
14476.029759170127	300	10.171982260549127	0.0	153605	3685.977648775274	0.3
14479.661203689308	300	10.540537741369397	0.0	149029	3631.4445191797286	0.3
14483.402588581605	300	10.79915284907098	0.0	157421	3741.3848922984157	0.3
14487.2005568821	300	11.001184548575207	0.0	157488	3797.9683004957733	0.3
14490.738933440509	300	11.462807990167088	0.0	143881	3538.376558408119	0.3
14494.755402115441	300	11.446339315233613	0.0	163444	4016.468674933474	0.3
14499.231092323089	300	10.970649107585613	0.0	179328	4475.690207648001	0.3
14503.199633561813	300	11.002107868861426	0.0	159914	3968.5412387241877	0.3
14506.46571604929	300	11.736025381385284	0.0	131610	3266.082487476143	0.3
14509.559004017223	300	12.642737413452085	0.0	124011	3093.2879679331986	0.3
14513.79223568954	300	12.409505741135641	0.0	144254	4233.231672316444	0.3
14517.919555485492	300	12.282185945182528	0.0	149991	4127.3197959531135	0.3
14521.506474089498	300	12.695267341177987	0.0	147968	3586.9186040045415	0.3
14525.424868886961	300	12.776872543715108	0.0	161857	3918.39479746288	0.3
14528.992474837902	300	13.209266592773867	0.0	145210	3567.605950941241	0.3
14533.174934824592	300	13.026806606083039	0.0	172312	4182.459986690829	0.3
14537.436193195514	300	12.765548235160422	0.0	167025	4261.258370922617	0.3
14542.197201632855	300	12.004539797818968	0.0	160064	4761.008437341453	0.3
14545.579206538183	300	12.622534892490133	0.0	137507	3382.004905328835	0.3
14548.531613954427	300	13.670127476246817	0.0	118421	2952.407416243318	0.3

