38746.11148413515	750	4.0	1.6344397665076353	450283	1634.4397665076353	-6.278090995982832
38747.56842178873	750	6.543062346417546	0.0	398865	1456.9376535824535	0.75
38748.85947377908	750	9.252010356073527	0.0	350812	1291.0519903440204	0.75
38750.212827071075	750	11.89865706406733	0.0	382355	1353.3532920061966	0.75
38751.57043390782	750	14.541050227322796	0.0	411561	1357.6068367445334	0.75
38754.13715441203	1850	15.97432972312317	0.0	801058	2566.7205041996262	0.75
38756.11804557937	1850	17.99343855577507	0.0	905515	1980.8911673480977	1.85
38757.98536577337	1850	20.126118361779774	0.0	1060487	1867.3201939952976	1.85
38761.52049023262	4300	20.590993902530762	0.0	2055469	3535.12445924901	1.8499999999999996
38765.23140313492	4300	20.880081000231577	0.0	2169201	3710.9129022991833	4.3
38768.99949514836	4300	21.111988986791538	0.0	2173522	3768.0920134400417	4.3
38772.654009054415	4300	21.45747508073932	0.0	2102452	3654.513906052218	4.3
38776.54634052732	4300	21.56514360783753	0.0	2209463	3892.3314729017925	4.3
38780.69861178241	4300	21.41287235274894	0.0	2275376	4152.271255088587	4.3
38784.187464149254	4300	21.924019985906934	0.0	2005399	3488.8523668420103	4.3
38787.926921457605	4300	22.184562677554997	0.0	2152483	3739.4573083519344	4.3
38791.89099264265	4300	22.220491492509726	0.0	2289689	3964.0711850452712	4.3
38795.442864940866	4300	22.668619194292216	0.0	2059512	3551.872298217511	4.3
38799.353263144636	4300	22.758220990521647	0.0	2220726	3910.398203770569	4.3
38803.09841004242	4300	23.013074092739384	0.0	2156729	3745.146897782262	4.3
38806.860970273505	4300	23.250513861653957	0.0	2039773	3762.560231085432	4.3
38812.521341782376	4300	21.59014235277966	0.0	2176469	5660.371508874295	4.3
38817.30080170298	4300	20.810682432179576	0.0	2221506	4779.459920600086	4.3
38821.10388275643	4300	21.007601378724722	0.0	2044075	3803.0810534548527	4.3
38824.79416884323	4300	21.317315291924384	0.0	2186790	3690.2860868003363	4.3
38828.34029663407	4300	21.771187501086775	0.0	2105231	3546.1277908376087	4.3
38832.40562434082	4300	21.705859794343525	0.0	2395588	4065.327706743248	4.3
38835.83898759451	4300	22.27249654065198	0.0	1972048	3433.3632536915484	4.3
38839.51419651467	4300	22.597287620495482	0.0	2134614	3675.2089201564954	4.3
38843.301400649354	4300	22.810083485811155	0.0	2164140	3787.2041346843234	4.3
38847.13064539404	4300	22.980838741126234	0.0	2113193	3829.2447446849214	4.3
38851.199357656194	4300	22.912126478971967	0.0	2147852	4068.7122621542644	4.3
38855.25577441268	4300	22.85570972248093	0.0	2191074	4056.416756491038	4.3
38859.62415337309	4300	22.487330762070766	0.0	2286761	4368.378960410162	4.3
38864.41321445937	4300	21.698269675799317	0.0	2307787	4789.06108627145	4.3
38868.94844173465	4300	21.16304240051729	0.0	2143948	4535.227275282029	4.3
38872.66024285115	4300	21.45124128402315	0.0	1919781	3711.8011164941395	4.3
38876.304593502166	4300	21.806890633004627	0.0	2147467	3644.3506510185257	4.3
38879.9828011656	4300	22.128682969575173	0.0	2133870	3678.2076634294535	4.3
38883.67341225651	4300	22.438071878665422	0.0	2146120	3690.611090909751	4.3
38887.20685838379	4300	22.90462575138561	0.0	2108491	3533.4461272798103	4.3
38890.995730418756	4300	23.115753716418286	0.0	2184571	3788.8720349673245	4.3
38894.6730276452	4300	23.438456489977714	0.0	2121928	3677.2972264405726	4.3
38898.49656552616	4300	23.614918609009507	0.0	2219102	3823.5378809682084	4.3
38902.23809578502	4300	23.87338835015455	0.0	2124950	3741.5302588549575	4.3
38906.135296819186	4300	23.976187315989	0.0	2246506	3897.2010341655478	4.3
38909.54677169873	4300	24.564712436442242	0.0	1961140	3411.4748795467585	4.3
38913.3083899446	4300	24.803094190580488	0.0	2155012	3761.618245861753	4.3

