29235.52425627208	750	4.0	2.6629524438876424	450283	2662.9524438876424	-10.700695508716862
29236.49670777751	300	7.027548494568884	0.0	155580	972.4515054311164	-0.15000000000000002
29238.623702289646	750	8.900553982435309	0.0	350812	2126.9945121335745	0.3
29241.052747505255	750	10.471508766824453	0.0	382355	2429.045215610856	0.75
29245.285959925714	1200	10.238296346365747	0.0	652874	4233.212420458706	0.75
29248.776495951894	1200	10.747760320187611	0.0	520315	3490.536026178136	1.2
29252.347599763172	1200	11.176656508909092	0.0	561791	3571.103811278519	1.2
29258.928051805444	1850	8.59620446663858	0.0	1060487	6580.452042270511	1.2000000000000002
29261.409769341295	750	10.114486930789827	0.0	374758	2481.7175358487543	-0.3500000000000001
29265.000924612275	1200	10.523331659807615	0.0	560821	3591.1552709822095	0.75
29268.746701988493	1200	10.77755428359058	0.0	607410	3745.7773762170373	1.2
29272.506745907827	1200	11.017510364254418	0.0	594078	3760.0439193361613	1.2
29278.11652870049	1850	9.407727571589975	0.0	946851	5609.782792664445	1.2000000000000002
29282.124468156562	1200	9.399788115523766	0.0	687371	4007.9394560662085	0.5499999999999999
29285.364163262497	1200	10.160093009585848	0.0	526950	3239.695105937919	1.2
29289.23644065514	1200	10.287815616944783	0.0	587876	3872.2773926410655	1.2
29293.090179676532	1200	10.434076595549591	0.0	617242	3853.739021395192	1.2
29296.76320735747	1200	10.761048914611935	0.0	581493	3673.027680937657	1.2
29300.843744463084	1200	10.68051180899924	0.0	639204	4080.537105612694	1.2
29304.646074390308	1200	10.878181881773562	0.0	586839	3802.3299272256777	1.2
29308.50854870743	1200	11.015707564649903	0.0	601738	3862.4743171236596	1.2
29314.630456406412	1850	8.893799865668345	0.0	955231	6121.907698981558	1.2000000000000002
29317.315496523388	750	10.208759748690373	0.0	401853	2685.040116977972	-0.3500000000000001
29320.872755383418	1200	10.651500888661454	0.0	536667	3557.258860028918	0.75
29324.753555690208	1200	10.770700581871791	0.0	587236	3880.8003067896634	1.2
29328.74446216875	1200	10.779794103329037	0.0	590335	3990.9064785427545	1.2
29333.275011974525	1200	10.249244297551995	0.0	696376	4530.549805777042	1.2
29336.60282664301	1200	10.92142962906399	0.0	487160	3327.814668488004	1.2
29341.04309267739	1200	10.481163594685459	0.0	622896	4440.266034378533	1.2
29345.28292143614	1200	10.241334835934605	0.0	641447	4239.828758750854	1.2
29349.0965405987	1200	10.427715673376053	0.0	570392	3813.6191625585534	1.2
29353.196611042466	1200	10.327645229611898	0.0	620283	4100.070443764154	1.2
29357.062921634257	1200	10.46133463781936	0.0	584349	3866.3105917925386	1.2
29361.491408194976	1200	10.032848077102228	0.0	670129	4428.486560717132	1.2
29365.98085061236	1200	9.543405659720571	0.0	690253	4489.442417381656	1.2
29369.95020613357	1200	9.574050138507422	0.0	598727	3969.3555212131487	1.2
29373.16028595572	1200	10.363970316359673	0.0	487812	3210.0798221477485	1.2
29376.92586751152	1200	10.598388760562218	0.0	575591	3765.581555797456	1.2
29380.90602119798	1200	10.618235074098695	0.0	605884	3980.153686463522	1.2
29384.6405504198	1200	10.883705852281365	0.0	587506	3734.529221817331	1.2
29388.302083624476	1200	11.222172647606042	0.0	566904	3661.5332046753215	1.2
29394.93362784009	1850	8.590628431988913	0.0	1025005	6631.54421561713	1.2000000000000002
29397.383043066042	750	10.141213206036515	0.0	372093	2449.415225952398	-0.3500000000000001
29401.486252844672	1200	10.038003427408908	0.0	634861	4103.209778627607	0.75
29405.615812809738	1200	9.908443462342785	0.0	630203	4129.559965066125	1.2
29409.732346592453	1200	9.79190967962848	0.0	638661	4116.533782714305	1.2
29413.182983728384	1200	10.341272543699448	0.0	538612	3450.637135929031	1.2
29416.688533549877	1200	10.835722722203533	0.0	550906	3505.5498214959152	1.2

