30969.397638573537	750	4.0	6.987494890505907	450283	6987.494890505907	-29.2962280291754
30971.86595168157	300	5.531686891967325	0.0	155580	2468.3131080326752	-0.15000000000000002
30974.094206245154	300	7.303432328386008	0.0	139857	2228.2545635813162	0.3
30976.56240675354	300	8.835231819999162	0.0	155432	2468.2005083868466	0.3
30979.150305854775	300	10.247332718764788	0.0	163442	2587.899101234375	0.3
30981.16585288506	300	12.231785688480915	0.0	126289	2015.5470302838723	0.3
30983.59621893777	300	13.801419635768744	0.0	153295	2430.366052712173	0.3
30986.34459085509	300	15.053047718453447	0.0	173849	2748.371917315297	0.3
30992.15314995872	750	13.244488614818572	0.0	374758	5808.559103634873	0.3
30997.779229368876	750	11.618409204665147	0.0	362795	5626.079410153425	0.75
31003.275558469635	750	10.122080103908235	0.0	353220	5496.329100756911	0.75
31005.596435982676	300	11.801202590868833	0.0	156148	2320.8775130394033	-0.15000000000000002
31007.98232744887	300	13.41531112467268	0.0	160746	2385.8914661961526	0.3
31010.799551199543	300	14.598087373999634	0.0	179801	2817.2237506730453	0.3
31013.038901810898	300	16.358736762644124	0.0	140051	2239.350611355513	0.3
31018.703315174273	750	14.694323399268328	0.0	366214	5664.413363375795	0.3
31024.27682754973	750	13.120811023813902	0.0	360831	5573.512375454427	0.75
31030.085747609253	750	11.311890964288185	0.0	372963	5808.920059525718	0.75
31036.195846687468	750	9.201791886078114	0.0	405596	6110.099078210071	0.75
31038.25041871677	300	11.147219856775802	0.0	140881	2054.572029302312	-0.15000000000000002
31040.673058227072	300	12.724580346471024	0.0	157671	2422.6395103047785	0.3
31043.167395823486	300	14.230242750057373	0.0	157812	2494.3375964136508	0.3
31045.75468983966	300	15.64294873388353	0.0	163927	2587.2940161738443	0.3
31051.087415075934	750	14.310223497608597	0.0	343800	5332.725236274932	0.3
31056.66234092696	750	12.735297646583392	0.0	359903	5574.925851025203	0.75
31062.656464577474	750	10.741173996068833	0.0	379700	5994.123650514562	0.75
31069.323716592593	750	8.073921980950598	0.0	425781	6667.252015118235	0.75
31071.118664425903	300	10.278974147639914	0.0	111155	1794.9478333106822	-0.15000000000000002
31073.570921351806	300	11.826717221736168	0.0	153605	2452.256925903747	0.3
31075.935932068503	300	13.461706505037156	0.0	149029	2365.01071669901	0.3
31078.411847683863	300	14.985790889677947	0.0	157421	2475.9156153592103	0.3
31084.623302170556	750	12.774336402982524	0.0	400322	6211.454486695421	0.3
31090.34261398805	750	11.05502458548782	0.0	369834	5719.311817494705	0.75
31096.72585917726	750	8.671779396280522	0.0	412837	6383.245189207298	0.75
31099.56599407645	300	9.831644497088407	0.0	179328	2840.1348991921172	-0.15000000000000002
31102.091912058302	300	11.30572651523645	0.0	159914	2525.917981851955	0.3
31104.18042009897	300	13.217218474565726	0.0	131610	2088.508040670724	0.3
31106.15396955164	300	15.24366902189687	0.0	124011	1973.5494526688567	0.3
31112.02398040204	750	13.373658171499159	0.0	378327	5870.010850397712	0.3
31118.09268604455	750	11.30495252898541	0.0	390680	6068.70564251375	0.75
31123.45455199744	750	9.943086576094567	0.0	345516	5361.865952890842	0.75
31126.01123713196	300	11.386401441573955	0.0	161857	2556.6851345206123	-0.15000000000000002
31128.321352014515	300	13.07628655902031	0.0	145210	2310.114882553644	0.3
31131.046482003574	300	14.351156569964365	0.0	172312	2725.1299890559453	0.3
31133.665145707386	300	15.732492866148638	0.0	167025	2618.6637038157282	0.3
31139.73085001767	750	13.666788555864674	0.0	393804	6065.7043102839625	0.3
31144.854774519335	750	12.542864054201488	0.0	331053	5123.924501663186	0.75
31149.74563872762	750	11.651999845918501	0.0	314107	4890.864208282986	0.75

