9982.157292639036	750	4.0	4.752018385807546	450283	4752.018385807546	-19.683679058972448
9983.360665513388	300	6.796627125646575	0.0	155580	1203.3728743534248	-0.15000000000000002
9984.337990898983	300	9.81930174005176	0.0	139857	977.3253855948149	0.3
9985.415245804594	300	12.74204683444265	0.0	155432	1077.2549056091098	0.3
9986.543893034781	300	15.613399604254761	0.0	163442	1128.64723018789	0.3
9987.434165853598	300	18.723126785437085	0.0	126289	890.2728188176751	0.3
9988.83532366086	300	21.32196897817492	0.0	153295	1401.1578072621671	0.3
9990.738022339829	300	23.419270299206584	0.0	173849	1902.6986789683372	0.3
9996.884083471772	1200	21.27320916726319	0.0	584846	6146.061131943393	0.29999999999999993
10002.857305454989	1200	19.29998718404695	0.0	560821	5973.221983216236	1.2
10009.250625109556	1200	16.9066675294782	0.0	607410	6393.319654568752	1.2
10015.561442782351	1200	14.595849856683454	0.0	594078	6310.817672794745	1.2
10019.67655763896	750	14.48073500007491	0.0	386351	4115.114856608544	0.3
10024.352939818817	750	13.80435282021845	0.0	434409	4676.382179856461	0.75
10028.02189724148	750	14.13539539755453	0.0	337059	3668.9574226639193	0.75
10032.021618198136	750	14.135674440899793	0.0	366214	3999.7209566547367	0.75
10035.751266767576	750	14.406025871459278	0.0	360831	3729.648569440514	0.75
10039.47762577542	750	14.679666863614957	0.0	372963	3726.359007844321	0.75
10043.760184144323	750	14.397108494712745	0.0	405596	4282.558368902212	0.75
10047.568459062379	750	14.588833576658397	0.0	350713	3808.2749180543483	0.75
10051.774909892689	750	14.38238274634768	0.0	386472	4206.450830310716	0.75
10056.065078711115	750	14.09221392792258	0.0	399894	4290.1688184251	0.75
10060.285303863451	750	13.871988775587317	0.0	401853	4220.225152335265	0.75
10063.878069120077	750	14.279223518960938	0.0	343800	3592.7652566263787	0.75
10067.7284594028	750	14.428833236236423	0.0	359903	3850.3902827245147	0.75
10071.757189610784	750	14.400103028254675	0.0	379700	4028.730207981749	0.75
10076.097531370224	750	14.059761268812336	0.0	425781	4340.341759442339	0.75
10078.814264563413	750	15.343028075623534	0.0	277716	2716.7331931888	0.75
10081.494537951738	750	16.662754687298452	0.0	400396	2680.273388325081	0.75
10083.839395445284	750	18.317897193752884	0.0	400508	2344.857493545568	0.75
10086.805386376565	750	19.35190626247188	0.0	358218	2965.9909312810073	0.75
10093.226850411324	1200	16.930442227713467	0.0	620283	6421.464034758412	0.75
10097.510784708322	1200	16.646507930715824	0.0	584349	4283.934296997642	1.2
10102.41567111262	1200	15.741621526417548	0.0	670129	4904.886404298274	1.2
10108.939210019696	1200	13.218082619341018	0.0	690253	6523.538907076531	1.2
10114.550576359932	1200	11.60671627910662	0.0	598727	5611.3663402344	1.2
10119.467619200683	1200	10.689673438355184	0.0	487812	4917.042840751433	1.2
10125.305214280173	1200	8.852078358864139	0.0	575591	5837.595079491045	1.2
10131.621316986251	1200	6.535975652785287	0.0	605884	6316.102706078852	1.2
10135.507818989163	750	6.649473649872779	0.0	390680	3886.502002912508	0.3
10139.006217040816	750	7.151075598219937	0.0	345516	3498.3980516528413	0.75
10142.967991456777	750	7.189301182259336	0.0	384505	3961.7744159606013	0.75
10146.836439329183	750	7.32085330985424	0.0	372093	3868.4478724050964	0.75
10151.139859121668	750	7.017433517370156	0.0	438281	4303.419792484084	0.75
10153.536136829192	750	8.621155809845737	0.0	398987	2396.277707524418	0.75
10155.902325166993	750	10.254967472045394	0.0	393804	2366.188337800344	0.75
10161.232166093852	1200	8.925126545186682	0.0	538612	5329.840926858712	0.75
10166.599628956497	1850	7.557663682541551	0.0	846370	5367.462862645131	1.2000000000000002

