40508.12921454547	750	4.0	1.6608493392472603	450283	1660.8493392472603	-6.391652158763219
40508.755423352384	300	7.373791193093924	0.0	155580	626.2088069060763	-0.15000000000000002
40510.06705083643	750	10.062163709044981	0.0	350812	1311.6274840489423	0.3
40511.489419189464	750	12.639795356013918	0.0	382355	1422.368353031063	0.75
40512.99022628504	750	15.13898826043288	0.0	411561	1500.8070955810376	0.75
40515.82343470273	1850	16.305779842738165	0.0	801058	2833.2084176947164	0.75
40519.086532314606	1850	17.042682230863942	0.0	905515	3263.097611874221	1.85
40523.79534257651	1850	16.333871968960075	0.0	1060487	4708.810261903865	1.85
40528.55121149283	1850	15.578003052638826	0.0	852833	4755.868916321251	1.85
40531.798456639575	1850	16.330757905893186	0.0	913888	3247.245146745638	1.85
40536.15468906762	1850	15.974525477846575	0.0	939819	4356.232428046614	1.85
40539.825268956505	1850	16.303945588957088	0.0	917428	3670.5798888894856	1.85
40543.267967318	1850	16.861247227457955	0.0	946851	3442.698361499132	1.85
40546.85629018062	1850	17.272924364837316	0.0	1036454	3588.322862620639	1.85
40552.37590263342	1850	15.753311912039925	0.0	821631	5519.612452797391	1.85
40557.170266079855	1850	14.958948465601614	0.0	923170	4794.36344643831	1.85
40561.26132330812	1850	14.867891237344738	0.0	966699	4091.0572282568764	1.85
40565.15163218839	1850	14.977582357072707	0.0	885714	3890.3088802720295	1.85
40569.362991830465	1850	14.766222714992892	0.0	987708	4211.359642079815	1.85
40572.81488422525	1850	15.31433032021168	0.0	923755	3451.892394781215	1.85
40576.090722578585	1850	16.03849196687341	0.0	891604	3275.8383533382716	1.85
40579.53528851879	1850	16.593926026675735	0.0	955231	3444.5659401976714	1.85
40582.94214831083	1850	17.18706623462724	0.0	968026	3406.859792048495	1.85
40586.140481898794	1850	17.98873264666873	0.0	874175	3198.333587958509	1.85
40589.43276207456	1850	18.696452470902223	0.0	897976	3292.280175766509	1.85
40592.73667526251	1850	19.392539282950164	0.0	905935	3303.913187952055	1.85
40596.63378751939	1850	19.495427026062565	0.0	1076599	3897.1122568876017	1.85
40599.648943153756	1850	20.480271391702782	0.0	758197	3015.155634359781	1.85
40604.4528614444	1850	19.67635310105743	0.0	972798	4803.918290645352	1.85
40609.44166895223	1850	18.687545593220722	0.0	975811	4988.8075078367065	1.85
40613.62950741923	1850	18.49970712622981	0.0	873429	4187.838466990911	1.85
40617.12393994099	1850	19.00527460447199	0.0	954453	3494.432521757822	1.85
40622.935662633965	1850	17.193551911500755	0.0	885062	5811.722692971232	1.85
40628.12822274752	1850	16.000991797944284	0.0	1035329	5192.560113556471	1.85
40631.96436324297	1850	16.164851302492373	0.0	1026056	3836.14049545191	1.85
40635.320433475616	1850	16.808781069844773	0.0	943942	3356.070232647601	1.85
40637.92009962664	1850	18.209114918817736	0.0	728962	2599.666151027036	1.85
40641.239846940676	1850	18.889367604784223	0.0	938587	3319.7473140335132	1.85
40644.45253475641	1850	19.676679789045906	0.0	908665	3212.6878157383203	1.85
40647.76235245319	1850	20.36686209227651	0.0	930577	3309.8176967693976	1.85
40650.84708629257	1850	21.28212825289873	0.0	858450	3084.7338393777777	1.85
40654.5664209349	1850	21.562793610565244	0.0	1025005	3719.334642333484	1.85
40658.98828738694	1850	21.14092715851993	0.0	886255	4421.866452045318	1.85
40662.89845552656	1850	21.230759018905573	0.0	973972	3910.1681396143554	1.85
40667.039425025585	1850	21.089789519885482	0.0	958994	4140.96949902009	1.85
40672.07877079078	1850	20.050443754686967	0.0	982064	5039.345765198516	1.85
40676.04887635636	1850	20.080338189098285	0.0	830730	3970.1055655886826	1.85
40679.21773284955	1850	20.911481695910414	0.0	846370	3168.8564931878705	1.85

