38565.90392585009	750	4.0	3.696382719776279	450283	3696.382719776279	-15.144445695037998
38567.23344409427	300	6.670481755822908	0.0	155580	1329.518244177092	-0.15000000000000002
38568.419171378955	300	9.484754471135112	0.0	139857	1185.7272846877977	0.3
38569.72539779422	300	12.178528055873313	0.0	155432	1306.2264152617981	0.3
38573.07487023317	750	12.829055616918307	0.0	411561	3349.4724389550074	0.3
38575.79581914232	750	14.108106707769629	0.0	318564	2720.948909148677	0.75
38578.80028486838	750	15.103640981710184	0.0	352642	3004.4657260594463	0.75
38582.50795949444	750	15.395966355649563	0.0	437162	3707.6746260606196	0.75
38585.7299517021	750	16.173974147990638	0.0	374758	3221.9922076589264	0.75
38588.9934774664	750	16.910448383699627	0.0	362795	3263.5257642910105	0.75
38592.5212434025	750	17.382682447591936	0.0	353220	3527.7659361076903	0.75
38596.13119578583	750	17.772730064269858	0.0	405134	3609.9523833220774	0.75
38599.434713165414	750	18.469212684679725	0.0	386351	3303.5173795901333	0.75
38603.002960748774	750	18.90096510131914	0.0	434409	3568.2475833605845	0.75
38605.870215401366	750	20.033710448726946	0.0	337059	2867.2546525921953	0.75
38608.97573059027	750	20.92819525982064	0.0	366214	3105.5151889063036	0.75
38611.96329824881	750	21.940627601274166	0.0	360831	2987.567658546476	0.75
38615.08411558161	750	22.819810268476132	0.0	372963	3120.8173327980326	0.75
38618.515186245204	750	23.388739604885718	0.0	405596	3431.0706635904153	0.75
38621.918404941774	750	23.985520908315006	0.0	350713	3403.21869657071	0.75
38625.40960408442	750	24.4943217656629	0.0	386472	3491.1991426521076	0.75
38632.931660193106	1850	20.972265656981467	0.0	955231	7522.056108681431	0.75
38641.779487312655	1850	16.124438537434266	0.0	968026	8847.827119547203	1.85
38649.10421763986	1850	12.799708210222125	0.0	874175	7324.73032721214	1.85
38652.741416507524	750	13.162509342555252	0.0	359903	3637.198867666873	-0.3500000000000001
38656.023198481904	750	13.8807273681834	0.0	379700	3281.7819743718505	0.75
38659.29471696911	750	14.6092088809767	0.0	425781	3271.5184872067002	0.75
38661.69092257739	750	16.213003272691363	0.0	277716	2396.205608285338	0.75
38665.12645774203	750	16.777468108056723	0.0	400396	3435.5351646346394	0.75
38668.58098568354	750	17.322940166544	0.0	400508	3454.527941512721	0.75
38671.63145689116	750	18.272468958917052	0.0	358218	3050.471207626952	0.75
38674.99647312031	750	18.907452729772608	0.0	400322	3365.016229144445	0.75
38678.02638917946	750	19.87753667061939	0.0	369834	3029.916059153222	0.75
38681.633969949806	750	20.26995590027908	0.0	412837	3607.58077034031	0.75
38685.366512457294	750	20.53741339279061	0.0	401088	3732.5425074884647	0.75
38688.362563521194	750	21.54136232889626	0.0	365161	2996.0510638943524	0.75
38692.34318434067	1200	21.560741509416054	0.0	487812	3980.6208194802043	0.75
38695.32208884059	750	22.58183700950123	0.0	361565	2978.904499914826	0.3
38698.636871516195	750	23.267054333890737	0.0	378327	3314.782675610492	0.75
38701.94216730103	750	23.961758549055983	0.0	390680	3305.295784834753	0.75
38704.770280123936	750	25.133645726154008	0.0	345516	2828.1128229019746	0.75
38713.05831460622	1850	20.84561124386689	0.0	1025005	8288.03448228712	0.75
38719.77370952126	1850	18.130216328829448	0.0	886255	6715.394915037441	1.85
38727.46641522548	1850	14.4375106246112	0.0	973972	7692.705704218248	1.85
38735.0280008481	1850	10.87592500198995	0.0	958994	7561.585622621249	1.85
38738.695117831725	750	11.208808018370318	0.0	393804	3667.1169836196314	-0.3500000000000001
38741.77830351014	750	12.12562233995893	0.0	331053	3083.1856784113884	0.75
38744.47704436864	750	13.426881481456679	0.0	314107	2698.740858502251	0.75

