29929.141346255365	750	4.0	2.6629524438876424	450283	2662.9524438876424	-10.700695508716862
29930.113797760794	300	7.027548494568884	0.0	155580	972.4515054311164	-0.15000000000000002
29930.996057628356	300	10.145288627008274	0.0	139857	882.2598675606097	0.3
29933.37380936426	750	11.767536891104736	0.0	382355	2377.7517359035364	0.3
29935.982285251805	750	13.159061003560389	0.0	411561	2608.4758875443486	0.75
29938.099572442203	750	15.04177381316076	0.0	318564	2117.28719039963	0.75
29941.89172532879	1200	15.249620926573701	0.0	561791	3792.1528865870564	0.75
29946.389673251146	1200	14.7516730042194	0.0	709534	4497.947922354302	1.2
29950.045611165457	1200	15.09573508990652	0.0	584846	3655.93791431288	1.2
29953.60681606574	1200	15.534530189621838	0.0	560821	3561.204900284682	1.2
29957.56663404442	1200	15.574712210941795	0.0	607410	3959.8179786800433	1.2
29961.231815429874	1200	15.909530825487332	0.0	594078	3665.181385454463	1.2
29967.14520257072	1850	13.996143684643732	0.0	946851	5913.387140843602	1.2000000000000002
29973.196644772594	1850	11.944701482768268	0.0	1036454	6051.442201875462	1.85
29978.005022150584	1850	11.136324104778149	0.0	821631	4808.377377990121	1.85
29983.979547031544	1850	9.161799223817875	0.0	923170	5974.5248809602745	1.85
29990.003105633794	1850	7.138240621564963	0.0	966699	6023.558602252911	1.85
29995.641460275805	1850	5.499885979553507	0.0	885714	5638.354642011456	1.85
29999.76101092103	1200	5.380335334332378	0.0	639204	4119.550645221128	0.5499999999999999
30003.533208703924	1200	5.608137551435642	0.0	586839	3772.197782896736	1.2
30007.423980706208	1200	5.717365549151666	0.0	601738	3890.772002283976	1.2
30011.481227229284	1200	5.660119026078317	0.0	616206	4057.24652307335	1.2
30015.812909703534	1200	5.328436551827115	0.0	656471	4331.682474251203	1.2
30019.38988524519	1200	5.751461010170436	0.0	536667	3576.9755416566786	1.2
30023.36286051128	1200	5.778485744079895	0.0	587236	3972.97526609054	1.2
30027.172071047356	1200	5.969275208002909	0.0	590335	3809.2105360769865	1.2
30032.04111920645	1200	5.100227048908935	0.0	696376	4869.0481590939735	1.2
30035.426761108716	1200	5.714585146643269	0.0	487160	3385.6419022656664	1.2
30039.553117562158	1200	5.5882286931972684	0.0	622896	4126.356453446	1.2
30043.83184196742	1200	5.309504287936155	0.0	641447	4278.724405261113	1.2
30047.59291942201	1200	5.548426833348689	0.0	570392	3761.0774545874665	1.2
30051.70227216883	1200	5.439074086529375	0.0	620283	4109.352746819313	1.2
30055.560043870526	1200	5.581302384833915	0.0	584349	3857.7717016954603	1.2
30059.928438458766	1200	5.2129077965934645	0.0	670129	4368.3945882404505	1.2
30064.488862296592	1200	4.6524839587659725	0.0	690253	4560.423837827492	1.2
30068.39480508625	1200	4.746541169112007	0.0	598727	3905.9427896539655	1.2
30071.607826700376	1200	5.5335195549844425	0.0	487812	3213.021614127565	1.2
30075.362937848484	1200	5.778408406875025	0.0	575591	3755.1111481094167	1.2
30079.209118899722	1200	5.932227355635832	0.0	605884	3846.181051239193	1.2
30083.03050038783	1200	6.110845867524766	0.0	587506	3821.381488111066	1.2
30086.73387763684	1200	6.407468618515671	0.0	566904	3703.377249009094	1.2
30090.906190133082	1200	6.235156122274095	0.0	641452	4172.312496241577	1.2
30094.783762871546	1200	6.35758338381107	0.0	599477	3877.5727384630245	1.2
30098.941320396596	1200	6.200025858760651	0.0	634861	4157.557525050419	1.2
30103.009003521212	1200	6.1323427341429015	0.0	630203	4067.6831246177503	1.2
30107.08484820082	1200	6.056498054533897	0.0	638661	4075.8446796090047	1.2
30112.44993868847	1850	4.691407566882434	0.0	830730	5365.090487651462	1.2000000000000002
30118.16445226598	1850	4.0	1.0231060106262275	846370	5714.513577508662	-2.549355845692778

