7153.550670426302	750	4.0	1.5546009996341603	450283	1554.6009996341604	-5.934784298426889
7154.140168727421	300	7.4105016988802985	0.0	155580	589.4983011197019	-0.15000000000000002
7155.369018952466	750	10.181651473835917	0.0	350812	1228.8502250443812	0.3
7157.468920761837	1200	12.081749664465066	0.0	617681	2099.901809370851	0.75
7160.752339931141	1850	12.798330495159815	0.0	996749	3283.4191693052517	1.2000000000000002
7163.402902887539	1850	14.147767538762483	0.0	801058	2650.562956397331	1.85
7168.034385586701	2850	13.51628483960038	0.0	1388403	4631.482699162104	1.85
7174.448244120689	2850	11.102426305612662	0.0	1638769	6413.858533987717	2.85
7177.361686836748	1850	12.188983589553262	0.0	852833	2913.442716059401	0.8500000000000001
7180.6479711098755	1850	12.90269931642594	0.0	913888	3286.2842731273204	1.85
7183.987068926299	1850	13.563601500002372	0.0	939819	3339.0978164235667	1.85
7189.130913483388	2850	12.419756942913926	0.0	1519951	5143.844557088447	1.85
7192.314010440359	1850	13.236659985943236	0.0	946851	3183.096956970691	0.8500000000000001
7198.021159130126	2850	11.529511296176322	0.0	1578343	5707.148689766914	1.85
7202.912886219243	1850	10.63778420706011	0.0	821631	4891.727089116213	0.8500000000000001
7205.0489043222715	1200	12.501766104031333	0.0	587876	2136.0181030287767	0.5499999999999999
7208.301867119555	1850	13.2488033067468	0.0	966699	3252.962797284533	1.2000000000000002
7213.249777426238	2850	12.300893000063784	0.0	1358801	4947.910306683013	1.85
7216.609526511698	1850	12.94114391460406	0.0	987708	3359.7490854597236	0.8500000000000001
7219.695866743376	1850	13.854803682925787	0.0	923755	3086.3402316782735	1.85
7224.26912938082	2850	13.281541045481834	0.0	1415116	4573.262637443953	1.85
7229.070329465187	2850	12.480340961115674	0.0	1468126	4801.200084366158	2.85
7232.267897386306	1850	13.282773039995755	0.0	968026	3197.5679211199204	0.8500000000000001
7236.6608436951165	2850	12.88982673118575	0.0	1323990	4392.946308810006	1.85
7239.682244333084	1850	13.868426093217938	0.0	897976	3021.400637967811	0.8500000000000001
7244.599085807826	2850	12.951584618476042	0.0	1480464	4916.841474741896	1.85
7248.222146408171	1850	13.328524018129766	0.0	1076599	3623.0606003462767	0.8500000000000001
7252.091374548023	2850	13.459295878278656	0.0	1141971	3869.2281398511104	1.85
7257.113086528441	2850	12.437583897860666	0.0	1498470	5021.711980417988	2.85
7260.390442140621	1850	13.16022828568069	0.0	975811	3277.355612179976	0.8500000000000001
7264.868500434704	2850	12.68216999159812	0.0	1341201	4478.058294082571	1.85
7268.084255714817	1850	13.466414711485532	0.0	954453	3215.7552801125876	0.8500000000000001
7272.617566849988	2850	12.933103576315	0.0	1358081	4533.311135170532	1.85
7276.085641968661	1850	13.465028457642264	0.0	1035329	3468.0751186727366	0.8500000000000001
7281.017538114269	2850	12.533132312034002	0.0	1492672	4931.896145608261	1.85
7284.1197798100875	1850	13.430890616215306	0.0	943942	3102.2416958186973	0.8500000000000001
7287.849800919837	2850	13.70086950646588	0.0	1139291	3730.0211097494252	1.85
7292.876664676019	2850	12.674005750284232	0.0	1499009	5026.8637561816495	2.85
7295.9966862714	1850	13.553984154903308	0.0	908665	3120.0215953809243	0.8500000000000001
7300.670346643926	2850	12.880323782377815	0.0	1402287	4673.6603725254945	1.85
7303.562481030831	1850	13.98818939547274	0.0	858450	2892.134386905075	0.8500000000000001
7308.66418309544	2850	12.886487330863936	0.0	1527299	5101.702064608803	1.85
7311.6616050553	1850	13.889065371003722	0.0	886255	2997.4219598602144	0.8500000000000001
7316.951673571067	2850	12.598996855237605	0.0	1587250	5290.068515766117	1.85
7320.164357233248	1850	13.386313193056857	0.0	958994	3212.6836621807465	0.8500000000000001
7325.134790397786	2850	12.415880028518638	0.0	1483527	4970.43316453822	1.85
7327.949429477741	1850	13.601240948563634	0.0	830730	2814.6390799550036	0.8500000000000001
7332.5143185383395	2850	13.03635188796455	0.0	1364537	4564.889060599085	1.85

