10053.605474954325	750	4.0	3.195817844404762	450283	3195.817844404762	-12.992016730940476
10054.762040003932	300	6.843434950392324	0.0	155580	1156.5650496076755	-0.15000000000000002
10055.808898174588	300	9.796576779737592	0.0	139857	1046.858170654731	0.3
10056.958336919983	300	12.647138034342426	0.0	155432	1149.4387453951656	0.3
10059.870052908283	750	13.735422046041563	0.0	411561	2911.7159883008635	0.3
10062.240861458815	750	15.364613495507827	0.0	318564	2370.808550533737	0.75
10064.93891552826	750	16.666559426063788	0.0	352642	2698.0540694440397	0.75
10068.18576340148	750	17.419711552844067	0.0	437162	3246.8478732197227	0.75
10070.949155412249	750	18.656319542074925	0.0	374758	2763.3920107691406	0.75
10073.635812616494	750	19.969662337831025	0.0	362795	2686.6572042438993	0.75
10076.254322914414	750	21.351152039910733	0.0	353220	2618.510297920293	0.75
10079.179952281629	750	22.425522672695095	0.0	405134	2925.629367215634	0.75
10081.893099901346	750	23.712375052977507	0.0	386351	2713.1476197175925	0.75
10084.558375902036	750	25.047099052288054	0.0	434409	2665.2760006894523	0.75
10086.651874503112	750	26.95360045121229	0.0	337059	2093.498601075762	0.75
10093.399802258551	1850	24.205672695772762	0.0	923170	6747.927755439526	0.75
10100.398916504359	1850	21.206558449964238	0.0	966699	6999.114245808522	1.85
10106.942029928083	1850	18.663445026240073	0.0	885714	6543.1134237241695	1.85
10114.37390072904	1850	15.23157422528358	0.0	987708	7431.870800956492	1.85
10121.131263501875	1850	12.474211452448438	0.0	923755	6757.362772835142	1.85
10127.311443074346	1850	10.29403187997814	0.0	891604	6180.179572470299	1.85
10131.553160321015	750	10.052314633309175	0.0	399894	4241.7172466689635	-0.3500000000000001
10132.997546788849	300	12.607928165475036	0.0	163927	1444.38646783414	-0.15000000000000002
10135.533634750804	750	14.071840203520823	0.0	343800	2536.0879619542116	0.3
10138.195124659413	750	15.410350294910398	0.0	359903	2661.489908610426	0.75
10141.023946618716	750	16.58152833560918	0.0	379700	2828.8219593012186	0.75
10144.521347406599	750	17.08412754772671	0.0	425781	3497.40078788247	0.75
10147.02843200533	750	18.5770429489941	0.0	277716	2507.0845987326056	0.75
10150.057495476864	750	19.547979477460014	0.0	400396	3029.063471534086	0.75
10152.96520617976	750	20.640268774564415	0.0	400508	2907.710702895603	0.75
10155.523392773786	750	22.082082180537757	0.0	358218	2558.186594026656	0.75
10158.419030353958	750	23.18644460036571	0.0	400322	2895.637580172046	0.75
10161.350562039106	750	24.254912915218576	0.0	369834	2931.5316851471352	0.75
10164.531387350216	750	25.07408760410817	0.0	412837	3180.825311110406	0.75
10167.532449403978	750	26.073025550347477	0.0	401088	3001.0620537606933	0.75
10175.409794420697	1850	22.19568053362729	0.0	943942	7877.345016720187	0.75
10181.536199584536	1850	20.069275369788592	0.0	728962	6126.405163838697	1.85
10190.805188971168	1850	14.800285983157638	0.0	938587	9268.989386630956	1.85
10197.323205842156	1850	12.28226911216938	0.0	908665	6518.016870988256	1.85
10204.069059370035	1850	9.536415584289733	0.0	930577	6745.853527879648	1.85
10206.627004750006	750	10.978470204318798	0.0	345516	2557.945379970935	-0.3500000000000001
10209.45184615414	750	12.153628800186484	0.0	384505	2824.8414041323135	0.75
10212.151539103592	750	13.453935850732336	0.0	372093	2699.6929494541473	0.75
10215.364413170859	750	14.241061783465033	0.0	438281	3212.8740672673034	0.75
10218.348983285936	750	15.256491668388621	0.0	398987	2984.570115076411	0.75
10221.171694467346	750	16.43378048697785	0.0	393804	2822.7111814107743	0.75
10223.526117369112	750	18.07935758521358	0.0	331053	2354.422901764268	0.75
10225.814148299904	750	19.791326654423063	0.0	314107	2288.030930790513	0.75

