6687.226214652603	750	4.0	1.5546009996341603	450283	1554.6009996341604	-5.934784298426889
6688.612430360766	750	6.613784291836291	0.0	398865	1386.2157081637092	0.75
6689.841280585811	750	9.38493406679191	0.0	350812	1228.8502250443812	0.75
6691.170044159191	750	12.05617049341147	0.0	382355	1328.7635733804395	0.75
6692.572746661765	750	14.653467990837163	0.0	411561	1402.702502574308	0.75
6695.227240895444	1850	15.998973757158144	0.0	801058	2654.4942336790173	0.75
6698.2090585078195	1850	17.01715614478325	0.0	905515	2981.8176123748954	1.85
6701.791460027686	1850	17.434754624916945	0.0	1060487	3582.4015198663046	1.85
6705.398534565839	1850	17.82768008676391	0.0	852833	3607.0745381530346	1.85
6708.71012390883	1850	18.51609074377327	0.0	913888	3311.589342990643	1.85
6711.935447060304	1850	19.29076759229964	0.0	939819	3225.3231514736262	1.85
6715.256700663611	1850	19.969513988992563	0.0	917428	3321.25360330708	1.85
6718.578937181094	1850	20.647277471508797	0.0	946851	3322.2365174837637	1.85
6722.122174365463	1850	21.104040287140123	0.0	1036454	3543.237184368676	1.85
6724.894890173814	1850	22.3313244787893	0.0	821631	2772.7158083508243	1.85
6728.107472474115	1850	23.118742178488628	0.0	923170	3212.582300300671	1.85
6731.679132231439	1850	23.54708242116411	0.0	966699	3571.65975732452	1.85
6736.785565075231	1850	22.44064957737253	0.0	885714	5106.432843791578	1.85
6740.253079121341	1850	22.973135531262454	0.0	987708	3467.514046110073	1.85
6743.466342273716	1850	23.75987237888768	0.0	923755	3213.263152374778	1.85
6746.743810704864	1850	24.482403947739897	0.0	891604	3277.468431147779	1.85
6750.029151544788	1850	25.197063107815524	0.0	955231	3285.340839924374	1.85
6753.27629503962	1850	25.949919612983173	0.0	968026	3247.1434948323517	1.85
6756.126690887648	1850	27.099523764956185	0.0	874175	2850.3958480269876	1.85
6759.072693678683	1850	28.1535209739201	0.0	897976	2946.0027910360873	1.85
6762.065693947416	1850	29.160520705187796	0.0	905935	2993.0002687323017	1.85
6765.611842329935	1850	29.614372322668434	0.0	1076599	3546.1483825193595	1.85
6768.1376815129015	1850	31.088533139702044	0.0	758197	2525.839182966389	1.85
6771.407542142299	1850	31.81867251030498	0.0	972798	3269.860629397063	1.85
6774.679982655629	1850	32.54623199697518	0.0	975811	3272.4405133298023	1.85
6777.61106637993	1850	33.61514827267405	0.0	873429	2931.083724301132	1.85
6780.8277206185485	1850	34.39849403405479	0.0	954453	3216.6542386192596	1.85
6783.826028080946	1850	35.40018657165643	0.0	885062	2998.307462398364	1.85
6787.350705018029	1850	35.87550963457483	0.0	1035329	3524.6769370815923	1.85
6790.807864236303	1850	36.41835041629948	0.0	1026056	3457.15921827535	1.85
6793.9803316227035	1850	37.24588302989961	0.0	943942	3172.4673863998696	1.85
6796.4502975049	1850	38.77591714770337	0.0	728962	2469.965882196244	1.85
6799.609397575896	1850	39.616817076707214	0.0	938587	3159.100070996148	1.85
6802.6747211817765	1850	40.551493470826664	0.0	908665	3065.3236058805455	1.85
6805.806504119667	1850	41.419710532935575	0.0	930577	3131.78293789109	1.85
6808.69881354676	1850	42.52740110584309	0.0	858450	2892.3094270924876	1.85
6812.1284063497615	1850	43.09780830284157	0.0	1025005	3429.5928030015225	1.85
6815.084100278667	1850	44.14211437393541	0.0	886255	2955.693928906166	1.85
6818.282489744291	1850	44.94372490831154	0.0	973972	3198.389465623871	1.85
6821.434662345181	1850	45.791552307420886	0.0	958994	3152.1726008906526	1.85
6824.67798739788	1850	46.54822725472186	0.0	982064	3243.325052699026	1.85
6827.561616543991	1850	47.66459810861202	0.0	830730	2883.6291461098454	1.85
6830.469075045918	1850	48.757139606685854	0.0	846370	2907.4585019261626	1.85

