21204.315869616315	750	4.0	7.346141423456698	450283	7346.141423456698	-30.8384081208638
21206.791160325134	300	5.5247092911814715	0.0	155580	2475.2907088185284	-0.15000000000000002
21209.021063427306	300	7.294806189007635	0.0	139857	2229.9031021738365	0.3
21214.960186805685	750	5.355682810628641	0.0	382355	5939.123378378994	0.3
21217.536238810015	300	6.77963080629871	0.0	163442	2576.0520043299307	-0.15000000000000002
21219.545178751447	300	8.770690864866916	0.0	126289	2008.9399414317938	0.3
21225.03745490978	750	7.278414706533894	0.0	352642	5492.276158333022	0.3
21231.85361431328	750	4.462255303032738	0.0	437162	6816.159403501156	0.75
21234.24608492009	300	6.069784696225333	0.0	150710	2392.4706068074056	-0.15000000000000002
21236.457115617857	300	7.858753998460421	0.0	139105	2211.030697764911	0.3
21241.947091454647	750	6.368778161668352	0.0	353220	5489.975836792069	0.3
21244.431597898074	300	7.884271718243055	0.0	156148	2484.5064434252968	-0.15000000000000002
21250.466458030634	750	5.849411585684642	0.0	386351	6034.860132558413	0.3
21253.30689201638	300	7.008977599942595	0.0	179801	2840.4339857420473	-0.15000000000000002
21258.532483715997	750	5.783385900322499	0.0	337059	5225.591699620096	0.3
21260.746733214168	300	7.569136402153819	0.0	138313	2214.24949816868	-0.15000000000000002
21266.374246319516	750	5.941623296802918	0.0	360831	5627.513105350901	0.3
21268.761392307042	300	7.554477309276242	0.0	150616	2387.145987526676	-0.15000000000000002
21275.03477339034	750	5.281096225979059	0.0	405596	6273.381083297183	0.3
21277.26953859307	300	7.046331023247614	0.0	140881	2234.7652027314452	-0.15000000000000002
21283.234719077875	750	5.081150538446247	0.0	386472	5965.180484801367	0.3
21285.721678937793	300	6.594190678526227	0.0	157812	2486.9598599200194	-0.15000000000000002
21288.303378638295	300	8.01249097802452	0.0	163927	2581.699700501708	0.3
21293.62465629434	750	6.6912133219750505	0.0	343800	5321.277656049469	0.3
21295.9560085297	300	8.359861086618274	0.0	146754	2331.3522353567773	-0.15000000000000002
21301.863285480464	750	6.4525841358575935	0.0	379700	5907.27695076068	0.3
21304.731699869957	300	7.584169746363213	0.0	181901	2868.4143894943804	-0.15000000000000002
21309.058621908178	750	7.2572477081415885	0.0	277716	4326.922038221625	0.3
21315.263880936585	750	5.051988679733898	0.0	400396	6205.25902840769	0.75
21317.610007792187	300	6.7058618241333585	0.0	149029	2346.1268556005402	-0.15000000000000002
21320.249051996147	300	8.066817620172476	0.0	157421	2639.044203960883	0.3
21327.313412578136	750	5.002457038183728	0.0	400322	7064.360581988749	0.3
21329.60376184292	300	6.712107773396656	0.0	143881	2290.349264787071	-0.15000000000000002
21332.180504104657	300	8.135365511659657	0.0	163444	2576.742261737	0.3
21338.363771664037	750	5.952097952280691	0.0	401088	6183.267559378965	0.3
21340.87820178496	300	7.437667831360317	0.0	159914	2514.430120920374	-0.15000000000000002
21345.86273268744	750	6.453136928878841	0.0	321064	4984.530902481476	0.3
21347.830386887686	300	8.485482728630956	0.0	124011	1967.654200247885	-0.15000000000000002
21353.685912606496	750	6.629957009821132	0.0	378327	5855.525718809824	0.3
21356.05490499056	300	8.260964625757856	0.0	149991	2368.9923840632764	-0.15000000000000002
21361.39379826023	750	6.922071356087889	0.0	345516	5338.893269669967	0.3
21363.94323628141	300	8.372633334909388	0.0	161857	2549.438021178501	-0.15000000000000002
21369.745727164434	750	6.570142451884747	0.0	372093	5802.49088302464	0.3
21372.467491862903	300	7.848377753417874	0.0	172312	2721.7646984668727	-0.15000000000000002
21378.671045112722	750	5.64482450360034	0.0	398987	6203.553249817534	0.3
21381.208037071985	300	7.107832544338293	0.0	160064	2536.991959262047	-0.15000000000000002
21386.32290667127	750	5.992962945050523	0.0	331053	5114.86959928777	0.3
21388.20482033246	300	8.111049283862055	0.0	118421	1881.9136611884664	-0.15000000000000002

