40085.1696300182	750	4.0	1.5059110614959634	450283	1505.9110614959634	-5.725417564432642
40087.184759065574	1200	5.98487095263116	0.0	611087	2015.1290473688407	0.75
40090.23246933061	1850	6.937160687599457	0.0	877771	3047.710265031703	1.2000000000000002
40093.75515666192	1850	7.414473356285169	0.0	933276	3522.6873313142883	1.85
40097.331393775086	1850	7.838236243119132	0.0	996749	3576.237113166036	1.85
40100.24007578966	1850	8.929554228539585	0.0	801058	2908.6820145795464	1.85
40103.56983711964	1850	9.599792898560455	0.0	905515	3329.7613299791306	1.85
40107.11781019825	1850	10.051819819947372	0.0	1060487	3547.9730786130835	1.85
40109.96069934102	1850	11.208930677182405	0.0	852833	2842.889142764966	1.85
40114.85701594489	2850	10.312614073322111	0.0	1429765	4896.316603860294	1.85
40119.30510388013	2850	9.864526138072648	0.0	1354548	4448.087935249463	2.85
40124.90617115884	2850	8.263458859368637	0.0	1519951	5601.067278704011	2.85
40130.10123416003	2850	7.068395858178299	0.0	1422919	5195.063001190338	2.85
40135.85539982226	2850	5.314230195938514	0.0	1578343	5754.165662239785	2.85
40138.55049104424	1850	6.619138973963411	0.0	821631	2695.091221975104	0.8500000000000001
40141.738418754096	1850	7.431211264110494	0.0	923170	3187.927709852916	1.85
40145.218124686486	1850	7.9515053317175095	0.0	966699	3479.7059323929843	1.85
40148.43840548137	1850	8.731224536835198	0.0	885714	3220.280794882313	1.85
40151.90766179652	1850	9.261968221687367	0.0	987708	3469.256315147832	1.85
40155.06194318818	1850	10.107686830033026	0.0	923755	3154.2813916543405	1.85
40160.31502926994	2850	8.854600748270524	0.0	1415116	5253.0860817625025	1.85
40165.13040976907	2850	8.03922024913842	0.0	1468126	4815.380499132105	2.85
40170.04281750948	2850	7.126812508734339	0.0	1505760	4912.40774040408	2.85
40174.37292241581	2850	6.796707602405751	0.0	1323990	4330.104906328589	2.85
40177.34563479124	1850	7.823995226972119	0.0	897976	2972.7123754336308	0.8500000000000001
40180.35126287961	1850	8.818367138604385	0.0	905935	3005.6280883677355	1.85
40184.17315267174	1850	8.996477346474752	0.0	1076599	3821.889792129632	1.85
40186.85656601797	1850	10.313064000247572	0.0	758197	2683.41334622718	1.85
40190.16013683746	1850	11.009493180747944	0.0	972798	3303.570819499628	1.85
40195.30325405721	2850	9.866375960999683	0.0	1561263	5143.117219748261	1.85
40200.09877608245	2850	9.070853935759246	0.0	1341201	4795.522025240437	2.85
40205.03696728033	2850	8.132662737876089	0.0	1497683	4938.191197883157	2.85
40209.39127910908	2850	7.778350909125857	0.0	1358081	4354.311828750232	2.85
40214.65843623977	2850	6.511193778433305	0.0	1587293	5267.157130692552	2.85
40220.06048831913	2850	5.109141699065492	0.0	1492672	5402.052079367813	2.85
40225.061914630816	2850	4.1077153873861	0.0	1439896	5001.426311679392	2.85
40227.54369227897	1850	5.62593773923542	0.0	728962	2481.77764815068	0.8500000000000001
40230.67411311718	1850	6.495516901023511	0.0	938587	3130.420838211909	1.85
40233.73238195483	1850	7.437248063373825	0.0	908665	3058.2688376496862	1.85
40236.875738132345	1850	8.293891885866419	0.0	930577	3143.356177507406	1.85
40239.67176888333	1850	9.497861134874187	0.0	858450	2796.030750992232	1.85
40244.707540155665	2850	8.46208986254428	0.0	1527299	5035.771272329906	1.85
40249.26265750793	2850	7.90697251027966	0.0	1343002	4555.11735226462	2.85
40254.7547142378	2850	6.4149157804015955	0.0	1587250	5492.056729878064	2.85
40259.92958975285	2850	5.240040265347593	0.0	1464921	5174.875515054003	2.85
40265.008120542734	2850	4.161509475465175	0.0	1483527	5078.530789882418	2.85
40267.860107977685	1850	5.309522040514934	0.0	830730	2851.987434950241	0.8500000000000001
40272.918476812956	2850	4.251153205244564	0.0	1364537	5058.36883527037	1.85

