28890.75297380687	750	4.0	3.849413752622151	450283	3849.413752622151	-15.802479136275249
28892.12691117116	300	6.6260626357093475	0.0	155580	1373.9373642906517	-0.15000000000000002
28893.23981987114	300	9.51315393572624	0.0	139857	1112.9086999831059	0.3
28894.467757157483	300	12.285216649385378	0.0	155432	1227.9372863408632	0.3
28897.627286892628	750	13.125686914239912	0.0	411561	3159.529735145466	0.3
28900.39135365854	750	14.361620148327662	0.0	318564	2764.0667659122496	0.75
28903.42161407115	750	15.331359735716859	0.0	352642	3030.260412610803	0.75
28907.106179412513	750	15.646794394353627	0.0	437162	3684.5653413632313	0.75
28910.289418548993	750	16.463555257872812	0.0	374758	3183.2391364808136	0.75
28913.24226529213	750	17.510708514734606	0.0	362795	2952.8467431382037	0.75
28915.668124830456	750	19.08484897641175	0.0	353220	2425.8595383228617	0.75
28918.530391999313	750	20.222581807553606	0.0	405134	2862.2671688581436	0.75
28921.58502596716	750	21.167947839704553	0.0	386351	3054.633967849052	0.75
28924.976764387357	750	21.7762094195095	0.0	434409	3391.7384201950545	0.75
28927.60888463781	750	23.144089169055547	0.0	337059	2632.120250453949	0.75
28930.318030266808	750	24.434943540058065	0.0	366214	2709.1456289974813	0.75
28932.957780272794	750	25.79519353407247	0.0	360831	2639.750005985597	0.75
28939.912167697035	1850	22.840806109832222	0.0	885714	6954.38742424025	0.75
28949.210103159035	1850	17.542870647830444	0.0	987708	9297.935462001775	1.85
28955.476300910635	1850	15.276672896229142	0.0	923755	6266.197751601304	1.85
28961.911366670407	1850	12.841607136459134	0.0	891604	6435.065759770008	1.85
28968.359198462134	1850	10.39377534473188	0.0	955231	6447.8317917272525	1.85
28974.833889007154	1850	7.9190847997127225	0.0	968026	6474.690545019159	1.85
28977.40204867275	750	9.35092513411617	0.0	343800	2568.159665596552	-0.3500000000000001
28980.368635451927	750	10.384338354938388	0.0	359903	2966.586779177783	0.75
28981.828142485036	300	12.92483132182775	0.0	153938	1459.5070331106378	-0.15000000000000002
28983.538238425153	300	15.214735381709922	0.0	181901	1710.0959401178275	0.3
28986.035276330662	750	16.717697476201366	0.0	277716	2497.037905508553	0.3
28989.528009846348	750	17.22496396051348	0.0	400396	3492.733515687887	0.75
28992.62625782419	750	18.126715982670973	0.0	400508	3098.2479778425086	0.75
28995.520966219385	750	19.232007587477828	0.0	358218	2894.7083951931436	0.75
28998.957671730674	750	19.79530207618641	0.0	400322	3436.7055112914177	0.75
29001.49589270544	750	21.25708110141904	0.0	369834	2538.2209747673705	0.75
29004.180064226304	750	22.57290958055722	0.0	412837	2684.1715208618225	0.75
29011.317992055036	1850	19.4349817518258	0.0	1026056	7137.927828731419	0.75
29019.273418632958	1850	15.479555173903618	0.0	943942	7955.4265779221805	1.85
29023.69644735724	1850	15.056526449618872	0.0	728962	4423.028724284746	1.85
29030.39968448758	1850	12.353289319278046	0.0	938587	6703.237130340826	1.85
29033.21179755093	750	13.541176255927137	0.0	378327	2812.113063350909	-0.3500000000000001
29036.28161712414	750	14.47135668271759	0.0	390680	3069.8195732095483	0.75
29039.273234561224	750	15.47973924563337	0.0	345516	2991.61743708422	0.75
29042.177462594733	750	16.57551121212507	0.0	384505	2904.2280335083015	0.75
29044.833250220127	750	17.91972358672958	0.0	372093	2655.7876253954873	0.75
29047.889551542106	750	18.863422264748582	0.0	438281	3056.301321981002	0.75
29050.685070843636	750	20.067902963217826	0.0	398987	2795.5193015307555	0.75
29053.698299873857	750	21.05467393299937	0.0	393804	3013.229030218451	0.75
29056.23148458889	750	22.521489217962017	0.0	331053	2533.184715037354	0.75
29058.600130424376	750	24.152843382475083	0.0	314107	2368.6458354869364	0.75

