26656.93659375984	750	4.0	1.0922145276701807	450283	1092.2145276701806	-3.946522468981777
26657.366330117235	300	7.570263642609367	0.0	155580	429.73635739063366	-0.15000000000000002
26658.234938620953	750	10.701655138888304	0.0	350812	868.6085037210629	0.3
26659.703455801628	1200	13.233137958213385	0.0	617681	1468.5171806749195	0.75
26662.873248988835	2850	14.063344771005319	0.0	1472558	3169.793187208067	1.2000000000000002
26665.377267194614	2850	15.559326565227952	0.0	1224260	2504.018205777368	2.85
26669.93919220509	4300	14.997401554750347	0.0	2157535	4561.925010477604	2.8499999999999996
26673.49820580582	2850	15.43838795402178	0.0	1638769	3559.0136007285696	1.4000000000000001
26677.951081415584	4300	14.985512344258726	0.0	2055469	4452.875609763052	2.8499999999999996
26681.046347496445	2850	15.890246263394978	0.0	1429765	3095.2660808637484	1.4000000000000001
26685.917237535385	4300	15.019356224457173	0.0	2173522	4870.890038937805	2.8499999999999996
26690.49272319173	4300	14.443870568109757	0.0	2102452	4575.485656347418	4.3
26693.513814193662	2850	15.422779566177987	0.0	1422919	3021.091001931769	1.4000000000000001
26698.18181556655	4300	14.754778193287791	0.0	2275376	4668.001372890197	2.8499999999999996
26700.715621393345	2850	16.22097236649402	0.0	1231445	2533.8058267937727	1.4000000000000001
26705.106071206385	4300	15.83052255345675	0.0	2152483	4390.449813037268	2.8499999999999996
26713.593460592343	4300	11.343133167497502	0.0	2289689	8487.389385959248	4.3
26715.749341488186	1850	13.187252271654328	0.0	885714	2155.880895843174	-0.6000000000000001
26719.25671848302	2850	13.679875276819585	0.0	1537156	3507.3769948347444	1.85
26722.2025666564	2850	14.734027103441186	0.0	1336050	2945.8481733783983	2.85
26725.424051384103	2850	15.512542375736503	0.0	1415116	3221.484727704684	2.85
26730.390630963888	4300	14.545962795950157	0.0	2176469	4966.579579786347	2.8499999999999996
26733.90643556176	2850	15.030158198079157	0.0	1505760	3515.804597870999	1.4000000000000001
26738.63078010592	4300	14.305813653917937	0.0	2044075	4724.344544161218	2.8499999999999996
26741.579614487688	2850	15.356979272148601	0.0	1383735	2948.834381769337	1.4000000000000001
26746.457355182287	4300	14.47923857755127	0.0	2105231	4877.740694597332	2.8499999999999996
26749.99710545632	2850	14.939488303516544	0.0	1547572	3539.7502740347254	1.4000000000000001
26752.532707152342	2850	16.403886607495608	0.0	1141971	2535.6016960209377	2.85
26757.174618626475	4300	15.761975133363416	0.0	2134614	4641.911474132189	2.8499999999999996
26761.828150814064	4300	15.10844294577518	0.0	2164140	4653.532187588236	4.3
26767.078300378216	4300	13.858293381623325	0.0	2113193	5250.149564151854	4.3
26772.894303661604	2850	12.042290098234846	0.0	1497683	5816.00328338848	1.4000000000000001
26775.241627836403	1850	13.694965923435284	0.0	885062	2347.3241747995608	0.8500000000000001
26779.07115712384	2850	13.86543663600012	0.0	1587293	3829.529287435163	1.85
26783.656882524614	2850	13.27971123522537	0.0	1492672	4585.725400774751	2.85
26786.96946082615	2850	13.967132933689678	0.0	1439896	3312.5783015356924	2.85
26789.52707315479	2850	15.409520605046833	0.0	1139291	2557.6123286428456	2.85
26793.951377650606	4300	14.985216109226446	0.0	2147467	4424.304495820386	2.8499999999999996
26797.113317853084	2850	15.82327590675065	0.0	1427478	3161.940202475797	1.4000000000000001
26801.752671542847	4300	15.183922216987307	0.0	2146120	4639.353689763343	2.8499999999999996
26806.50736136048	4300	14.429232399355449	0.0	2108491	4754.689817631856	4.3
26810.058980526752	2850	14.877613233082513	0.0	1527299	3551.6191662729357	1.4000000000000001
26812.9427537987	2850	15.99383996113356	0.0	1343002	2883.7732719489536	2.85
26818.240397807705	4300	14.696195952129735	0.0	2219102	5297.644009003825	2.8499999999999996
26821.462728336042	2850	15.47386542379197	0.0	1464921	3222.3305283377626	1.4000000000000001
26826.088879797586	4300	14.847713962250529	0.0	2246506	4626.151461541442	2.8499999999999996
26828.71141595756	2850	16.22517780227232	0.0	1231456	2622.5361599782095	1.4000000000000001
26833.420496460138	4300	15.51609729969898	0.0	2155012	4709.08050257334	2.8499999999999996

