1669.663638290975	750	4.0	1.6776179939805882	450283	1677.6179939805882	-6.463757374116529
1670.2956409370966	300	7.367997353878561	0.0	155580	632.002646121439	-0.15000000000000002
1671.6203327502546	750	10.04330554072035	0.0	350812	1324.6918131582097	0.3
1673.0569401018276	750	12.606698189147123	0.0	382355	1436.6073515732282	0.75
1674.6423658132771	750	15.021272477697641	0.0	411561	1585.4257114494808	0.75
1677.670601342942	1850	15.993036948032662	0.0	801058	3028.2355296649785	0.75
1680.9502255503307	1850	16.71341274064414	0.0	905515	3279.624207388524	1.85
1684.7508075134092	1850	16.912830777565663	0.0	1060487	3800.5819630784786	1.85
1687.8649282212377	1850	17.7987100697371	0.0	852833	3114.120707828559	1.85
1691.0274580484606	1850	18.636180242514506	0.0	913888	3162.5298272225955	1.85
1694.259212502115	1850	19.404425788860024	0.0	939819	3231.754453654482	1.85
1697.740831512484	1850	19.9228067784909	0.0	917428	3481.6190103691247	1.85
1701.3015373505393	1850	20.362100940435592	0.0	946851	3560.7058380553085	1.85
1705.1153904658327	1850	20.548247825142358	0.0	1036454	3813.853115293237	1.85
1708.0359301376357	1850	21.62770815333919	0.0	821631	2920.5396718031675	1.85
1711.3272729436267	1850	22.336365347348153	0.0	923170	3291.3428059910366	1.85
1715.2855379042103	1850	22.378100386764416	0.0	966699	3958.2649605837373	1.85
1720.5829702160559	1850	21.080668074919036	0.0	885714	5297.432311845385	1.85
1723.9628432018765	1850	21.700795089098566	0.0	987708	3379.872985820467	1.85
1727.5446607742379	1850	22.11897751673705	0.0	923755	3581.8175723615154	1.85
1731.0319751581178	1850	22.63166313285734	0.0	891604	3487.3143838797077	1.85
1734.6729124553444	1850	22.990725835630823	0.0	955231	3640.9372972265196	1.85
1738.1770132924885	1850	23.48662499848673	0.0	968026	3504.100837144095	1.85
1741.3248345778686	1850	24.33880371310636	0.0	874175	3147.821285380372	1.85
1744.5316345816295	1850	25.13200370934574	0.0	897976	3206.8000037606175	1.85
1747.7298393016283	1850	25.933798989346894	0.0	905935	3198.204719998846	1.85
1751.5066519198626	1850	26.15698637111238	0.0	1076599	3776.8126182345145	1.85
1754.1882651872506	1850	27.47537310372436	0.0	758197	2681.613267388021	1.85
1757.649228524316	1850	28.01440976665921	0.0	972798	3460.96333706515	1.85
1761.1587657009595	1850	28.504872590015367	0.0	975811	3509.5371766438443	1.85
1764.3672845353635	1850	29.296353755611417	0.0	873429	3208.5188344039507	1.85
1767.8445654850607	1850	29.819072805914345	0.0	954453	3477.280949697075	1.85
1771.0381972028395	1850	30.625441088135613	0.0	885062	3193.6317177787314	1.85
1774.5645925554456	1850	31.09904573552932	0.0	1035329	3526.395352606293	1.85
1777.989472267306	1850	31.67416602366892	0.0	1026056	3424.8797118603998	1.85
1781.123654484202	1850	32.539983806772824	0.0	943942	3134.1822168960916	1.85
1783.6459444195666	1850	34.0176938714081	0.0	728962	2522.289935364728	1.85
1786.9105884881424	1850	34.75304980283216	0.0	938587	3264.644068575934	1.85
1790.179261402824	1850	35.484376888150656	0.0	908665	3268.67291468151	1.85
1793.4672279069036	1850	36.19641038407093	0.0	930577	3287.966504079727	1.85
1796.4887143514736	1850	37.17492393950115	0.0	858450	3021.4864445697795	1.85
1800.128492149491	1850	37.535146141483864	0.0	1025005	3639.7777980172827	1.85
1803.2320976375163	1850	38.431540653458406	0.0	886255	3103.605488025462	1.85
1806.5989381346153	1850	39.064700156359216	0.0	973972	3366.840497099193	1.85
1810.0212243668018	1850	39.64241392417272	0.0	958994	3422.2862321864873	1.85
1813.4696246234475	1850	40.19401366752685	0.0	982064	3448.400256645871	1.85
1816.3602826618715	1850	41.30335562910297	0.0	830730	2890.6580384238805	1.85
1819.3176310826993	1850	42.34600720827501	0.0	846370	2957.348420827953	1.85

