16755.54505541864	750	4.0	6.358794604917855	450283	6358.794604917855	-26.592816801146775
16757.779321979007	300	5.765733439629685	0.0	155580	2234.266560370316	-0.15000000000000002
16759.801640921498	300	7.743414497138548	0.0	139857	2022.3189424911372	0.3
16762.067419516003	300	9.477635902636006	0.0	155432	2265.7785945025416	0.3
16764.445839564916	300	11.099215853722756	0.0	163442	2378.420048913251	0.3
16766.298651369794	300	13.246404048843083	0.0	126289	1852.8118048796737	0.3
16768.530239033273	300	15.014816385365597	0.0	153295	2231.5876634774854	0.3
16775.33731334159	750	12.20774207704507	0.0	437162	6807.074308320527	0.3
16780.67678084371	750	10.868274574925032	0.0	374758	5339.467502120037	0.75
16785.798701170686	750	9.746354247951944	0.0	362795	5121.920326973088	0.75
16787.865947084138	300	11.679108334501308	0.0	141840	2067.245913450635	-0.15000000000000002
16790.133654887955	300	13.411400530683698	0.0	156148	2267.7078038176096	0.3
16792.445256227955	300	15.099799190683225	0.0	160746	2311.6013400004745	0.3
16798.61341799356	750	12.931637425079549	0.0	434409	6168.161765603677	0.3
16803.444398505068	750	12.100656913571608	0.0	337059	4830.980511507941	0.75
16808.61903834692	750	10.926017071720777	0.0	366214	5174.639841850833	0.75
16813.68984353195	750	9.855211886693317	0.0	360831	5070.80518502746	0.75
16815.85744971345	300	11.687605705191395	0.0	150616	2167.6061815019216	-0.15000000000000002
16818.253078869606	300	13.291976549033897	0.0	165384	2395.629156157497	0.3
16820.305628518596	300	15.239426900043522	0.0	140881	2052.5496489903758	0.3
16825.85905560903	750	13.68599980960823	0.0	386472	5553.427090435291	0.3
16831.547555591642	750	11.997499826997911	0.0	399894	5688.49998261032	0.75
16837.49256855066	750	10.052486867979528	0.0	401853	5945.0129590183815	0.75
16839.54580166511	300	11.99925375353157	0.0	137654	2053.233114447958	-0.15000000000000002
16841.728463728243	300	13.816591690400353	0.0	146754	2182.662063131217	0.3
16844.01099193267	300	15.5340634859692	0.0	153938	2282.5282044311543	0.3
16850.094311665845	750	13.450743752796269	0.0	425781	6083.3197331729325	0.3
16854.02892037053	750	13.516135048109314	0.0	277716	3934.608704686955	0.75
16859.648412376773	750	11.89664304186846	0.0	400396	5619.492006240855	0.75
16865.304733849345	750	10.240321569294453	0.0	400508	5656.321472574007	0.75
16867.589484291657	300	11.955571126983868	0.0	157421	2284.7504423105834	-0.15000000000000002
16869.88365794566	300	13.6613974729833	0.0	157488	2294.17365400057	0.3
16871.98393872917	300	15.561116689474057	0.0	143881	2100.2807835092435	0.3
16877.77950995536	750	13.765545463281509	0.0	412837	5795.571226192546	0.3
16883.431514607084	750	12.11354081155589	0.0	401088	5652.0046517256205	0.75
16888.56828554581	750	10.976769872829722	0.0	365161	5136.770938726167	0.75
16893.10085123131	750	10.444204187329797	0.0	321064	4532.565685499924	0.75
16894.8929246617	300	12.652130756939254	0.0	124011	1792.0734303905424	-0.15000000000000002
16896.964469287803	300	14.580586130837075	0.0	144254	2071.544626102179	0.3
16899.116517085105	300	16.4285383335319	0.0	149991	2152.0477973051734	0.3
16903.972526239024	750	15.57252917961494	0.0	345516	4856.009153916963	0.3
16909.36018782455	750	14.184867594088301	0.0	384505	5387.661585526639	0.75
16914.611033761572	750	12.934021657066374	0.0	372093	5250.845937021926	0.75
16920.814736098044	750	10.730319320594736	0.0	438281	6203.702336471638	0.75
16926.38433621306	750	9.160719205577902	0.0	398987	5569.600115016833	0.75
16928.668571088954	300	10.876484329681361	0.0	160064	2284.2348758965404	-0.15000000000000002
16930.650128990605	300	12.894926428030116	0.0	137507	1981.5579016512463	0.3
16932.367750262772	300	15.17730515586621	0.0	118421	1717.621272163906	0.3

