37312.573796576726	750	4.0	7.0283336426002965	450283	7028.333642600296	-29.471834663181273
37315.05458264204	300	5.519213934682046	0.0	155580	2480.786065317954	-0.15000000000000002
37317.28935430259	300	7.284442274126896	0.0	139857	2234.7716605551504	0.3
37319.76246267642	300	8.811333900299172	0.0	155432	2473.108373827725	0.3
37322.34937919599	300	10.224417380731394	0.0	163442	2586.916519567776	0.3
37324.360694170166	300	12.213102406556189	0.0	126289	2011.3149741752056	0.3
37326.79109570618	300	13.782700870540346	0.0	153295	2430.401536015843	0.3
37329.55355841707	300	15.02023815964815	0.0	173849	2762.462710892196	0.3
37335.39150546419	750	13.182291112531118	0.0	374758	5837.947047117031	0.3
37341.21073995677	750	11.363056619950948	0.0	362795	5819.234492580169	0.75
37346.74511345559	750	9.82868312112841	0.0	353220	5534.373498822539	0.75
37349.23392288454	300	11.339873692173192	0.0	156148	2488.809428955217	-0.15000000000000002
37351.793769217205	300	12.78002735950455	0.0	160746	2559.8463326686438	0.3
37354.648873750906	300	13.924922825810773	0.0	179801	2855.104533693776	0.3
37360.19259837601	750	12.381198200708136	0.0	337059	5543.724625102637	0.3
37366.02691311648	750	10.546883460231902	0.0	366214	5834.314740476233	0.75
37371.63274407841	750	8.941052498315099	0.0	360831	5605.830961916803	0.75
37374.0244491183	300	10.54934745842815	0.0	150616	2391.705039886948	-0.15000000000000002
37376.64380994816	300	11.929986628557218	0.0	165384	2619.3608298709314	0.3
37378.89888138664	300	13.674915190077739	0.0	140881	2255.0714384794783	0.3
37381.41640968493	300	15.157386891789676	0.0	157671	2517.5282982880635	0.3
37387.63707391472	750	12.936722661998491	0.0	399894	6220.664229791186	0.3
37393.877151956985	750	10.696644619727817	0.0	401853	6240.078042270674	0.75
37399.229441272786	750	9.344355303924315	0.0	343800	5352.2893158035	0.75
37401.55132987688	300	11.022466699836208	0.0	146754	2321.888604088108	-0.15000000000000002
37403.98850866319	300	12.5852879135235	0.0	153938	2437.1787863127083	0.3
37406.85866876289	300	13.715127813820692	0.0	181901	2870.160099702809	0.3
37408.659630989714	300	15.914165586999706	0.0	111155	1800.9622268209844	0.3
37411.13959942866	300	17.43419714805727	0.0	153605	2479.968438942439	0.3
37417.819714271376	750	14.75408230534243	0.0	400508	6680.114842714838	0.3
37423.3747792139	750	13.199017362818479	0.0	358218	5555.064942523952	0.75
37429.59936386926	750	10.974432707460442	0.0	400322	6224.584655358036	0.75
37431.89726309181	300	12.676533484906715	0.0	143881	2297.8992225537268	-0.15000000000000002
37434.50522808902	300	14.068568487695732	0.0	163444	2607.964997210984	0.3
37437.3686325552	300	15.205164021518012	0.0	179328	2863.4044661777198	0.3
37443.06454001122	750	13.509256565495173	0.0	365161	5695.907456022841	0.3
37448.073870782835	750	12.49992579387561	0.0	321064	5009.330771619563	0.75
37453.71854304699	750	10.855253529723484	0.0	361565	5644.672264152125	0.75
37459.65291596779	750	8.920880608926378	0.0	378327	5934.3729207971055	0.75
37462.045439961665	300	10.528356615050308	0.0	149991	2392.523993876069	-0.15000000000000002
37464.400555342385	300	12.173241234330286	0.0	147968	2355.115380720023	0.3
37466.94933138539	300	13.624465191328003	0.0	161857	2548.7760430022818	0.3
37469.25377441012	300	15.320022166594049	0.0	145210	2304.443024733954	0.3
37472.05934170939	300	16.514454867327668	0.0	172312	2805.5672992663785	0.3
37478.36928672497	750	14.204509851750005	0.0	398987	6309.945015577665	0.3
37484.516851897635	750	12.056944679085344	0.0	393804	6147.565172664661	0.75
37489.752156851595	750	10.821639725121067	0.0	331053	5235.304953964276	0.75
37494.65414060313	750	9.919655973587357	0.0	314107	4901.983751533709	0.75

