17823.339511200847	750	4.0	2.8566965744766133	450283	2856.6965744766135	-11.533795270249437
17824.378904411467	300	6.960606789381186	0.0	155580	1039.3932106188142	-0.15000000000000002
17825.32134081883	300	10.018170382018313	0.0	139857	942.4364073628713	0.3
17828.444020700477	1200	10.895490500370858	0.0	617681	3122.6798816474543	0.29999999999999993
17831.859247769975	1200	11.480263430873892	0.0	652874	3415.227069496967	1.2
17836.66937056875	1850	10.670140632100676	0.0	801058	4810.122798773216	1.2000000000000002
17839.500254747592	1200	11.839256453255574	0.0	561791	2830.8841788451023	0.5499999999999999
17847.140119043037	1850	8.199392157810115	0.0	1060487	7639.864295445459	1.2000000000000002
17850.607874523273	750	8.731636677571561	0.0	374758	3467.755480238553	-0.3500000000000001
17853.106838232638	750	10.232672968210217	0.0	362795	2498.9637093613437	0.75
17856.81882663423	1200	10.520684566619494	0.0	607410	3711.988401590724	0.75
17859.8986599987	1200	11.440851202147197	0.0	594078	3079.833364472296	1.2
17865.181253341256	1850	10.15825785959023	0.0	946851	5282.593342556967	1.2000000000000002
17868.860255368734	1200	10.479255832114001	0.0	687371	3679.0020274762296	0.5499999999999999
17871.570302679767	1200	11.769208521084078	0.0	526950	2710.047311029922	1.2
17876.10609175747	1850	11.233419443382925	0.0	923170	4535.789077701153	1.2000000000000002
17881.6041010885	1850	9.735410112354934	0.0	966699	5498.009331027992	1.85
17884.581912222795	1200	10.757598978059283	0.0	581493	2977.81113429565	0.5499999999999999
17887.823410251425	1200	11.516100949429175	0.0	639204	3241.498028630108	1.2
17892.61646775545	1850	10.723043445401977	0.0	923755	4793.057504027198	1.2000000000000002
17896.315448129873	1200	11.024063070981146	0.0	601738	3698.980374420831	0.5499999999999999
17902.181964343352	1850	9.157546857503473	0.0	955231	5866.516213477676	1.2000000000000002
17906.306372794414	1200	9.033138406441008	0.0	656471	4124.408451062464	0.5499999999999999
17909.94997552483	1200	9.389535676024009	0.0	536667	3643.602730417	1.2
17913.75748277983	1200	9.582028421022152	0.0	587236	3807.507255001857	1.2
17917.119432936535	1200	10.220078264318044	0.0	590335	3361.9501567041066	1.2
17920.703987724373	1200	10.63552347647626	0.0	696376	3584.5547878417838	1.2
17923.1987153629	1200	12.140795837947659	0.0	487160	2494.727638528603	1.2
17928.069493787196	1850	11.270017413654438	0.0	972798	4870.778424293222	1.2000000000000002
17932.94000173398	1850	10.399509466868556	0.0	975811	4870.507946785882	1.85
17935.896367699195	1200	11.443143501653706	0.0	570392	2956.365965214848	0.5499999999999999
17940.774917426643	1850	10.564593774207347	0.0	954453	4878.5497274463605	1.2000000000000002
17943.79712455896	1200	11.542386641887905	0.0	584349	3022.2071323194423	0.5499999999999999
17949.2219174193	1850	10.117593781549123	0.0	1035329	5424.792860338782	1.2000000000000002
17953.061128023906	1200	10.278383176945152	0.0	690253	3839.2106046039717	0.5499999999999999
17956.57025863929	1200	10.76925256156255	0.0	598727	3509.1306153826017	1.2
17959.373221148908	1200	11.966290051946727	0.0	487812	2802.9625096158215	1.2
17965.002132295424	1850	10.337378905432631	0.0	938587	5628.911146514096	1.2000000000000002
17969.690691516927	1200	9.648819683928064	0.0	605884	4688.559221504568	0.5499999999999999
17972.90832801023	1200	10.43118319062428	0.0	587506	3217.6364933037844	1.2
17977.320664519608	1200	10.018846681246353	0.0	566904	4412.336509377927	1.2
17981.302644947027	1200	10.036866253827018	0.0	641452	3981.9804274193366	1.2
17984.94625771064	1200	10.39325349021234	0.0	599477	3643.612763614679	1.2
17990.11824350164	1200	9.221267699209111	0.0	634861	5171.985791003229	1.2
17993.836575298083	1200	9.502935902768243	0.0	630203	3718.331796440866	1.2
17997.520570886118	1200	9.818940314732897	0.0	638661	3683.995588035346	1.2
18000.544161368318	1200	10.795349832530443	0.0	538612	3023.590482202456	1.2
18003.525378349495	1200	11.814132851353653	0.0	550906	2981.2169811767894	1.2

