40664.22194506365	750	4.0	3.118921496457073	450283	3118.921496457073	-12.661362434765413
40665.35194119146	300	6.870003872189731	0.0	155580	1129.9961278102692	-0.15000000000000002
40667.93360372529	750	8.288341338364633	0.0	350812	2581.662533825098	0.3
40670.83160026907	750	9.39034479457543	0.0	382355	2897.9965437892033	0.75
40673.79730365114	750	10.424641412508027	0.0	411561	2965.7033820674037	0.75
40676.08328766079	750	12.13865740285212	0.0	318564	2285.984009655907	0.75
40678.66496965644	750	13.556975407198026	0.0	352642	2581.6819956540926	0.75
40681.85851341441	750	14.36343164923842	0.0	437162	3193.5437579596046	0.75
40684.46509078923	750	15.756854274415943	0.0	374758	2606.5773748224774	0.75
40686.9915876945	750	17.230357369137934	0.0	362795	2526.4969052780066	0.75
40691.19333570693	1200	17.028609356712842	0.0	607410	4201.748012425095	0.75
40695.270202162385	1200	16.951742901257674	0.0	594078	4076.866455455165	1.2
40699.657833955935	1200	16.56411110771016	0.0	624282	4387.631793547518	1.2
40704.490698112946	1200	15.731246950697459	0.0	687371	4832.864157012699	1.2
40708.21264655074	1200	16.00929851291285	0.0	526950	3721.9484377846097	1.2
40712.61658987407	1200	15.60535518957664	0.0	587876	4403.9433233362115	1.2
40717.529393442186	1200	14.692551621466315	0.0	617242	4912.803568110326	1.2
40721.684856650616	1200	14.537088413039431	0.0	581493	4155.463208426883	1.2
40726.44211079995	1200	13.779834263697037	0.0	639204	4757.254149342394	1.2
40730.78186067462	1200	13.440084389031501	0.0	586839	4339.7498746655365	1.2
40735.002839473695	1200	13.21910558995517	0.0	601738	4220.978799076331	1.2
40739.230497952	1200	12.991447111649665	0.0	616206	4227.658478305507	1.2
40743.96673750343	1200	12.255207560214943	0.0	656471	4736.239551434721	1.2
40748.1060553182	1200	12.115889745438034	0.0	536667	4139.317814776909	1.2
40752.14867021716	1200	12.073274846477423	0.0	587236	4042.6148989606118	1.2
40756.3891361756	1200	11.832808888041633	0.0	590335	4240.465958435791	1.2
40761.39035256858	1200	10.831592495065964	0.0	696376	5001.216392975669	1.2
40764.80863693504	1200	11.41330812860996	0.0	487160	3418.284366456004	1.2
40769.16397047653	1200	11.057974587122605	0.0	622896	4355.333541487357	1.2
40774.391291494234	1200	9.830653569417843	0.0	641447	5227.321017704761	1.2
40778.848665775346	1200	9.373279288309881	0.0	570392	4457.374281107961	1.2
40785.17248063831	1200	7.049464425342965	0.0	620283	6323.814862966916	1.2
40787.72345908221	750	8.498485981445237	0.0	369834	2550.9784438977276	0.3
40790.69935731877	750	9.522587744879194	0.0	412837	2975.898236566044	0.75
40793.67123266159	750	10.550712402062567	0.0	401088	2971.875342816628	0.75
40796.57363231057	750	11.648312753080548	0.0	365161	2902.399648982019	0.75
40799.13891493839	750	13.083030125262834	0.0	321064	2565.282627817715	0.75
40803.068940518955	1200	13.15300454470028	0.0	575591	3930.025580562552	0.75
40807.21080804564	1200	13.011137018011198	0.0	605884	4141.867526689084	1.2
40811.36637775219	1200	12.855567311469654	0.0	587506	4155.569706541543	1.2
40815.40723285045	1200	12.814712213205407	0.0	566904	4040.8550982642478	1.2
40819.66970634402	1200	12.552238719629727	0.0	641452	4262.473493575678	1.2
40823.912794550364	1200	12.309150513288186	0.0	599477	4243.08820634154	1.2
40828.55616162038	1200	11.665783443275123	0.0	634861	4643.367070013063	1.2
40833.07148946397	1200	11.150455599684614	0.0	630203	4515.327843590509	1.2
40840.29167511565	1850	7.930269948000436	0.0	982064	7220.185651684177	1.2000000000000002
40846.41157774889	1850	5.810367314761216	0.0	830730	6119.902633239221	1.85
40852.44721786949	1850	4.0	0.22527280583801712	846370	6035.640120599232	0.8813269348965265

