5627.6722854008985	750	4.0	9.414860284346739	450283	9414.86028434674	-39.73389922269098
5631.180886142679	300	4.4913992582199445	0.0	155580	3508.600741780055	-0.15000000000000002
5634.3075429276805	300	5.364742473217639	0.0	139857	3126.656785002306	0.3
5637.411819963691	300	6.260465437206431	0.0	155432	3104.2770360112086	0.3
5640.96507820521	300	6.70720719568817	0.0	163442	3553.25824151826	0.3
5643.8405125434065	300	7.831772857491767	0.0	126289	2875.434338196403	0.3
5650.519554059639	750	5.152731341259082	0.0	352642	6679.041516232685	0.3
5653.826465374055	300	5.845820026842004	0.0	173849	3306.9113144170774	-0.15000000000000002
5656.751986110796	300	6.920299290101297	0.0	150710	2925.520736740708	0.3
5659.45318266203	300	8.219102738868218	0.0	139105	2701.1965512330794	0.3
5666.5036813158085	750	5.168604085089432	0.0	353220	7050.498653778786	0.3
5670.08572969038	300	5.586555710518826	0.0	156148	3582.0483745706065	-0.15000000000000002
5673.775079429916	300	5.897205970982271	0.0	160746	3689.349739536555	0.3
5677.3829407775775	300	6.2893446233206145	0.0	179801	3607.861347661657	0.3
5680.128326582579	300	7.543958818319112	0.0	140051	2745.385805001503	0.3
5687.090177905523	750	4.582107495374955	0.0	366214	6961.851322944157	0.3
5689.935054680255	300	5.737230720642608	0.0	143509	2844.876774732347	-0.15000000000000002
5692.970895218215	300	6.701390182681828	0.0	150616	3035.8405379607802	0.3
5696.221528782778	300	7.450756618120349	0.0	165384	3250.6335645614795	0.3
5702.931763339456	750	4.740522061442001	0.0	350713	6710.234556678348	0.3
5706.011379849239	300	5.660905551659316	0.0	157671	3079.616509782685	-0.15000000000000002
5709.044796887551	300	6.627488513348288	0.0	157812	3033.4170383110286	0.3
5712.183770983609	300	7.488514417289101	0.0	163927	3138.974096059186	0.3
5718.724431409445	750	4.947853991453416	0.0	343800	6540.660425835686	0.3
5721.580043446573	300	6.092241954325835	0.0	146754	2855.6120371275815	-0.15000000000000002
5724.569996351093	300	7.102289049805297	0.0	153938	2989.9529045205377	0.3
5732.627681989021	750	4.0	0.9553965881226232	425781	8057.68563792792	-3.8082053289272793
5734.822419658719	300	5.805262330301838	0.0	111155	2194.737669698162	-0.15000000000000002
5737.821782235811	300	6.805899753209289	0.0	153605	2999.362577092549	0.3
5740.738188905535	300	7.8894930834850765	0.0	149029	2916.406669724213	0.3
5747.962281969619	750	4.665400019401454	0.0	358218	7224.093064083623	0.3
5751.083350882826	300	5.544331106193864	0.0	157488	3121.06891320759	-0.15000000000000002
5753.88058158545	300	6.747100403569969	0.0	143881	2797.230702623895	0.3
5757.050098514081	300	7.5775834749390905	0.0	163444	3169.516928630878	0.3
5764.760721664886	750	4.0	0.13303967586580256	401088	7710.623150804893	-0.27207060622295104
5767.872735353946	300	4.887986310940393	0.0	159914	3112.013689059607	-0.15000000000000002
5770.432552453067	300	6.328169211818603	0.0	131610	2559.8170991217903	0.3
5773.080416837922	300	7.6803048269643055	0.0	124011	2647.864384854297	0.3
5781.394179229526	750	4.0	0.6334575646415397	378327	8313.762391605846	-2.423867527958621
5784.29397434502	300	5.1002048845071855	0.0	149991	2899.7951154928137	-0.15000000000000002
5787.157148727569	300	6.237030501958166	0.0	147968	2863.17438254902	0.3
5790.286966624948	300	7.10721260457864	0.0	161857	3129.8178973795266	0.3
5797.327710589288	750	4.06646864023883	0.0	372093	7040.743964339809	0.3
5800.643148085783	300	4.751031143744778	0.0	172312	3315.4374964940525	-0.15000000000000002
5804.359177664418	300	5.035001565109413	0.0	167025	3716.029578635365	0.3
5807.938024385387	300	5.456154844140687	0.0	160064	3578.846720968726	0.3
5810.585116592044	300	6.809062637482548	0.0	137507	2647.0922066581384	0.3
5813.0356300703115	300	8.358549159214498	0.0	118421	2450.5134782680516	0.3

