6513.220066413059	750	4.0	1.4382832407258432	450283	1438.2832407258431	-5.434617935121126
6514.503246734795	750	6.716819678264306	0.0	398865	1283.1803217356937	0.75
6515.641474694201	750	9.578591718857634	0.0	350812	1138.2279594066722	0.75
6516.874852433329	750	12.345213979729731	0.0	382355	1233.3777391279036	0.75
6519.941352803842	1850	13.278713609216446	0.0	996749	3066.500370513286	0.75
6522.420483933873	1850	14.799582479185698	0.0	801058	2479.131130030747	1.85
6525.21715430821	1850	16.002912104847923	0.0	905515	2796.6703743377757	1.85
6528.546130325424	1850	16.673936087633617	0.0	1060487	3328.976017214303	1.85
6531.347824814674	1850	17.87224159838496	0.0	852833	2801.6944892486576	1.85
6534.500868678235	1850	18.71919773482403	0.0	913888	3153.0438635609307	1.85
6537.825330829622	1850	19.394735583437658	0.0	939819	3324.462151386372	1.85
6540.728165694399	1850	20.491900718660325	0.0	917428	2902.834864777329	1.85
6543.7051467155925	1850	21.514919697466688	0.0	946851	2976.9810211936388	1.85
6546.916136103061	1850	22.303930309998012	0.0	1036454	3210.989387468675	1.85
6549.529611003351	1850	23.69045540970762	0.0	821631	2613.474900290393	1.85
6552.494246255391	1850	24.725820157667822	0.0	923170	2964.6352520397986	1.85
6555.628704343142	1850	25.59136206991666	0.0	966699	3134.4580877511617	1.85
6558.503012473955	1850	26.717053939103735	0.0	885714	2874.3081308129254	1.85
6561.589648930161	1850	27.630417482897	0.0	987708	3086.636456206737	1.85
6564.504010599788	1850	28.716055813271083	0.0	923755	2914.3616696259164	1.85
6567.353382742361	1850	29.866683670697203	0.0	891604	2849.372142573882	1.85
6570.311429430285	1850	30.908636982774183	0.0	955231	2958.0466879230175	1.85
6573.254266861455	1850	31.965799551603446	0.0	968026	2942.8374311707375	1.85
6575.998501530017	1850	33.221564883041964	0.0	874175	2744.2346685614775	1.85
6578.840297389771	1850	34.379769023287444	0.0	897976	2841.795859754518	1.85
6582.379666669237	1850	34.840399743822	0.0	905935	3539.3692794654476	1.85
6586.1393282579575	1850	35.08073815510112	0.0	1076599	3759.6615887208754	1.85
6588.639456739614	1850	36.580609673444485	0.0	758197	2500.1284816566294	1.85
6591.692177548847	1850	37.527888864211235	0.0	972798	3052.7208092332526	1.85
6598.976026206989	4300	34.244040206068284	0.0	2164140	7283.848658142956	1.8499999999999996
6605.585388000096	4300	31.634678412961723	0.0	2113193	6609.361793106558	4.3
6613.002263773149	4300	28.217802639909213	0.0	2147852	7416.8757730525085	4.3
6620.089997768914	4300	25.130068644144202	0.0	2191074	7087.733995765012	4.3
6627.226720515244	4300	21.993345897814635	0.0	2286761	7136.722746329567	4.3
6634.28213499622	4300	18.937931416838808	0.0	2307787	7055.414480975827	4.3
6640.972420564259	4300	16.247645848800225	0.0	2143948	6690.285568038584	4.3
6646.80896252417	4300	14.411103888889098	0.0	1919781	5836.541959911127	4.3
6653.3787023133855	4300	11.841364099672886	0.0	2147467	6569.739789216213	4.3
6656.317404370034	1850	12.902662043025071	0.0	908665	2938.7020566478145	-0.6000000000000001
6659.453041422568	1850	13.767024990490686	0.0	930577	3135.6370525343846	1.85
6662.2288675332975	1850	14.99119887976121	0.0	858450	2775.826110729477	1.85
6665.478934737051	1850	15.741131676007186	0.0	1025005	3250.0672037540235	1.85
6668.196240213156	1850	17.023826199902025	0.0	886255	2717.305476105162	1.85
6671.181058570951	1850	18.039007842106336	0.0	973972	2984.8183577956897	1.85
6674.13602651216	1850	19.08403990089755	0.0	958994	2954.967941208786	1.85
6677.165723411499	1850	20.054343001558138	0.0	982064	3029.6968993394157	1.85
6679.744332619648	1850	21.475733793408864	0.0	830730	2578.6092081492716	1.85
6682.457758893438	1850	22.762307519619206	0.0	846370	2713.4262737896556	1.85

