43645.69185065685	750	4.0	1.7000140996556756	450283	1700.0140996556756	-6.5600606285194045
43646.331591516755	300	7.360259140086502	0.0	155580	639.7408599134989	-0.15000000000000002
43647.673731962495	750	10.01811869434814	0.0	350812	1342.1404457383621	0.3
43649.98737147814	1200	11.704479178703103	0.0	617681	2313.6395156450353	0.75
43653.714813429026	1850	11.977037227818286	0.0	996749	3727.441950884817	1.2000000000000002
43656.86342268849	1850	12.828427968354106	0.0	801058	3148.609259464179	1.85
43660.35148373351	1850	13.340366923336164	0.0	905515	3488.0610450179406	1.85
43666.1749256805	2850	11.516924976351328	0.0	1638769	5823.441946984836	1.85
43669.45192478615	1850	12.239925870692964	0.0	852833	3276.999105658363	0.8500000000000001
43672.77943760892	1850	12.912413047924383	0.0	913888	3327.5128227685823	1.85
43676.18701287936	1850	13.504837777488712	0.0	939819	3407.5752704356705	1.85
43681.8030380855	2850	11.8888125713464	0.0	1519951	5616.025206142312	1.85
43685.50828970394	1850	12.183560952904584	0.0	946851	3705.2516184418164	0.8500000000000001
43689.408168615046	1850	12.283682041806351	0.0	1036454	3899.8789110982316	1.85
43692.513480814465	1850	13.178369842383844	0.0	821631	3105.3121994225057	1.85
43697.997266923754	2850	11.69458373309212	0.0	1471065	5483.786109291724	1.85
43701.6221074472	1850	12.069743209646145	0.0	966699	3624.8405234459756	0.8500000000000001
43704.9516648914	1850	12.740185765444865	0.0	885714	3329.5574442012808	1.85
43708.71658430115	1850	12.97526635569617	0.0	987708	3764.9194097486934	1.85
43712.27038162847	1850	13.421469028376018	0.0	923755	3553.797327320153	1.85
43717.634247636226	2850	12.05760302061577	0.0	1415116	5363.866007760247	1.85
43721.20426367259	1850	12.487586984251408	0.0	955231	3570.0160363643636	0.8500000000000001
43724.81550409691	1850	12.876346559930276	0.0	968026	3611.2404243211304	1.85
43728.07404334027	1850	13.617807316576123	0.0	874175	3258.5392433541533	1.85
43733.35013902409	2850	12.341711632745788	0.0	1383735	5276.095683830336	1.85
43736.86927429122	1850	12.82257636562074	0.0	905935	3519.135267125048	0.8500000000000001
43740.657789895406	1850	13.03406076142661	0.0	1076599	3788.5156041941295	1.85
43744.71790559276	2850	12.97394506407482	0.0	1141971	4060.1156973517895	1.85
43748.343500479285	1850	13.348350177553565	0.0	972798	3625.594886521256	0.8500000000000001
43754.15719950343	2850	11.53465115340476	0.0	1561263	5813.699024148806	1.85
43757.40702857086	1850	12.284822085973513	0.0	873429	3249.829067431246	0.8500000000000001
43761.081272658135	1850	12.610577998704395	0.0	954453	3674.2440872691172	1.85
43764.47512943476	1850	13.216721222083093	0.0	885062	3393.8567766213014	1.85
43770.56093961224	2850	11.130911044598054	0.0	1587293	6085.810177485038	1.85
43774.38439595305	1850	11.307454703789386	0.0	1026056	3823.4563408086688	0.8500000000000001
43777.94725627278	1850	11.74459438405208	0.0	943942	3562.8603197373072	1.85
43780.91166765006	1850	12.780183006770793	0.0	728962	2964.4113772812866	1.85
43784.57321164722	1850	13.118639009619875	0.0	938587	3661.5439971509186	1.85
43790.044968272356	2850	11.646882384479806	0.0	1427478	5471.756625140068	1.85
43793.53913717277	1850	12.152713484069958	0.0	930577	3494.1689004098484	0.8500000000000001
43796.62068947828	1850	13.07116117855952	0.0	858450	3081.552305510438	1.85
43802.01259683073	2850	11.679253826108258	0.0	1527299	5391.9073524512605	1.85
43805.29433239557	1850	12.39751826127069	0.0	886255	3281.7355648375687	0.8500000000000001
43808.88027000342	1850	12.811580653413124	0.0	973972	3585.9376078575665	1.85
43812.368269586215	1850	13.323581070620271	0.0	958994	3487.999582792853	1.85
43817.92289496682	2850	11.768955690018304	0.0	1483527	5554.625380601969	1.85
43821.022241694576	1850	12.669608962262988	0.0	830730	3099.3467277553154	0.8500000000000001
43824.26400604288	1850	13.427844613956385	0.0	846370	3241.764348306604	1.85

