5233.229282936775	750	4.0	5.289240610757688	450283	5289.240610757688	-21.99373462625806
5235.085156769603	300	6.144126167172188	0.0	155580	1855.873832827812	-0.15000000000000002
5236.7615598203665	300	8.467723116408598	0.0	139857	1676.40305076359	0.3
5241.235480009804	750	7.993802926970847	0.0	382355	4473.920189437749	0.3
5246.043285699077	750	7.185997237697822	0.0	411561	4807.805689273026	0.75
5249.998815060218	750	7.230467876557321	0.0	318564	3955.529361140502	0.75
5254.610166447194	750	6.619116489581175	0.0	352642	4611.351386976146	0.75
5256.685205501872	300	8.544077434903478	0.0	173849	2075.039054677696	-0.15000000000000002
5261.058885789523	750	8.17039714725285	0.0	374758	4373.680287650628	0.3
5265.331727854787	750	7.897555081989284	0.0	362795	4272.842065263566	0.75
5274.565791354765	750	4.0	1.3365084179893938	353220	9234.063499978678	-4.996986197354393
5276.49044316194	300	6.075348192824992	0.0	156148	1924.6518071750077	-0.15000000000000002
5278.469413365825	300	8.096377988940512	0.0	160746	1978.97020388448	0.3
5283.587089507454	750	6.978701847311241	0.0	434409	5117.676141629271	0.3
5285.284363782419	300	9.281427572346605	0.0	140051	1697.2742749646363	-0.15000000000000002
5292.180455593956	1200	6.385335760809375	0.0	587876	6896.091811537231	0.29999999999999993
5293.9351275072095	300	8.63066384755544	0.0	143509	1754.6719132539345	-0.6000000000000001
5298.364564627748	750	8.201226727016866	0.0	372963	4429.437120538571	0.3
5303.155122992872	750	7.410668361892375	0.0	405596	4790.5583651244915	0.75
5307.30980512778	750	7.255986226984681	0.0	350713	4154.6821349076945	0.75
5311.859733344595	750	6.706058010170131	0.0	386472	4549.92821681455	0.75
5313.755581716676	300	8.810209638088748	0.0	157812	1895.848372081383	-0.15000000000000002
5321.306292647191	750	5.25949870757407	0.0	401853	7550.710930514679	0.3
5323.197744599216	300	7.3680467555495035	0.0	137654	1891.4519520245663	-0.15000000000000002
5327.628782654756	750	6.937008700009061	0.0	359903	4431.038055540443	0.3
5329.480737995007	300	9.08505335975733	0.0	153938	1851.9553402517306	-0.15000000000000002
5337.579279805391	1200	4.986511549373075	0.0	696376	8098.541810384255	0.29999999999999993
5338.957675616954	300	7.608115737810718	0.0	111155	1378.3958115623577	-0.6000000000000001
5343.6531832722485	750	6.912608082516203	0.0	400396	4695.507655294515	0.3
5345.448569890242	300	9.117221464522116	0.0	149029	1795.3866179940883	-0.15000000000000002
5352.314693539588	1200	6.251097815176665	0.0	570392	6866.12364934545	0.29999999999999993
5354.192755765844	300	8.37303558892039	0.0	157488	1878.0622262562777	-0.6000000000000001
5358.501046909465	750	8.064744445298627	0.0	369834	4308.291143621761	0.3
5363.322418812578	750	7.243372542186566	0.0	412837	4821.371903112063	0.75
5368.015948798642	750	6.5498425561215985	0.0	401088	4693.5299860649675	0.75
5369.932490510918	300	8.633300843845682	0.0	159914	1916.5417122759168	-0.15000000000000002
5373.707948444193	750	8.857842910570964	0.0	321064	3775.4579332747185	0.3
5377.9492139154345	750	8.61657743932991	0.0	361565	4241.265471241054	0.75
5382.390102071507	750	8.175689283257618	0.0	378327	4440.888156072293	0.75
5387.57689580665	750	6.988895548114438	0.0	390680	5186.79373514318	0.75
5390.528009959817	300	8.037781394947634	0.0	147968	2951.1141531668036	-0.15000000000000002
5395.346154673121	750	7.219636681642389	0.0	384505	4818.144713305245	0.3
5399.755382415308	750	6.810408939455948	0.0	372093	4409.22774218644	0.75
5401.845753207432	300	8.720038147332012	0.0	172312	2090.3707921239356	-0.15000000000000002
5406.616990201556	750	7.948801153208269	0.0	398987	4771.236994123743	0.3
5411.261675969658	750	7.304115385105976	0.0	393804	4644.685768102293	0.75
5415.221723923467	750	7.344067431297266	0.0	331053	3960.04795380871	0.75
5418.9399646056945	750	7.6258267490696	0.0	314107	3718.240682227666	0.75

