35888.416343631994	750	4.0	1.9620912859185582	450283	1962.0912859185582	-7.6869925294498
35890.163518143934	750	6.252825488064381	0.0	398865	1747.1745119356178	0.75
35891.70845071793	750	8.707892914067692	0.0	350812	1544.9325739966903	0.75
35893.24409315499	750	11.172250477001583	0.0	382355	1535.642437066107	0.75
35894.89092412894	750	13.525419503060185	0.0	411561	1646.8309739414	0.75
35896.18371140077	750	16.232632231227655	0.0	318564	1292.787271832531	0.75
35897.65594502919	750	18.76039860280502	0.0	352642	1472.2336284226344	0.75
35902.110871401164	1850	18.305472230834418	0.0	1060487	4454.926371970602	0.75
35905.43395266928	1850	18.982390962716263	0.0	852833	3323.0812681181565	1.85
35909.03544527973	1850	19.380898352263138	0.0	913888	3601.4926104531214	1.85
35912.77328903169	1850	19.64305460030394	0.0	939819	3737.843751959195	1.85
35916.34538765744	1850	20.07095597455735	0.0	917428	3572.0986257465897	1.85
35920.47983647574	1850	19.936507156257694	0.0	946851	4134.4488182996565	1.85
35925.02223391986	1850	19.39410971213921	0.0	1036454	4542.397444118483	1.85
35928.46059254312	1850	19.955751088878905	0.0	821631	3438.3586232603043	1.85
35932.09178760505	1850	20.324556026939174	0.0	923170	3631.1950619397285	1.85
35935.97594805509	1850	20.440395576895398	0.0	966699	3884.160450043777	1.85
35939.620291325875	1850	20.79605230611978	0.0	885714	3644.3432707756197	1.85
35943.69967832573	1850	20.716665306264574	0.0	987708	4079.386999855205	1.85
35947.31368711814	1850	21.10265651385132	0.0	923755	3614.008792413256	1.85
35951.0108025775	1850	21.40554105449521	0.0	891604	3697.1154593561073	1.85
35954.95138249116	1850	21.46496114082811	0.0	955231	3940.5799136671	1.85
35958.87157444092	1850	21.544769191072138	0.0	968026	3920.1919497559707	1.85
35962.514196123746	1850	21.902147508239505	0.0	874175	3642.6216828326305	1.85
35967.0964028617	1850	21.31994077029024	0.0	897976	4582.206737949262	1.85
35971.12939486822	1850	21.286948763763437	0.0	905935	4032.9920065268047	1.85
35975.442508562795	1850	20.97383506919025	0.0	1076599	4313.113694573186	1.85
35978.44438350484	1850	21.971960127146506	0.0	758197	3001.8749420437434	1.85
35982.48484609305	1850	21.931497538935705	0.0	972798	4040.4625882108026	1.85
35986.6429566884	1850	21.77338694358469	0.0	975811	4158.110595351017	1.85
35990.47744652856	1850	21.93889710342795	0.0	873429	3834.4898401567366	1.85
35994.68478130116	1850	21.73156233082803	0.0	954453	4207.334772599922	1.85
35998.239597299726	1850	22.176746332266543	0.0	885062	3554.8159985614875	1.85
36002.320031202915	1850	22.096312429078967	0.0	1035329	4080.4339031875757	1.85
36006.52109080285	1850	21.895252829138276	0.0	1026056	4201.059599940692	1.85
36010.521575418374	1850	21.89476821362082	0.0	943942	4000.4846155174573	1.85
36013.607897633214	1850	22.8084459987779	0.0	728962	3086.3222148429227	1.85
36017.675967446514	1850	22.74037618548492	0.0	938587	4068.0698132929783	1.85
36021.54135638365	1850	22.87498724834342	0.0	908665	3865.388937141499	1.85
36024.00904461348	1200	24.40729901851523	0.0	587506	2467.6882298281903	0.5499999999999999
36027.498074096424	1850	24.918269535569532	0.0	858450	3489.029482945699	1.2000000000000002
36031.95180472691	1850	24.464538905089828	0.0	1025005	4453.730630479706	1.85
36036.072412038455	1850	24.343931593544784	0.0	886255	4120.607311545041	1.85
36040.33635420025	1850	24.079989431743307	0.0	973972	4263.942161801477	1.85
36044.17189000333	1850	24.24445362866306	0.0	958994	3835.535803080244	1.85
36048.12649986977	1850	24.289843762225544	0.0	982064	3954.609866437517	1.85
36051.501688346274	1850	24.91465528571982	0.0	830730	3375.1884765057225	1.85
36054.95559298554	1850	25.460750646451455	0.0	846370	3453.9046392683663	1.85

