35732.671709248745	750	4.0	2.8275869610086337	450283	2827.586961008634	-11.408623932337125
35733.70104462093	300	6.970664627814678	0.0	155580	1029.3353721853218	-0.15000000000000002
35734.63443964052	300	10.037269608225255	0.0	139857	933.3950195894238	0.3
35737.76217401983	1200	10.909535228921412	0.0	617681	3127.734379303843	0.29999999999999993
35741.00662439805	1200	11.665084850701078	0.0	652874	3244.4503782203337	1.2
35745.16006716905	1850	11.511642079699449	0.0	801058	4153.442771001628	1.2000000000000002
35749.95133624983	1850	10.720372998908683	0.0	905515	4791.2690807907675	1.85
35753.27104246425	1200	11.400666784492904	0.0	709534	3319.706214415779	0.5499999999999999
35757.37268268398	1850	11.299026564764583	0.0	852833	4101.64021972832	1.2000000000000002
35762.03790561568	1850	10.633803633060321	0.0	913888	4665.222931704263	1.85
35765.126797279154	1200	11.54491196958153	0.0	607410	3088.8916634787915	0.5499999999999999
35769.69537219449	1850	10.976337054249543	0.0	917428	4568.574915331986	1.2000000000000002
35772.7426697654	1200	11.929039483339318	0.0	624282	3047.2975709102257	0.5499999999999999
35777.59900928567	1850	11.072699963068866	0.0	1036454	4856.339520270451	1.2000000000000002
35781.37508578506	1850	11.296623463673964	0.0	821631	3776.076499394903	1.85
35785.80105618412	1850	10.870653064615635	0.0	923170	4425.9703990583275	1.85
35788.63470868298	1200	12.03700056576116	0.0	617242	2833.6524988544747	0.5499999999999999
35792.68772793855	1850	11.983981310182134	0.0	885714	4053.0192555790263	1.2000000000000002
35797.26822427437	1850	11.403484974367762	0.0	987708	4580.496335814372	1.85
35801.43683861838	1850	11.23487063035804	0.0	923755	4168.614344009722	1.85
35805.50542394571	1850	11.166285303020901	0.0	891604	4068.5853273371386	1.85
35809.84498567171	1850	10.82672357701598	0.0	955231	4339.561726004922	1.85
35812.8606633375	1200	11.811045911233217	0.0	656471	3015.677665782762	0.5499999999999999
35816.87244796891	1850	11.799261279819929	0.0	874175	4011.784631413289	1.2000000000000002
35820.98532963251	1850	11.686379616229743	0.0	897976	4112.881663590184	1.85
35825.2998071641	1850	11.371902084638693	0.0	905935	4314.477531591052	1.85
35830.43555402674	1850	10.236155221985504	0.0	1076599	5135.746862653189	1.85
35832.76775385224	1200	11.903955396487593	0.0	487160	2332.1998254979108	0.5499999999999999
35837.21602541544	1850	11.455683833293064	0.0	972798	4448.2715631945275	1.2000000000000002
35841.65628135752	1850	11.015427891209907	0.0	975811	4440.255942083156	1.85
35845.74589963553	1850	10.925809613204798	0.0	873429	4089.6182780051086	1.85
35848.65895116982	1200	12.012758078908897	0.0	620283	2913.051534295901	0.5499999999999999
35852.72483902002	1850	11.946870228709667	0.0	885062	4065.8878501992285	1.2000000000000002
35857.33509542708	1850	11.336613821650861	0.0	1035329	4610.256407058807	1.85
35862.08317635797	1850	10.588532890759751	0.0	1026056	4748.080930891111	1.85
35864.82272119953	1200	11.84898804919241	0.0	598727	2739.5448415673404	0.5499999999999999
35868.15532565599	1850	12.51638359273729	0.0	728962	3332.604456455122	1.2000000000000002
35872.857819056866	1850	11.813890191861558	0.0	938587	4702.49340087573	1.85
35877.02514244954	1850	11.64656679918807	0.0	908665	4167.323392673488	1.85
35881.80364603663	1850	10.868063212103444	0.0	930577	4778.503587084629	1.85
35884.573303447665	1200	12.098405801062903	0.0	566904	2769.6574110405404	0.5499999999999999
35889.20009079441	1850	11.471618454323423	0.0	1025005	4626.78734673948	1.2000000000000002
35893.3040004163	1850	11.36770883242576	0.0	886255	4103.909621897664	1.85
35898.1724849108	1850	10.499224337925302	0.0	973972	4868.48449450046	1.85
35901.29322985466	1200	11.378479394068991	0.0	630203	3120.744943856311	0.5499999999999999
35905.961076846645	1850	10.710632402080646	0.0	982064	4667.846991988344	1.2000000000000002
35908.491150905036	1200	12.180558343691736	0.0	538612	2530.0740583889087	0.5499999999999999
35912.79087654892	1850	11.88083269980741	0.0	846370	4299.725643884327	1.2000000000000002

