38681.89977771436	750	4.0	33.84142253878498	450283	33841.42253878498	-144.76811691677543
38692.98981742916	300	4.0	7.090039714807608	155580	11090.039714807608	-30.63717077367271
38706.58644700446	300	4.0	9.596629575299511	139857	13596.629575299512	-40.9655071737879
38720.350660057804	300	4.0	9.764213053346909	155432	13764.213053346908	-41.686116129391706
38732.49917988506	300	4.0	8.148519827257045	163442	12148.519827257045	-34.738635257205296
38746.16357600579	300	4.0	9.664396120735944	126289	13664.396120735944	-41.25690331916456
38758.191472295555	300	4.0	8.02789628975617	153295	12027.896289756169	-34.21995404595153
38775.94111309883	300	4.0	13.74964080327627	173849	17749.64080327627	-58.82345545408796
38787.13217881826	300	4.0	7.191065719429991	150710	11191.065719429991	-30.62158259354896
38797.806465011774	300	4.0	6.67428619351214	139105	10674.28619351214	-28.3994306321022
38808.14444117183	300	4.0	6.3379761600578695	141840	10337.97616005787	-26.953297488248836
38819.694951097656	300	4.0	7.5505099258168284	156148	11550.509925816828	-32.16719268101237
38831.555768516315	300	4.0	7.860817418665365	160746	11860.817418665365	-33.50151490026107
38845.222457543496	300	4.0	9.666689027174499	179801	13666.6890271745	-41.266762816850346
38855.62586973921	300	4.0	6.403412195721763	140051	10403.412195721763	-27.23467244160358
38865.969658966496	300	4.0	6.343789227284234	138313	10343.789227284235	-26.978293677322206
38876.637050021025	300	4.0	6.66739105452701	143509	10667.39105452701	-28.369781534466142
38888.10151871876	300	4.0	7.464468697730725	150616	11464.468697730725	-31.797215400242113
38900.63820339991	300	4.0	8.536684681152947	165384	12536.684681152947	-36.407744128957674
38911.06667339602	300	4.0	6.428469996098815	140881	10428.469996098815	-27.3424209832249
38922.59144972567	300	4.0	7.524776329654565	157671	11524.776329654565	-32.05653821751463
38934.64133921352	300	4.0	8.049889487858003	157812	12049.889487858003	-34.31452479778942
38946.44128822752	300	4.0	7.799949014000084	163927	11799.949014000083	-33.23978076020036
38959.51948543508	300	4.0	9.078197207556068	137654	13078.197207556068	-38.736247992491094
38970.83974787419	300	4.0	7.320262439117825	146754	11320.262439117825	-31.177128488206648
38982.24386526567	300	4.0	7.404117391475657	153938	11404.117391475656	-31.537704783345323
38996.48469684826	300	4.0	10.240831582590644	181901	14240.831582590645	-43.735575805139774
39005.07810981862	300	4.0	4.593412970360634	111155	8593.412970360634	-19.451675772550725
39016.07814795421	300	4.0	7.000038135587949	153605	11000.038135587949	-29.800163983028177
39028.748081961996	300	4.0	8.669934007784716	149029	12669.934007784717	-36.98071623347428
39040.873257901905	300	4.0	8.125175939909852	157421	12125.175939909852	-34.638256541612364
39052.7402572993	300	4.0	7.86699939739776	157488	11866.99939739776	-33.52809740881037
39056.239898835986	300	4.500358463317178	0.0	143881	3499.641536682822	0.3
39057.16352366027	300	7.576733639035789	0.0	163444	923.6248242813894	0.3
39058.1691345881	300	10.571122711202813	0.0	179328	1005.6109278329762	0.3
39060.13393234427	750	12.606324955033017	0.0	365161	1964.7977561697978	0.3
39061.68327022651	750	15.056987072800768	0.0	321064	1549.3378822322481	0.75
39063.21840450844	750	17.52185279086898	0.0	361565	1535.1342819317895	0.75
39066.99442578765	1850	17.74583151165812	0.0	908665	3776.0212792108573	0.75
39071.00783556357	1850	17.732421735735088	0.0	930577	4013.4097759230362	1.85
39074.46799604121	1850	18.27226125809547	0.0	858450	3460.1604776396157	1.85
39078.86617902056	1850	17.874078278744985	0.0	1025005	4398.182979350482	1.85
39082.7266976979	1850	18.01355960140664	0.0	886255	3860.518677338346	1.85
39086.59822608608	1850	18.142031213224467	0.0	973972	3871.528388182175	1.85
39090.3869432066	1850	18.3533140927036	0.0	958994	3788.717120520864	1.85
39094.137026295706	1850	18.603231003598754	0.0	982064	3750.0830891048477	1.85
39097.29606114109	1850	19.444196158217515	0.0	830730	3159.034845381239	1.85
39100.68390246656	1850	20.056354832751655	0.0	846370	3387.8413254658585	1.85

