17635.00031276748	750	4.0	7.128087108053622	450283	7128.087108053622	-29.900774564630574
17637.483027288185	300	5.517285479294868	0.0	155580	2482.7145207051317	-0.15000000000000002
17639.715711625908	300	7.284601141571866	0.0	139857	2232.684337723003	0.3
17645.679062036143	750	5.321250731337441	0.0	382355	5963.350410234424	0.3
17648.27831309887	300	6.721999668611162	0.0	163442	2599.251062726279	-0.15000000000000002
17650.945153527045	300	8.05515924043437	0.0	126289	2666.840428176792	0.3
17657.82167297476	750	5.178639792720353	0.0	352642	6876.519447714018	0.3
17660.710022584783	300	6.2902901826960935	0.0	173849	2888.3496100242587	-0.15000000000000002
17663.13678193217	300	7.863530835307274	0.0	150710	2426.7593473888196	0.3
17668.77694781868	750	6.223364948800129	0.0	362795	5640.165886507145	0.3
17671.07633313391	300	7.92397963356867	0.0	141840	2299.385315231459	-0.15000000000000002
17677.421936887986	750	5.578375879492794	0.0	405134	6345.603754075876	0.3
17680.265345415908	300	6.734967351571766	0.0	160746	2843.408527921027	-0.15000000000000002
17683.883225660902	300	7.1170871065778725	0.0	179801	3617.880244993893	0.3
17689.171713585656	750	5.8285991818216765	0.0	337059	5288.487924756197	0.3
17691.39431775525	300	7.60599501223028	0.0	138313	2222.6041695913964	-0.15000000000000002
17697.04444117025	750	5.955871597227888	0.0	360831	5650.123415002392	0.3
17699.493722609874	300	7.5065901576050225	0.0	150616	2449.281439622865	-0.15000000000000002
17707.225786609386	750	4.0	0.22547384190483352	405596	7732.063999509856	-0.669537520190784
17709.49421986229	300	5.73156674709573	0.0	140881	2268.433252904269	-0.15000000000000002
17712.010361737644	300	7.215424871740362	0.0	157671	2516.1418753553685	0.3
17718.432100627695	750	4.793685981690603	0.0	399894	6421.73889004976	0.3
17721.145842786762	300	6.079943822621614	0.0	163927	2713.7421590689896	-0.15000000000000002
17723.428674219045	300	7.797112390338709	0.0	137654	2282.8314322829046	0.3
17729.115192621208	750	6.110593988174972	0.0	359903	5686.518402163737	0.3
17731.70347560075	300	7.5223110086350236	0.0	153938	2588.2829795399484	-0.15000000000000002
17738.573096935794	750	4.652689673591487	0.0	425781	6869.621335043536	0.3
17740.357263744332	300	6.868522865052166	0.0	111155	1784.16680853932	-0.15000000000000002
17742.803003981495	300	8.422782627889037	0.0	153605	2445.7402371631297	0.3
17749.83183987909	750	5.393946730289805	0.0	400508	7028.835897599231	0.3
17752.398748685537	300	6.827037923845924	0.0	157421	2566.908806443882	-0.15000000000000002
17754.889005223326	300	8.336781386052994	0.0	157488	2490.256537792928	0.3
17760.665539578888	750	6.560247030492263	0.0	369834	5776.5343555607315	0.3
17763.256715548	300	7.969071061384933	0.0	163444	2591.1759691073303	-0.15000000000000002
17769.51023427569	750	5.7155523336905505	0.0	401088	6253.5187276943825	0.3
17772.070405696115	300	7.155380913265454	0.0	159914	2560.171420425097	-0.15000000000000002
17777.18626224656	750	6.039524362820672	0.0	321064	5115.856550444781	0.3
17779.240892882066	300	7.984893727312717	0.0	124011	2054.6306355079546	-0.15000000000000002
17785.206247425635	750	6.019539183746275	0.0	378327	5965.354543566443	0.3
17787.595540925377	300	7.630245684004092	0.0	149991	2389.2934997421826	-0.15000000000000002
17793.211018863447	750	6.014767745934929	0.0	345516	5615.477938069163	0.3
17796.07823884584	300	7.147547763542647	0.0	161857	2867.219982392282	-0.15000000000000002
17801.868659798733	750	5.357126810649213	0.0	372093	5790.420952893434	0.3
17804.593035759684	300	6.6327508496982315	0.0	172312	2724.3759609509807	-0.15000000000000002
17807.236185983526	300	7.9896006258563945	0.0	167025	2643.150223841837	0.3
17813.359761567703	750	5.866025041676715	0.0	393804	6123.57558417968	0.3
17815.55068170357	300	7.67510490580946	0.0	137507	2190.920135867255	-0.15000000000000002
17820.48281462637	750	6.742971983008155	0.0	314107	4932.132922801305	0.3

