42512.19053902807	750	4.0	2.557230337617211	450283	2557.2303376172113	-10.246090451754007
42513.12646184978	300	7.064077178293461	0.0	155580	935.9228217065396	-0.15000000000000002
42513.9758846424	300	10.214654385676084	0.0	139857	849.4227926173769	0.3
42516.137402755216	750	12.053136272862961	0.0	382355	2161.5181128131217	0.3
42518.44029141513	750	13.75024761295138	0.0	411561	2302.8886599115813	0.75
42520.24601651176	750	15.944522516315107	0.0	318564	1805.7250966362712	0.75
42522.30717165562	750	17.883367372449168	0.0	352642	2061.1551438659417	0.75
42524.84316312857	750	19.347375899502882	0.0	437162	2535.9914729462816	0.75
42526.92155692663	750	21.26898210144558	0.0	374758	2078.393798057303	0.75
42528.90955898349	750	23.280980044582606	0.0	362795	1988.0020568629789	0.75
42530.86036933201	750	25.33016969606348	0.0	353220	1950.810348519126	0.75
42535.94328213932	1850	24.24725688874548	0.0	917428	5082.912807317999	0.75
42541.022107024495	1850	23.168432003572956	0.0	946851	5078.824885172521	1.85
42546.597666728405	1850	21.5928722996671	0.0	1036454	5575.5597039058575	1.85
42551.29885226517	1850	20.891686762905763	0.0	821631	4701.185536761336	1.85
42556.54656810662	1850	19.643970921455942	0.0	923170	5247.715841449823	1.85
42562.00818390592	1850	18.18235512215449	0.0	966699	5461.615799301449	1.85
42567.13806544133	1850	17.052473586746643	0.0	885714	5129.881535407849	1.85
42572.52865635972	1850	15.661882668358649	0.0	987708	5390.590918387997	1.85
42577.67533049724	1850	14.515208530841209	0.0	923755	5146.674137517441	1.85
42583.60026975502	1850	12.590269273056519	0.0	891604	5924.939257784688	1.85
42589.5539226413	1850	10.636616386778998	0.0	955231	5953.652886277522	1.85
42591.771559725596	750	12.418979302480766	0.0	401853	2217.637084298233	-0.3500000000000001
42593.64796902319	750	14.542570004886992	0.0	343800	1876.4092975937756	0.75
42595.60851903899	750	16.58201998908742	0.0	359903	1960.5500157995714	0.75
42597.643263253754	750	18.54727577432288	0.0	379700	2034.7442147645397	0.75
42599.88019788895	750	20.31034113912161	0.0	425781	2236.93463520127	0.75
42601.36706024108	750	22.82347878699797	0.0	277716	1486.862352123641	0.75
42603.72897717296	750	24.46156185511751	0.0	400396	2361.9169318804593	0.75
42609.25672312665	1850	22.93381590143396	0.0	975811	5527.745953683551	0.75
42613.97245075332	1850	22.21808827476459	0.0	873429	4715.727626669371	1.85
42619.25483048251	1850	20.935708545571273	0.0	954453	5282.379729193316	1.85
42624.013728347105	1850	20.176810680976196	0.0	885062	4758.897864595078	1.85
42631.16732879286	1850	17.023210235231158	0.0	1035329	7153.600445745037	1.85
42640.547128897575	1850	11.64341013051049	0.0	1026056	9379.800104720669	1.85
42643.54263860145	750	12.64790042663579	0.0	365161	2995.509703874701	-0.3500000000000001
42645.6708441314	750	14.519694896690103	0.0	321064	2128.2055299456856	0.75
42647.99314112887	750	16.19739789921615	0.0	361565	2322.2969974739553	0.75
42650.08274889688	750	18.107790131199593	0.0	378327	2089.607768016557	0.75
42652.237973670184	750	19.952565357898433	0.0	390680	2155.224773301162	0.75
42654.314958613104	750	21.87558041497962	0.0	345516	2076.9849429188116	0.75
42656.703664444954	750	23.48687458313393	0.0	384505	2388.705831845691	0.75
42658.95217996484	750	25.238359063247174	0.0	372093	2248.515519886753	0.75
42664.45770194539	1850	23.732837082694036	0.0	973972	5505.521980553138	0.75
42669.81120482033	1850	22.379334207756227	0.0	958994	5353.502874937812	1.85
42675.2097238243	1850	20.980815203788307	0.0	982064	5398.519003967919	1.85
42679.6668476226	1850	20.523691405488982	0.0	830730	4457.123798299326	1.85
42684.09814903545	1850	20.092389992630707	0.0	846370	4431.301412858275	1.85

