34443.360041054315	750	4.0	9.014061696539095	450283	9014.061696539095	-38.0104652951181
34446.293864246734	300	5.066176807582612	0.0	155580	2933.823192417388	-0.15000000000000002
34448.92500245391	300	6.435038600408545	0.0	139857	2631.1382071740672	0.3
34451.93572438203	300	7.4243166722925835	0.0	155432	3010.721928115962	0.3
34455.16842755955	300	8.191613494776812	0.0	163442	3232.7031775157716	0.3
34457.9077283952	300	9.452312659119283	0.0	126289	2739.3008356575288	0.3
34461.02677282059	300	10.333268233736998	0.0	153295	3119.044425382284	0.3
34464.239484983766	300	11.12055607055392	0.0	173849	3212.712163183078	0.3
34467.36569574289	300	11.994345311426798	0.0	150710	3126.210759127124	0.3
34470.339207386154	300	13.020833668163185	0.0	139105	2973.5116432636128	0.3
34472.960141068215	300	14.399899986102348	0.0	141840	2620.933682060836	0.3
34475.83755908914	300	15.522481965179326	0.0	156148	2877.418020923021	0.3
34483.315911568265	750	12.04412948605341	0.0	386351	7478.352479125915	0.3
34486.91376690511	300	12.446274149200713	0.0	179801	3597.8553368526977	-0.15000000000000002
34489.43638039568	300	13.92366065863198	0.0	140051	2522.6134905687322	0.3
34492.16249720849	300	15.197543845824754	0.0	138313	2726.1168128072272	0.3
34499.16342126921	750	12.196619785106586	0.0	360831	7000.924060718167	0.3
34501.94421689051	300	13.415824163810806	0.0	150616	2780.7956212957815	-0.15000000000000002
34504.982753346616	300	14.3772877077031	0.0	165384	3038.5364561077035	0.3
34507.57534350146	300	15.784697552855286	0.0	140881	2592.590154847813	0.3
34514.47960500825	750	12.880436046069455	0.0	386472	6904.261506785831	0.3
34521.6602541429	750	9.69978691141541	0.0	399894	7180.649134654044	0.75
34524.79905736634	300	10.560983687979022	0.0	163927	3138.8032234363886	-0.15000000000000002
34527.40710621295	300	11.952934841371718	0.0	137654	2608.0488466073043	0.3
34530.13158509024	300	13.228455964077824	0.0	146754	2724.478877293893	0.3
34533.227593186435	300	14.132447867885432	0.0	153938	3096.0080961923927	0.3
34537.09381220572	300	14.266228848608986	0.0	181901	3866.2190192764465	0.3
34539.486169185126	300	15.87387186920395	0.0	111155	2392.356979405034	0.3
34542.58714676991	300	16.772894284418353	0.0	153605	3100.977584785599	0.3
34549.74361672965	750	13.616424324684619	0.0	400508	7156.46995973373	0.3
34556.260829121304	750	11.09921193302536	0.0	358218	6517.212391659259	0.75
34559.16733470138	300	12.192706352950195	0.0	157488	2906.5055800751666	-0.15000000000000002
34561.82796019111	300	13.532080863217896	0.0	143881	2660.625489732297	0.3
34564.791457501226	300	14.568583553108175	0.0	163444	2963.4973101097225	0.3
34568.03499078762	300	15.325050266711026	0.0	179328	3243.5332863971494	0.3
34570.94247144047	300	16.417569613874786	0.0	159914	2907.4806528362396	0.3
34576.678611183124	750	14.681429871219057	0.0	321064	5736.139742655726	0.3
34583.92620191574	750	11.433839138600797	0.0	361565	7247.590732618261	0.75
34586.6102674398	300	12.749773614547143	0.0	144254	2684.065524053655	-0.15000000000000002
34589.3881508372	300	13.971890217149504	0.0	149991	2777.8833973976384	0.3
34592.12520395451	300	15.234837099835216	0.0	147968	2737.0531173142876	0.3
34599.224235020134	750	12.135806034218037	0.0	384505	7099.03106561718	0.3
34605.9223067126	750	9.437734341752737	0.0	372093	6698.0716924653	0.75
34609.28632721243	300	10.07371384192331	0.0	172312	3364.0204998294275	-0.15000000000000002
34612.84003793983	300	10.520003114521211	0.0	167025	3553.7107274020977	0.3
34615.850764205476	300	11.509276848877944	0.0	160064	3010.726265643266	0.3
34618.42423549553	300	12.935805558829706	0.0	137507	2573.471290048237	0.3
34620.57810713574	300	14.781933918614152	0.0	118421	2153.871640215555	0.3

