25311.93746996172	750	4.0	2.1227247497434445	450283	2122.7247497434446	-8.37771642389681
25312.72326413242	300	7.214205829300496	0.0	155580	785.7941706995049	-0.15000000000000002
25314.394735173755	750	9.542734787962054	0.0	350812	1671.4710413384412	0.3
25317.26146645565	1200	10.67600350606681	0.0	617681	2866.731281895246	0.75
25320.284743681696	1200	11.652726280020953	0.0	652874	3023.277226045856	1.2
25324.1221108539	1850	11.815359107815484	0.0	801058	3837.36717220547	1.2000000000000002
25328.225356637766	1850	11.712113323948643	0.0	905515	4103.2457838668415	1.85
25333.06211934764	1850	10.87535061407355	0.0	1060487	4836.762709875093	1.85
25335.83147257787	1200	12.105997383843711	0.0	584846	2769.3532302298386	0.5499999999999999
25340.06693454829	1850	11.870535413424541	0.0	913888	4235.46197041917	1.2000000000000002
25344.491471369638	1850	11.445998592073277	0.0	939819	4424.536821351265	1.85
25348.80708396266	1850	11.130385999053727	0.0	917428	4315.612593019548	1.85
25353.15589497625	1850	10.781574985462045	0.0	946851	4348.811013591682	1.85
25356.292957958318	1200	11.644512003396198	0.0	687371	3137.0629820658464	0.5499999999999999
25360.172659372067	1850	11.764810589649366	0.0	821631	3879.70141374683	1.2000000000000002
25364.457848513306	1850	11.479621448408285	0.0	923170	4285.189141241082	1.85
25369.229086924097	1850	10.708383037614347	0.0	966699	4771.238410793938	1.85
25372.20894414175	1200	11.72852581996387	0.0	581493	2979.857217650476	0.5499999999999999
25377.04153001165	1850	10.895939950063964	0.0	987708	4832.585869899908	1.2000000000000002
25379.73107074433	1200	12.206399217386707	0.0	586839	2689.5407326772565	0.5499999999999999
25383.738065456648	1850	12.199404505067845	0.0	891604	4006.994712318861	1.2000000000000002
25387.992035624888	1850	11.945434336827002	0.0	955231	4253.970168240843	1.85
25392.340088134788	1850	11.597381826926885	0.0	968026	4348.052509900116	1.85
25396.500940287955	1850	11.436529673760077	0.0	874175	4160.852153166809	1.85
25400.49083035781	1850	11.446639603906865	0.0	897976	3989.89006985321	1.85
25404.56376279857	1850	11.373707163146186	0.0	905935	4072.93244076068	1.85
25409.377151047047	1850	10.5603189146706	0.0	1076599	4813.388248475587	1.85
25411.577017769938	1200	12.36045219178282	0.0	487160	2199.8667228877807	0.5499999999999999
25416.616742155773	1850	11.32072780594693	0.0	972798	5039.724385835889	1.2000000000000002
25421.46696524145	1850	10.470504720270254	0.0	975811	4850.223085676676	1.85
25424.20593597841	1200	11.731533983308678	0.0	570392	2738.9707369615753	0.5499999999999999
25428.658974060414	1850	11.278495901305355	0.0	954453	4453.038082003323	1.2000000000000002
25432.80764628619	1850	11.129823675527138	0.0	885062	4148.672225778216	1.85
25438.065013247786	1850	9.872456713932728	0.0	1035329	5257.366961594411	1.85
25441.48590863653	1200	10.451561325189294	0.0	690253	3420.895388743434	0.5499999999999999
25444.241062954963	1200	11.696407006754635	0.0	598727	2755.15431843466	1.2
25447.40506574446	1850	12.532404217257733	0.0	728962	3164.0027894969003	1.2000000000000002
25451.43007658502	1850	12.50739337669532	0.0	938587	4025.010840562413	1.85
25455.47856726473	1850	12.458902696985277	0.0	908665	4048.4906797100452	1.85
25459.63369216579	1850	12.303777795930516	0.0	930577	4155.12490105476	1.85
25463.371012694217	1850	12.56645726749992	0.0	858450	3737.3205284305964	1.85
25467.920645638304	1850	12.016824323413394	0.0	1025005	4549.632944086527	1.85
25471.87049581446	1850	12.066974147256259	0.0	886255	3949.850176157135	1.85
25476.175713472378	1850	11.761756489336024	0.0	973972	4305.217657920234	1.85
25480.48249860152	1850	11.454971360193241	0.0	958994	4306.785129142783	1.85
25484.950738950276	1850	10.986731011436015	0.0	982064	4468.240348757227	1.85
25487.405992674176	1200	12.531477287533704	0.0	538612	2455.2537239023104	0.5499999999999999
25491.24613430863	1850	12.69133565308163	0.0	846370	3840.141634452072	1.2000000000000002

