15735.149366011889	750	4.0	2.6105126764687223	450283	2610.5126764687225	-10.475204508815505
15737.470918410489	750	5.678447601398017	0.0	398865	2321.552398601984	0.75
15739.59501668496	750	7.554349326927395	0.0	350812	2124.0982744706216	0.75
15741.913252181163	750	9.236113830723996	0.0	382355	2318.2354962033983	0.75
15744.271467706714	750	10.877898305173977	0.0	411561	2358.2155255500206	0.75
15746.049388923939	750	13.09997708794775	0.0	318564	1777.9212172262276	0.75
15750.982660979105	1850	12.166705032781978	0.0	905515	4933.272055165771	0.75
15757.049275351366	1850	10.10009066052048	0.0	1060487	6066.614372261498	1.85
15761.695228699917	1850	9.454137311969257	0.0	852833	4645.953348551224	1.85
15768.08331150421	1850	7.066054507677139	0.0	913888	6388.0828042921175	1.85
15771.791663968368	1200	7.3577020435186355	0.0	607410	3708.3524641585027	0.5499999999999999
15775.384212908895	1200	7.765153102990032	0.0	594078	3592.5489405286035	1.2
15779.18837431138	1200	7.96099170050559	0.0	624282	3804.161402484442	1.2
15783.43353278147	1200	7.715833230414541	0.0	687371	4245.15847009105	1.2
15787.310157554526	1200	7.839208457359881	0.0	526950	3876.6247730546597	1.2
15791.149059233378	1200	8.000306778509568	0.0	587876	3838.9016788503127	1.2
15795.482337848043	1200	7.667028163842745	0.0	617242	4333.278614666823	1.2
15800.199053196522	1200	6.95031281536483	0.0	581493	4716.715348477915	1.2
15803.846424261554	1200	7.3029417503330585	0.0	639204	3647.3710650317716	1.2
15807.309736163013	1200	7.83962984887343	0.0	586839	3463.311901459629	1.2
15810.745862878632	1200	8.403503133255196	0.0	601738	3436.126715618235	1.2
15814.125391808799	1200	9.023974203088386	0.0	616206	3379.528930166809	1.2
15817.83455148652	1200	9.314814525367218	0.0	656471	3709.1596777211676	1.2
15820.91411212869	1200	10.235253883197993	0.0	536667	3079.560642169227	1.2
15824.309312572193	1200	10.840053439692916	0.0	587236	3395.2004435050762	1.2
15827.66588262281	1200	11.483483389076246	0.0	590335	3356.5700506166704	1.2
15831.551196698412	1200	11.598169313474164	0.0	696376	3885.314075602082	1.2
15834.253916107584	1200	12.895449904302062	0.0	487160	2702.719409172102	1.2
15840.0355255951	1850	11.113840416785386	0.0	972798	5781.609487516676	1.2000000000000002
15845.991180573852	1850	9.158185438033971	0.0	975811	5955.654978751415	1.85
15850.989730490985	1850	8.159635520902595	0.0	873429	4998.549917131377	1.85
15856.950956336892	1850	6.198409674994979	0.0	954453	5961.2258459076165	1.85
15860.423963009584	1200	6.725403002302578	0.0	584349	3473.0066726924006	0.5499999999999999
15864.153108324406	1200	6.9962576874783755	0.0	670129	3729.145314824202	1.2
15867.952805193605	1200	7.1965608182805765	0.0	690253	3799.696869197799	1.2
15871.262495610383	1200	7.886870401502259	0.0	598727	3309.690416778317	1.2
15874.0146488758	1200	9.134717136083115	0.0	487812	2752.1532654191446	1.2
15877.189685221216	1200	9.959680790669102	0.0	575591	3175.0363454140115	1.2
15880.47335333036	1200	10.676012681524984	0.0	605884	3283.668109144119	1.2
15883.660462438344	1200	11.488903573542844	0.0	587506	3187.1091079821404	1.2
15886.790497487826	1200	12.358868524059181	0.0	566904	3130.035049483663	1.2
15892.582860256607	1850	10.566505755279486	0.0	1025005	5792.362768779695	1.2000000000000002
15898.14508818378	1850	9.004277828105769	0.0	886255	5562.227927173717	1.85
15904.403834280587	1850	6.745531731299302	0.0	973972	6258.746096806467	1.85
15912.141249348197	1850	4.0	0.991883336309762	958994	7737.415067609064	-2.4150983461319764
15915.45594052478	750	4.685308823417677	0.0	393804	3314.691176582323	-0.3500000000000001
15917.597430082262	750	6.543819265934781	0.0	331053	2141.4895574828965	0.75
15922.308613850157	1850	5.832635498040354	0.0	846370	4711.183767894427	0.75

