8840.736104646434	750	4.0	1.1081044373668423	450283	1108.1044373668424	-4.014849080677422
8841.726809417456	750	7.009295228977496	0.0	398865	990.7047710225028	0.75
8842.60779762683	750	10.128307019603533	0.0	350812	880.9882093739643	0.75
8843.560806095169	750	13.175298551263847	0.0	382355	953.0084683396865	0.75
8845.901805097212	1850	14.834299549221665	0.0	996749	2340.999002042182	0.75
8847.780312483454	1850	16.955792162979616	0.0	801058	1878.5073862420497	1.85
8849.893343070318	1850	18.842761576114533	0.0	905515	2113.030586865083	1.85
8852.356076135118	1850	20.3800285113166	0.0	1060487	2462.733064797932	1.85
8854.352446587234	1850	22.38365805919887	0.0	852833	1996.370452117732	1.85
8856.513327315613	1850	24.22277733082004	0.0	913888	2160.8807283788246	1.85
8858.759684285322	1850	25.97642036111137	0.0	939819	2246.3569697086696	1.85
8860.953825210285	1850	27.782279436149313	0.0	917428	2194.1409249620556	1.85
8863.212799693601	1850	29.52330495283178	0.0	946851	2258.9744833175355	1.85
8865.677976262177	1850	31.05812838425616	0.0	1036454	2465.1765685756186	1.85
8870.34664257263	4300	30.389462073805117	0.0	2005399	4668.666310451046	1.8499999999999996
8875.358156830518	4300	29.377947815915054	0.0	2152483	5011.514257890061	4.3
8880.652636099498	4300	28.083468546934938	0.0	2289689	5294.479268980114	4.3
8885.82730697282	4300	26.908797673611446	0.0	2059512	5174.670873323492	4.3
8891.06512047417	4300	25.670984172261882	0.0	2220726	5237.813501349567	4.3
8895.965013732597	4300	24.7710909138333	0.0	2156729	4899.89325842858	4.3
8900.781898131596	4300	23.954206514833757	0.0	2039773	4816.884398999542	4.3
8905.730795427326	4300	23.005309219103616	0.0	2176469	4948.897295730141	4.3
8910.76928854247	4300	21.96681610395926	0.0	2221506	5038.493115144357	4.3
8915.4135042381	4300	21.322600408329265	0.0	2044075	4644.215695629997	4.3
8920.49595820426	4300	20.240146442170076	0.0	2186790	5082.453966159187	4.3
8925.323788120086	4300	19.412316526344704	0.0	2105231	4827.829915825373	4.3
8930.798411575235	4300	17.937693071194698	0.0	2395588	5474.623455150007	4.3
8935.27431816	4300	17.461786486430867	0.0	1972048	4475.906584763831	4.3
8940.087586158224	4300	16.648518488205603	0.0	2134614	4813.267998225266	4.3
8945.009386042506	4300	15.726718603924885	0.0	2164140	4921.799884280717	4.3
8949.830961632673	4300	14.905143013757803	0.0	2113193	4821.575590167083	4.3
8954.708147963489	4300	14.027956682941698	0.0	2147852	4877.1863308161055	4.3
8956.761049825545	1850	15.975054820884075	0.0	885062	2052.901862057622	-0.6000000000000001
8959.08509944233	1850	17.651005204098524	0.0	1035329	2324.0496167855526	1.85
8961.3712475135	1850	19.364857132930805	0.0	1026056	2286.148071167721	1.85
8963.537735524058	1850	21.19836912237142	0.0	943942	2166.4880105593857	1.85
8965.276759434593	1850	23.45934521183684	0.0	728962	1739.0239105345775	1.85
8967.49286292849	1850	25.243241717941522	0.0	938587	2216.1034938953158	1.85
8969.59666933281	1850	27.139435313620346	0.0	908665	2103.8064043211766	1.85
8971.745090741077	1850	28.991013905351966	0.0	930577	2148.4214082683775	1.85
8973.742272374266	1850	30.993832272163665	0.0	858450	1997.1816331883037	1.85
8978.727376018567	4300	30.008728627861434	0.0	2184571	4985.103644302229	1.8499999999999996
8983.563545634926	4300	29.172559011501587	0.0	2121928	4836.169616359848	4.3
8988.72544185338	4300	28.010662793049857	0.0	2219102	5161.896218451731	4.3
8993.537072385321	4300	27.19903226110847	0.0	2124950	4811.630531941388	4.3
8998.60949361667	4300	26.126611029759406	0.0	2246506	5072.421231349066	4.3
9003.130405512415	4300	25.60569913401488	0.0	1961140	4520.911895744524	4.3
9008.033002781307	4300	24.70310186512296	0.0	2155012	4902.597268891922	4.3

