37020.824952990646	750	4.0	5.507574150500108	450283	5507.574150500109	-22.932568847150463
37022.53175794305	300	6.293195047592906	0.0	155580	1706.8049524070937	-0.15000000000000002
37024.07415709608	300	8.75079589456039	0.0	139857	1542.3991530325163	0.3
37025.776358621704	300	11.048594368938382	0.0	155432	1702.201525622008	0.3
37030.067212342954	750	10.757740647687555	0.0	411561	4290.853721250827	0.3
37035.250429849526	750	9.574523141114652	0.0	318564	5183.217506572902	0.75
37037.189853427015	300	11.635099563623507	0.0	153295	1939.4235774911447	-0.15000000000000002
37039.14054446087	300	13.684408529770234	0.0	173849	1950.6910338532732	0.3
37040.84224976669	300	15.982703223947212	0.0	150710	1701.7053058230235	0.3
37042.478597912115	300	18.34635507852222	0.0	139105	1636.3481454249957	0.3
37044.1546433562	300	20.670309634436414	0.0	141840	1676.0454440858045	0.3
37048.85367282413	750	19.971280166508848	0.0	405134	4699.029467927567	0.3
37053.775613189515	750	19.04933980112071	0.0	386351	4921.940365388137	0.75
37059.277229019644	750	17.547723971000632	0.0	434409	5501.615830120076	0.75
37064.02691442806	750	16.798038562578462	0.0	337059	4749.685408422172	0.75
37068.797499073495	750	16.027453917139805	0.0	366214	4770.584645438655	0.75
37072.48185098333	750	16.34310200730536	0.0	360831	3684.3519098344445	0.75
37076.148383707434	750	16.676569283198155	0.0	372963	3666.5327241072087	0.75
37080.294842930285	750	16.530110060347784	0.0	405596	4146.459222850373	0.75
37084.02093561649	750	16.804017374140333	0.0	350713	3726.0926862074502	0.75
37088.67102305642	750	16.15392993421727	0.0	386472	4650.087439923065	0.75
37093.877045967114	750	14.947907023517567	0.0	399894	5206.022910699702	0.75
37100.4414327148	1200	12.383520275839622	0.0	656471	6564.386747677944	0.75
37106.94588560832	1200	9.879067382313405	0.0	536667	6504.452893526218	1.2
37111.19185382712	750	9.633099163520635	0.0	359903	4245.96821879277	0.3
37115.218927112495	750	9.606025878139716	0.0	379700	4027.073285380919	0.75
37119.952705328615	750	8.872247662020552	0.0	425781	4733.778216119164	0.75
37123.15311898268	750	9.671834007954661	0.0	277716	3200.413654065892	0.75
37126.894624336855	750	9.93032865378404	0.0	400396	3741.5053541706225	0.75
37131.08515950583	750	9.739793484806224	0.0	400508	4190.535168977815	0.75
37134.82867606481	750	9.996276925823025	0.0	358218	3743.5165589831995	0.75
37139.00168513296	750	9.823267857680294	0.0	400322	4173.009068142731	0.75
37143.1141768099	750	9.710776180738424	0.0	369834	4112.491676941869	0.75
37147.523949998314	750	9.301002992327973	0.0	412837	4409.773188410452	0.75
37151.49873419965	750	9.326218790987289	0.0	401088	3974.784201340684	0.75
37155.08590208269	750	9.739050907949032	0.0	365161	3587.1678830382557	0.75
37159.89367384244	1200	8.93127914819755	0.0	487812	4807.771759751482	0.75
37166.170849992326	1200	6.654102998310891	0.0	575591	6277.17614988666	1.2
37170.44146729451	750	6.383485696122418	0.0	378327	4270.617302188473	0.3
37174.44406903514	750	6.38088395549744	0.0	390680	4002.601740624977	0.75
37177.88808153691	750	6.936871453731232	0.0	345516	3444.0125017662076	0.75
37181.751729284115	750	7.073223706529449	0.0	384505	3863.6477472017837	0.75
37185.55741791705	750	7.267535073595315	0.0	372093	3805.6886329341332	0.75
37190.096035868104	750	6.728917122546052	0.0	438281	4538.617951049264	0.75
37194.22639680665	750	6.598556183999244	0.0	398987	4130.360938546808	0.75
37198.2434235144	750	6.581529476248151	0.0	393804	4017.0267077510925	0.75
37204.28880773744	1200	4.5361452532153885	0.0	538612	6045.384223032762	0.75
37209.57940063319	1200	4.0	0.7544476425359007	550906	5290.59289575129	-2.044124862904373

