18970.236049389965	750	4.0	3.9306563647956936	450283	3930.6563647956937	-16.15182236862148
18971.62317973772	300	6.612869652249742	0.0	155580	1387.130347750258	-0.15000000000000002
18972.745107598905	300	9.490941791060962	0.0	139857	1121.9278611887794	0.3
18973.983068454065	300	12.252980935899659	0.0	155432	1237.9608551613032	0.3
18977.159590061532	750	13.0764593284335	0.0	411561	3176.521607466159	0.3
18979.783190877075	750	14.452858512888154	0.0	318564	2623.600815545345	0.75
18982.657142191205	750	15.578907198758566	0.0	352642	2873.951314129588	0.75
18986.13438167476	750	16.101667715200175	0.0	437162	3477.239483558393	0.75
18989.201208848037	750	17.034840541927867	0.0	374758	3066.827173272306	0.75
18992.19595310096	750	18.040096289004182	0.0	362795	2994.7442529236864	0.75
18994.98119536947	750	19.254854020493642	0.0	353220	2785.242268510536	0.75
18998.168810461928	750	20.067238928035913	0.0	405134	3187.615092457732	0.75
19001.223515143272	750	21.01253424668979	0.0	386351	3054.7046813461243	0.75
19004.69832580025	750	21.537723589708282	0.0	434409	3474.810656981507	0.75
19007.431980550133	750	22.804068839828542	0.0	337059	2733.6547498797404	0.75
19010.507372260403	750	23.728677129559948	0.0	366214	3075.391710268597	0.75
19013.509569440477	750	24.726479949486205	0.0	360831	3002.1971800737415	0.75
19016.531445551736	750	25.704603838223747	0.0	372963	3021.8761112624593	0.75
19024.480549767923	1850	21.75549962203846	0.0	987708	7949.1042161852865	0.75
19031.856816751246	1850	18.37923263871652	0.0	923755	7376.26698332194	1.85
19040.930467190392	1850	13.305582199568503	0.0	891604	9073.650439148016	1.85
19049.649953378314	1850	8.58609601164796	0.0	955231	8719.486187920544	1.85
19052.762940690016	750	9.473108699946403	0.0	401853	3112.987311701557	-0.3500000000000001
19053.88530942728	300	12.350739962681798	0.0	137654	1122.368737264603	-0.15000000000000002
19055.07871377693	300	15.157335613031151	0.0	146754	1193.4043496506483	0.3
19058.03945046256	750	16.196598927405198	0.0	379700	2960.7366856259528	0.3
19061.52811139027	750	16.70793799969125	0.0	425781	3488.660927713948	0.75
19062.503564401442	300	19.73248498851853	0.0	111155	975.453011172721	-0.15000000000000002
19065.686673440814	750	20.549375949149653	0.0	400396	3183.109039368877	0.3
19068.813029242392	750	21.423020147569876	0.0	400508	3126.355801579778	0.75
19071.637633544473	750	22.59841584549239	0.0	358218	2824.6043020774855	0.75
19074.841793708878	750	23.394255681085358	0.0	400322	3204.1601644070342	0.75
19077.930949105303	750	24.305100284661716	0.0	369834	3089.155396423641	0.75
19081.428548889195	750	24.807500500773514	0.0	412837	3497.5997838882026	0.75
19084.839996211864	750	25.396053178103745	0.0	401088	3411.4473226697673	0.75
19092.66420314959	1850	21.571846240375727	0.0	943942	7824.2069377280195	0.75
19098.62684114728	1850	19.60920824268517	0.0	728962	5962.6379976905555	1.85
19106.598818770803	1850	15.637230619163656	0.0	938587	7971.977623521515	1.85
19114.123127884082	1850	12.112921505885726	0.0	908665	7524.309113277929	1.85
19117.31534914276	750	12.920700247209698	0.0	390680	3192.221258676029	-0.3500000000000001
19120.1494412778	750	14.086608112166534	0.0	345516	2834.092135043164	0.75
19123.330586599757	750	14.905462790212656	0.0	384505	3181.145321953877	0.75
19126.640565033278	750	15.59548435669094	0.0	372093	3309.9784335217155	0.75
19134.93603530894	750	11.300014081033313	0.0	438281	8295.470275657628	0.75
19139.11614285035	750	11.119906539621134	0.0	398987	4180.107541412179	0.75
19140.52047545594	300	13.715573934026892	0.0	160064	1404.332605594241	-0.15000000000000002
19142.728009883267	750	15.508039506704339	0.0	331053	2207.534427322552	0.3
19144.826639698924	750	17.40940969104641	0.0	314107	2098.6298156579296	0.75

