28004.112232320167	750	4.0	1.9881981350610745	450283	1988.1981350610745	-7.7992519807626195
28004.8515453874	300	7.260686932767166	0.0	155580	739.3130672328334	-0.15000000000000002
28006.418207784507	750	9.694024535659024	0.0	350812	1566.6623971081424	0.3
28008.218654229964	750	11.893578090200545	0.0	382355	1800.446445458478	0.75
28010.30162063859	750	13.810611681575294	0.0	411561	2082.9664086252524	0.75
28011.931993465452	750	16.180238854710517	0.0	318564	1630.3728268647776	0.75
28013.63489269808	750	18.47733962208365	0.0	352642	1702.8992326268667	0.75
28018.39680170547	1850	17.715430614692945	0.0	1060487	4761.9090073907055	0.75
28022.152125407647	1850	17.960106912514302	0.0	852833	3755.3237021786435	1.85
28026.24295805054	1850	17.86927426962184	0.0	913888	4090.8326428924606	1.85
28030.330321523412	1850	17.78191079675075	0.0	939819	4087.3634728710913	1.85
28034.323559225908	1850	17.788673094254435	0.0	917428	3993.2377024963166	1.85
28038.632447494467	1850	17.47978482569926	0.0	946851	4308.888268555174	1.85
28043.12208646132	1850	16.9901458588429	0.0	1036454	4489.638966856359	1.85
28050.17323699343	1850	13.938995326735665	0.0	821631	7051.150532107235	1.85
28054.189871288334	1850	13.922361031830526	0.0	923170	4016.63429490514	1.85
28058.575301450037	1850	13.536930870127206	0.0	966699	4385.430161703319	1.85
28062.50010214415	1850	13.612130176016432	0.0	885714	3924.800694110775	1.85
28067.008656174647	1850	13.103576145519824	0.0	987708	4508.554030496607	1.85
28071.126332378855	1850	12.98589994130838	0.0	923755	4117.676204211444	1.85
28075.05051361624	1850	13.061718703925655	0.0	891604	3924.1812373827256	1.85
28079.333333898147	1850	12.778898422017075	0.0	955231	4282.820281908579	1.85
28083.63685329549	1850	12.475379024672673	0.0	968026	4303.519397344402	1.85
28087.522040087853	1850	12.590192232309702	0.0	874175	3885.1867923629707	1.85
28091.521197521186	1850	12.5910347989744	0.0	897976	3999.157433335303	1.85
28095.53559140049	1850	12.576640919673675	0.0	905935	4014.3938793007264	1.85
28100.243156687637	1850	11.869075632525744	0.0	1076599	4707.565287147931	1.85
28103.6171995058	1850	12.49503281436147	0.0	758197	3374.042818164272	1.85
28110.4327091187	1850	9.679523201459578	0.0	972798	6815.509612901895	1.85
28114.81870402685	1850	9.293528293314216	0.0	975811	4385.994908145361	1.85
28119.271583238016	1850	8.840649082143617	0.0	873429	4452.879211170598	1.85
28121.09959510046	750	11.012637219700144	0.0	400322	1828.0118624434717	-0.3500000000000001
28122.747408119696	750	13.364824200460166	0.0	369834	1647.8130192399776	0.75
28124.57752093632	750	15.534711383834397	0.0	412837	1830.1128166257686	0.75
28126.339580185064	750	17.772652135092148	0.0	401088	1762.0592487422487	0.75
28130.37306646105	1850	17.739165859106127	0.0	943942	4033.486275986018	0.75
28133.527474439277	1850	18.584757880875674	0.0	728962	3154.4079782304543	1.85
28137.55833085943	1850	18.553901460724045	0.0	938587	4030.856420151625	1.85
28141.50957178881	1850	18.602660531343783	0.0	908665	3951.240929380265	1.85
28145.657336377175	1850	18.454895942981494	0.0	930577	4147.764588362288	1.85
28149.397330803728	1850	18.71490151643098	0.0	858450	3739.994426550511	1.85
28153.965177982976	1850	18.14705433718308	0.0	1025005	4567.847179247904	1.85
28157.83512480992	1850	18.277107510235695	0.0	886255	3869.946826947384	1.85
28162.038232176765	1850	18.07400014339164	0.0	973972	4203.107366844053	1.85
28166.249758745464	1850	17.862473574691748	0.0	958994	4211.526568699895	1.85
28170.475228226227	1850	17.637004093932838	0.0	982064	4225.469480758909	1.85
28174.00575974616	1850	18.106472573998396	0.0	830730	3530.531519934444	1.85
28177.69363729878	1850	18.41859502137637	0.0	846370	3687.8775526220265	1.85

