39507.78126476125	750	4.0	8.129839025422095	450283	8129.839025422095	-34.20830780931501
39510.825255669915	300	4.9560090913431685	0.0	155580	3043.9909086568314	-0.15000000000000002
39513.813737442	300	5.967527319264911	0.0	139857	2988.481772078257	0.3
39516.78654238285	300	6.994722378409193	0.0	155432	2972.8049408557185	0.3
39519.72982991579	300	8.05143484546587	0.0	163442	2943.2875329433236	0.3
39522.03759246763	300	9.743672293630997	0.0	126289	2307.762551834873	0.3
39524.82491444061	300	10.9563503206477	0.0	153295	2787.321972983295	0.3
39528.4573269539	300	11.32393780735362	0.0	173849	3632.4125132940826	0.3
39531.467757887745	300	12.313506873516275	0.0	150710	3010.430933837343	0.3
39533.981109348104	300	13.800155413153353	0.0	139105	2513.351460362921	0.3
39536.57681898024	300	15.204445781020102	0.0	141840	2595.709632133252	0.3
39544.49121004074	750	11.290054720516174	0.0	405134	7914.391060503927	0.3
39547.58617587266	300	12.19508888859727	0.0	160746	3094.965831918903	-0.15000000000000002
39550.85227649735	300	12.928988263900909	0.0	179801	3266.1006246963625	0.3
39553.38140294758	300	14.399861813677123	0.0	140051	2529.126450223784	0.3
39555.880136314074	300	15.901128447190615	0.0	138313	2498.73336648651	0.3
39558.51869768361	300	17.26256707765036	0.0	143509	2638.5613695402526	0.3
39565.13908197668	750	14.642182784575114	0.0	372963	6620.384293075248	0.3
39573.078560031005	750	10.702704730253862	0.0	405596	7939.478054321253	0.75
39579.91494205426	750	7.866322707004455	0.0	350713	6836.382023249406	0.75
39583.00888415347	300	8.772380607788763	0.0	157671	3093.942099215692	-0.15000000000000002
39585.93266257727	300	9.84860218399258	0.0	157812	2923.7784237961823	0.3
39589.4107888403	300	10.370475920953552	0.0	163927	3478.1262630390283	0.3
39592.26813368015	300	11.51313108110432	0.0	137654	2857.3448398492346	0.3
39594.91979713087	300	12.861467630389651	0.0	146754	2651.6634507146687	0.3
39597.701261569506	300	14.080003191750798	0.0	153938	2781.4644386388522	0.3
39600.981735215886	300	14.79952954536864	0.0	181901	3280.4736463821564	0.3
39606.16068773457	750	13.620577026686801	0.0	277716	5178.952518681841	0.3
39614.05935736494	750	9.72190739631762	0.0	400396	7898.6696303691815	0.75
39617.298998673075	300	10.482266088179196	0.0	149029	3239.641308138424	-0.15000000000000002
39620.19818809411	300	11.583076667146264	0.0	157421	2899.1894210329324	0.3
39623.080100068335	300	12.701164692920317	0.0	157488	2881.911974225949	0.3
39625.68314020711	300	14.098124554143551	0.0	143881	2603.0401387767647	0.3
39628.64408060645	300	15.13718415480927	0.0	163444	2960.9403993342794	0.3
39631.905834773585	300	15.87542998767039	0.0	179328	3261.7541671388803	0.3
39638.78318715612	750	12.998077605139462	0.0	365161	6877.352382530928	0.3
39644.56855444978	750	11.212710311474625	0.0	321064	5785.367293664836	0.75
39651.099811119464	750	8.681453641788899	0.0	361565	6531.256669685727	0.75
39653.71772836324	300	10.063536398016698	0.0	144254	2617.9172437722004	-0.15000000000000002
39656.43349843649	300	11.347766324764253	0.0	149991	2715.770073252446	0.3
39659.32886601042	300	12.452398750833837	0.0	147968	2895.3675739304153	0.3
39662.770744302084	300	13.010520459169497	0.0	161857	3441.8782916643404	0.3
39665.85209084937	300	13.9291739118853	0.0	145210	3081.3465472841954	0.3
39669.30228908267	300	14.478975678587583	0.0	172312	3450.1982332977173	0.3
39672.33712663958	300	15.44413812167788	0.0	167025	3034.8375569097025	0.3
39680.254048201044	750	11.527216560206464	0.0	393804	7916.9215614714185	0.3
39682.77455825055	300	13.006706510697692	0.0	137507	2520.5100495087727	-0.15000000000000002
39684.93228596496	300	14.848978796290094	0.0	118421	2157.727714407598	0.3

