17468.16930555336	750	4.0	1.7130484472556529	450283	1713.048447255653	-6.616108323199307
17469.695875530277	750	6.473430023086312	0.0	398865	1526.5699769136877	0.75
17471.04817093534	750	9.121134618021829	0.0	350812	1352.2954050644819	0.75
17473.35981306037	1200	10.809492492990247	0.0	617681	2311.6421250315834	0.75
17477.03398917839	1850	11.135316374971664	0.0	996749	3674.176118018582	1.2000000000000002
17479.98070598213	1850	12.188599571233249	0.0	801058	2946.716803738415	1.85
17485.05723115398	2850	11.112074399382164	0.0	1388403	5076.525171851084	1.85
17491.038236586108	2850	9.131068967253745	0.0	1638769	5981.0054321284215	2.85
17495.960796192583	2850	8.208509360780932	0.0	1348011	4922.559606472813	2.85
17501.223684628392	2850	6.945620924970905	0.0	1429765	5262.888435810027	2.85
17506.19147905182	2850	5.97782650154193	0.0	1354548	4967.794423428975	2.85
17511.79562466154	2850	4.373680891824329	0.0	1519951	5604.145609717601	2.85
17515.292899896165	1850	4.876405657199317	0.0	946851	3497.2752346250127	0.8500000000000001
17519.117929132924	1850	5.05137642043788	0.0	1036454	3825.0292367614366	1.85
17522.180577217732	1850	5.9887283356283785	0.0	821631	3062.648084809502	1.85
17525.571995881655	1850	6.597309671706728	0.0	923170	3391.4186639216514	1.85
17529.129112336475	1850	7.040193216884245	0.0	966699	3557.1164548224824	1.85
17532.42010894689	1850	7.74919660646774	0.0	885714	3290.996610416505	1.85
17536.053281308294	1850	8.116024245067145	0.0	987708	3633.1723614005955	1.85
17539.453294889703	1850	8.716010663655743	0.0	923755	3400.013581411401	1.85
17542.738902304598	1850	9.4304032487624	0.0	891604	3285.607414893343	1.85
17546.264605419045	1850	9.90470013431745	0.0	955231	3525.7031144449506	1.85
17551.762873935244	2850	8.406431618114071	0.0	1505760	5498.268516203377	1.85
17556.63946401264	2850	7.529841540720332	0.0	1323990	4876.590077393739	2.85
17561.721085906087	2850	6.448219647269053	0.0	1383735	5081.621893451279	2.85
17567.15179635269	2850	5.017509200668074	0.0	1480464	5430.71044660098	2.85
17572.827684145435	2850	4.0	0.6583785920811852	1547572	5675.887792749259	0.018972054050903964
17575.65492811371	1850	5.1727560317244645	0.0	758197	2827.2439682755353	0.8500000000000001
17579.255483225304	1850	5.572200920128376	0.0	972798	3600.555111596089	1.85
17582.818635699765	1850	6.009048445669674	0.0	975811	3563.152474458702	1.85
17587.80694370426	1850	5.020740441172164	0.0	873429	4988.30800449751	1.85
17590.64204841495	1200	6.185635730484982	0.0	620283	2835.1047106871806	0.5499999999999999
17592.831991114934	1200	7.995693030502937	0.0	584349	2189.9426999820453	1.2
17595.329133660714	1200	9.498550484719054	0.0	670129	2497.142545783885	1.2
17599.1058577799	1850	9.721826365532149	0.0	1026056	3776.7241191869057	1.2000000000000002
17602.556681829818	1850	10.271002315617679	0.0	943942	3450.8240499144686	1.85
17605.240971939485	1850	11.586712205948443	0.0	728962	2684.290109669236	1.85
17608.680395510826	1850	12.147288634609096	0.0	938587	3439.4235713393464	1.85
17613.923349533794	2850	10.904334611641264	0.0	1427478	5242.954022967831	1.85
17619.05757276615	2850	9.770111379287243	0.0	1402287	5134.223232354021	2.85
17623.95572711528	2850	8.871957030154885	0.0	1339500	4898.15434913236	2.85
17629.51713870153	2850	7.310545443908324	0.0	1527299	5561.411586246561	2.85
17634.433695546733	2850	6.3939885987008385	0.0	1343002	4916.556845207486	2.85
17638.04700126916	1850	6.7806828762792275	0.0	973972	3613.305722421611	0.8500000000000001
17641.58772987161	1850	7.23995427382357	0.0	958994	3540.728602455657	1.85
17646.99409185663	2850	5.83359228880291	0.0	1483527	5406.3619850206605	1.85
17651.515519245655	2850	5.312164899782761	0.0	1231456	4521.427389020148	2.85
17656.508046783885	2850	4.319637361549265	0.0	1364537	4992.527538233496	2.85

