12141.635695390913	750	4.0	7.414677459365185	450283	7414.677459365185	-31.133113075270295
12143.615698825646	300	6.019996565265677	0.0	155580	1980.0034347343233	-0.15000000000000002
12145.227526153509	300	8.408169237403245	0.0	139857	1611.8273278624324	0.3
12146.850997862603	300	10.784697528310602	0.0	155432	1623.4717090926424	0.3
12148.554010518152	300	13.081684872760139	0.0	163442	1703.0126555504637	0.3
12149.937992592235	300	15.697702798678765	0.0	126289	1383.9820740813736	0.3
12154.454017225215	750	15.181678165698472	0.0	352642	4516.024632980293	0.3
12159.134656798584	750	14.501038592328795	0.0	437162	4680.639573369675	0.75
12163.745662159583	750	13.890033231330312	0.0	374758	4611.005360998483	0.75
12168.339139803433	750	13.296555587481645	0.0	362795	4593.477643848665	0.75
12172.367477790911	750	13.268217600002293	0.0	353220	4028.3379874793513	0.75
12176.647718839433	750	12.987976551479168	0.0	405134	4280.241048523127	0.75
12181.450783910666	750	12.184911480245741	0.0	386351	4803.065071233426	0.75
12189.796770251576	750	7.838925139336092	0.0	434409	8345.986340909649	0.75
12191.821378509218	300	9.814316881693417	0.0	140051	2024.6082576426747	-0.15000000000000002
12193.764207139871	300	11.871488251038391	0.0	138313	1942.828630655028	0.3
12195.731216662987	300	13.904478727923038	0.0	143509	1967.0095231153525	0.3
12199.660579158737	750	13.975116232174011	0.0	372963	3929.3624957490256	0.3
12205.813075640426	750	11.822619750483058	0.0	405596	6152.496481690954	0.75
12207.625498027905	300	14.010197363005402	0.0	140881	1812.4223874776558	-0.15000000000000002
12212.444552433812	750	13.191142957098167	0.0	386472	4819.0544059072345	0.3
12217.429918575343	750	12.205776815567045	0.0	399894	4985.366141531121	0.75
12222.283727128928	750	11.351968261981426	0.0	401853	4853.808553585619	0.75
12225.967646155012	750	11.668049235899137	0.0	343800	3683.9190260822897	0.75
12230.51694634942	750	11.11874904149041	0.0	359903	4549.3001944087255	0.75
12235.344541506072	750	10.291153884837954	0.0	379700	4827.595156652456	0.75
12242.983376935472	750	6.6523184554384365	0.0	425781	7638.835429399517	0.75
12244.435727809374	300	9.199967581537797	0.0	111155	1452.3508739006409	-0.15000000000000002
12246.412178315293	300	11.223517075618064	0.0	153605	1976.4505059197331	0.3
12248.308792923295	300	13.326902467615685	0.0	149029	1896.6146080023777	0.3
12253.005837882514	750	12.629857508395592	0.0	358218	4697.044959220095	0.3
12259.177470042645	750	10.458225348267078	0.0	400322	6171.6321601285135	0.75
12261.46604652192	300	12.16964886899028	0.0	143881	2288.576479276799	-0.15000000000000002
12263.639219727807	300	13.996475663103638	0.0	163444	2173.173205886642	0.3
12268.411097288246	750	13.224598102663489	0.0	401088	4771.877560440149	0.3
12272.30838179485	750	13.327313596061444	0.0	365161	3897.284506602046	0.75
12275.91023280034	750	13.725462590573223	0.0	321064	3601.851005488221	0.75
12279.786984970937	750	13.848710419974537	0.0	361565	3876.7521705986846	0.75
12283.871465203038	750	13.764230187873439	0.0	378327	4084.4802321010966	0.75
12288.390754253127	750	13.244941137784375	0.0	390680	4519.289050089065	0.75
12293.017775078706	750	12.617920312204784	0.0	345516	4627.0208255795915	0.75
12299.865164962186	750	9.770530428725595	0.0	384505	6847.389883479189	0.75
12301.447439038491	300	12.188256352419568	0.0	145210	1582.274076306026	-0.15000000000000002
12303.588706601477	300	14.04698878943338	0.0	172312	2141.2675629861874	0.3
12306.242640750603	300	15.393054640308167	0.0	167025	2653.934149125215	0.3
12311.571171663561	750	14.064523727347675	0.0	393804	5328.530912960492	0.3
12315.036956152248	750	14.598739238662368	0.0	331053	3465.7844886853063	0.75
12317.981081682221	750	15.654613708688995	0.0	314107	2944.1255299733725	0.75

