6354.068102350911	750	4.0	5.600467696873893	450283	5600.467696873893	-23.33201109655774
6356.099776830977	300	5.968325519934555	0.0	155580	2031.6744800654449	-0.15000000000000002
6357.934214019295	300	8.133888331616564	0.0	139857	1834.4371883179901	0.3
6360.125171358506	300	9.942930992404818	0.0	155432	2190.9573392117477	0.3
6362.53631475509	300	11.531787595821832	0.0	163442	2411.1433965829856	0.3
6364.366038213395	300	13.702064137516452	0.0	126289	1829.7234583053803	0.3
6366.3927761146215	300	15.675326236290271	0.0	153295	2026.7379012261804	0.3
6371.636375348191	750	14.431727002720844	0.0	437162	5243.599233569426	0.3
6376.165643769734	750	13.90245858117799	0.0	374758	4529.268421542854	0.75
6380.75087640857	750	13.317225942342207	0.0	362795	4585.232638835783	0.75
6384.772924335702	750	13.295178015210192	0.0	353220	4022.047927132014	0.75
6389.452056190858	750	12.616046160054157	0.0	405134	4679.131855156035	0.75
6394.117021347556	750	11.951081003355354	0.0	386351	4664.965156698804	0.75
6399.434380458229	750	10.633721892683207	0.0	434409	5317.359110672148	0.75
6403.278855628626	750	10.789246722286359	0.0	337059	3844.4751703968473	0.75
6407.848438852609	750	10.219663498302769	0.0	366214	4569.583223983591	0.75
6412.250761106469	750	9.81734124444183	0.0	360831	4402.322253860939	0.75
6416.584466107412	750	9.483636243500372	0.0	372963	4333.705000941458	0.75
6425.776321363073	750	4.291780987838978	0.0	405596	9191.855255661394	0.75
6427.406948631818	300	6.66115371909411	0.0	140881	1630.6272687448682	-0.15000000000000002
6429.2223774837585	300	8.84572486715331	0.0	157671	1815.4288519408021	0.3
6431.049207421382	300	11.018894929529376	0.0	157812	1826.8299376239345	0.3
6432.955386381394	300	13.112715969516831	0.0	163927	1906.178960012544	0.3
6434.568878963833	300	15.499223387077288	0.0	137654	1613.4925824395416	0.3
6438.599640974206	750	15.468461376704754	0.0	359903	4030.762010372535	0.3
6443.644882626748	750	14.423219724163047	0.0	379700	5045.241652541707	0.75
6448.94781422019	750	13.120288130720787	0.0	425781	5302.931593442259	0.75
6452.296386109313	750	13.77171624159805	0.0	277716	3348.57188912274	0.75
6457.155825999465	750	12.912276351445604	0.0	400396	4859.4398901524455	0.75
6461.578992935915	750	12.489109414996161	0.0	400508	4423.166936449444	0.75
6465.719627911025	750	12.34847443988713	0.0	358218	4140.634975109031	0.75
6470.714792314545	750	11.353310036366805	0.0	400322	4995.164403520324	0.75
6474.6559426437325	750	11.412159707179686	0.0	369834	3941.1503291871204	0.75
6478.922116749884	750	11.145985601028645	0.0	412837	4266.174106151039	0.75
6483.023105458296	750	11.044996892615396	0.0	401088	4100.988708413251	0.75
6486.84757763595	750	11.220524714961526	0.0	365161	3824.4721776538695	0.75
6490.918085600305	750	11.150016750606687	0.0	321064	4070.50796435484	0.75
6495.435777805291	750	10.632324545620657	0.0	361565	4517.692204986029	0.75
6500.034978999786	750	10.03312335112585	0.0	378327	4599.201194494805	0.75
6504.5189610015605	750	9.54914134935194	0.0	390680	4483.982001773912	0.75
6508.445657316657	750	9.62244503425486	0.0	345516	3926.6963150970805	0.75
6513.403216023572	750	8.664886327339453	0.0	384505	4957.558706915405	0.75
6518.683732703203	750	7.384369647709271	0.0	372093	5280.516679630182	0.75
6523.4532581950825	750	6.614844155828927	0.0	438281	4769.525491880344	0.75
6527.967290789853	750	6.100811561058964	0.0	398987	4514.032594769963	0.75
6532.249075096757	750	5.819027254154207	0.0	393804	4281.784306904757	0.75
6536.468824285001	750	5.59927806591065	0.0	331053	4219.749188243557	0.75
6543.175864880749	1200	4.0	1.1077625298381009	550906	6707.040595748751	-4.0133788783038336

