6832.4929610793	750	4.0	2.023886033382204	450283	2023.886033382204	-7.9527099435434785
6834.294873971204	750	6.1980871080964794	0.0	398865	1801.9128919035202	0.75
6835.869352391801	750	8.623608687498995	0.0	350812	1574.478420597485	0.75
6837.416965480927	750	11.075995598373135	0.0	382355	1547.6130891258622	0.75
6839.076681479341	750	13.416279599958758	0.0	411561	1659.7159984143766	0.75
6843.148702508568	1850	13.344258570731409	0.0	801058	4072.0210292273496	0.75
6847.919503697243	1850	12.573457382055805	0.0	905515	4770.801188675603	1.85
6849.720563538257	750	14.772397541042292	0.0	437162	1801.0598410135137	-0.3500000000000001
6853.084719077447	1850	15.408242001852871	0.0	852833	3364.1555391894194	0.75
6856.647088982627	1850	15.84587209667282	0.0	913888	3562.3699051800513	1.85
6860.472848409734	1850	16.02011266956554	0.0	939819	3825.7594271072835	1.85
6864.180428512977	1850	16.312532566321973	0.0	917428	3707.5801032435643	1.85
6868.199545012997	1850	16.29341606630183	0.0	946851	4019.1165000201413	1.85
6873.33605018228	1850	15.156910897019428	0.0	1036454	5136.505169282404	1.85
6877.704473337806	1850	14.78848774149401	0.0	821631	4368.423155525418	1.85
6881.3910937837045	1850	15.101867295594854	0.0	923170	3686.620445899155	1.85
6886.202251807567	1850	14.290709271732124	0.0	966699	4811.158023862729	1.85
6889.96217581152	1850	14.53078526778022	0.0	885714	3759.9240039519073	1.85
6894.186880653564	1850	14.306080425735859	0.0	987708	4224.704842044359	1.85
6898.340920806218	1850	14.152040273081864	0.0	923755	4154.0401526539945	1.85
6902.398261468412	1850	14.094699610888604	0.0	891604	4057.340662193261	1.85
6906.238818931704	1850	14.254142147595982	0.0	955231	3840.557463292622	1.85
6910.104963235824	1850	14.387997843477129	0.0	968026	3866.144304118852	1.85
6913.6294595552745	1850	14.863501524025846	0.0	874175	3524.4963194512843	1.85
6917.310160066624	1850	15.182801012676618	0.0	897976	3680.7005113492264	1.85
6922.693507864307	1850	13.799453214993168	0.0	905935	5383.347797683451	1.85
6927.040934577052	1850	13.452026502248609	0.0	1076599	4347.426712744559	1.85
6930.746740627543	1850	13.746220451757655	0.0	758197	3705.806050490956	1.85
6935.031517283051	1850	13.4614437962504	0.0	972798	4284.776655507254	1.85
6938.927685663343	1850	13.565275415957254	0.0	975811	3896.1683802931457	1.85
6942.510211215613	1850	13.982749863688186	0.0	873429	3582.5255522690672	1.85
6947.2050671793595	1850	13.28789389994079	0.0	954453	4694.855963747396	1.85
6951.251878928637	1850	13.241082150662695	0.0	885062	4046.811749278096	1.85
6955.673783463257	1850	12.819177616043339	0.0	1035329	4421.904534619356	1.85
6960.910749594732	1850	11.582211484567972	0.0	1026056	5236.966131475367	1.85
6965.683659538974	1850	10.80930154032605	0.0	943942	4772.909944241922	1.85
6968.722263842312	1850	11.770697236988566	0.0	728962	3038.6043033374854	1.85
6972.922135056146	1850	11.570826023154806	0.0	938587	4199.87121383376	1.85
6979.109397346084	1850	9.383563733216029	0.0	908665	6187.262289938776	1.85
6982.797323795061	1850	9.69563728423898	0.0	930577	3687.926448977048	1.85
6986.580977117356	1850	9.911983961943264	0.0	858450	3783.6533222957173	1.85
6990.9118276415575	1850	9.581133437740887	0.0	1025005	4330.850524202379	1.85
6994.415613563296	1850	10.077347516003313	0.0	886255	3503.785921737573	1.85
6998.290480867455	1850	10.2024802118436	0.0	973972	3874.867304159712	1.85
7002.095412547147	1850	10.39754853215167	0.0	958994	3804.9316796919306	1.85
7006.3068252912735	1850	10.18613578802575	0.0	982064	4211.412744125922	1.85
7010.066484561401	1850	10.426476517897873	0.0	830730	3759.6592701278764	1.85
7013.571716952221	1850	10.921244127078117	0.0	846370	3505.2323908197563	1.85

