32186.74654913355	750	4.0	6.987494890505907	450283	6987.494890505907	-29.2962280291754
32189.214862241584	300	5.531686891967325	0.0	155580	2468.3131080326752	-0.15000000000000002
32191.443116805167	300	7.303432328386008	0.0	139857	2228.2545635813162	0.3
32197.39214724035	750	5.3544018932023825	0.0	382355	5949.030435183626	0.3
32199.97711345058	300	6.769435682973015	0.0	163442	2584.9662102293682	-0.15000000000000002
32201.995230260676	300	8.751318872876285	0.0	126289	2018.1168100967295	0.3
32207.475250971664	750	7.271298161889852	0.0	352642	5480.020710986434	0.3
32214.234535348944	750	4.512013784608853	0.0	437162	6759.284377280998	0.75
32216.622676847703	300	6.123872285850408	0.0	150710	2388.1414987584444	-0.15000000000000002
32218.8362304307	300	7.910318702853497	0.0	139105	2213.5535829969103	0.3
32224.094664727763	750	6.651884405790436	0.0	353220	5258.434297063061	0.3
32226.466643107477	300	8.27990602607646	0.0	156148	2371.978379713976	-0.15000000000000002
32232.482710967164	750	6.263838166387732	0.0	386351	6016.067859688728	0.3
32235.30108673709	300	7.4454623964617985	0.0	179801	2818.3757699259327	-0.15000000000000002
32240.509372325098	750	6.237176808453017	0.0	337059	5208.285588008781	0.3
32242.70746469108	300	8.03908444246851	0.0	138313	2198.0923659845075	-0.15000000000000002
32248.336004275698	750	6.410544857849148	0.0	360831	5628.539584619362	0.3
32250.740223937417	300	8.006325196129154	0.0	150616	2404.2196617199947	-0.15000000000000002
32256.57163559596	750	6.17491353758906	0.0	405596	5831.411658540094	0.3
32258.80694884793	300	7.939600285616132	0.0	140881	2235.3132519729265	-0.15000000000000002
32264.798184558804	750	5.948364574740897	0.0	386472	5991.235710875235	0.3
32267.289406327523	300	7.457142806020876	0.0	157812	2491.2217687200214	-0.15000000000000002
32273.503079966682	750	5.243469166861121	0.0	401853	6213.673639159756	0.3
32275.688289597372	300	7.0582595361701514	0.0	137654	2185.2096306909693	-0.15000000000000002
32281.430603272944	750	5.315945860597346	0.0	359903	5742.313675572805	0.3
32283.881772911504	300	6.864776222037899	0.0	153938	2451.1696385594473	-0.15000000000000002
32286.751597622442	300	7.9949515110981535	0.0	181901	2869.8247109397453	0.3
32291.119443328385	750	7.627105805158012	0.0	277716	4367.845705940143	0.3
32297.308053053435	750	5.438496080107621	0.0	400396	6188.609725050391	0.75
32299.675234533788	300	7.071314599756575	0.0	149029	2367.181480351045	-0.15000000000000002
32305.23235299712	750	5.514196136422059	0.0	358218	5557.1184633345165	0.3
32307.71247777953	300	7.034071354013706	0.0	157488	2480.124782408352	-0.15000000000000002
32313.434933087727	750	5.311616045818322	0.0	369834	5722.4553081953845	0.3
32316.03058869345	300	6.7159604400927435	0.0	163444	2595.655605725578	-0.15000000000000002
32318.85960364118	300	7.886945492363935	0.0	179328	2829.0149477288087	0.3
32324.51503999623	750	6.231509137314046	0.0	365161	5655.436355049888	0.3
32326.606434997466	300	8.140114136076123	0.0	131610	2091.3950012379228	-0.15000000000000002
32332.236115252	750	6.510433881543659	0.0	361565	5629.6802545324645	0.3
32334.523164000388	300	8.223385133153085	0.0	144254	2287.048748390573	-0.15000000000000002
32340.574834692285	750	6.171714441257261	0.0	390680	6051.670691895825	0.3
32342.918101950945	300	7.828447182597818	0.0	147968	2343.267258659443	-0.15000000000000002
32348.894692761034	750	5.85185637250641	0.0	384505	5976.590810091408	0.3
32351.181783654203	300	7.564765479340227	0.0	145210	2287.0908931661843	-0.15000000000000002
32357.923550878237	750	4.822998255302523	0.0	438281	6741.767224037703	0.3
32360.549417306993	300	6.1971318265471105	0.0	167025	2625.866428755412	-0.15000000000000002
32363.070287983424	300	7.676261150116799	0.0	160064	2520.870676430312	0.3
32368.226829490788	750	6.519719642754447	0.0	331053	5156.541507362352	0.3
32370.120339722824	300	8.626209410719566	0.0	118421	1893.5102320348803	-0.15000000000000002

