22730.54585654588	750	4.0	9.430230506494885	450283	9430.230506494885	-39.79999117792801
22733.260023296094	300	5.28583324978669	0.0	155580	2714.1667502133096	-0.15000000000000002
22735.362524941058	300	7.183331604823892	0.0	139857	2102.5016449627988	0.3
22737.650455472463	300	8.895401073417679	0.0	155432	2287.930531406213	0.3
22740.01903825299	300	10.526818292888038	0.0	163442	2368.5827805296417	0.3
22741.869831334716	300	12.676025211159924	0.0	126289	1850.7930817281142	0.3
22744.115619872406	300	14.430236673471608	0.0	153295	2245.788537688316	0.3
22750.41896709102	750	12.126889454857986	0.0	437162	6303.347218613622	0.3
22755.77596772031	750	10.769888825567007	0.0	374758	5357.000629290979	0.75
22757.84369983558	300	12.70215671029683	0.0	139105	2067.732115270176	-0.15000000000000002
22759.998724165987	300	14.54713237989046	0.0	141840	2155.0243304063697	0.3
22762.365342928377	300	16.180513617503355	0.0	156148	2366.618762387106	0.3
22768.121240081688	750	14.424616464191109	0.0	386351	5755.897153312245	0.3
22774.501892304917	750	12.043964240961035	0.0	434409	6380.652223230074	0.75
22776.631350027466	300	13.914506518407412	0.0	140051	2129.457722553624	-0.15000000000000002
22778.696773571774	300	15.849082974102567	0.0	138313	2065.4235443048447	0.3
22783.90054172762	750	14.64531481825553	0.0	360831	5203.768155847036	0.3
22789.28568380824	750	13.260172737635575	0.0	372963	5385.142080619957	0.75
22795.258069405794	750	11.287787140082221	0.0	405596	5972.385597553353	0.75
22797.418537832757	300	13.127318713122566	0.0	140881	2160.468426959655	-0.15000000000000002
22799.901331223777	300	14.644525322098078	0.0	157671	2482.793391024489	0.3
22802.39716105391	300	16.14869549196829	0.0	157812	2495.8298301297896	0.3
22808.439519577154	750	14.106336968721916	0.0	401853	6042.358523246372	0.3
22813.555208972153	750	12.990647573722772	0.0	343800	5115.6893949991445	0.75
22818.838350908467	750	11.707505637408726	0.0	359903	5283.141936314046	0.75
22824.450203970628	750	10.095652575248561	0.0	379700	5611.853062160165	0.75
22827.16269285108	300	11.383163694793689	0.0	181901	2712.4888804548723	-0.15000000000000002
22828.91881735269	300	13.627039193186116	0.0	111155	1756.1245016075738	0.3
22831.524406401262	300	15.021450144612446	0.0	153605	2605.5890485736686	0.3
22834.00201868244	300	16.543837863434625	0.0	149029	2477.612281177821	0.3
22839.37832487704	750	15.167531668830003	0.0	358218	5376.306194604624	0.3
22845.245254665126	750	13.300601880748289	0.0	400322	5866.929788081714	0.75
22850.8564797503	750	11.689376795575363	0.0	369834	5611.225085172926	0.75
22857.24569891376	750	9.300157632113391	0.0	412837	6389.219163461973	0.75
22859.993955067992	300	10.5519014778816	0.0	179328	2748.2561542317912	-0.15000000000000002
22862.518106268843	300	12.027750277033787	0.0	159914	2524.1512008478126	0.3
22864.57728597525	300	13.968570570623791	0.0	131610	2059.1797064099956	0.3
22866.43780544598	300	16.10805109989369	0.0	124011	1860.519470730103	0.3
22871.902444010066	750	14.64341253580977	0.0	378327	5464.638564083919	0.3
22877.380983268853	750	13.16487327702125	0.0	390680	5478.53925878852	0.75
22882.40799347983	750	12.137863066044474	0.0	345516	5027.010210976776	0.75
22888.075805044413	750	10.470051501459443	0.0	384505	5667.811564585032	0.75
22890.22049299602	300	12.325363549851462	0.0	145210	2144.687951607981	-0.15000000000000002
22892.693714387264	300	13.852142158608888	0.0	172312	2473.2213912425727	0.3
22895.094949178354	300	15.450907367519376	0.0	167025	2401.2347910895132	0.3
22900.66214208586	750	13.883714460010749	0.0	393804	5567.192907508626	0.3
22905.346282396462	750	13.199574149408507	0.0	331053	4684.140310602243	0.75
22909.8421614932	750	12.703695052668325	0.0	314107	4495.879096740181	0.75

