43258.65169133699	750	4.0	2.279723424287246	450283	2279.723424287246	-9.052810724435156
43259.49173106834	300	7.159960268651916	0.0	155580	840.039731348085	-0.15000000000000002
43260.254960768216	300	10.39673056877308	0.0	139857	763.2296998788348	0.3
43262.208984161865	750	12.442707175120377	0.0	382355	1954.023393652704	0.3
43264.323714681916	750	14.327976655071023	0.0	411561	2114.730520049353	0.75
43265.97867414938	750	16.6730171876069	0.0	318564	1654.9594674641232	0.75
43267.785059293936	750	18.866632043050622	0.0	352642	1806.3851445562796	0.75
43269.984000797434	750	20.667690539547426	0.0	437162	2198.941503503198	0.75
43271.8804676449	750	22.771223692086185	0.0	374758	1896.466847461242	0.75
43276.68986073648	1850	21.961830600501905	0.0	913888	4809.393091584278	0.75
43281.38571435854	1850	21.265976978444815	0.0	939819	4695.853622057089	1.85
43285.954473929145	1850	20.69721740783516	0.0	917428	4568.759570609655	1.85
43290.75120247136	1850	19.900488865617803	0.0	946851	4796.728542217357	1.85
43295.88532987124	1850	18.76636146573445	0.0	1036454	5134.12739988335	1.85
43299.932238521586	1850	18.71945281539667	0.0	821631	4046.9086503377803	1.85
43304.63864200218	1850	18.013049334801305	0.0	923170	4706.403480595367	1.85
43309.52867277405	1850	17.123018562929882	0.0	966699	4890.030771871422	1.85
43313.701822001596	1850	16.949869335387383	0.0	885714	4173.149227542503	1.85
43318.52481431346	1850	16.12687702352681	0.0	987708	4822.992311860572	1.85
43322.835979902804	1850	15.815711434179304	0.0	923755	4311.165589347505	1.85
43327.02271428116	1850	15.628977055826057	0.0	891604	4186.734378353247	1.85
43331.40901856635	1850	15.242672770631197	0.0	955231	4386.30428519486	1.85
43335.86250428276	1850	14.789187054221726	0.0	968026	4453.485716409473	1.85
43339.94700515584	1850	14.70468618115107	0.0	874175	4084.500873070656	1.85
43344.20102819741	1850	14.450663139585235	0.0	897976	4254.023041565835	1.85
43348.54413441231	1850	14.107556924685271	0.0	905935	4343.106214899963	1.85
43353.61640491131	1850	13.035286425683829	0.0	1076599	5072.270499001444	1.85
43357.218673815216	1850	13.433017521780666	0.0	758197	3602.268903903163	1.85
43361.829757748026	1850	12.821933588970124	0.0	972798	4611.083932810543	1.85
43366.38267488122	1850	12.269016455774898	0.0	975811	4552.917133195227	1.85
43370.46110151945	1850	12.190589817540952	0.0	873429	4078.426638233946	1.85
43374.99006822905	1850	11.661623107932176	0.0	954453	4528.966709608776	1.85
43377.810029633445	1200	12.841661703544233	0.0	584349	2819.9614043879433	0.5499999999999999
43379.79974439999	750	14.851946936995647	0.0	412837	1989.7147665485838	0.3
43381.69366960952	750	16.958021727469088	0.0	401088	1893.925209526558	0.75
43383.42511453791	750	19.226576799084476	0.0	365161	1731.4449283846125	0.75
43386.86044506457	1850	19.79124627241738	0.0	728962	3435.330526667097	0.75
43391.30302036382	1850	19.348670973166833	0.0	938587	4442.575299250544	1.85
43395.631532962194	1850	19.020158374795617	0.0	908665	4328.512598371215	1.85
43400.07365172577	1850	18.57803961121882	0.0	930577	4442.118763576797	1.85
43404.19388533641	1850	18.457806000576834	0.0	858450	4120.233610641988	1.85
43409.04155077502	1850	17.610140561972198	0.0	1025005	4847.665438604637	1.85
43413.21048449948	1850	17.441206837508325	0.0	886255	4168.933724463872	1.85
43417.76154343789	1850	16.890147899105312	0.0	973972	4551.058938403014	1.85
43422.25035209267	1850	16.401339244324312	0.0	958994	4488.808654780999	1.85
43426.90864327821	1850	15.743048058778081	0.0	982064	4658.291185546234	1.85
43430.89833133555	1850	15.753360001436434	0.0	830730	3989.6880573416456	1.85
43434.860791023326	1850	15.79090031365891	0.0	846370	3962.4596877775252	1.85

