39818.990507887196	750	4.0	1.9710099042915692	450283	1971.0099042915692	-7.725342588453747
39820.74558259682	750	6.2449252903723735	0.0	398865	1755.0747096276268	0.75
39822.29771981734	750	8.692788069853565	0.0	350812	1552.1372205188088	0.75
39823.93719289078	750	11.053314996413377	0.0	382355	1639.473073440188	0.75
39825.69578555356	750	13.294722333631102	0.0	411561	1758.5926627822762	0.75
39829.08670966638	1850	13.903798220809149	0.0	801058	3390.924112821953	0.75
39832.96797587278	1850	14.022532014407876	0.0	905515	3881.266206401274	1.85
39837.53507235045	1850	13.455435536737166	0.0	1060487	4567.09647767071	1.85
39841.11927570818	1850	13.871232179006183	0.0	852833	3584.203357730984	1.85
39845.20632952232	1850	13.784178364872009	0.0	913888	4087.0538141341744	1.85
39849.45010065025	1850	13.54040723694974	0.0	939819	4243.7711279222685	1.85
39853.323303708516	1850	13.667204178673527	0.0	917428	3873.203058276212	1.85
39856.975217035055	1850	14.015290852133054	0.0	946851	3651.9133265404744	1.85
39860.824760971394	1850	14.16574691578741	0.0	1036454	3849.543936345642	1.85
39863.95495083934	1850	15.035557047841362	0.0	821631	3130.1898679460505	1.85
39867.89358288642	1850	15.096925000760509	0.0	923170	3938.6320470808537	1.85
39872.39148652503	1850	14.599021362144732	0.0	966699	4497.903638615775	1.85
39875.88501512329	1850	15.10549276388512	0.0	885714	3493.528598259613	1.85
39879.68082575248	1850	15.309682134695219	0.0	987708	3795.810629189902	1.85
39883.59610498213	1850	15.394402905043469	0.0	923755	3915.279229651749	1.85
39887.1084555665	1850	15.882052320671251	0.0	891604	3512.3505843722182	1.85
39890.90898816027	1850	16.08151972690815	0.0	955231	3800.5325937631005	1.85
39894.82994454704	1850	16.160563340136047	0.0	968026	3920.956386772104	1.85
39898.47757674556	1850	16.512931141620328	0.0	874175	3647.6321985157197	1.85
39902.00403157089	1850	16.9864763162865	0.0	897976	3526.4548253338307	1.85
39905.466610920914	1850	17.52389696626136	0.0	905935	3462.579350025138	1.85
39909.4994856251	1850	17.491022262072118	0.0	1076599	4032.87470418924	1.85
39912.70843274076	1850	18.28207514641916	0.0	758197	3208.947115652959	1.85
39917.09998200634	1850	17.89052588084231	0.0	972798	4391.5492655768485	1.85
39921.66787899634	1850	17.322628890832323	0.0	975811	4567.896990009986	1.85
39925.524462050525	1850	17.466045836644597	0.0	873429	3856.5830541877276	1.85
39929.20246791449	1850	17.788039972680608	0.0	954453	3678.005863963989	1.85
39932.85054077514	1850	18.13996711202919	0.0	885062	3648.0728606514185	1.85
39936.87619778866	1850	18.114310098511133	0.0	1035329	4025.6570135180564	1.85
39940.73914425997	1850	18.251363627209432	0.0	1026056	3862.9464713017014	1.85
39944.51278363443	1850	18.47772425274652	0.0	943942	3773.639374462911	1.85
39947.72911063706	1850	19.261397250118222	0.0	728962	3216.327002628299	1.85
39951.63640504964	1850	19.354102837538697	0.0	938587	3907.294412579524	1.85
39955.10493731433	1850	19.885570572850458	0.0	908665	3468.532264688238	1.85
39958.96077994792	1850	20.029727939263147	0.0	930577	3855.8426335873132	1.85
39962.611393740626	1850	20.379114146561513	0.0	858450	3650.613792701635	1.85
39966.77765933339	1850	20.212848553794437	0.0	1025005	4166.265592767075	1.85
39970.05733007153	1850	20.933177815656222	0.0	886255	3279.670738138213	1.85
39974.1148725808	1850	20.87563530638109	0.0	973972	4057.54250927513	1.85
39978.16494760161	1850	20.825560285573992	0.0	958994	4050.075020807097	1.85
39982.59239617572	1850	20.398111711460782	0.0	982064	4427.448574113211	1.85
39986.60940411989	1850	20.38110376729486	0.0	830730	4017.0079441659195	1.85
39990.33580782424	1850	20.654700062944713	0.0	846370	3726.403704350146	1.85

