26715.1015882226	750	4.0	2.580383671789347	450283	2580.3836717893473	-10.345649788694192
26716.04551089269	300	7.056077329908109	0.0	155580	943.9226700918905	-0.15000000000000002
26716.902125064633	300	10.199463157964148	0.0	139857	856.6141719439613	0.3
26719.133860157606	750	11.967728064993182	0.0	382355	2231.7350929709655	0.3
26721.550838883464	750	13.550749339136372	0.0	411561	2416.9787258568103	0.75
26723.453938832812	750	15.647649389786364	0.0	318564	1903.0999493500074	0.75
26725.601142653457	750	17.5004455691389	0.0	352642	2147.2038206474617	0.75
26728.239118792473	750	18.862469430122353	0.0	437162	2637.976139016548	0.75
26730.391291482745	750	20.710296739849227	0.0	374758	2152.172690273126	0.75
26732.47731641395	750	22.624271808646586	0.0	362795	2086.02493120264	0.75
26734.517430873406	750	24.58415734919041	0.0	353220	2040.1144594561779	0.75
26739.77964915542	1850	23.32193906717293	0.0	917428	5262.2182820174785	0.75
26745.368312459872	1850	21.733275762724166	0.0	946851	5588.6633044487635	1.85
26751.233944397776	1850	19.867643824819318	0.0	1036454	5865.631937904848	1.85
26755.871577180198	1850	19.23001104239828	0.0	821631	4637.6327824210375	1.85
26761.08399812778	1850	18.01759009482129	0.0	923170	5212.420947576989	1.85
26766.54229678721	1850	16.559291435388545	0.0	966699	5458.298659432746	1.85
26772.26901533009	1850	14.832572892505912	0.0	885714	5726.718542882633	1.85
26780.200351638767	1850	10.90123658383019	0.0	987708	7931.336308675722	1.85
26782.422606570177	750	12.678981652420886	0.0	350713	2222.2549314093053	-0.3500000000000001
26784.82446679889	750	14.277121423708788	0.0	386472	2401.8602287120975	0.75
26787.203908942924	750	15.897679279675383	0.0	399894	2379.442144033404	0.75
26789.59991665213	750	17.501671570469203	0.0	401853	2396.007709206178	0.75
26791.701708843295	750	19.3998793793034	0.0	343800	2101.792191165803	0.75
26793.898198299306	750	21.203389923290757	0.0	359903	2196.489456012641	0.75
26796.197886499154	750	22.90370172344172	0.0	379700	2299.6881998490344	0.75
26798.761221986842	750	24.340366235756633	0.0	425781	2563.3354876850913	0.75
26803.913123991442	1850	23.188464231155812	0.0	758197	5151.902004600818	0.75
26809.748743678625	1850	21.352844543972918	0.0	972798	5835.619687182895	1.85
26815.724866164233	1850	19.376722058364102	0.0	975811	5976.122485608816	1.85
26820.956176078933	1850	18.145412143663126	0.0	873429	5231.309914700979	1.85
26826.68216083692	1850	16.419427385677707	0.0	954453	5725.984757985419	1.85
26831.920445500382	1850	15.18114272221511	0.0	885062	5238.284663462597	1.85
26838.127224292188	1850	12.974363930408398	0.0	1035329	6206.778791806713	1.85
26844.1351124431	1850	10.966475779500312	0.0	1026056	6007.888150908086	1.85
26849.780745242595	1850	9.320842980003041	0.0	943942	5645.632799497271	1.85
26854.106773126456	1850	8.994815096140737	0.0	728962	4326.027883862303	1.85
26859.681434754344	1850	7.4201534682516	0.0	938587	5574.661627889137	1.85
26865.008708843936	1850	6.09287937866113	0.0	908665	5327.274089590471	1.85
26870.656080180986	1850	4.445508041608353	0.0	930577	5647.371337052777	1.85
26872.829621876128	750	6.271966346467188	0.0	345516	2173.541695141164	-0.3500000000000001
26875.23997815994	750	7.861610062655303	0.0	384505	2410.356283811886	0.75
26877.508169966946	750	9.593418255649617	0.0	372093	2268.1918070056863	0.75
26880.134271033472	750	10.967317189122218	0.0	438281	2626.101066527399	0.75
26882.531325615826	750	12.570262606769	0.0	398987	2397.054582353215	0.75
26884.89778822397	750	14.20379999862417	0.0	393804	2366.4626081448305	0.75
26886.95318132337	750	16.148406899226384	0.0	331053	2055.393099397786	0.75
26889.013932958038	750	18.087655264559398	0.0	314107	2060.7516346669845	0.75

