20080.90054112251	750	4.0	3.9306563647956936	450283	3930.6563647956937	-16.15182236862148
20082.28767147026	300	6.612869652249742	0.0	155580	1387.130347750258	-0.15000000000000002
20083.40959933145	300	9.490941791060962	0.0	139857	1121.9278611887794	0.3
20088.148804355755	1200	8.751736766755588	0.0	617681	4739.205024305374	0.29999999999999993
20091.514947470627	750	9.385593651881788	0.0	411561	3366.143114873802	0.3
20095.66123510391	1200	9.23930601859704	0.0	520315	4146.287633284748	0.75
20100.198396920023	1200	8.702144202488906	0.0	561791	4537.161816108133	1.2
20103.738947836282	750	9.161593286227005	0.0	437162	3540.5509162619014	0.3
20108.301399225726	1200	8.59914189678504	0.0	584846	4562.451389441962	0.75
20111.174734780365	750	9.725806342149573	0.0	362795	2873.335554635467	0.3
20116.000913282267	1200	8.899627840245023	0.0	607410	4826.178501904552	0.75
20119.324054830326	750	9.576486292190248	0.0	405134	3323.1415480547753	0.3
20124.460202988088	1200	8.440338134426899	0.0	624282	5136.148157763349	0.75
20127.966755915906	750	8.933785206609894	0.0	434409	3506.552927817005	0.3
20130.71614023336	750	10.184400889157128	0.0	337059	2749.3843174527656	0.75
20135.522028706153	1200	9.378512416365162	0.0	587876	4805.888472791967	0.75
20140.50673081938	1200	8.393810303137387	0.0	617242	4984.702113227776	1.2
20143.45472352006	750	9.445817602454849	0.0	372963	2947.9927006825383	0.3
20149.18412708005	1200	7.716414042463576	0.0	639204	5729.403559991272	0.75
20154.65187156229	750	6.248669560221515	0.0	350713	5467.744482242061	0.3
20155.955140603353	300	8.945400519159207	0.0	157671	1303.2690410623063	-0.15000000000000002
20159.126581120665	750	9.773960001843749	0.0	399894	3171.4405173154596	0.3
20164.16313205904	1200	8.73740906347107	0.0	656471	5036.550938372679	0.75
20166.851499908706	750	10.049041213805012	0.0	343800	2688.3678496660586	0.3
20171.53619887156	1200	9.364342250948171	0.0	587236	4684.698962856841	0.75
20176.241683808898	1200	8.658857313610813	0.0	590335	4705.484937337358	1.2
20179.562665922338	750	9.337875200171188	0.0	425781	3320.9821134396248	0.3
20183.375201506253	1200	9.525339616252825	0.0	487160	3812.535583918362	0.75
20188.471685150176	1200	8.428855972331474	0.0	622896	5096.483643921352	1.2
20191.871365574025	750	9.029175548481753	0.0	400508	3399.680423849721	0.3
20196.667497160695	1200	8.23304396180918	0.0	570392	4796.131586672572	0.75
20200.027820547497	750	8.872720575007493	0.0	400322	3360.323386801688	0.3
20203.148784998804	750	9.751756123701364	0.0	369834	3120.9644513061307	0.75
20208.63820681644	1200	8.262334306068846	0.0	670129	5489.421817632517	0.75
20212.0713243888	750	8.829216733710945	0.0	401088	3433.1175723579	0.3
20215.252255929656	750	9.648285192852027	0.0	365161	3180.9315408589196	0.75
20219.365823931963	1200	9.534717190546715	0.0	487812	4113.568002305312	0.75
20224.144339185474	1200	8.756201937034621	0.0	575591	4778.515253512095	1.2
20227.252334126544	750	9.648206995962383	0.0	378327	3107.994941072238	0.3
20232.028509252305	1200	8.872031870199685	0.0	587506	4776.175125762698	0.75
20234.895196882015	750	10.005344240493397	0.0	345516	2866.6876297062868	0.3
20243.273200276988	1200	5.627340845515684	0.0	641452	8378.003394977713	0.75
20246.525661591553	300	6.374879530952573	0.0	145210	3252.461314563111	-0.6000000000000001
20248.376390288668	300	8.524150833837592	0.0	172312	1850.728697114982	0.3
20251.81226877323	750	9.088272349275519	0.0	398987	3435.878484562072	0.3
20256.0088031739	1200	8.891737948602787	0.0	638661	4196.534400672734	0.75
20258.29079547498	750	10.609745647524223	0.0	331053	2281.9923010785624	0.3
20262.03982196711	1200	10.860719155393006	0.0	550906	3749.0264921312173	0.75

