11965.914608186278	750	4.0	5.009303478338928	450283	5009.303478338928	-20.790004956857388
11967.707453358831	300	6.2071548274469315	0.0	155580	1792.845172553068	-0.15000000000000002
11969.327574761895	300	8.587033424382314	0.0	139857	1620.1214030646167	0.3
11971.11920986004	300	10.795398326238214	0.0	155432	1791.6350981441005	0.3
11972.356892784457	300	13.557715401819857	0.0	163442	1237.6829244183548	0.3
11974.614925921684	750	15.299682264592622	0.0	318564	2258.0331372272353	0.3
11977.504959661315	750	16.409648524961298	0.0	352642	2890.033739631323	0.75
11982.455756928312	750	15.458851257966133	0.0	437162	4950.797266995167	0.75
11986.724606194895	750	15.19000199138237	0.0	374758	4268.849266583761	0.75
11989.303510799635	750	16.611097386641188	0.0	362795	2578.9046047411825	0.75
11991.816222572841	750	18.09838561343537	0.0	353220	2512.7117732058173	0.75
11994.6651756183	750	19.24943256797506	0.0	405134	2848.9530454603123	0.75
11997.647804452443	750	20.266803733832024	0.0	386351	2982.6288341430336	0.75
12002.30055428677	750	19.614053899505613	0.0	434409	4652.749834326413	0.75
12004.689518779298	750	21.22508940697872	0.0	337059	2388.9644925268926	0.75
12007.338224829511	750	22.576383356765096	0.0	366214	2648.7060502136255	0.75
12011.487009918606	750	22.427598267671513	0.0	360831	4148.78508909358	0.75
12016.072227495408	750	21.842380690868996	0.0	372963	4585.217576802517	0.75
12020.807569303815	750	21.107038882459648	0.0	405596	4735.341808409346	0.75
12024.83445681154	750	21.080151374733397	0.0	350713	4026.8875077262537	0.75
12029.289907196022	750	20.624700990253064	0.0	386472	4455.450384480331	0.75
12033.83712832068	750	20.07747986559685	0.0	399894	4547.221124656215	0.75
12038.202256870456	750	19.71235131581939	0.0	401853	4365.128549777457	0.75
12042.052828344267	750	19.86177984200768	0.0	343800	3850.5714738117063	0.75
12046.187010778456	750	19.727597407816848	0.0	359903	4134.182434190835	0.75
12049.580770336135	750	20.333837850140196	0.0	379700	3393.7595576766507	0.75
12052.638478749837	750	21.27612943643601	0.0	425781	3057.7084137041893	0.75
12055.587094611528	750	22.327513574746988	0.0	277716	2948.6158616890193	0.75
12059.415886619649	750	22.498721566627157	0.0	400396	3828.7920081198267	0.75
12062.246124277837	750	23.66848390843693	0.0	400508	2830.2376581902276	0.75
12065.70533006666	750	24.2092781196152	0.0	358218	3459.205788821733	0.75
12070.21675126219	750	23.697856924082327	0.0	400322	4511.42119553287	0.75
12074.270609433872	750	23.643998752400986	0.0	369834	4053.8581716813414	0.75
12083.198975080933	1850	18.71563310534084	0.0	1035329	8928.365647060145	0.75
12093.73845875539	1850	12.176149430885141	0.0	1026056	10539.483674455698	1.85
12100.420963583438	1850	9.493644602836593	0.0	943942	6682.504828048549	1.85
12104.113730655128	750	9.800877531146224	0.0	321064	3692.76707169037	-0.3500000000000001
12105.60203556698	300	12.312572619295167	0.0	124011	1488.3049118510555	-0.15000000000000002
12107.320225862633	300	14.59438232364267	0.0	144254	1718.1902956524998	0.3
12109.103567195527	300	16.811040990749202	0.0	149991	1783.3413328934664	0.3
12111.459277310676	750	18.455330875599177	0.0	345516	2355.710115150024	0.3
12114.070972470889	750	19.843635715386768	0.0	384505	2611.6951602124095	0.75
12117.948340608695	750	19.966267577580584	0.0	372093	3877.3681378061856	0.75
12122.404999202297	750	19.509608983978623	0.0	438281	4456.658593601961	0.75
12126.417714520114	750	19.496893666162794	0.0	398987	4012.715317815826	0.75
12130.100985921554	750	19.81362226472131	0.0	393804	3683.271401441485	0.75
12132.213009724957	750	21.701598461317296	0.0	331053	2112.023803404016	0.75
12134.221017931546	750	23.693590254728544	0.0	314107	2008.008206588749	0.75

