31896.9894866129	750	4.0	1.7188586863676834	450283	1718.8586863676833	-6.6410923513810385
31897.635738579833	300	7.353748033070127	0.0	155580	646.2519669298733	-0.15000000000000002
31898.992560697217	750	9.996925915686127	0.0	350812	1356.8221173840002	0.3
31900.46418732542	750	12.525299287485383	0.0	382355	1471.6266282007439	0.75
31901.990774728652	750	14.998711884250433	0.0	411561	1526.58740323495	0.75
31904.87718502004	1850	16.112301592862526	0.0	801058	2886.410291387909	0.75
31908.060980809783	1850	16.928505803122274	0.0	905515	3183.795789740253	1.85
31911.72479492796	1850	17.264691684944612	0.0	1060487	3663.814118177657	1.85
31914.631733084658	1850	18.3577535282463	0.0	852833	2906.938156698315	1.85
31917.815747815643	1850	19.173738797259315	0.0	913888	3184.0147309869867	1.85
31921.150324699116	1850	19.83916191378526	0.0	939819	3334.576883474054	1.85
31925.98396549241	1850	19.005521120489473	0.0	917428	4833.640793295789	1.85
31929.366990153787	1850	19.622496459114863	0.0	946851	3383.0246613746085	1.85
31932.96013040843	1850	20.029356204469483	0.0	1036454	3593.140254645377	1.85
31935.815785628034	1850	21.17370098486537	0.0	821631	2855.6552196041157	1.85
31938.97271442198	1850	22.01677219092127	0.0	923170	3156.9287939440983	1.85
31942.29087433617	1850	22.69861227673404	0.0	966699	3318.1599141872334	1.85
31945.44145546098	1850	23.5480311519205	0.0	885714	3150.5811248135356	1.85
31948.9389576408	1850	24.050528972100533	0.0	987708	3497.5021798199705	1.85
31952.279523360725	1850	24.70996325217388	0.0	923755	3340.565719926654	1.85
31956.055809674042	1850	24.933676938855218	0.0	891604	3776.286313318661	1.85
31959.8951976571	1850	25.09428895579823	0.0	955231	3839.3879830569854	1.85
31963.522172152578	1850	25.467314460321997	0.0	968026	3626.974495476233	1.85
31966.562382061915	1850	26.42710455098822	0.0	874175	3040.2099093337833	1.85
31969.689710479437	1850	27.299776133462856	0.0	897976	3127.3284175253625	1.85
31972.855210169906	1850	28.13427644299167	0.0	905935	3165.499690471183	1.85
31976.660500223377	1850	28.328986389522758	0.0	1076599	3805.290053468914	1.85
31979.36589109525	1850	29.623595517648916	0.0	758197	2705.390871873842	1.85
31982.80602764272	1850	30.18345897018079	0.0	972798	3440.1365474681256	1.85
31986.125563881014	1850	30.863922731887996	0.0	975811	3319.5362382927924	1.85
31989.62857825501	1850	31.36090835788811	0.0	873429	3503.014373999885	1.85
31993.745766010798	1850	31.24372060210184	0.0	954453	4117.187755786272	1.85
31996.75911302108	1850	32.23037359182234	0.0	885062	3013.3470102795013	1.85
32000.26402573525	1850	32.725460877650534	0.0	1035329	3504.91271417181	1.85
32003.84497821087	1850	33.144508402032066	0.0	1026056	3580.9524756184655	1.85
32011.61930882582	4300	29.370177787084558	0.0	2143948	7774.330614947507	1.8499999999999996
32018.41547053135	4300	26.574016081553253	0.0	1919781	6796.1617055313045	4.3
32025.98551669272	4300	23.003969920180097	0.0	2147467	7570.046161373158	4.3
32033.179418955817	4300	19.810067657081497	0.0	2133870	7193.9022630986	4.3
32040.379165706643	4300	16.610320906259194	0.0	2146120	7199.746750822307	4.3
32047.89478476731	4300	13.09470184558856	0.0	2108491	7515.619060670634	4.3
32051.456184991825	1850	13.533301621072784	0.0	1025005	3561.400224515775	-0.6000000000000001
32054.505840489157	1850	14.483646123742968	0.0	886255	3049.655497329815	1.85
32057.902686173584	1850	15.086800439316534	0.0	973972	3396.8456844264347	1.85
32061.1621653123	1850	15.8273213005986	0.0	958994	3259.4791387179343	1.85
32064.469347019327	1850	16.52013959357383	0.0	982064	3307.1817070247707	1.85
32067.298104609716	1850	17.691382003184636	0.0	830730	2828.7575903891925	1.85
32070.209434246415	1850	18.780052366486196	0.0	846370	2911.3296366984428	1.85

