6343.6745192311955	750	4.0	7.151250761624304	450283	7151.250761624304	-30.000378274984506
6346.436126230469	300	5.238393000726505	0.0	155580	2761.6069992734947	-0.15000000000000002
6347.731252007785	300	7.943267223410332	0.0	139857	1295.1257773161735	0.3
6349.009925448185	300	10.664593783010995	0.0	155432	1278.6734403993366	0.3
6352.247029278559	750	11.427489952636043	0.0	411561	3237.103830374953	0.3
6354.662521286101	750	13.011997945094688	0.0	318564	2415.4920075413543	0.75
6357.333448190793	750	14.341071040402406	0.0	352642	2670.926904692281	0.75
6360.691780752811	750	14.982738478385345	0.0	437162	3358.332562017062	0.75
6363.924378762664	750	15.750140468532209	0.0	374758	3232.598009853136	0.75
6367.38009190948	750	16.294427321715386	0.0	362795	3455.713146816825	0.75
6369.404349185876	750	18.270170045320004	0.0	353220	2024.2572763953797	0.75
6371.714360870988	750	19.960158360208272	0.0	405134	2310.011685111731	0.75
6376.108972287342	750	19.565546943853803	0.0	386351	4394.61141635447	0.75
6380.047983305932	750	19.626535925263845	0.0	434409	3939.011018589959	0.75
6382.560262150722	750	21.114257080473443	0.0	337059	2512.278844790404	0.75
6385.552591240065	750	22.121927991131052	0.0	366214	2992.32908934239	0.75
6388.523104080489	750	23.151415150707436	0.0	360831	2970.5128404236175	0.75
6391.60369359794	750	24.070825633256934	0.0	372963	3080.5895174505013	0.75
6394.927544478134	750	24.746974753062837	0.0	405596	3323.8508801940957	0.75
6397.800548409956	750	25.873970821241222	0.0	350713	2873.003931821614	0.75
6401.289666448841	750	26.384852782355765	0.0	386472	3489.1180388854605	0.75
6405.21776684603	750	26.45675238516693	0.0	399894	3928.1003971888363	0.75
6408.9805073968155	750	26.694011834381456	0.0	401853	3762.740550785472	0.75
6411.024367487207	750	28.650151743989916	0.0	343800	2043.8600903915446	0.75
6417.188580449116	1850	26.485938782081437	0.0	897976	6164.212961908478	0.75
6424.433990329241	1850	23.240528901955443	0.0	905935	7245.409880125994	1.85
6433.118789310727	1850	18.555729920469783	0.0	1076599	8684.798981485661	1.85
6439.211016428818	1850	16.463502802378724	0.0	758197	6092.227118091061	1.85
6448.726325425092	1850	10.948193806104848	0.0	972798	9515.308996273876	1.85
6452.06315452307	750	11.611364708126791	0.0	400508	3336.8290979780554	-0.3500000000000001
6454.98088621173	750	12.693633019466766	0.0	358218	2917.731688660026	0.75
6458.201451129319	750	13.473068101877548	0.0	400322	3220.5649175892177	0.75
6461.192677234555	750	14.481841996641677	0.0	369834	2991.2261052358717	0.75
6464.4413008840675	750	15.233218347129384	0.0	412837	3248.623649512292	0.75
6466.72656253683	750	16.94795669436663	0.0	401088	2285.2616527627524	0.75
6468.814290393023	750	18.860228838174226	0.0	365161	2087.727856192405	0.75
6471.118705304053	750	20.555813927144232	0.0	321064	2304.414911029995	0.75
6473.96261664011	750	21.71190259108685	0.0	361565	2843.91133605738	0.75
6477.034567267768	750	22.639951963428917	0.0	378327	3071.950627657936	0.75
6480.347762627735	750	23.326756603461583	0.0	390680	3313.195359967337	0.75
6483.816339631054	750	23.85817960014402	0.0	345516	3468.5770033175627	0.75
6487.092929401328	750	24.58158982987016	0.0	384505	3276.589770273859	0.75
6490.7133643241805	750	24.961154907017686	0.0	372093	3620.4349228524748	0.75
6497.765197070824	750	21.909322160374575	0.0	438281	7051.832746643111	0.75
6500.996786240526	750	22.67773299067338	0.0	398987	3231.5891697011975	0.75
6504.631745998821	750	23.042773232377495	0.0	393804	3634.9597582958845	0.75
6508.2338201922685	750	23.440699038930394	0.0	331053	3602.0741934470993	0.75
6511.781783172332	750	23.89273605886573	0.0	314107	3547.962980064665	0.75

