13886.66025279509	750	4.0	4.067650480708028	450283	4067.6504807080273	-16.740897067044518
13888.190619212839	300	6.46963358225069	0.0	155580	1530.3664177493097	-0.15000000000000002
13889.755123255018	300	8.905129540072082	0.0	139857	1564.5040421786089	0.3
13893.613239628254	750	9.047013166836038	0.0	382355	3858.116373236043	0.3
13898.801891625364	1200	7.858361169725509	0.0	652874	5188.651997110529	0.75
13901.888760492047	750	8.771492303042496	0.0	318564	3086.8688666830117	0.3
13905.069763259693	750	9.590489535397086	0.0	352642	3181.0027676454106	0.75
13911.703421404894	1200	6.9568313901945364	0.0	709534	6633.658145202549	0.75
13913.303316642956	300	9.356936152132915	0.0	150710	1599.895238061622	-0.6000000000000001
13919.257579336907	1200	7.402673458182432	0.0	560821	5954.262693950484	0.29999999999999993
13922.783084820006	750	7.877167975083608	0.0	353220	3525.505483098824	0.3
13927.007347895427	750	7.652904899663467	0.0	405134	4224.263075420141	0.75
13930.81472693029	750	7.8455258647993	0.0	386351	3807.379034864167	0.75
13934.82357833768	750	7.836674457409749	0.0	434409	4008.8514073895512	0.75
13937.813782104784	750	8.846470690305312	0.0	337059	2990.2037671044372	0.75
13941.019836664553	750	9.640416130537812	0.0	366214	3206.054559767502	0.75
13946.449017180883	1200	8.21123561420655	0.0	617242	5429.18051633126	0.75
13950.122140256579	750	8.538112538510829	0.0	372963	3673.123075695722	0.3
13954.71684413813	750	7.943408656958487	0.0	405596	4594.703881552341	0.75
13957.46037650465	750	9.199876290439413	0.0	350713	2743.5323665190745	0.75
13962.609942248968	1200	8.050310546121393	0.0	601738	5149.565744318021	0.75
13966.291827228437	750	8.368425566652839	0.0	399894	3681.8849794685543	0.3
13969.956431761226	750	8.703821033862914	0.0	401853	3664.6045327899237	0.75
13972.828770171038	750	9.831482624052125	0.0	343800	2872.33840981079	0.75
13978.282602167477	1200	8.377650627611356	0.0	587236	5453.831996440769	0.75
13981.984757440327	750	8.675495354761926	0.0	379700	3702.1552728494303	0.3
13985.87605390986	750	8.784198885228427	0.0	425781	3891.2964695334995	0.75
13988.166049045683	750	10.494203749404516	0.0	277716	2289.995135823911	0.75
13993.31287614411	1200	9.347376650978555	0.0	622896	5146.827098425962	0.75
13999.346676994284	1200	7.313575800802773	0.0	641447	6033.800850175782	1.2
14002.864566164473	750	7.795686630614359	0.0	358218	3517.889170188413	0.3
14006.76994546712	750	7.890307327967163	0.0	400322	3905.379302647197	0.75
14010.370304790022	750	8.289948005066183	0.0	369834	3600.3593229009803	0.75
14014.138319804293	750	8.521932990794607	0.0	412837	3768.015014271576	0.75
14017.929489697915	750	8.730763097174611	0.0	401088	3791.169893619995	0.75
14021.362832076931	750	9.297420718157316	0.0	365161	3433.342379017294	0.75
14025.663982472026	1200	8.996270323062374	0.0	487812	4301.150395094943	0.75
14029.532182125073	750	9.128070670015845	0.0	361565	3868.19965304653	0.3
14034.804203330961	1200	7.856049464127319	0.0	605884	5272.021205888525	0.75
14038.099661665123	750	8.560591129967001	0.0	390680	3295.4583341603184	0.3
14041.065682752947	750	9.594570042142182	0.0	345516	2966.0210878248186	0.75
14047.271808155016	1200	7.388444640075229	0.0	641452	6206.125402066953	0.75
14050.39524667544	750	8.265006119650947	0.0	372093	3123.4385204242826	0.3
14054.233830308409	750	8.42642248668141	0.0	438281	3838.5836329695367	0.75
14058.035602756341	750	8.62465003874907	0.0	398987	3801.7724479323406	0.75
14062.018182880765	750	8.642069914326493	0.0	393804	3982.580124422577	0.75
14065.111417715601	750	9.548835079490292	0.0	331053	3093.2348348362016	0.75
14069.620140292354	1200	9.040112502738276	0.0	550906	4508.722576752016	0.75

