23967.573294718928	750	4.0	3.60682969764596	450283	3606.82969764596	-14.759367699877627
23968.871870957337	300	6.701423761590469	0.0	155580	1298.57623840953	-0.15000000000000002
23969.870288489063	300	9.703006229865707	0.0	139857	998.4175317247629	0.3
23970.911419620046	300	12.661875098882359	0.0	155432	1041.1311309833495	0.3
23973.53635302757	750	14.03694169135599	0.0	411561	2624.933407526368	0.3
23979.950710998637	750	11.622583720292935	0.0	318564	6414.357971063054	0.75
23982.048631933565	750	13.524662785361775	0.0	352642	2097.9209349311595	0.75
23984.663957583925	750	14.90933713500126	0.0	437162	2615.325650360515	0.75
23989.82072129615	750	13.752573422776564	0.0	374758	5156.763712224697	0.75
23992.582308129287	750	14.990986589638073	0.0	362795	2761.5868331384913	0.75
23995.26797459409	750	16.30532012483672	0.0	353220	2685.6664648013543	0.75
23998.306383357867	750	17.26691136105808	0.0	405134	3038.4087637786356	0.75
24003.049924830233	750	16.523369888695008	0.0	386351	4743.541472363074	0.75
24010.24638344872	750	13.326911270207432	0.0	434409	7196.458618487575	0.75
24012.371440237654	750	15.201854481276474	0.0	337059	2125.0567889309596	0.75
24014.673390777178	750	16.89990394175205	0.0	366214	2301.9505395244228	0.75
24017.566869011353	750	18.00642570757802	0.0	360831	2893.4782341740292	0.75
24020.686397330726	750	18.88689738820567	0.0	372963	3119.5283193723512	0.75
24023.297747160905	750	20.27554755802887	0.0	405596	2611.349830176799	0.75
24025.56655819672	750	22.00673652221392	0.0	350713	2268.81103581495	0.75
24027.81255492269	750	23.760739796244476	0.0	386472	2245.9967259694436	0.75
24030.133775747832	750	25.439518971101066	0.0	399894	2321.2208251434117	0.75
24036.433241058832	1850	23.14005366010072	0.0	968026	6299.465311000346	0.75
24041.535572681503	1850	22.037722037433756	0.0	874175	5102.331622666963	1.85
24048.40759262071	1850	19.165702098224507	0.0	897976	6872.019939209249	1.85
24056.07345039425	1850	15.499844324685636	0.0	905935	7665.857773538873	1.85
24066.387054097493	1850	9.186240621444357	0.0	1076599	10313.60370324128	1.85
24068.403673054625	750	11.169621664313205	0.0	277716	2016.6189571311518	-0.3500000000000001
24071.275786162834	750	12.297508556103795	0.0	400396	2872.1131082094107	0.75
24073.78585233165	750	13.78744238728754	0.0	400508	2510.066168816255	0.75
24076.038080049355	750	15.535214669581089	0.0	358218	2252.22771770645	0.75
24078.454434815412	750	17.118859903525127	0.0	400322	2416.3547660559616	0.75
24080.675816719326	750	18.897477999607478	0.0	369834	2221.381903917651	0.75
24083.137864123008	750	20.435430595924277	0.0	412837	2462.0474036832034	0.75
24085.52696270996	750	22.04633200897254	0.0	401088	2389.098586951735	0.75
24087.84811535326	750	23.725179365670485	0.0	365161	2321.152643302057	0.75
24090.074066592562	750	25.4992281263675	0.0	321064	2225.9512393029822	0.75
24095.8434334341	1850	23.72986128483062	0.0	938587	5769.36684153688	0.75
24104.869288714825	1850	18.704006004103743	0.0	908665	9025.855280726877	1.85
24110.921736742974	1850	16.651557975955146	0.0	930577	6052.448028148594	1.85
24119.159947166205	1850	12.413347552725211	0.0	858450	8238.210423229935	1.85
24126.608519726175	1850	8.964774992754554	0.0	1025005	7448.572559970658	1.85
24129.573305791535	750	9.999988927396176	0.0	372093	2964.786065358378	-0.3500000000000001
24133.02263117741	750	10.550663541520265	0.0	438281	3449.3253858759117	0.75
24136.143674403553	750	11.42962031537894	0.0	398987	3121.043226141324	0.75
24141.455761466153	750	10.117533252777488	0.0	393804	5312.087062601453	0.75
24144.099869168673	300	11.473425550257696	0.0	137507	2644.1077025197915	-0.15000000000000002
24146.41510804814	300	13.158186670793379	0.0	118421	2315.2388794643175	0.3

