40411.920408260026	750	4.0	9.923192935937267	450283	9923.192935937268	-41.91972962453025
40415.41743215061	300	4.502976109412223	0.0	155580	3497.0238905877777	-0.15000000000000002
40418.58822247364	300	5.332185786377562	0.0	139857	3170.7903230346606	0.3
40422.12850696445	300	5.7919012955680245	0.0	155432	3540.284490809538	0.3
40425.84652942524	300	6.073878834778597	0.0	163442	3718.022460789428	0.3
40428.71684454434	300	7.203563715686358	0.0	126289	2870.315119092239	0.3
40432.152931084056	300	7.767477175964393	0.0	153295	3436.086539721965	0.3
40436.05004379957	300	7.87036446045228	0.0	173849	3897.112715512112	0.3
40439.438366137656	300	8.4820421223706	0.0	150710	3388.32233808168	0.3
40442.57034499836	300	9.350063261665609	0.0	139105	3131.978860704991	0.3
40445.77569650939	300	10.144711750641873	0.0	141840	3205.351511023737	0.3
40449.3015683934	300	10.618839866625466	0.0	156148	3525.871884016407	0.3
40452.9355203011	300	10.9848879589266	0.0	160746	3633.951907698864	0.3
40456.92661236433	300	10.993795895699181	0.0	179801	3991.092063227421	0.3
40460.07830459364	300	11.842103666394607	0.0	140051	3151.692229304574	0.3
40463.20872245664	300	12.711685803388614	0.0	138313	3130.417863005995	0.3
40466.44823048847	300	13.47217777155904	0.0	143509	3239.5080318295736	0.3
40469.75910054562	300	14.161307714408869	0.0	150616	3310.87005715017	0.3
40473.26014542015	300	14.66026283987914	0.0	165384	3501.044874529729	0.3
40476.4832306008	300	15.43717765922591	0.0	140881	3223.0851806532305	0.3
40480.07585836357	300	15.844549896464475	0.0	157671	3592.6277627614345	0.3
40483.62744229353	300	16.292965966498027	0.0	157812	3551.58392996645	0.3
40492.5908180596	750	11.329590200428209	0.0	401853	8963.375766069817	0.3
40495.449414703005	300	12.470993557028644	0.0	137654	2858.596643399566	-0.15000000000000002
40498.29607560398	300	13.624332656045539	0.0	146754	2846.660900983104	0.3
40501.65192451078	300	14.26848374924969	0.0	153938	3355.8489067958485	0.3
40505.71957346036	300	14.200834799665548	0.0	181901	4067.648949584141	0.3
40508.213944785486	300	15.706463474547007	0.0	111155	2494.371325118541	0.3
40512.31613819306	300	15.604270066967088	0.0	153605	4102.19340757992	0.3
40521.477066627755	750	10.443341632277438	0.0	400508	9160.92843468965	0.3
40524.72698606434	300	11.19342219568945	0.0	157421	3249.9194365879875	-0.15000000000000002
40527.98635071832	300	11.934057541713958	0.0	157488	3259.3646539754927	0.3
40530.960617666926	300	12.959790593111531	0.0	143881	2974.266948602428	0.3
40534.31449442132	300	13.605913838715132	0.0	163444	3353.8767543963977	0.3
40538.33103385941	300	13.58937440062617	0.0	179328	4016.539438088962	0.3
40541.94686426773	300	13.973543992303926	0.0	159914	3615.8304083222442	0.3
40544.92914707823	300	14.991261181813169	0.0	131610	2982.282810490757	0.3
40547.60432409711	300	16.316084162926817	0.0	124011	2675.1770188863516	0.3
40555.379894487254	750	12.540513772784564	0.0	378327	7775.570390142251	0.3
40558.3982240642	300	13.522184195841257	0.0	149991	3018.329576943308	-0.15000000000000002
40561.37434010442	300	14.546068155624358	0.0	147968	2976.1160402168994	0.3
40564.61767785307	300	15.302730406969353	0.0	161857	3243.3377486550044	0.3
40567.540234594846	300	16.38017366519447	0.0	145210	2922.556741774883	0.3
40570.99334965312	300	16.927058606916617	0.0	172312	3453.1150582778537	0.3
40579.14705274655	750	12.77335551349187	0.0	398987	8153.703093424747	0.3
40590.94117974999	750	4.979228510043331	0.0	393804	11794.127003448539	0.75
40593.93012872884	300	5.990279531204329	0.0	137507	2988.9489788390024	-0.15000000000000002
40596.491285985016	300	7.429122275023186	0.0	118421	2561.157256181143	0.3

