35330.20152928164	750	4.0	1.9620912859185582	450283	1962.0912859185582	-7.6869925294498
35331.94870379358	750	6.252825488064381	0.0	398865	1747.1745119356178	0.75
35333.49363636758	750	8.707892914067692	0.0	350812	1544.9325739966903	0.75
35335.02927880464	750	11.172250477001583	0.0	382355	1535.642437066107	0.75
35336.676109778586	750	13.525419503060185	0.0	411561	1646.8309739414	0.75
35339.896994687435	1850	14.304534594205741	0.0	801058	3220.884908854443	0.75
35343.71380965946	1850	14.487719622185478	0.0	905515	3816.8149720202623	1.85
35347.833263190034	1850	14.368266091616434	0.0	1060487	4119.453530569046	1.85
35351.21489196445	1850	14.98663731719982	0.0	852833	3381.628774416612	1.85
35354.84216866005	1850	15.35936062160171	0.0	913888	3627.2766955981115	1.85
35358.499496404955	1850	15.702032876699075	0.0	939819	3657.3277449026345	1.85
35362.58180077548	1850	15.619728506172935	0.0	917428	4082.304370526141	1.85
35366.72288692522	1850	15.478642356430003	0.0	946851	4141.086149742933	1.85
35370.98796503567	1850	15.213564245980262	0.0	1036454	4265.078110449741	1.85
35374.22856595418	1850	15.972963327474893	0.0	821631	3240.6009185053686	1.85
35377.95262522236	1850	16.24890405930031	0.0	923170	3724.059268174585	1.85
35381.93939121776	1850	16.262138063892298	0.0	966699	3986.7659954080095	1.85
35385.587192975	1850	16.614336306651456	0.0	885714	3647.801757240841	1.85
35389.44586671028	1850	16.755662571367843	0.0	987708	3858.673735283611	1.85
35393.30843115225	1850	16.893098129406404	0.0	923755	3862.56444196144	1.85
35396.97298156918	1850	17.228547712466646	0.0	891604	3664.5504169397564	1.85
35400.85120228665	1850	17.350326995008846	0.0	955231	3878.220717457799	1.85
35404.87630528907	1850	17.325223992582856	0.0	968026	4025.1030024259903	1.85
35409.53003399025	1850	16.671495291398415	0.0	874175	4653.728701184438	1.85
35413.351474019175	1850	16.850055262476594	0.0	897976	3821.4400289218206	1.85
35416.98879784699	1850	17.212731434660373	0.0	905935	3637.3238278162185	1.85
35421.267181671385	1850	16.934347610274845	0.0	1076599	4278.383824385528	1.85
35424.44573491469	1850	17.755794366962157	0.0	758197	3178.553243312691	1.85
35428.59967009382	1850	17.601859187833025	0.0	972798	4153.93517912913	1.85
35432.89695373254	1850	17.30457554911316	0.0	975811	4297.283638719865	1.85
35436.707641036606	1850	17.49388824504918	0.0	873429	3810.6873040639807	1.85
35440.53489100811	1850	17.66663827355	0.0	954453	3827.249971499181	1.85
35444.02536305301	1850	18.17616622864549	0.0	885062	3490.472044904512	1.85
35448.26506723093	1850	17.936462050728256	0.0	1035329	4239.704177917232	1.85
35452.60380816856	1850	17.59772111309704	0.0	1026056	4338.7409376312135	1.85
35456.59422591425	1850	17.607303367412992	0.0	943942	3990.417745684054	1.85
35459.79555339967	1850	18.4059758819853	0.0	728962	3201.3274854276933	1.85
35463.76147273036	1850	18.440056551302558	0.0	938587	3965.919330682739	1.85
35467.50141185055	1850	18.700117431115153	0.0	908665	3739.9391201874055	1.85
35471.25723937903	1850	18.944289902630096	0.0	930577	3755.8275284850592	1.85
35475.303309291616	1850	18.89821999004498	0.0	858450	4046.0699125851165	1.85
35479.911492969506	1850	18.290036312154722	0.0	1025005	4608.183677890254	1.85
35483.625477334535	1850	18.576051947120206	0.0	886255	3713.984365034517	1.85
35487.52703867476	1850	18.67449060690344	0.0	973972	3901.5613402167633	1.85
35491.39898168454	1850	18.802547597118814	0.0	958994	3871.943009784629	1.85
35495.3902152795	1850	18.811314002162522	0.0	982064	3991.233594956291	1.85
35498.67548663857	1850	19.526042643089102	0.0	830730	3285.271359073419	1.85
35501.92819304903	1850	20.273336232623937	0.0	846370	3252.706410465167	1.85

