523.7242577022225	750	4.0	4.226280936562637	450283	4226.280936562637	-17.42300802721934
525.1647854191777	300	6.559472283044762	0.0	155580	1440.5277169552373	-0.15000000000000002
526.3722611969944	300	9.351996505228199	0.0	139857	1207.475777816563	0.3
527.7052969055937	300	12.018960796628814	0.0	155432	1333.0357085993842	0.3
529.1029062928814	300	14.621351409341123	0.0	163442	1397.609387287692	0.3
531.8588618138359	750	15.865395888386551	0.0	318564	2755.955520954572	0.3
534.9545891265526	750	16.76966857566985	0.0	352642	3095.7273127167014	0.75
538.4912235112228	750	17.233034190999632	0.0	437162	3536.6343846702175	0.75
541.625512217257	750	18.09874548496546	0.0	374758	3134.2887060341714	0.75
544.7815450298563	750	18.9427126723661	0.0	362795	3156.0328125993606	0.75
550.8601068354435	750	16.86415086677884	0.0	353220	6078.561805587257	0.75
554.4491876932209	750	17.2750700090014	0.0	405134	3589.0808577774383	0.75
558.3884592072774	750	17.335798494944903	0.0	386351	3939.2715140564956	0.75
562.6147952936533	750	17.10946240856908	0.0	434409	4226.336086375822	0.75
565.6097630762494	750	18.11449462597291	0.0	337059	2994.96778259617	0.75
569.8904409328018	750	17.833816769420547	0.0	366214	4280.677856552365	0.75
577.0072567616708	750	14.717000940551548	0.0	360831	7116.815828869	0.75
579.8942717967784	750	15.829985905443914	0.0	372963	2887.0150351076327	0.75
586.9256993155291	750	12.798558386693214	0.0	405596	7031.427518750701	0.75
589.9864531518485	750	13.737804550373836	0.0	350713	3060.753836319377	0.75
593.385545918918	750	14.338711783304426	0.0	386472	3399.092767069412	0.75
596.9285212478846	750	14.795736454337826	0.0	399894	3542.9753289665987	0.75
600.5326518471468	750	15.191605855075665	0.0	401853	3604.130599262161	0.75
603.7309066269005	750	15.993351075321872	0.0	343800	3198.2547797537914	0.75
607.2874724865113	750	16.436785215711037	0.0	359903	3556.565859610836	0.75
611.7724712703894	750	15.951786431832975	0.0	379700	4484.99878387806	0.75
615.7137361268449	750	16.010521575377457	0.0	425781	3941.2648564555175	0.75
618.9836470735659	750	16.740610628656512	0.0	277716	3269.910946720946	0.75
625.9287357467344	750	13.795521955488	0.0	400396	6945.088673168511	0.75
634.8692984864432	750	8.854959215779155	0.0	400508	8940.562739708845	0.75
636.5093865691189	300	11.214871133103536	0.0	157421	1640.0880826756202	-0.15000000000000002
638.0105537704653	300	13.713703931757054	0.0	157488	1501.1672013464818	0.3
641.2872867987554	750	14.43697090346699	0.0	369834	3276.7330282900643	0.3
644.6185049786949	750	15.10575272352752	0.0	412837	3331.218179939472	0.75
647.7893332600792	750	15.934924442143203	0.0	401088	3170.8282813843157	0.75
650.8295978802267	750	16.894659821995567	0.0	365161	3040.264620147636	0.75
653.6001018084405	750	18.124155893781783	0.0	321064	2770.5039282137864	0.75
656.8550715627407	750	18.869186139481577	0.0	361565	3254.969754300202	0.75
661.640323928753	750	18.083933773469276	0.0	378327	4785.252366012305	0.75
665.4189336987861	750	18.305324003436215	0.0	390680	3778.609770033059	0.75
668.3868667105518	750	19.337390991670485	0.0	345516	2967.9330117657314	0.75
671.4127327211685	750	20.31152498105382	0.0	384505	3025.8660106166635	0.75
674.4004194006415	750	21.323838301580768	0.0	372093	2987.686679473056	0.75
677.9742590292007	750	21.749998673021594	0.0	438281	3573.839628559172	0.75
681.1893360768926	750	22.534921625329734	0.0	398987	3215.0770476918597	0.75
684.3889403826605	750	23.335317319561824	0.0	393804	3199.6043057679085	0.75
691.1239150232922	1850	20.600342678930165	0.0	830730	6734.974640631659	0.75
698.3424811567145	1850	17.38177654550786	0.0	846370	7218.566133422304	1.85

