39108.813741491984	750	4.0	8.129839025422095	450283	8129.839025422095	-34.20830780931501
39111.85773240064	300	4.9560090913431685	0.0	155580	3043.9909086568314	-0.15000000000000002
39114.84621417272	300	5.967527319264911	0.0	139857	2988.481772078257	0.3
39117.81901911358	300	6.994722378409193	0.0	155432	2972.8049408557185	0.3
39120.76230664652	300	8.05143484546587	0.0	163442	2943.2875329433236	0.3
39123.07006919836	300	9.743672293630997	0.0	126289	2307.762551834873	0.3
39125.85739117134	300	10.9563503206477	0.0	153295	2787.321972983295	0.3
39129.48980368463	300	11.32393780735362	0.0	173849	3632.4125132940826	0.3
39132.50023461847	300	12.313506873516275	0.0	150710	3010.430933837343	0.3
39135.01358607883	300	13.800155413153353	0.0	139105	2513.351460362921	0.3
39137.609295710965	300	15.204445781020102	0.0	141840	2595.709632133252	0.3
39145.52368677147	750	11.290054720516174	0.0	405134	7914.391060503927	0.3
39148.618652603385	300	12.19508888859727	0.0	160746	3094.965831918903	-0.15000000000000002
39151.884753228085	300	12.928988263900909	0.0	179801	3266.1006246963625	0.3
39154.41387967831	300	14.399861813677123	0.0	140051	2529.126450223784	0.3
39156.9126130448	300	15.901128447190615	0.0	138313	2498.73336648651	0.3
39163.39012281946	750	13.423618672531505	0.0	360831	6477.509774659108	0.3
39170.457908777855	750	10.35583271413738	0.0	372963	7067.785958394126	0.75
39173.703419990954	300	11.110321501039543	0.0	165384	3245.511213097837	-0.15000000000000002
39176.29217745208	300	12.52156403991862	0.0	140881	2588.7574611209243	0.3
39179.47429778803	300	13.339443703968612	0.0	157671	3182.1203359500078	0.3
39182.771479748895	300	14.042261743105291	0.0	157812	3297.181960863322	0.3
39185.80545071231	300	15.00829077969543	0.0	163927	3033.97096340986	0.3
39192.83490230164	750	11.978839190363303	0.0	343800	7029.45158933213	0.3
39199.22793776837	750	9.585803723635275	0.0	359903	6393.035466728028	0.75
39202.01641387448	300	10.797327617529335	0.0	153938	2788.476106105939	-0.15000000000000002
39205.425476460674	300	11.388265031330844	0.0	181901	3409.0625861984918	0.3
39207.56372514852	300	13.250016343486372	0.0	111155	2138.248687844473	0.3
39210.54477078382	300	14.268970708184186	0.0	153605	2981.045635302186	0.3
39213.497238226555	300	15.316503265450375	0.0	149029	2952.4674427338105	0.3
39220.7653636291	750	12.048377862903354	0.0	358218	7268.125402547021	0.3
39227.91520744646	750	8.898534045551868	0.0	400322	7149.843817351488	0.75
39230.54415685628	300	10.26958463572383	0.0	143881	2628.9494098280384	-0.15000000000000002
39233.53255010429	300	11.281191387717012	0.0	163444	2988.393248006819	0.3
39237.01836277443	300	11.795378717574637	0.0	179328	3485.812670142376	0.3
39240.019853378406	300	12.793888113596367	0.0	159914	3001.4906039782686	0.3
39242.415525845616	300	14.398215646385122	0.0	131610	2395.6724672112455	0.3
39244.705717461686	300	16.108024030322394	0.0	124011	2290.191616062729	0.3
39251.55954165864	750	13.254199833361879	0.0	378327	6853.824196960516	0.3
39258.50908225885	750	10.304659233150812	0.0	390680	6949.540600211068	0.75
39261.5942689261	300	11.219472565899594	0.0	147968	3085.1866672512174	-0.15000000000000002
39265.03086950143	300	11.782871990565	0.0	161857	3436.600575334592	0.3
39268.110935872304	300	12.702805619700623	0.0	145210	3080.0663708643788	0.3
39271.38488527182	300	13.428856220179547	0.0	172312	3273.949399521076	0.3
39274.448092782884	300	14.365648709119359	0.0	167025	3063.2075110601877	0.3
39277.95126265392	300	14.86247883807849	0.0	160064	3503.169871040869	0.3
39280.71207557601	300	16.10166591598898	0.0	137507	2760.8129220895075	0.3
39286.33668431548	750	14.477057176523871	0.0	314107	5624.608739465111	0.3

