37597.08279938903	750	4.0	1.0953814792206502	450283	1095.3814792206501	-3.960140360648796
37597.51362997898	300	7.56916941004402	0.0	155580	430.83058995598043	-0.15000000000000002
37598.38470583015	750	10.698093558882961	0.0	350812	871.075851161058	0.3
37599.85756731385	1200	13.2252320751794	0.0	617681	1472.8614837035607	0.75
37603.30625995875	2850	13.776539430278069	0.0	1472558	3448.6926449013326	1.2000000000000002
37606.217924404686	2850	14.864874984342151	0.0	1224260	2911.664445935918	2.85
37609.46701970127	2850	15.615779687767827	0.0	1388403	3249.095296574326	2.85
37614.736899610856	4300	14.345899778175678	0.0	2290172	5269.87990959215	2.8499999999999996
37617.86141157428	2850	15.221387814746679	0.0	1348011	3124.511963428998	1.4000000000000001
37622.85660984166	4300	14.226189547370923	0.0	2169201	4995.198267375757	2.8499999999999996
37626.02985026613	2850	15.052949122902945	0.0	1354548	3173.240424467978	1.4000000000000001
37631.22012981091	4300	13.862669578123088	0.0	2102452	5190.279544779855	2.8499999999999996
37634.5588164395	2850	14.523982949526753	0.0	1422919	3338.686628596335	1.4000000000000001
37638.17914508061	2850	14.90365430841779	0.0	1578343	3620.328641108964	2.85
37641.015360789694	2850	16.067438599334523	0.0	1231445	2836.215709083267	2.85
37645.86224275366	4300	15.220556635365893	0.0	2152483	4846.881963968631	2.8499999999999996
37655.247846367754	4300	9.834953021277592	0.0	2289689	9385.603614088302	4.3
37656.64714868212	1200	12.435650706914977	0.0	581493	1399.3023143626135	-1.9000000000000001
37658.99354687077	1850	14.08925251826166	0.0	987708	2346.398188653319	1.2000000000000002
37662.15765432804	2850	14.925145060991166	0.0	1336050	3164.107457270494	1.85
37665.48968972322	2850	15.59310966581471	0.0	1415116	3332.035395176456	2.85
37670.55771300152	4300	14.525086387508138	0.0	2176469	5068.023278306573	2.8499999999999996
37674.052221002574	2850	15.030578386453683	0.0	1505760	3494.508001054453	1.4000000000000001
37678.690449239555	4300	14.39235014947205	0.0	2044075	4638.228236981635	2.8499999999999996
37681.84375632039	2850	15.239043068629039	0.0	1383735	3153.3070808430116	1.4000000000000001
37686.67255479879	4300	14.410244590234939	0.0	2105231	4828.798478394098	2.8499999999999996
37690.29168806977	2850	14.791111319253792	0.0	1547572	3619.1332709811477	1.4000000000000001
37692.998289687675	2850	16.08450970134571	0.0	1141971	2706.601617908082	2.85
37698.183594361035	4300	14.8992050279867	0.0	2134614	5185.30467335901	2.8499999999999996
37701.75377842614	2850	15.329020962888237	0.0	1561263	3570.1840650984627	1.4000000000000001
37706.572788076504	4300	14.510011312512955	0.0	2113193	4819.009650375283	2.8499999999999996
37710.052562753066	2850	15.030236635955093	0.0	1497683	3479.7746765578604	1.4000000000000001
37715.17120773681	4300	13.911591652216915	0.0	2191074	5118.644983738179	2.8499999999999996
37718.902490710905	2850	14.180308678112103	0.0	1587293	3731.2829741048117	1.4000000000000001
37722.26620542594	2850	14.816593963081361	0.0	1492672	3363.714715030743	2.85
37725.53172903959	2850	15.551070349431908	0.0	1439896	3265.5236136494536	2.85
37730.16472891826	4300	14.918070470758574	0.0	1919781	4632.999878673334	2.8499999999999996
37734.502537447916	2850	14.580261941102417	0.0	1499009	4337.808529656156	1.4000000000000001
37738.06928249834	2850	15.01351689066978	0.0	1427478	3566.7450504326366	2.85
37743.43336772266	4300	13.649431666352571	0.0	2146120	5364.085224317208	2.8499999999999996
37746.68689001198	2850	14.395909377031435	0.0	1339500	3253.5222893211353	1.4000000000000001
37750.29680088927	2850	14.785998499745057	0.0	1527299	3609.9108772863788	2.85
37753.37942944295	2850	15.703369946058828	0.0	1343002	3082.6285536862283	2.85
37758.46134778923	4300	14.621451599786301	0.0	2219102	5081.918346272527	2.8499999999999996
37761.869636312644	2850	15.213163076375203	0.0	1464921	3408.2885234110972	1.4000000000000001
37767.16334871886	4300	13.919450670155912	0.0	2246506	5293.712406219291	2.8499999999999996
37770.15616370369	2850	14.926635685330872	0.0	1231456	2992.8149848250405	1.4000000000000001
37773.43145545363	2850	15.651343935385	0.0	1364537	3275.291749945871	2.85

