23983.571120731704	750	4.0	2.1227247497434445	450283	2122.7247497434446	-8.37771642389681
23984.356914902404	300	7.214205829300496	0.0	155580	785.7941706995049	-0.15000000000000002
23986.02838594374	750	9.542734787962054	0.0	350812	1671.4710413384412	0.3
23987.83522757845	750	11.735893153253306	0.0	382355	1806.8416347087486	0.75
23989.7688656936	750	13.80225503810359	0.0	411561	1933.6381151497144	0.75
23991.28365269362	750	16.287468038085237	0.0	318564	1514.7870000183536	0.75
23992.991012088103	750	18.580108643601992	0.0	352642	1707.3593944832478	0.75
23997.975500037548	1850	17.595620694157	0.0	1060487	4984.4879494449915	0.75
24001.764189773876	1850	17.806930957829394	0.0	852833	3788.6897363276034	1.85
24006.02869415973	1850	17.54242657197418	0.0	913888	4264.504385855215	1.85
24010.397383513027	1850	17.173737218680227	0.0	939819	4368.68935329395	1.85
24014.69174116739	1850	16.879379564316437	0.0	917428	4294.357654363791	1.85
24019.150758345044	1850	16.420362386660027	0.0	946851	4459.017177656408	1.85
24023.951075089604	1850	15.6200456421023	0.0	1036454	4800.316744557729	1.85
24027.66760361271	1850	15.903517118995184	0.0	821631	3716.5285231071157	1.85
24032.016880641117	1850	15.554240090586248	0.0	923170	4349.277028408935	1.85
24036.497167303678	1850	15.073953428024932	0.0	966699	4480.286662561317	1.85
24040.896257151202	1850	14.674863580502246	0.0	885714	4399.089847522685	1.85
24045.860605311278	1850	13.710515420426463	0.0	987708	4964.348160075785	1.85
24050.23613457921	1850	13.334986152496258	0.0	923755	4375.529267930203	1.85
24054.261814959806	1850	13.30930577189853	0.0	891604	4025.6803805977283	1.85
24058.518440504282	1850	13.052680227420161	0.0	955231	4256.625544478367	1.85
24062.82163606647	1850	12.749484665233805	0.0	968026	4303.195562186356	1.85
24066.949798315505	1850	12.621322416199042	0.0	874175	4128.162249034764	1.85
24071.024120458023	1850	12.547000273683611	0.0	897976	4074.32214251543	1.85
24075.069500851925	1850	12.501619879778888	0.0	905935	4045.3803939047243	1.85
24079.906400687214	1850	11.664720044488723	0.0	1076599	4836.899835290165	1.85
24083.28567934247	1850	12.285441389235116	0.0	758197	3379.2786552536068	1.85
24088.33991726538	1850	11.231203466322336	0.0	972798	5054.237922912778	1.85
24093.18428495631	1850	10.386835775394838	0.0	975811	4844.367690927498	1.85
24097.309831703533	1850	10.26128902817347	0.0	873429	4125.546747221368	1.85
24101.753263963492	1850	9.817856768216513	0.0	954453	4443.432259956957	1.85
24106.048982220447	1850	9.522138511257378	0.0	885062	4295.718256959136	1.85
24111.248827900625	1850	8.322292831081361	0.0	1035329	5199.845680176017	1.85
24116.037347283327	1850	7.533773448379248	0.0	1026056	4788.519382702113	1.85
24120.105244843427	1850	7.465875888279777	0.0	943942	4067.89756009947	1.85
24123.24711206655	1850	8.324008665155889	0.0	728962	3141.867223123889	1.85
24127.445977567146	1850	8.125143164561955	0.0	938587	4198.865500593934	1.85
24131.488055025246	1850	8.083065706462332	0.0	908665	4042.077458099624	1.85
24135.547544112236	1850	8.023576619471712	0.0	930577	4059.4890869906208	1.85
24139.37089795036	1850	8.20022278134304	0.0	858450	3823.3538381286717	1.85
24143.926510270925	1850	7.644610460782019	0.0	1025005	4555.612320561021	1.85
24147.847506584734	1850	7.723614146969818	0.0	886255	3920.996313812201	1.85
24152.226409369858	1850	7.344711361847368	0.0	973972	4378.902785122449	1.85
24156.589188710743	1850	6.9819320209625015	0.0	958994	4362.779340884867	1.85
24161.00945935409	1850	6.561661377617236	0.0	982064	4420.270643345265	1.85
24164.792507627935	1850	6.778613103771839	0.0	830730	3783.048273845397	1.85
24168.48785292212	1850	7.083267809585964	0.0	846370	3695.345294185875	1.85

