45123.286599814295	750	4.0	8.711825687979621	450283	8711.82568797962	-36.71085045831237
45126.32855232419	300	4.958047490108818	0.0	155580	3041.9525098911818	-0.15000000000000002
45129.0737567114	300	6.212843102889344	0.0	139857	2745.2043872194745	0.3
45132.33711157991	300	6.949488234383654	0.0	155432	3263.354868505689	0.3
45135.77147658357	300	7.515123230726101	0.0	163442	3434.365003657553	0.3
45138.282269111645	300	9.00433070264769	0.0	126289	2510.792528078412	0.3
45141.44966400669	300	9.836935807598676	0.0	153295	3167.394895049014	0.3
45145.25945919589	300	10.027140618403866	0.0	173849	3809.795189194811	0.3
45148.25292959855	300	11.033670215738033	0.0	150710	2993.4704026658324	0.3
45151.03169891845	300	12.25490089584944	0.0	139105	2778.769319888593	0.3
45153.89454509674	300	13.392054717554227	0.0	141840	2862.846178295213	0.3
45157.013659105774	300	14.272940708520208	0.0	156148	3119.1140090340195	0.3
45160.196142022396	300	15.09045779190139	0.0	160746	3182.4829166188174	0.3
45163.758417646066	300	15.528182168227639	0.0	179801	3562.275623673751	0.3
45166.55818085062	300	16.728418963674187	0.0	140051	2799.76320455345	0.3
45169.33909229814	300	17.947507516147102	0.0	138313	2780.911447527082	0.3
45172.21490251544	300	19.071697298846985	0.0	143509	2875.810217300116	0.3
45175.221051808	300	20.065548006288882	0.0	150616	3006.149292558103	0.3
45178.52495512016	300	20.761644694127067	0.0	165384	3303.9033121618163	0.3
45181.35417025939	300	21.932429554904946	0.0	140881	2829.215139222121	0.3
45184.50990039197	300	22.776699422323816	0.0	157671	3155.730132581133	0.3
45191.97171543588	750	19.314884378410092	0.0	399894	7461.815043913721	0.3
45199.88358911349	750	15.403010700801623	0.0	401853	7911.873677608469	0.75
45206.674054401905	750	12.612545412384542	0.0	343800	6790.465288417084	0.75
45213.7973807833	750	9.48921903099172	0.0	359903	7123.32638139282	0.75
45221.1947633987	750	6.091836415588743	0.0	379700	7397.3826154029775	0.75
45229.396485629964	750	4.0	2.1098858156753866	425781	8201.72223126413	-8.322509007404163
45231.579544601176	300	5.816941028782847	0.0	111155	2183.058971217153	-0.15000000000000002
45234.65610316035	300	6.740382469611297	0.0	153605	3076.55855917155	0.3
45237.59142633639	300	7.80505929357988	0.0	149029	2935.3231760314166	0.3
45240.478854059555	300	8.917631570407224	0.0	157421	2887.427723172657	0.3
45243.37670312961	300	10.019782500351923	0.0	157488	2897.8490700553007	0.3
45246.041865634324	300	11.354619995638297	0.0	143881	2665.1625047136263	0.3
45249.02923643609	300	12.36724919387299	0.0	163444	2987.3708017653075	0.3
45252.277785589074	300	13.118700040881404	0.0	179328	3248.5491529915853	0.3
45255.42078880034	300	13.975696829619304	0.0	159914	3143.0032112620984	0.3
45258.03519063625	300	15.36129499370669	0.0	131610	2614.4018359126144	0.3
45260.52882686054	300	16.867658769408298	0.0	124011	2493.636224298393	0.3
45263.38080104189	300	18.015684588068535	0.0	144254	2851.9741813397654	0.3
45266.23586641594	300	19.160619214012375	0.0	149991	2855.065374056161	0.3
45269.070680375546	300	20.325805254402738	0.0	147968	2834.8139596096394	0.3
45272.18819634481	300	21.20828928514441	0.0	161857	3117.515969258328	0.3
45274.823685463314	300	22.57280016663273	0.0	145210	2635.489118511674	0.3
45282.48479039334	750	18.911695236610107	0.0	438281	7661.104930022627	0.3
45289.42624957649	750	15.970236053455748	0.0	398987	6941.4591831543585	0.75
45296.69708744182	750	12.699398188134193	0.0	393804	7270.837865321554	0.75
45303.53594325474	750	9.860542375209173	0.0	331053	6838.855812925021	0.75
45313.505617941715	1200	4.0	0.10913231176985391	550906	9969.674686979026	0.2807310593896281

