39632.21612256306	750	4.0	9.923192935937267	450283	9923.192935937268	-41.91972962453025
39635.71314645365	300	4.502976109412223	0.0	155580	3497.0238905877777	-0.15000000000000002
39638.883936776685	300	5.332185786377562	0.0	139857	3170.7903230346606	0.3
39642.424221267494	300	5.7919012955680245	0.0	155432	3540.284490809538	0.3
39646.14224372828	300	6.073878834778597	0.0	163442	3718.022460789428	0.3
39649.012558847375	300	7.203563715686358	0.0	126289	2870.315119092239	0.3
39652.4486453871	300	7.767477175964393	0.0	153295	3436.086539721965	0.3
39656.34575810261	300	7.87036446045228	0.0	173849	3897.112715512112	0.3
39659.73408044069	300	8.4820421223706	0.0	150710	3388.32233808168	0.3
39662.8660593014	300	9.350063261665609	0.0	139105	3131.978860704991	0.3
39666.07141081242	300	10.144711750641873	0.0	141840	3205.351511023737	0.3
39669.59728269644	300	10.618839866625466	0.0	156148	3525.871884016407	0.3
39673.23123460414	300	10.9848879589266	0.0	160746	3633.951907698864	0.3
39677.22232666737	300	10.993795895699181	0.0	179801	3991.092063227421	0.3
39680.37401889668	300	11.842103666394607	0.0	140051	3151.692229304574	0.3
39683.50443675968	300	12.711685803388614	0.0	138313	3130.417863005995	0.3
39686.74394479151	300	13.47217777155904	0.0	143509	3239.5080318295736	0.3
39690.05481484866	300	14.161307714408869	0.0	150616	3310.87005715017	0.3
39693.55585972319	300	14.66026283987914	0.0	165384	3501.044874529729	0.3
39696.77894490385	300	15.43717765922591	0.0	140881	3223.0851806532305	0.3
39700.371572666605	300	15.844549896464475	0.0	157671	3592.6277627614345	0.3
39709.274489225434	750	10.94163333764193	0.0	399894	8902.916558822546	0.3
39712.97840868112	300	11.237713881958271	0.0	163927	3703.919455683659	-0.15000000000000002
39715.82347946126	300	12.392643101814569	0.0	137654	2845.0707801437015	0.3
39718.67014036224	300	13.545982200831464	0.0	146754	2846.660900983104	0.3
39722.03929424915	300	14.17682831392083	0.0	153938	3369.153886910635	0.3
39731.98089983355	750	8.235222729522347	0.0	425781	9941.605584398481	0.3
39735.04966608895	300	9.166456474130754	0.0	111155	3068.7662553915925	-0.15000000000000002
39738.52593297023	300	9.690189592845876	0.0	153605	3476.2668812848797	0.3
39741.7034658077	300	10.512656755375696	0.0	149029	3177.5328374701803	0.3
39744.95319315095	300	11.262929412135382	0.0	157421	3249.7273432403144	0.3
39748.212557804916	300	12.00356475815989	0.0	157488	3259.3646539754927	0.3
39751.18736671174	300	13.028755851336893	0.0	143881	2974.8089068229974	0.3
39754.54124346614	300	13.674879096940494	0.0	163444	3353.8767543963977	0.3
39763.45048999834	750	8.765632564744532	0.0	401088	8909.246532195963	0.3
39766.9598132101	300	9.2563093529752	0.0	159914	3509.323211769333	-0.15000000000000002
39769.79247880259	300	10.423643760484635	0.0	131610	2832.6655924905626	0.3
39772.38436071986	300	11.831761843218242	0.0	124011	2591.8819172663925	0.3
39775.36572097761	300	12.850401585471964	0.0	144254	2981.360257746279	0.3
39778.38527770883	300	13.83084485424288	0.0	149991	3019.5567312290837	0.3
39781.36211870144	300	14.854003861635265	0.0	147968	2976.8409926076156	0.3
39784.605456450096	300	15.61066611298026	0.0	161857	3243.3377486550044	0.3
39791.96631566798	750	12.249806895101464	0.0	372093	7360.859217878794	0.3
39801.02905417126	750	7.187068391822393	0.0	438281	9062.738503279072	0.75
39804.77589372439	300	7.440228838692736	0.0	167025	3746.839553129657	-0.15000000000000002
39811.47793316134	300	4.738189401744169	0.0	160064	6702.039436948567	0.3
39814.46688214018	300	5.749240422905166	0.0	137507	2988.9489788390024	0.3
39817.0194979829	300	7.196624580181502	0.0	118421	2552.615842723664	0.3

