36237.95984323545	750	4.0	1.5737615146908888	450283	1573.7615146908888	-6.017174513170821
36239.36303151161	750	6.596811723833275	0.0	398865	1403.188276166725	0.75
36240.60680954563	750	9.353033689815245	0.0	350812	1243.7780340180288	0.75
36241.95642228906	750	12.003420946386084	0.0	382355	1349.6127434291616	0.75
36243.4082737119	750	14.551569523540769	0.0	411561	1451.8514228453157	0.75
36244.550139332474	750	17.40970390297105	0.0	318564	1141.8656205697214	0.75
36247.64774578602	1850	18.312097449426904	0.0	905515	3097.606453544149	0.75
36251.25895054763	1850	18.700892687819444	0.0	1060487	3611.2047616074587	1.85
36254.21670791802	1850	19.743135317432515	0.0	852833	2957.7573703869284	1.85
36257.39498374626	1850	20.56485948919114	0.0	913888	3178.2758282413783	1.85
36260.65303850108	1850	21.30680473437266	0.0	939819	3258.054754818481	1.85
36263.83135324564	1850	22.128489989810237	0.0	917428	3178.314744562418	1.85
36267.10453703554	1850	22.855306199909602	0.0	946851	3273.183789900633	1.85
36270.64920448572	1850	23.310638749727097	0.0	1036454	3544.6674501825046	1.85
36273.47873732079	1850	24.481105914659	0.0	821631	2829.5328350680975	1.85
36276.66086288518	1850	25.298980350265584	0.0	923170	3182.1255643934173	1.85
36279.98719482064	1850	25.972648414808663	0.0	966699	3326.3319354569226	1.85
36283.039480879204	1850	26.920362356245413	0.0	885714	3052.2860585632525	1.85
36286.416298451295	1850	27.543544784153145	0.0	987708	3376.8175720922663	1.85
36289.67399568431	1850	28.285847551140236	0.0	923755	3257.69723301291	1.85
36292.9062248485	1850	29.05361838694655	0.0	891604	3232.229164193687	1.85
36296.69108813696	1850	29.268755098485975	0.0	955231	3784.863288460574	1.85
36304.0754182304	1850	25.884425005047593	0.0	968026	7384.330093438383	1.85
36307.0825735669	1850	26.877269668547576	0.0	874175	3007.155336500017	1.85
36310.1663905107	1850	27.793452724743496	0.0	897976	3083.81694380408	1.85
36313.27473003883	1850	28.68511319661588	0.0	905935	3108.339528127617	1.85
36316.94550001112	1850	29.014343224331803	0.0	1076599	3670.7699722840775	1.85
36319.58335513608	1850	30.376488099374505	0.0	758197	2637.8551249572947	1.85
36323.01018277569	1850	30.94966045976112	0.0	972798	3426.8276396133892	1.85
36326.551619341255	1850	31.408223894198564	0.0	975811	3541.436565562555	1.85
36329.693118418494	1850	32.266724816963695	0.0	873429	3141.499077234872	1.85
36332.95047772811	1850	33.009365507341826	0.0	954453	3257.3593096218638	1.85
36335.993924852955	1850	33.96591838250613	0.0	885062	3043.4471248356913	1.85
36339.57461494935	1850	34.3852282861023	0.0	1035329	3580.6900964038346	1.85
36343.285492354655	1850	34.67435088079942	0.0	1026056	3710.8774053028797	1.85
36346.613003849256	1850	35.34683938619826	0.0	943942	3327.511494601163	1.85
36353.682276952146	4300	32.27756628330634	0.0	1919781	7069.273102891922	1.8499999999999996
36361.22563663661	4300	28.7342065988384	0.0	2147467	7543.359684467937	4.3
36368.770894182235	4300	25.188949053219027	0.0	2133870	7545.257545619375	4.3
36376.03387847745	4300	21.925964758007396	0.0	2146120	7262.984295211629	4.3
36383.15940000845	4300	18.800443226999064	0.0	2108491	7125.5215310083295	4.3
36390.874883244	4300	15.084959991452253	0.0	2184571	7715.483235546812	4.3
36398.23614903552	4300	11.72369419993442	0.0	2121928	7361.265791517834	4.3
36401.755774442594	1850	12.204068792862452	0.0	973972	3519.6254070719674	-0.6000000000000001
36405.23577191102	1850	12.724071324425307	0.0	958994	3479.997468437146	1.85
36408.63075168109	1850	13.329091554357502	0.0	982064	3394.979770067802	1.85
36411.75922296248	1850	14.200620272967795	0.0	830730	3128.471281389707	1.85
36415.20610531443	1850	14.753737921015276	0.0	846370	3446.88235195252	1.85

