44497.57156925912	750	4.0	2.1666411634703295	450283	2166.6411634703295	-8.566557002922417
44498.37253725528	300	7.199032003844884	0.0	155580	800.9679961551154	-0.15000000000000002
44499.10064383092	300	10.470925428203632	0.0	139857	728.106575641252	0.3
44500.95189240658	750	12.619676852543293	0.0	382355	1851.2485756603394	0.3
44502.93398321784	750	14.637586041284306	0.0	411561	1982.0908112589862	0.75
44504.48627446312	750	17.08529479600619	0.0	318564	1552.2912452781184	0.75
44506.18997808213	750	19.381591176987182	0.0	352642	1703.7036190190063	0.75
44508.237203959165	750	21.334365299958264	0.0	437162	2047.2258770289204	0.75
44512.19531254746	1850	21.376256711667914	0.0	852833	3958.10858829035	0.75
44516.53984222876	1850	21.031727030368128	0.0	913888	4344.529681299782	1.85
44520.89816571797	1850	20.673403541160397	0.0	939819	4358.323489207729	1.85
44525.16442616605	1850	20.407143093073525	0.0	917428	4266.260448086873	1.85
44529.54395402719	1850	20.02761523193111	0.0	946851	4379.527861142415	1.85
44534.378789813694	1850	19.192779445421145	0.0	1036454	4834.835786509967	1.85
44538.26221263974	1850	19.30935661937545	0.0	821631	3883.4228260456953	1.85
44542.63385172016	1850	18.937717538954594	0.0	923170	4371.639080420854	1.85
44547.255491382166	1850	18.316077876948782	0.0	966699	4621.639662005813	1.85
44551.46663311967	1850	18.10493613944564	0.0	885714	4211.141737503138	1.85
44556.059323554386	1850	17.512245704729374	0.0	987708	4592.690434716271	1.85
44560.38500816696	1850	17.186561092160733	0.0	923755	4325.684612568638	1.85
44564.59124893158	1850	16.98032032754151	0.0	891604	4206.240764619222	1.85
44569.0598964857	1850	16.511672773419168	0.0	955231	4468.647554122344	1.85
44573.56596855323	1850	16.00560070588683	0.0	968026	4506.072067532334	1.85
44577.717819694124	1850	15.853749564995335	0.0	874175	4151.851140891498	1.85
44581.89103443957	1850	15.68053481954722	0.0	897976	4173.214745448115	1.85
44586.195564814174	1850	15.376004444948284	0.0	905935	4304.530374598935	1.85
44591.80263277409	1850	13.768936485034269	0.0	1076599	5607.067959914017	1.85
44595.524977753266	1850	14.046591505849847	0.0	758197	3722.344979184422	1.85
44597.48274255537	750	16.088826703751362	0.0	400396	1957.7648020984843	-0.3500000000000001
44601.930169332176	1850	15.64139992693766	0.0	975811	4447.4267768137015	0.75
44605.997485824344	1850	15.574083434765868	0.0	873429	4067.3164921717926	1.85
44610.393930685685	1850	15.177638573429755	0.0	954453	4396.444861336112	1.85
44614.445391243135	1850	15.126178015978304	0.0	885062	4051.460557451449	1.85
44619.448089993246	1850	14.123479265869872	0.0	1035329	5002.698750108433	1.85
44624.90880611623	1850	12.662763142881927	0.0	1026056	5460.716122987946	1.85
44629.41443014859	1850	12.157139110523975	0.0	943942	4505.624032357952	1.85
44632.835528847565	1850	12.73604041154642	0.0	728962	3421.0986989775547	1.85
44637.294242090255	1850	12.27732716885753	0.0	938587	4458.71324268889	1.85
44640.19384485461	1200	13.377724404498364	0.0	605884	2899.602764359166	0.5499999999999999
44642.0858073645	750	15.48576189460934	0.0	390680	1891.9625098890237	0.3
44643.7669932417	750	17.804576017410977	0.0	345516	1681.1858771983616	0.75
44645.602353125745	750	19.969216133368224	0.0	384505	1835.3598840427535	0.75
44649.901886061925	1850	19.669683197192587	0.0	886255	4299.532936175638	0.75
44655.14113449993	1850	18.43043475918078	0.0	973972	5239.248438011805	1.85
44659.82029658763	1850	17.7512726714762	0.0	958994	4679.1620877045825	1.85
44664.48238125893	1850	17.08918800017258	0.0	982064	4662.084671303617	1.85
44668.42588816825	1850	17.145681090863	0.0	830730	3943.5069093095785	1.85
44672.5165636847	1850	17.05500557440553	0.0	846370	4090.675516457469	1.85

