31882.61877458134	750	4.0	4.679189340570291	450283	4679.189340570291	-19.370514164452253
31884.28579357797	300	6.332981003370912	0.0	155580	1667.0189966290882	-0.15000000000000002
31885.791798486403	300	8.826976094937564	0.0	139857	1506.0049084333493	0.3
31887.456608649125	300	11.16216593221698	0.0	155432	1664.8101627205815	0.3
31889.58476131343	300	13.034013267911535	0.0	163442	2128.1526643054485	0.3
31891.521574983293	300	15.09719959804368	0.0	126289	1936.813669867854	0.3
31896.876645097756	750	13.742129483582923	0.0	352642	5355.070114460757	0.3
31902.1494831753	750	12.46929140603689	0.0	437162	5272.838077546033	0.75
31906.575401238937	750	12.04337334240027	0.0	374758	4425.918063636619	0.75
31910.839804828454	750	11.778969752882677	0.0	362795	4264.403589517596	0.75
31914.834318755667	750	11.784455825668552	0.0	353220	3994.5139272141246	0.75
31919.363595258274	750	11.25517932306254	0.0	405134	4529.276502606011	0.75
31923.462988899435	750	11.155785681901602	0.0	386351	4099.39364116094	0.75
31928.29499958999	750	10.32377499134689	0.0	434409	4832.010690554713	0.75
31932.40604190701	750	10.212732674328304	0.0	337059	4111.042317018584	0.75
31936.586574398352	750	10.03220018298516	0.0	366214	4180.532491343144	0.75
31938.181706757587	300	12.437067823753972	0.0	143509	1595.13235923119	-0.15000000000000002
31939.83345247189	300	14.785322109449561	0.0	150616	1651.7457143044098	0.3
31944.028616827072	750	14.590157754267096	0.0	405596	4195.164355182465	0.3
31947.741803337176	750	14.876971244162585	0.0	350713	3713.186510104511	0.75
31951.817086775907	750	14.801687805430552	0.0	386472	4075.283438732032	0.75
31955.99037402276	750	14.628400558577358	0.0	399894	4173.287246853195	0.75
31960.196854285037	750	14.421920296297202	0.0	401853	4206.480262280156	0.75
31964.392650253252	750	14.226124328083285	0.0	343800	4195.795968213915	0.75
31968.34305569835	750	14.275718882984336	0.0	359903	3950.4054450989506	0.75
31976.285750161293	750	10.333024420039756	0.0	379700	7942.694462944581	0.75
31978.23961449462	300	12.379160086711101	0.0	181901	1953.8643333286548	-0.15000000000000002
31979.46468456005	300	15.154090021284595	0.0	111155	1225.0700654265047	0.3
31981.157445380624	300	17.461329200708285	0.0	153605	1692.7608205763088	0.3
31985.50250120448	750	17.116273376852586	0.0	400508	4345.0558238557	0.3
31989.280758880435	750	17.3380157008951	0.0	358218	3778.257675957487	0.75
31993.438798367268	750	17.17997621406156	0.0	400322	4158.039486833539	0.75
31997.80041504906	750	16.818359532271003	0.0	369834	4361.61668179056	0.75
32002.908309714425	750	15.710464866905324	0.0	412837	5107.8946653656785	0.75
32007.39811027946	750	15.220664301870194	0.0	401088	4489.800565035129	0.75
32011.4437118501	750	15.175062731230938	0.0	365161	4045.601570639258	0.75
32014.801913538013	750	15.816861043319129	0.0	321064	3358.2016879118078	0.75
32018.67500004753	750	15.943774533801891	0.0	361565	3873.0865095172403	0.75
32022.74937499004	750	15.86939959129444	0.0	378327	4074.37494250745	0.75
32026.93175722959	750	15.687017351741748	0.0	390680	4182.382239552693	0.75
32030.657143029784	750	15.961631551550017	0.0	345516	3725.38580019173	0.75
32038.79221967295	750	11.826554908383256	0.0	384505	8135.076643166761	0.75
32042.85342440196	750	11.765350179369937	0.0	372093	4061.204729013318	0.75
32044.740521562326	300	13.878253019004903	0.0	172312	1887.0971603650335	-0.15000000000000002
32050.328421459744	750	12.290353121585271	0.0	398987	5587.899897419632	0.3
32054.886473563085	750	11.732301018243914	0.0	393804	4558.052103341356	0.75
32058.537383193216	750	12.081391388113355	0.0	331053	3650.90963013056	0.75
32062.15450315198	750	12.464271429346109	0.0	314107	3617.119958767246	0.75

