44739.31536374829	750	4.0	1.7000140996556756	450283	1700.0140996556756	-6.5600606285194045
44740.83038777509	750	6.484975973200941	0.0	398865	1515.0240267990598	0.75
44742.17252822083	750	9.142835527462578	0.0	350812	1342.1404457383621	0.75
44743.64000924439	750	11.675354503898223	0.0	382355	1467.4810235643574	0.75
44747.36745119528	1850	11.947912553013406	0.0	996749	3727.441950884817	0.75
44750.51783387446	1850	12.79752987383366	0.0	801058	3150.3826791797464	1.85
44755.65511562002	2850	11.660248128267847	0.0	1388403	5137.281745565813	1.85
44761.63846773426	2850	9.676896014039734	0.0	1638769	5983.352114228113	2.85
44766.57813464943	2850	8.737229098862837	0.0	1348011	4939.666915176896	2.85
44771.7233964834	2850	7.591967264895823	0.0	1429765	5145.261833967014	2.85
44776.87432125194	2850	6.441042496352107	0.0	1354548	5150.924768543716	2.85
44782.62595289796	2850	4.689410850338685	0.0	1519951	5751.631646013422	2.85
44786.192503979575	1850	5.122859768716153	0.0	946851	3566.5510816225324	0.8500000000000001
44790.08216631628	1850	5.233197432017548	0.0	1036454	3889.662336698605	1.85
44793.17417687844	1850	6.141186869849334	0.0	821631	3092.0105621682137	1.85
44796.640636544034	1850	6.674727204260274	0.0	923170	3466.4596655890596	1.85
44800.292452412854	1850	7.022911335443268	0.0	966699	3651.815868817006	1.85
44803.68523221176	1850	7.630131536535211	0.0	885714	3392.779798908057	1.85
44807.49701514283	1850	7.818348605471129	0.0	987708	3811.7829310640827	1.85
44811.00826804864	1850	8.307095699664009	0.0	923755	3511.2529058071204	1.85
44814.346484685775	1850	8.968879062520282	0.0	891604	3338.2166371437265	1.85
44817.91105051537	1850	9.404313232919943	0.0	955231	3564.565829600339	1.85
44821.512449567235	1850	9.802914181060764	0.0	968026	3601.3990518591804	1.85
44824.78435650552	1850	10.531007242773406	0.0	874175	3271.906938287359	1.85
44828.38164182506	1850	10.933721923234621	0.0	897976	3597.285319538783	1.85
44831.73102145279	1850	11.584342295496553	0.0	905935	3349.379627738067	1.85
44835.52957938495	1850	11.78578436333288	0.0	1076599	3798.5579321636746	1.85
44838.25655252149	1850	13.058811226795202	0.0	758197	2726.9731365376774	1.85
44843.85629017385	2850	11.459073574432688	0.0	1498470	5599.737652362514	1.85
44849.57304209898	2850	9.74232164931056	0.0	1561263	5716.751925122129	2.85
44854.68007468648	2850	8.635289061806224	0.0	1341201	5107.0325875043345	2.85
44860.36860102847	2850	6.946762719819108	0.0	1497683	5688.526341987117	2.85
44865.59874892251	2850	5.716614825784485	0.0	1358081	5230.147894034622	2.85
44871.47164984011	2850	4.0	0.15628609181749745	1587293	5872.900917601983	2.177969805184761
44875.60191089584	1850	4.0	0.13026105573302174	1026056	4130.261055733022	0.28987746034800654
44879.232115075676	1850	4.369795820158133	0.0	943942	3630.204179841867	1.85
44882.065431741095	1850	5.536479154736666	0.0	728962	2833.316665421467	1.85
44885.69961397876	1850	5.902296917073199	0.0	938587	3634.1822376634664	1.85
44888.95674197187	1850	6.645168923961613	0.0	908665	3257.127993111587	1.85
44892.281593972475	1850	7.320316923357339	0.0	930577	3324.852000604273	1.85
44895.34505551858	1850	8.256855377259933	0.0	858450	3063.4615460974046	1.85
44899.121037661935	1850	8.480873233900637	0.0	1025005	3775.9821433592974	1.85
44902.389329744845	1850	9.212581150990012	0.0	886255	3268.2920829106242	1.85
44905.930556999294	1850	9.671353896542206	0.0	973972	3541.2272544478074	1.85
44911.41798467588	2850	8.183926219960087	0.0	1464921	5487.427676582119	1.85
44916.9277546616	2850	6.674156234240447	0.0	1483527	5509.769985719639	2.85
44921.74557895814	2850	5.856331937689781	0.0	1231456	4817.824296550666	2.85
44926.81127418374	2850	4.7906367120901505	0.0	1364537	5065.69522559963	2.85

