25540.054663568197	750	4.0	1.0922145276701807	450283	1092.2145276701806	-3.946522468981777
25541.03129290481	750	7.023370663384656	0.0	398865	976.6293366153432	0.75
25543.084479896475	1850	8.970183671720344	0.0	877771	2053.1869916643136	0.75
25545.14562041897	1850	10.909043149225646	0.0	933276	2061.1405224946993	1.85
25547.199169928543	1850	12.855493639652199	0.0	996749	2053.549509573445	1.85
25548.865253910608	1850	15.18940965758662	0.0	801058	1666.08398206558	1.85
25550.81496107375	1850	17.23970249444716	0.0	905515	1949.7071631394551	1.85
25553.12735767139	1850	18.927305896804427	0.0	1060487	2312.3965976427353	1.85
25555.007354896785	1850	21.04730867141271	0.0	852833	1879.9972253917144	1.85
25557.039548593515	1850	23.015114974684398	0.0	913888	2032.1936967283134	1.85
25559.127134564515	1850	24.927529003684118	0.0	939819	2087.5859710002824	1.85
25561.151034628267	1850	26.90362893993197	0.0	917428	2023.9000637521478	1.85
25563.22787166368	1850	28.82679190452271	0.0	946851	2076.8370354092604	1.85
25565.51504157162	1850	30.539621996579392	0.0	1036454	2287.1699079433147	1.85
25567.417831723	1850	32.63683184519824	0.0	821631	1902.7901513811591	1.85
25572.184247410027	4300	31.87041615817468	0.0	2152483	4766.415687023552	1.8499999999999996
25577.039924698594	4300	31.014738869606468	0.0	2289689	4855.677288568213	4.3
25581.27637906105	4300	30.778284507150886	0.0	2059512	4236.454362455581	4.3
25585.783606764773	4300	30.271056803428174	0.0	2220726	4507.227703722709	4.3
25590.19216689464	4300	29.86249667356308	0.0	2156729	4408.560129865093	4.3
25598.3703246809	4300	25.68433888730622	0.0	2039773	8178.157786256861	4.3
25603.311534423283	4300	24.743129144919607	0.0	2176469	4941.2097423866135	4.3
25608.24606054795	4300	23.808603020253692	0.0	2221506	4934.526124665915	4.3
25612.906711762054	4300	23.147951806147695	0.0	2044075	4660.651214105997	4.3
25617.98321464653	4300	22.07144892167413	0.0	2186790	5076.502884473568	4.3
25622.748420416876	4300	21.306243151328456	0.0	2105231	4765.205770345671	4.3
25628.028752260023	4300	20.02591130818197	0.0	2395588	5280.331843146486	4.3
25632.62760077106	4300	19.42706279714468	0.0	1972048	4598.848511037293	4.3
25637.290614676032	4300	18.764048892170955	0.0	2134614	4663.0139049737245	4.3
25641.983478149	4300	18.07118541920268	0.0	2164140	4692.863472968276	4.3
25646.534204883676	4300	17.52045868452682	0.0	2113193	4550.72673467586	4.3
25652.683385728124	4300	15.371277840076855	0.0	2147852	6149.180844449965	4.3
25659.61667232994	4300	12.4379912382623	0.0	2191074	6933.286601814555	4.3
25665.965233966162	4300	10.089429602039642	0.0	2286761	6348.561636222659	4.3
25668.533047425575	1850	11.521616142628028	0.0	1026056	2567.813459411613	-0.6000000000000001
25670.732204939108	1850	13.322458629093576	0.0	943942	2199.157513534453	1.85
25672.396216920282	1850	15.658446647921032	0.0	728962	1664.0119811725458	1.85
25674.37309723045	1850	17.681566337754774	0.0	938587	1976.8803101662552	1.85
25676.28950530667	1850	19.765158261532516	0.0	908665	1916.408076222258	1.85
25678.324480387804	1850	21.730183180400832	0.0	930577	2034.975081131684	1.85
25680.257883078993	1850	23.79678048921025	0.0	858450	1933.4026911905808	1.85
25682.54479290053	1850	25.509870667670796	0.0	1025005	2286.9098215394547	1.85
25684.487240494862	1850	27.56742307334059	0.0	886255	1942.4475943302057	1.85
25689.42982202637	4300	26.624841541833547	0.0	2219102	4942.581531507044	1.8499999999999996
25694.276272994834	4300	25.778390573367215	0.0	2124950	4846.45096846633	4.3
25699.295746146097	4300	24.75891742210305	0.0	2246506	5019.473151264168	4.3
25703.924036907545	4300	24.1306266606541	0.0	1961140	4628.290761448947	4.3
25708.33605113907	4300	23.718612429130566	0.0	2155012	4412.014231523535	4.3

