31458.57184577782	750	4.0	1.6605475445588944	450283	1660.5475445588945	-6.390354441603246
31459.19795030982	300	7.3738954680001845	0.0	155580	626.1045319998152	-0.15000000000000002
31460.509342667963	750	10.062503109856983	0.0	350812	1311.3923581432007	0.3
31462.627275281913	1200	11.94457049590839	0.0	617681	2117.9326139485925	0.75
31465.340235098232	1850	13.231610679591036	0.0	996749	2712.9598163173537	1.2000000000000002
31468.61941652096	2850	13.952429256861242	0.0	1224260	3279.181422729795	1.85
31472.266003652014	2850	14.305842125806274	0.0	1388403	3646.587131054968	2.85
31476.735705920553	2850	13.836139857267206	0.0	1638769	4469.7022685390675	2.85
31480.39618124783	2850	14.175664529992089	0.0	1348011	3660.475327275117	2.85
31484.267597646587	2850	14.304248131235015	0.0	1429765	3871.416398757074	2.85
31487.966028960873	2850	14.605816816950526	0.0	1354548	3698.4313142844894	2.85
31492.576243766667	2850	13.99560201115752	0.0	1519951	4610.214805793005	2.85
31496.8597140237	2850	13.71213175412576	0.0	1422919	4283.47025703176	2.85
31501.3197593093	2850	13.2520864685233	0.0	1578343	4460.0452856024585	2.85
31504.83779770204	2850	13.734048075782278	0.0	1231445	3518.0383927410244	2.85
31509.129134805928	2850	13.44271097189356	0.0	1471065	4291.337103888718	2.85
31513.47220230786	2850	13.09964346996152	0.0	1491626	4343.067501932038	2.85
31517.61590547352	2850	12.95594030429856	0.0	1358801	4143.703165662961	2.85
31520.499713583755	1850	14.072132194066253	0.0	987708	2883.8081102323063	0.8500000000000001
31524.310728135108	2850	14.261117642712739	0.0	1336050	3811.014551353514	1.85
31528.36469502878	2850	14.207150749040705	0.0	1415116	4053.966893672033	2.85
31532.339652445935	2850	14.232193331889622	0.0	1468126	3974.957417151084	2.85
31536.49417037347	2850	14.077675404352895	0.0	1505760	4154.517927536728	2.85
31540.171945232338	2850	14.399900545481954	0.0	1323990	3677.77485887094	2.85
31543.968192549073	2850	14.60365322874857	0.0	1383735	3796.247316733385	2.85
31548.108594171776	2850	14.463251606043174	0.0	1480464	4140.401622705396	2.85
31552.450073586482	2850	14.121772191337138	0.0	1547572	4341.479414706035	2.85
31555.67263270157	2850	14.899213076246781	0.0	1141971	3222.559115090359	2.85
31559.864417426455	2850	14.707428351362895	0.0	1498470	4191.784724883886	2.85
31564.203589976034	2850	14.368255801784443	0.0	1561263	4339.172549578452	2.85
31568.07324116744	2850	14.498604610379164	0.0	1341201	3869.651191405277	2.85
31576.769323590168	2850	9.80252218765503	0.0	1497683	8696.082422724134	2.85
31579.322477173224	1200	11.249368604597018	0.0	584349	2553.153583058012	-0.44999999999999996
31582.302138314906	1850	12.26970746291331	0.0	1035329	2979.6611416837095	1.2000000000000002
31585.161797950204	1850	13.41004782761715	0.0	1026056	2859.6596352961583	1.85
31589.050237711825	2850	13.521608065996414	0.0	1439896	3888.439761620738	1.85
31592.15510503772	2850	14.416740740103007	0.0	1139291	3104.867325893407	2.85
31596.18511972566	2850	14.386726052161778	0.0	1499009	4030.0146879412277	2.85
31599.95557471439	2850	14.616271063431574	0.0	1427478	3770.4549887302046	2.85
31604.02333766118	2850	14.548508116641079	0.0	1402287	4067.7629467904962	2.85
31607.73678498006	2850	14.83506079776036	0.0	1339500	3713.447318880719	2.85
31611.935594727274	2850	14.63625105054947	0.0	1527299	4198.809747210889	2.85
31615.7183050717	2850	14.853540706124855	0.0	1343002	3782.710344424616	2.85
31620.188294775035	2850	14.383551002790735	0.0	1587250	4469.98970333412	2.85
31624.012173095827	2850	14.559672682000974	0.0	1464921	3823.878320789761	2.85
31628.01588439757	2850	14.555961380258262	0.0	1483527	4003.711301742711	2.85
31631.430565498114	2850	15.141280279715202	0.0	1231456	3414.6811005430604	2.85
31637.347728947512	4300	13.224116830314635	0.0	2155012	5917.163449400567	2.8499999999999996

