10593.059686404526	750	4.0	1.8230266382886728	450283	1823.0266382886728	-7.089014544641293
10594.683676117844	750	6.376010286684126	0.0	398865	1623.9897133158736	0.75
10596.121654680284	750	8.938031724243782	0.0	350812	1437.9785624403448	0.75
10597.748328726817	750	11.311357677711323	0.0	382355	1626.674046532458	0.75
10599.515762737912	750	13.543923666615578	0.0	411561	1767.4340110957455	0.75
10600.901901386402	750	16.157785018126763	0.0	318564	1386.1386484888149	0.75
10604.619509384953	1850	16.440177019577437	0.0	905515	3717.607998549323	0.75
10609.11263116117	1850	15.947055243360275	0.0	1060487	4493.121776217162	1.85
10611.730066011103	1200	17.32962039342724	0.0	584846	2617.434849933033	0.5499999999999999
10616.033489861222	1850	17.02619654330748	0.0	913888	4303.4238501197615	1.2000000000000002
10625.261377797287	1850	11.798308607242948	0.0	939819	9227.887936064531	1.85
10629.824473891358	1850	11.235212513171085	0.0	917428	4563.096094071862	1.85
10634.586617391284	1850	10.473069013245535	0.0	946851	4762.143499925552	1.85
10636.657566072541	750	12.402120331989689	0.0	434409	2070.948681255846	-0.3500000000000001
10638.28692369337	750	14.77276271115966	0.0	337059	1629.357620830029	0.75
10640.054407684456	750	17.005278720073903	0.0	366214	1767.483991085753	0.75
10641.797087254292	750	19.262599150239154	0.0	360831	1742.6795698347503	0.75
10646.051672457621	1850	19.00801394690948	0.0	885714	4254.585203329677	0.75
10650.503077798176	1850	18.55660860635539	0.0	987708	4451.405340554093	1.85
10654.660539915945	1850	18.39914648858498	0.0	923755	4157.46211777041	1.85
10658.78221676739	1850	18.27746963714097	0.0	891604	4121.676851444008	1.85
10662.90840587188	1850	18.15128053265106	0.0	955231	4126.189104489909	1.85
10668.209931942003	1850	16.84975446252835	0.0	968026	5301.526070122711	1.85
10674.432892003144	1850	14.626794401388754	0.0	874175	6222.960061139594	1.85
10678.046749217918	1850	15.012937186612941	0.0	897976	3613.857214775814	1.85
10682.135478617374	1850	14.924207787156822	0.0	905935	4088.7293994561187	1.85
10686.882216909833	1850	14.177469494696565	0.0	1076599	4746.738292460258	1.85
10690.234455161122	1850	14.825231243407616	0.0	758197	3352.2382512889485	1.85
10694.705618846605	1850	14.354067557926479	0.0	972798	4471.163685481138	1.85
10699.984008364549	1850	13.075678039982366	0.0	975811	5278.389517944112	1.85
10704.89457292086	1850	12.16511348366967	0.0	873429	4910.564556312696	1.85
10709.187102120319	1850	11.872584284210685	0.0	954453	4292.529199458984	1.85
10713.35806512853	1850	11.701621276001193	0.0	885062	4170.963008209492	1.85
10718.10106613911	1850	10.958620265421935	0.0	1035329	4743.00101057926	1.85
10722.769969215637	1850	10.289717188895018	0.0	1026056	4668.903076526917	1.85
10727.10883054146	1850	9.950855863071782	0.0	943942	4338.861325823235	1.85
10730.525743246057	1850	10.533943158476312	0.0	728962	3416.9127045954706	1.85
10734.915493129067	1850	10.14419327546583	0.0	938587	4389.749883010482	1.85
10738.883677526906	1850	10.176008877625959	0.0	908665	3968.1843978398715	1.85
10743.248246974343	1850	9.811439430187868	0.0	930577	4364.569447438092	1.85
10747.81184448463	1850	9.247841919902276	0.0	858450	4563.597510285592	1.85
10752.6476315847	1850	8.412054819831384	0.0	1025005	4835.787100070892	1.85
10756.574521227065	1850	8.485165177465372	0.0	886255	3926.889642366012	1.85
10758.585889782522	750	10.473796622008694	0.0	438281	2011.3685554566805	-0.3500000000000001
10760.473730115396	750	12.58595628913429	0.0	398987	1887.840332874405	0.75
10762.43570995911	750	14.623976445421139	0.0	393804	1961.9798437131499	0.75
10764.097804283192	750	16.961882121339187	0.0	331053	1662.0943240819527	0.75
10765.624003409044	750	19.435682995487237	0.0	314107	1526.1991258519479	0.75

