13282.135414651482	750	4.0	3.30335939272852	450283	3303.3593927285197	-13.454445388732635
13283.32913703123	300	6.806277620250591	0.0	155580	1193.722379749409	-0.15000000000000002
13284.588635594559	300	9.546779056923697	0.0	139857	1259.4985633268946	0.3
13286.367906829435	300	11.767507822046175	0.0	155432	1779.2712348775226	0.3
13288.234747950768	300	13.900666700714327	0.0	163442	1866.8411213318493	0.3
13291.855480450848	750	14.279934200635116	0.0	318564	3620.7325000792093	0.3
13295.168223454537	750	14.96719119694721	0.0	352642	3312.7430036879073	0.75
13297.798199149063	750	16.337215502422005	0.0	437162	2629.9756945252057	0.75
13300.450753902354	750	17.684660749130202	0.0	374758	2652.5547532918017	0.75
13304.244403801069	750	17.891010850417608	0.0	362795	3793.6498987125906	0.75
13308.116637579946	750	18.018777071540935	0.0	353220	3872.2337788766754	0.75
13312.6227401251	750	17.512674526386967	0.0	405134	4506.10254515397	0.75
13316.92570172948	750	17.209712922005508	0.0	386351	4302.9616043814585	0.75
13321.86402477531	750	16.27138987617696	0.0	434409	4938.323045828548	0.75
13325.82455159809	750	16.310863053395142	0.0	337059	3960.5268227818156	0.75
13329.843834954529	750	16.291579696957143	0.0	366214	4019.2833564380003	0.75
13333.822931586978	750	16.31248306450809	0.0	360831	3979.0966324490523	0.75
13338.004118826177	750	16.131295825308207	0.0	372963	4181.187239199882	0.75
13342.51493513776	750	15.620479513725785	0.0	405596	4510.8163115824245	0.75
13346.438901698366	750	15.696512953120488	0.0	350713	3923.9665606052963	0.75
13350.802830709681	750	15.332583941806103	0.0	386472	4363.929011314385	0.75
13353.65716258622	750	16.47825206526746	0.0	399894	2854.331876538645	0.75
13356.533265968146	750	17.602148683340427	0.0	401853	2876.10338192703	0.75
13359.021310222788	750	19.114104428698152	0.0	343800	2488.044254642275	0.75
13362.070699845439	750	20.06471480604745	0.0	359903	3049.3896226507027	0.75
13366.15092408477	750	19.98449056671745	0.0	379700	4080.22423933	0.75
13368.968078296108	750	21.167336355378726	0.0	425781	2817.154211338724	0.75
13370.833389333839	750	23.302025317647722	0.0	277716	1865.3110377310052	0.75
13373.616552473546	750	24.518862177939948	0.0	400396	2783.1631397077776	0.75
13376.517222534045	750	25.618192117441907	0.0	400508	2900.670060498041	0.75
13384.238880798663	1850	21.896533852825677	0.0	873429	7721.658264616232	0.75
13393.47270106369	1850	16.662713587797487	0.0	954453	9233.820265028187	1.85
13402.739252763931	1850	11.396161887556667	0.0	885062	9266.55170024082	1.85
13407.151133156469	750	10.984281495018095	0.0	412837	4411.880392538573	-0.3500000000000001
13411.430686489042	750	10.704728162445612	0.0	401088	4279.553332572484	0.75
13415.265039577349	750	10.870375074139995	0.0	365161	3834.3530883056173	0.75
13417.991214648298	750	12.144200003188558	0.0	321064	2726.175070951437	0.75
13420.477574815988	750	13.657839835499068	0.0	361565	2486.360167689491	0.75
13423.025743063068	750	15.10967158841984	0.0	378327	2548.168247079228	0.75
13425.590732263434	750	16.544682388053907	0.0	390680	2564.9892003659297	0.75
13428.355296947926	750	17.78011770356247	0.0	345516	2764.564684491435	0.75
13432.44666120792	750	17.68875344356879	0.0	384505	4091.364259993684	0.75
13436.290812129844	750	17.844602521645534	0.0	372093	3844.150921923253	0.75
13440.816124761754	750	17.319289889735824	0.0	438281	4525.312631909708	0.75
13444.826006793857	750	17.309407857631243	0.0	398987	4009.8820321045832	0.75
13448.935017266302	750	17.20039738518554	0.0	393804	4109.0104724457	0.75
13458.476054168319	1850	11.659360483166813	0.0	830730	9541.036902018728	0.75
13461.821204789656	750	12.314209861830085	0.0	314107	3345.1506213367275	-0.3500000000000001

