11569.099621628284	750	4.0	2.8523034398516582	450283	2852.3034398516584	-11.51490479136213
11570.137496940415	300	6.96212468786936	0.0	155580	1037.87531213064	-0.15000000000000002
11571.078568848943	300	10.021052779342204	0.0	139857	941.0719085271559	0.3
11573.461218116094	750	11.638403512191935	0.0	382355	2382.6492671502688	0.3
11576.008121221706	750	13.09150040658	0.0	411561	2546.9031056119347	0.75
11578.102371930667	750	14.997249697620202	0.0	318564	2094.2507089597975	0.75
11580.470455596038	750	16.629166032249568	0.0	352642	2368.0836653706356	0.75
11583.115037552638	750	17.984584075649103	0.0	437162	2644.5819566004634	0.75
11585.18574014742	750	19.913881480865495	0.0	374758	2070.7025947836073	0.75
11587.19033466389	750	21.909286964396998	0.0	362795	2004.594516468498	0.75
11589.113620291035	750	23.98600133725125	0.0	353220	1923.2856271457497	0.75
11591.307820164395	750	25.79180146389168	0.0	405134	2194.1998733595665	0.75
11596.711437490098	1850	24.38818413818815	0.0	946851	5403.617325703524	0.75
11602.728984020427	1850	22.37063760785955	0.0	1036454	6017.5465303286055	1.85
11607.048280326888	1850	22.051341301399297	0.0	821631	4319.296306460252	1.85
11612.864913063959	1850	20.234708564329132	0.0	923170	5816.632737070166	1.85
11618.802310193529	1850	18.297311434757294	0.0	966699	5937.3971295718375	1.85
11624.251691750256	1850	16.847929878029383	0.0	885714	5449.381556727911	1.85
11629.81252406436	1850	15.287097563924746	0.0	987708	5560.832314104637	1.85
11635.289953244497	1850	13.809668383787823	0.0	923755	5477.4291801369245	1.85
11641.249833536645	1850	11.849788091640438	0.0	891604	5959.880292147385	1.85
11647.054012095014	1850	10.045609533271882	0.0	955231	5804.178558368554	1.85
11649.412737423294	750	11.686884204992802	0.0	401853	2358.72532827908	-0.3500000000000001
11651.456677445147	750	13.642944183138399	0.0	343800	2043.9400218544026	0.75
11653.599642643703	750	15.499978984582329	0.0	359903	2142.9651985560695	0.75
11655.89286831374	750	17.206753314545306	0.0	379700	2293.225670037022	0.75
11658.460900810931	750	18.638720817356276	0.0	425781	2568.0324971890295	0.75
11660.371730097666	750	20.727891530620806	0.0	277716	1910.8292867354683	0.75
11663.09132134589	750	22.00830028239696	0.0	400396	2719.591248223849	0.75
11665.739271459786	750	23.360350168501288	0.0	400508	2647.950113895668	0.75
11668.101831975942	750	24.997789652344835	0.0	358218	2362.560516156452	0.75
11673.586458889977	1850	23.51316273831167	0.0	954453	5484.626914033165	0.75
11678.652436786262	1850	22.447184842024704	0.0	885062	5065.977896286968	1.85
11685.111648745475	1850	19.98797288281199	0.0	1035329	6459.211959212714	1.85
11691.110307184363	1850	17.98931444392499	0.0	1026056	5998.658438887004	1.85
11696.330729945716	1850	16.768891682571986	0.0	943942	5220.422761353004	1.85
11700.377225938237	1850	16.722395690051474	0.0	728962	4046.4959925205094	1.85
11705.60423023677	1850	15.495391391519505	0.0	938587	5227.004298531971	1.85
11710.919703836647	1850	14.179917791641058	0.0	908665	5315.473599878446	1.85
11716.744464062178	1850	12.355157566110913	0.0	930577	5824.760225530147	1.85
11721.928904393259	1850	11.170717235030578	0.0	858450	5184.440331080336	1.85
11727.796539205721	1850	9.303082422569336	0.0	1025005	5867.6348124612405	1.85
11733.21117630813	1850	7.8884453201598745	0.0	886255	5414.6371024094615	1.85
11735.898252917623	750	9.201368710668206	0.0	438281	2687.076609491668	-0.3500000000000001
11738.140820565275	750	10.958801063016155	0.0	398987	2242.5676476520507	0.75
11740.405239184745	750	12.694382443547628	0.0	393804	2264.418619468528	0.75
11742.488990168964	750	14.610631459328498	0.0	331053	2083.750984219129	0.75
11744.47017279048	750	16.629448837814365	0.0	314107	1981.1826215141318	0.75

