25470.940152971216	750	4.0	3.6003008356437074	450283	3600.3008356437076	-14.73129359326794
25472.236473383065	300	6.703679588149123	0.0	155580	1296.320411850876	-0.15000000000000002
25473.3736732391	300	9.56647973211232	0.0	139857	1137.199856036803	0.3
25474.615841279312	300	12.32431169190166	0.0	155432	1242.1680402106613	0.3
25477.77287268355	750	13.167280287667976	0.0	411561	3157.0314042336836	0.3
25480.21915448266	750	14.720998488555766	0.0	318564	2446.28179911221	0.75
25482.91872141492	750	16.021431556296548	0.0	352642	2699.5669322592157	0.75
25486.27283791829	750	16.66731505292553	0.0	437162	3354.116503371016	0.75
25489.168621529505	750	17.77153144171369	0.0	374758	2895.78361121184	0.75
25491.988104992328	750	18.95204797889242	0.0	362795	2819.4834628212693	0.75
25494.740983119536	750	20.199169851681777	0.0	353220	2752.8781272106403	0.75
25497.891668906585	750	21.04848406463351	0.0	405134	3150.6857870482663	0.75
25500.959874296812	750	21.98027867440712	0.0	386351	3068.2053902263888	0.75
25504.406583254222	750	22.533569716994965	0.0	434409	3446.7089574121546	0.75
25507.090717346742	750	23.849435624474374	0.0	337059	2684.1340925205864	0.75
25509.96581670505	750	24.97433626616549	0.0	366214	2875.0993583088866	0.75
25512.764361067697	750	26.175791903519624	0.0	360831	2798.5443626458664	0.75
25515.74979612027	750	27.190356850944273	0.0	372963	2985.4350525753493	0.75
25523.488858071934	1850	23.451294899279617	0.0	987708	7739.061951664657	0.75
25530.745797410702	1850	20.194355560511955	0.0	923755	7256.93933876766	1.85
25537.7181179727	1850	17.222034998509532	0.0	891604	6972.320562002425	1.85
25545.144306694987	1850	13.795846276221615	0.0	955231	7426.188722287915	1.85
25552.60013422628	1850	10.340018744931516	0.0	968026	7455.827531290099	1.85
25555.266933860672	750	11.673219110537694	0.0	343800	2666.799634393823	-0.3500000000000001
25558.035471952255	750	12.904681018952424	0.0	359903	2768.538091585269	0.75
25560.975783525	750	13.964369446210666	0.0	379700	2940.3115727417567	0.75
25564.286032078606	750	14.654120892604203	0.0	425781	3310.248553606463	0.75
25566.497370687754	750	16.442782283455884	0.0	277716	2211.33860914832	0.75
25569.654194457915	750	17.285958513294762	0.0	400396	3156.82377016112	0.75
25572.838361047172	750	18.101791924039876	0.0	400508	3184.1665892548863	0.75
25575.74330929861	750	19.19684367260428	0.0	358218	2904.948251435594	0.75
25579.098110381532	750	19.84204258968062	0.0	400322	3354.8010829236646	0.75
25582.045538710234	750	20.894614260980887	0.0	369834	2947.4283286997315	0.75
25585.263980018244	750	21.676172952968994	0.0	412837	3218.4413080118934	0.75
25588.409632986604	750	22.530519984605267	0.0	401088	3145.6529683637277	0.75
25591.295658460444	750	23.644494510769764	0.0	365161	2886.0254738355043	0.75
25593.864301686786	750	25.075851284425788	0.0	321064	2568.6432263439747	0.75
25596.698171919717	750	26.24198105149375	0.0	361565	2833.8702329320417	0.75
25599.606191912535	750	27.33396105867729	0.0	378327	2908.01999281646	0.75
25606.630001900987	1850	24.31015107022869	0.0	930577	7023.809988448601	0.75
25613.086122113677	1850	21.854030857537882	0.0	858450	6456.120212690806	1.85
25620.865830872997	1850	18.074322098214395	0.0	1025005	7779.70875932349	1.85
25627.8804692833	1850	15.059683687911821	0.0	886255	7014.638410302572	1.85
25635.501602408083	1850	11.438550563129192	0.0	973972	7621.133124782629	1.85
25642.930551744903	1850	8.009601226311098	0.0	958994	7428.949336818095	1.85
25646.0082649461	750	8.931888025117239	0.0	393804	3077.713201193859	-0.3500000000000001
25648.87382208248	750	10.066330888734571	0.0	331053	2865.557136382669	0.75
25651.54272918633	750	11.397423784885378	0.0	314107	2668.907103849194	0.75

