23405.56206730143	750	4.0	3.2724006227649514	450283	3272.4006227649515	-13.32132267788929
23408.47244248058	750	5.089624820851805	0.0	398865	2910.375179148196	0.75
23411.045750783363	750	6.516316518065576	0.0	350812	2573.3083027862285	0.75
23413.80203339858	750	7.760033902851456	0.0	382355	2756.28261521412	0.75
23416.709383319205	750	8.852683982223637	0.0	411561	2907.3499206278198	0.75
23419.027129003734	750	10.534938297697687	0.0	318564	2317.745684525949	0.75
23421.62850560005	750	11.933561701379487	0.0	352642	2601.3765963181995	0.75
23424.78592501611	750	12.776142285321512	0.0	437162	3157.4194160579755	0.75
23427.47751587654	750	14.084551424892995	0.0	374758	2691.590860428518	0.75
23431.46472583	1200	14.097341471433507	0.0	560821	3987.2099534594868	0.75
23435.774524094653	1200	13.787543206781807	0.0	607410	4309.798264651699	1.2
23439.94668081543	1200	13.61538648600714	0.0	594078	4172.156720774668	1.2
23444.31574939172	1200	13.246317909715744	0.0	624282	4369.0685762913945	1.2
23450.102921868915	1200	11.459145432522929	0.0	687371	5787.172477192815	1.2
23455.48682033593	1200	10.075246965507985	0.0	526950	5383.898467014946	1.2
23459.77216145431	1200	9.7899058471221	0.0	587876	4285.341118385883	1.2
23464.241888281103	1200	9.320179020330107	0.0	617242	4469.7268267919935	1.2
23468.441422449338	1200	9.120644852093283	0.0	581493	4199.534168236823	1.2
23473.04597019223	1200	8.516097109200619	0.0	639204	4604.547742892664	1.2
23477.27976585554	1200	8.282301445892903	0.0	586839	4233.7956633077165	1.2
23481.53777812116	1200	8.024289180269026	0.0	601738	4258.012265623877	1.2
23485.89326549643	1200	7.668801805001674	0.0	616206	4355.487375267351	1.2
23490.593761328302	1200	6.968305973128622	0.0	656471	4700.495831873052	1.2
23494.441920451045	1200	7.120146850387337	0.0	536667	3848.159122741286	1.2
23498.583014313477	1200	6.979052987954681	0.0	587236	4141.093862432655	1.2
23502.854466098146	1200	6.707601203287926	0.0	590335	4271.451784666755	1.2
23507.947138443382	1200	5.614928858051839	0.0	696376	5092.672345236087	1.2
23511.686784110872	1200	5.8752831905591325	0.0	487160	3739.6456674927067	1.2
23516.59101020292	1200	4.971057098513141	0.0	622896	4904.226092045992	1.2
23521.470126226333	1200	4.091941075099191	0.0	641447	4879.11602341395	1.2
23524.071079453457	750	5.49098784797321	0.0	358218	2600.9532271259804	0.3
23526.94711201948	750	6.614955281951403	0.0	400322	2876.032566021808	0.75
23529.603736337096	750	7.958330964333969	0.0	369834	2656.624317617434	0.75
23534.30118256105	1200	7.260884740383099	0.0	670129	4697.44622395087	0.75
23539.172288072696	1200	6.389779228736146	0.0	690253	4871.105511646952	1.2
23543.33826629013	1200	6.22380101129716	0.0	598727	4165.978217438987	1.2
23547.424329026868	1200	6.13773827456379	0.0	487812	4086.0627367333695	1.2
23552.398074534573	1200	5.1639927668576	0.0	575591	4973.7455077061895	1.2
23555.155113189652	750	6.4069541117771625	0.0	378327	2757.0386550804383	0.3
23557.871439662347	750	7.690627639082791	0.0	390680	2716.326472694371	0.75
23560.2715054471	750	9.290561854330441	0.0	345516	2400.0657847523507	0.75
23563.088131484223	750	10.473935817209979	0.0	384505	2816.6260371204635	0.75
23567.416821062718	1200	10.14524623871558	0.0	599477	4328.689578494397	0.75
23571.896171480075	1200	9.665895821358026	0.0	634861	4479.350417357554	1.2
23576.290915859136	1200	9.271151442295158	0.0	630203	4394.744379062869	1.2
23580.902534825123	1200	8.659532476308144	0.0	638661	4611.618965987013	1.2
23586.594071231288	1850	6.967996070143451	0.0	830730	5691.536406164693	1.2000000000000002
23596.42461202153	2850	4.0	2.862544720097515	1364537	9830.540790240966	-10.458942296419314

