17278.43652836045	750	4.0	2.8224282704295933	450283	2822.4282704295933	-11.386441562847251
17279.464081322283	300	6.972447038166139	0.0	155580	1027.5529618338605	-0.15000000000000002
17280.395874062888	300	10.040654297561959	0.0	139857	931.7927406041794	0.3
17283.151753923168	750	11.284774437283685	0.0	382355	2755.8798602782745	0.3
17286.1622952426	750	12.27423311784967	0.0	411561	3010.541319434016	0.75
17289.180903441138	1200	13.255624919309852	0.0	520315	3018.608198539817	0.75
17292.40777272365	1200	14.028755636795788	0.0	561791	3226.8692825140643	1.2
17296.43384996568	1200	14.002678394766233	0.0	709534	4026.077242029554	1.2
17300.18762516535	1200	14.248903195101295	0.0	584846	3753.775199664939	1.2
17303.782404154197	1200	14.654124206250744	0.0	560821	3594.778988850551	1.2
17307.771973779283	1200	14.664554581163001	0.0	607410	3989.5696250877427	1.2
17313.95841997554	1850	12.478108384904067	0.0	917428	6186.446196258935	1.2000000000000002
17320.022413697247	1850	10.414114663200994	0.0	946851	6063.993721703071	1.85
17326.770267668064	1850	7.666260692383104	0.0	1036454	6747.8539708178905	1.85
17330.19808656278	1200	8.238441797663654	0.0	526950	3427.8188947194503	0.5499999999999999
17336.448136312218	1200	5.988392048231217	0.0	587876	6250.049749432436	1.2
17338.92942359006	750	7.507104770388477	0.0	360831	2481.287277842741	0.3
17341.231629261598	750	9.204899098852334	0.0	372963	2302.205671536143	0.75
17343.699451906956	750	10.737076453494067	0.0	405596	2467.822645358265	0.75
17345.831311361257	750	12.60521699919415	0.0	350713	2131.8594542999185	0.75
17348.168644705936	750	14.267883654513495	0.0	386472	2337.3333446806555	0.75
17351.83844759785	1200	14.598080762600638	0.0	616206	3669.8028919128565	0.75
17355.789480775245	1200	14.647047585206158	0.0	656471	3951.0331773944818	1.2
17358.91131101301	1200	15.525217347441204	0.0	536667	3121.8302377649534	1.2
17362.163805786506	1200	16.27272257394369	0.0	587236	3252.4947734975167	1.2
17368.131569542253	1850	14.30495881819876	0.0	905935	5967.763755744928	1.2000000000000002
17376.93695470716	1850	9.499573653292002	0.0	1076599	8805.385164906758	1.85
17380.335927026237	1200	10.100601334211554	0.0	487160	3398.972319080449	0.5499999999999999
17384.23384157764	1200	10.202686782812743	0.0	622896	3897.914551398809	1.2
17388.47486204155	1200	9.961666318904598	0.0	641447	4241.020463908145	1.2
17392.875255442214	1200	9.561272918239014	0.0	570392	4400.3934006655845	1.2
17401.855814630657	1200	4.5807137297965985	0.0	620283	8980.559188442416	1.2
17403.3679884064	300	7.068539954053024	0.0	143881	1512.1737757435749	-0.6000000000000001
17404.50856405018	300	9.927964310276765	0.0	163444	1140.5756437762584	0.3
17405.752209757866	300	12.684318602590286	0.0	179328	1243.6457076864788	0.3
17406.86987950101	300	15.566648859443786	0.0	159914	1117.6697431465002	0.3
17407.803886748006	300	18.632641612451586	0.0	131610	934.0072469922013	0.3
17410.05478698601	750	20.38174137444723	0.0	361565	2250.9002380043544	0.3
17412.316700013165	750	22.11982834729284	0.0	378327	2261.913027154386	0.75
17415.787412579048	1200	22.649115781409805	0.0	587506	3470.7125658830378	0.75
17419.138395030583	1200	23.29813332987529	0.0	566904	3350.9824515345144	1.2
17425.182070958243	1850	21.254457402219007	0.0	1025005	6043.675927656283	1.2000000000000002
17430.776171562975	1850	19.660356797488813	0.0	886255	5594.1006047301935	1.85
17436.777394904228	1850	17.65913345623491	0.0	973972	6001.223341253906	1.85
17442.64341538175	1850	15.793112978712893	0.0	958994	5866.020477522015	1.85
17453.794454765128	2850	8.642073595334	0.0	1483527	11151.039383378891	1.85
17464.507649256346	1850	4.0	2.0711208958841105	830730	10713.194491218112	-8.055819852301676
17466.456257106107	750	6.051392150237244	0.0	314107	1948.607849762756	-0.3500000000000001

