23169.01560388797	750	4.0	1.0067386518144827	450283	1006.7386518144828	-3.5789762028022754
23169.91651787396	750	7.099086014004563	0.0	398865	900.9139859954378	0.75
23170.718532784405	750	10.297071103558594	0.0	350812	802.0149104459692	0.75
23172.719331353328	1850	12.296272534634577	0.0	933276	2000.7985689240174	0.75
23174.851281387404	1850	14.164322500560218	0.0	996749	2131.950034074358	1.85
23176.580548915234	1850	16.435054972731805	0.0	801058	1729.2675278284091	1.85
23178.524878945598	1850	18.490724942370033	0.0	905515	1944.330030361774	1.85
23180.753455217393	1850	20.262148670576845	0.0	1060487	2228.5762717931893	1.85
23182.560742973703	1850	22.454860914265275	0.0	852833	1807.2877563115694	1.85
23184.49759161084	1850	24.518012277129298	0.0	913888	1936.8486371359757	1.85
23186.497512037284	1850	26.518091850685963	0.0	939819	1999.9204264433356	1.85
23188.45169074296	1850	28.563913145008534	0.0	917428	1954.17870567743	1.85
23190.444692679674	1850	30.57091120829888	0.0	946851	1993.0019367096522	1.85
23192.610224403194	1850	32.4053794847764	0.0	1036454	2165.531723522482	1.85
23196.887402522243	4300	32.12820136572954	0.0	2005399	4277.178119046858	1.8499999999999996
23201.436151576698	4300	31.57945231127425	0.0	2152483	4548.749054455289	4.3
23206.12837816102	4300	30.887225726953996	0.0	2289689	4692.226584320256	4.3
23210.381585054485	4300	30.634018833485236	0.0	2059512	4253.206893468758	4.3
23214.99095446898	4300	30.02464941899095	0.0	2220726	4609.369414494287	4.3
23219.445494943164	4300	29.570108944805312	0.0	2156729	4454.540474185637	4.3
23223.7111532529	4300	29.304450635064494	0.0	2039773	4265.658309740817	4.3
23228.30603253431	4300	28.709571353659015	0.0	2176469	4594.8792814054805	4.3
23233.011579608792	4300	28.0040242791765	0.0	2221506	4705.547074482513	4.3
23237.299603921347	4300	27.71599996662008	0.0	2044075	4288.024312556422	4.3
23241.83516981514	4300	27.180434072826692	0.0	2186790	4535.5658937933895	4.3
23246.18533249455	4300	26.83027139341282	0.0	2105231	4350.162679413871	4.3
23251.100465445077	4300	25.915138442886565	0.0	2395588	4915.132950526254	4.3
23255.203861474383	4300	25.8117424135829	0.0	1972048	4103.396029303667	4.3
23259.607465839454	4300	25.408138048512235	0.0	2134614	4403.604365070664	4.3
23264.12289824477	4300	24.89270564319675	0.0	2164140	4515.432405315483	4.3
23268.474889143134	4300	24.540714744829042	0.0	2113193	4351.990898367708	4.3
23277.12975340101	4300	19.885850486955228	0.0	2147852	8654.864257873814	4.3
23281.70765033422	4300	19.307953553744127	0.0	2191074	4577.896933211102	4.3
23286.453519292932	4300	18.56208459503233	0.0	2286761	4745.868958711794	4.3
23291.13867259484	4300	17.876931293127214	0.0	2307787	4685.1533019051185	4.3
23295.498122885714	4300	17.517481002248775	0.0	2143948	4359.450290878438	4.3
23299.51635428865	4300	17.4992495993115	0.0	1919781	4018.2314029372747	4.3
23303.924622420713	4300	17.090981467249744	0.0	2147467	4408.268132061755	4.3
23308.283018620157	4300	16.732585267808883	0.0	2133870	4358.396199440865	4.3
23312.74175424819	4300	16.273849639775232	0.0	2146120	4458.735628033648	4.3
23317.195892534663	4300	15.819711353303468	0.0	2108491	4454.138286471764	4.3
23321.695927565986	4300	15.319676321977493	0.0	2184571	4500.035031325975	4.3
23326.117100619085	4300	14.898503268882322	0.0	2121928	4421.173053095171	4.3
23330.772631559677	4300	14.242972328291295	0.0	2219102	4655.530940591028	4.3
23332.831825639743	1850	16.183778248224293	0.0	958994	2059.194080067	-0.6000000000000001
23334.939042922193	1850	18.07656096577503	0.0	982064	2107.2172824492636	1.85
23336.73387027871	1850	20.281733609259494	0.0	830730	1794.8273565155396	1.85
23338.56147606917	1850	22.45412781879816	0.0	846370	1827.6057904613324	1.85

