37215.821895180336	750	4.0	6.242494547141494	450283	6242.494547141494	-26.09272655270842
37217.88201066162	300	5.93988451871822	0.0	155580	2060.1154812817804	-0.15000000000000002
37219.74201458799	300	8.079880592341912	0.0	139857	1860.0039263763078	0.3
37221.880677052955	300	9.941218127380955	0.0	155432	2138.6624649609566	0.3
37224.12887338216	300	11.693021798173078	0.0	163442	2248.1963292078767	0.3
37225.893033967564	300	13.92886121276905	0.0	126289	1764.1605854040286	0.3
37228.02839304199	300	15.79350213834097	0.0	153295	2135.359074428079	0.3
37233.828566849996	750	13.993328330330478	0.0	437162	5800.173808010493	0.3
37237.46743098461	750	14.354464195723576	0.0	374758	3638.864134606901	0.75
37240.4922860778	750	15.32960910253066	0.0	362795	3024.855093192916	0.75
37243.40558690797	750	16.416308272371193	0.0	353220	2913.3008301594696	0.75
37246.73385398498	750	17.088041195360127	0.0	405134	3328.267077011067	0.75
37249.909142105	750	17.9127530753352	0.0	386351	3175.2881200249244	0.75
37253.71354641955	750	18.10834876078543	0.0	434409	3804.40431454977	0.75
37258.05901586226	1200	17.762879318082458	0.0	526950	4345.469442702973	0.75
37262.811933087985	1200	17.009962092355988	0.0	587876	4752.917225726469	1.2
37268.23648072275	1200	15.585414457591117	0.0	617242	5424.547634764871	1.2
37273.3476098129	1200	14.474285367440352	0.0	581493	5111.1290901507655	1.2
37278.56564404848	1200	13.256251131855064	0.0	639204	5218.034235585289	1.2
37283.23580981303	1200	12.586085367309671	0.0	586839	4670.165764545393	1.2
37288.04053584018	1200	11.781359340163574	0.0	601738	4804.726027146097	1.2
37293.02387897813	1200	10.798016202212004	0.0	616206	4983.34313795157	1.2
37298.40478758712	1200	9.417107593218121	0.0	656471	5380.908608993883	1.2
37302.65068854226	1200	9.171206638082422	0.0	536667	4245.900955135699	1.2
37307.777294209125	1200	8.044600971216164	0.0	587236	5126.605666866257	1.2
37313.020143648435	1200	6.801751531903525	0.0	590335	5242.84943931264	1.2
37318.54018899047	1200	5.281706189879075	0.0	696376	5520.045342024449	1.2
37320.79501193165	750	7.026883248698401	0.0	277716	2254.822941180674	0.3
37324.163840217254	750	7.658054963090464	0.0	400396	3368.828285607937	0.75
37327.57368691303	750	8.248208267318379	0.0	400508	3409.8466957720852	0.75
37330.49842056371	750	9.32347461664218	0.0	358218	2924.7336506762013	0.75
37333.73452265698	750	10.087372523365168	0.0	400322	3236.1020932770116	0.75
37338.42731733911	1200	9.394577841232316	0.0	584349	4692.794682132851	0.75
37343.88321221523	1200	7.938682965114108	0.0	670129	5455.894876118208	1.2
37349.38053622288	1200	6.441358957460613	0.0	690253	5497.324007653495	1.2
37354.19806153157	1200	5.623833648778625	0.0	598727	4817.5253086819885	1.2
37358.20622346189	1200	5.615671718451292	0.0	487812	4008.161930327333	1.2
37362.756198484705	1200	5.06569669564043	0.0	575591	4549.975022810862	1.2
37367.72953967273	1200	4.092355507617129	0.0	605884	4973.341188023301	1.2
37370.79638896931	750	5.025506211033402	0.0	390680	3066.8492965837263	0.3
37373.93315820349	750	5.888736976851753	0.0	345516	3136.769234181649	0.75
37378.47519613229	750	5.346699048050784	0.0	384505	4542.037928800969	0.75
37379.674057099306	300	8.14783808103083	0.0	145210	1198.860967019953	-0.15000000000000002
37383.131360700296	750	8.690534480043569	0.0	438281	3457.303600987262	0.3
37386.31418817591	750	9.50770700442761	0.0	398987	3182.827475615959	0.75
37389.50047680303	750	10.32141837730733	0.0	393804	3186.288627120281	0.75
37393.93210365761	1200	9.88979152272311	0.0	538612	4431.62685458422	0.75
37405.03142542569	2850	4.0	1.2095302453552468	1364537	11099.321768078356	-4.0009800550275605

