34804.147971049504	750	4.0	5.506683220098316	450283	5506.683220098316	-22.92873784642276
34805.557772889115	300	6.5901981603895035	0.0	155580	1409.8018396104958	-0.15000000000000002
34806.83318422658	300	9.314786822927072	0.0	139857	1275.4113374624314	0.3
34808.24172105351	300	11.906249995993415	0.0	155432	1408.5368269336586	0.3
34809.70604426137	300	14.441926788127363	0.0	163442	1464.3232078660521	0.3
34812.45797403351	750	15.689997015987329	0.0	318564	2751.929772140034	0.3
34816.075319053656	750	16.07265199584506	0.0	352642	3617.3450201422684	0.75
34820.8285288634	750	15.319442186100241	0.0	437162	4753.209809744819	0.75
34824.134703405834	750	16.01326764366813	0.0	374758	3306.1745424321134	0.75
34828.69341053675	750	15.454560512757308	0.0	362795	4558.7071309108205	0.75
34833.33807315143	750	14.809897898067328	0.0	353220	4644.662614689978	0.75
34838.8317390703	750	13.316231979196786	0.0	405134	5493.665918870544	0.75
34843.7435631819	750	12.404407867598868	0.0	386351	4911.824111597919	0.75
34849.30285784972	750	10.845113199779615	0.0	434409	5559.294667819252	0.75
34853.61887529289	750	10.529095756610095	0.0	337059	4316.0174431695195	0.75
34855.36521284458	300	12.782758204917679	0.0	138313	1746.3375516924168	-0.15000000000000002
34857.00097832196	300	15.146992727546479	0.0	143509	1635.7654773711977	0.3
34861.03151036704	750	15.116460682466803	0.0	372963	4030.5320450796767	0.3
34865.11762973521	750	15.030341314291196	0.0	405596	4086.1193681756063	0.75
34869.807204498386	750	14.340766551110516	0.0	350713	4689.574763180681	0.75
34874.81342325296	750	13.334547796532792	0.0	386472	5006.218754577724	0.75
34879.51784434746	750	12.63012670204399	0.0	399894	4704.421094488802	0.75
34884.4912001711	750	11.656770878403709	0.0	401853	4973.3558236402805	0.75
34887.732118921616	750	12.41585212788914	0.0	343800	3240.918750514569	0.75
34890.768399888206	750	13.379571161302875	0.0	359903	3036.280966586265	0.75
34893.81001087354	750	14.337960175964684	0.0	379700	3041.610985338193	0.75
34898.06469571264	750	14.083275336866889	0.0	425781	4254.684839097793	0.75
34901.53779610175	750	14.61017494775786	0.0	277716	3473.10038910903	0.75
34906.33345351321	750	13.81451753629607	0.0	400396	4795.657411461791	0.75
34914.33607260432	750	9.811898445187257	0.0	400508	8002.619091108812	0.75
34916.20048634042	300	11.947484709088307	0.0	157421	1864.4137360989494	-0.15000000000000002
34918.12547498409	300	14.02249606541937	0.0	157488	1924.988643668937	0.3
34919.891056177825	300	16.256914871679335	0.0	143881	1765.581193740033	0.3
34923.94046962546	750	16.207501424045084	0.0	412837	4049.4134476342524	0.3
34928.0274938671	750	16.12047718240209	0.0	401088	4087.0242416429915	0.75
34933.41210837835	750	14.735862671158662	0.0	365161	5384.614511243429	0.75
34938.49979301798	750	13.648178031520757	0.0	321064	5087.684639637904	0.75
34942.825582098645	750	13.322388950856606	0.0	361565	4325.789080664153	0.75
34947.2515883437	750	12.896382705799297	0.0	378327	4426.00624505731	0.75
34950.70241145724	750	13.445559592261583	0.0	390680	3450.8231135377146	0.75
34953.9824470908	750	14.165523958702376	0.0	345516	3280.035633559206	0.75
34958.035651754275	750	14.112319295226953	0.0	384505	4053.204663475424	0.75
34963.10008508723	750	13.0478859622718	0.0	372093	5064.433332955151	0.75
34969.35345953577	750	10.794511513734488	0.0	438281	6253.3744485373145	0.75
34974.56927455694	750	9.578696492565722	0.0	398987	5215.815021168765	0.75
34976.9265220885	300	11.221448961013113	0.0	160064	2357.2475315526094	-0.15000000000000002
34978.361829733505	300	13.786141316006294	0.0	137507	1435.3076450068202	0.3
34981.1906830361	750	14.95728801341929	0.0	314107	2828.853302587002	0.3

