13917.324585080209	750	4.0	3.639078849061261	450283	3639.078849061261	-14.89803905096342
13918.634303917777	300	6.690281162431291	0.0	155580	1309.718837568709	-0.15000000000000002
13919.799771764969	300	9.524813315238651	0.0	139857	1165.4678471926395	0.3
13921.080878309644	300	12.243706770565325	0.0	155432	1281.1065446733267	0.3
13924.340134409173	750	12.984450671036063	0.0	411561	3259.25609952926	0.3
13926.871291357498	750	14.45329372270969	0.0	318564	2531.1569483263734	0.75
13929.670946723152	750	15.653638357057021	0.0	352642	2799.6553656526694	0.75
13933.165111564838	750	16.159473515370756	0.0	437162	3494.1648416862654	0.75
13936.179300775993	750	17.145284304213614	0.0	374758	3014.1892111571387	0.75
13939.104524417438	750	18.220060662769278	0.0	362795	2925.2236414443355	0.75
13941.977360155062	750	19.347224925144587	0.0	353220	2872.8357376246922	0.75
13945.263834406845	750	20.060750673361813	0.0	405134	3286.4742517827726	0.75
13948.397714884113	750	20.926870196092946	0.0	386351	3133.8804772688654	0.75
13951.884543240769	750	21.440041839437164	0.0	434409	3486.828356655783	0.75
13954.594739040956	750	22.729846039249452	0.0	337059	2710.1958001877106	0.75
13957.545639731256	750	23.77894534894919	0.0	366214	2950.9006903002637	0.75
13960.458275176503	750	24.86630990370196	0.0	360831	2912.6354452472287	0.75
13963.481154669314	750	25.843430410890093	0.0	372963	3022.879492811866	0.75
13966.78857633082	750	26.536008749384177	0.0	405596	3307.421661505917	0.75
13969.683998887946	750	27.64058619225924	0.0	350713	2895.4225571249394	0.75
13976.701671647565	1850	24.622913432639535	0.0	891604	7017.672759619703	0.75
13985.951391942042	1850	19.37319313816267	0.0	955231	9249.720294476865	1.85
13993.678579651954	1850	15.646005428252458	0.0	968026	7727.187709910213	1.85
14000.549956666378	1850	12.774628413827747	0.0	874175	6871.377014424709	1.85
14007.67688311699	1850	9.647701963215983	0.0	897976	7126.926450611766	1.85
14010.743947954077	750	10.580637126129806	0.0	379700	3067.0648370861763	-0.3500000000000001
14014.125083500896	750	11.199501579310724	0.0	425781	3381.135546819084	0.75
14016.352811304485	750	12.971773775720568	0.0	277716	2227.7278035901563	0.75
14019.499264846418	750	13.825320233788704	0.0	400396	3146.453541931864	0.75
14022.656557725866	750	14.668027354341676	0.0	400508	3157.292879447027	0.75
14025.497530538356	750	15.827054541851794	0.0	358218	2840.972812489884	0.75
14028.647228807939	750	16.67735627226938	0.0	400322	3149.698269582413	0.75
14031.559591085199	750	17.764993995010077	0.0	369834	2912.3622772593044	0.75
14034.807241895272	750	18.51734318493566	0.0	412837	3247.6508100744213	0.75
14037.973898031307	750	19.350687048902195	0.0	401088	3166.65613603346	0.75
14040.873075154004	750	20.451509926204036	0.0	365161	2899.1771226981605	0.75
14043.436371584365	750	21.88821349584349	0.0	321064	2563.296430360546	0.75
14046.314918884711	750	23.00966619549657	0.0	361565	2878.5473003469206	0.75
14049.310844503705	750	24.013740576504016	0.0	378327	2995.9256189925545	0.75
14052.399017118485	750	24.92556796172277	0.0	390680	3088.1726147812465	0.75
14055.135655152648	750	26.188929927559258	0.0	345516	2736.6380341635136	0.75
14058.848085216037	750	26.476499864169604	0.0	384505	3712.430063389652	0.75
14062.996825395416	750	26.327759684791438	0.0	372093	4148.740179378165	0.75
14066.480499258767	750	26.84408582143957	0.0	438281	3483.6738633518694	0.75
14069.65364495202	750	27.67094012818586	0.0	398987	3173.145693253712	0.75
14077.289797624459	1850	24.03478745574885	0.0	982064	7636.152672437009	0.75
14083.987010260185	1850	21.337574820021555	0.0	830730	6697.212635727297	1.85
14090.669525796156	1850	18.655059284050743	0.0	846370	6682.515535970806	1.85

