12484.067777495711	750	4.0	7.776572140031211	450283	7776.572140031211	-32.68926020213421
12486.833732473417	300	5.2340450222949775	0.0	155580	2765.9549777050224	-0.15000000000000002
12489.289958489879	300	6.777819005833831	0.0	139857	2456.2260164611466	0.3
12492.017091054791	300	8.050686440919733	0.0	155432	2727.1325649140986	0.3
12494.91768446542	300	9.150093030291684	0.0	163442	2900.593410628049	0.3
12497.172957079882	300	10.89482041582849	0.0	126289	2255.272614463194	0.3
12499.871362439504	300	12.196415056206625	0.0	153295	2698.405359621865	0.3
12502.93203666472	300	13.135740830989374	0.0	173849	3060.6742252172508	0.3
12505.61539428955	300	14.452383206158064	0.0	150710	2683.3576248313093	0.3
12508.115632542507	300	15.952144953202424	0.0	139105	2500.23825295564	0.3
12510.687968639759	300	17.379808855951413	0.0	141840	2572.336097251011	0.3
12515.903534637166	300	16.164242858544544	0.0	156148	5215.565997406871	0.3
12520.524897284282	300	15.542880211427585	0.0	160746	4621.362647116956	0.3
12524.991161913937	300	15.076615581772232	0.0	179801	4466.264629655354	0.3
12528.992720712646	300	15.075056783063827	0.0	140051	4001.5587987084054	0.3
12533.424184631705	300	14.643592864002612	0.0	138313	4431.463919061214	0.3
12536.644377232693	300	15.423400263014006	0.0	143509	3220.1926009886065	0.3
12543.73541810412	300	12.332359391587342	0.0	150616	7091.040871426662	0.3
12546.675374751005	300	13.392402744700787	0.0	165384	2939.956646886557	0.3
12555.205468392374	300	8.862309103332546	0.0	140881	8530.093641368241	0.3
12560.458087636482	300	7.609689859225191	0.0	157671	5252.6192441073545	0.3
12565.459017026842	300	6.608760468866358	0.0	157812	5000.929390358832	0.3
12576.819551996028	300	4.0	4.751774500320466	163927	11360.534969186825	-20.132630351378
12580.804551060186	300	4.015000935841343	0.0	137654	3984.9990641586573	0.3
12584.07135258538	300	4.748199410647394	0.0	146754	3266.8015251939487	0.3
12587.570693469654	300	5.248858526375116	0.0	153938	3499.3408842722774	0.3
12591.654474131177	300	5.165077864849527	0.0	181901	4083.780661525589	0.3
12594.167569484976	300	6.651982511051439	0.0	111155	2513.0953537980886	0.3
12597.579140570007	300	7.240411426021602	0.0	153605	3411.5710850298365	0.3
12605.359289790722	300	4.0	0.5397377946920706	149029	7780.149220713673	-2.0208725171759037
12615.401733281637	300	4.0	6.042443490914949	157421	10042.44349091495	-25.68250701093428
12622.428215947004	300	4.0	3.026482665367812	157488	7026.482665367812	-12.71387546108159
12627.901138050276	300	4.0	1.4729221032727464	143881	5472.922103272746	-6.03356504407281
12635.687599766126	300	4.0	3.7864617158489726	163444	7786.461715848973	-15.98178537815058
12640.963803391389	300	4.0	1.2762036252637026	179328	5276.203625263703	-5.187675588633921
12647.593728492102	300	4.0	2.6299251007115516	159914	6629.925100711552	-11.008677933059671
12651.208602698858	300	4.385125793242128	0.0	131610	3614.874206757871	0.3
12653.473593320972	300	6.1201351711300465	0.0	124011	2264.990622112082	0.3
12656.084288194981	300	7.509440297121594	0.0	144254	2610.6948740084526	0.3
12658.78982367225	300	8.803904819851564	0.0	149991	2705.535477270032	0.3
12661.487148602544	300	10.10657988955872	0.0	147968	2697.324930292844	0.3
12664.441197758022	300	11.15253073407934	0.0	161857	2954.0491554793794	0.3
12670.870264478324	300	8.723464013777946	0.0	145210	6429.0667203013945	0.3
12673.958167310451	300	9.63556118164974	0.0	172312	3087.902832128205	0.3
12676.930336851248	300	10.663391640852584	0.0	167025	2972.1695407971556	0.3
12679.772679857042	300	11.821048635058943	0.0	160064	2842.34300579364	0.3
12682.181497709193	300	13.41223078290774	0.0	137507	2408.8178521512045	0.3
12684.263596666182	300	15.330131825919452	0.0	118421	2082.0989569882886	0.3

