1057.7737004847468	750	4.0	1.481023776960293	450283	1481.023776960293	-5.618402240929259
1059.0947407833974	750	6.678959701349447	0.0	398865	1321.0402986505535	0.75
1061.891614233453	1850	7.8820862512938294	0.0	877771	2796.8734500556175	0.75
1064.7645624339743	1850	9.009138050772467	0.0	933276	2872.948200521361	1.85
1067.8886383042022	1850	9.885062180544706	0.0	996749	3124.0758702277612	1.85
1070.4951445929653	1850	11.278555891781531	0.0	801058	2606.506288763176	1.85
1073.3464914349188	1850	12.427209049828038	0.0	905515	2851.3468419534934	1.85
1076.59192973802	1850	13.18177074672674	0.0	1060487	3245.438303101298	1.85
1079.0578944060624	1850	14.715806078684453	0.0	852833	2465.964668042287	1.85
1081.6682332074133	1850	16.10546727733364	0.0	913888	2610.33880135081	1.85
1084.5446754510995	1850	17.22902503364747	0.0	939819	2876.4422436861732	1.85
1087.5010513797222	1850	18.272649105024716	0.0	917428	2956.375928622754	1.85
1092.584517867857	1850	17.189182616889838	0.0	946851	5083.46648813488	1.85
1096.591949614689	1850	17.181750870057677	0.0	1036454	4007.43174683216	1.85
1099.282469501242	1850	18.491230983504582	0.0	821631	2690.5198865530924	1.85
1102.0933346866452	1850	19.68036579810137	0.0	923170	2810.865185403211	1.85
1105.343667867083	1850	20.430032617663638	0.0	966699	3250.333180437735	1.85
1108.3742663298785	1850	21.39943415486818	0.0	885714	3030.5984627954563	1.85
1111.6994217581596	1850	22.074278726587195	0.0	987708	3325.1554282809866	1.85
1114.6561008856456	1850	23.117599599100956	0.0	923755	2956.6791274862403	1.85
1117.4241178361153	1850	24.349582648631348	0.0	891604	2768.016950469606	1.85
1122.4521554875664	1850	23.321544997180283	0.0	955231	5028.037651451068	1.85
1126.766178412264	1850	23.007522072482878	0.0	968026	4314.022924697402	1.85
1130.2299362968508	1850	23.543764187895857	0.0	874175	3463.7578845870216	1.85
1133.630520982959	1850	24.143179501787724	0.0	897976	3400.5846861081336	1.85
1137.31055189935	1850	24.46314858539689	0.0	905935	3680.030916390833	1.85
1141.0052648404553	1850	24.768435644291603	0.0	1076599	3694.7129411052897	1.85
1143.4766142526964	1850	26.297086232050365	0.0	758197	2471.3494122412376	1.85
1146.5881649594662	1850	27.18553552528054	0.0	972798	3111.5507067698277	1.85
1149.702913075845	1850	28.07078740890191	0.0	975811	3114.7481163786283	1.85
1152.4894296603973	1850	29.28427082434953	0.0	873429	2786.5165845523816	1.85
1155.8450197045133	1850	29.928680780233705	0.0	954453	3355.5900441158237	1.85
1159.1523950403964	1850	30.62130544435061	0.0	885062	3307.3753358830954	1.85
1162.511521084192	1850	31.262179400555013	0.0	1035329	3359.1260437955984	1.85
1165.6735273331985	1850	32.10017315154844	0.0	1026056	3162.0062490065725	1.85
1168.4563977955056	1850	33.31730268924151	0.0	943942	2782.8704623069398	1.85
1171.292232988828	1850	34.481467495919276	0.0	728962	2835.8351933222325	1.85
1175.132093824151	1850	34.64160666059624	0.0	938587	3839.860835323033	1.85
1178.1942086506601	1850	35.57949183408705	0.0	908665	3062.11482650919	1.85
1182.0418653615593	1850	35.73183512318812	0.0	930577	3847.656710898933	1.85
1186.0076896259204	1850	35.76601085882675	0.0	858450	3965.8242643613635	1.85
1190.3112713465582	1850	35.46242913818924	0.0	1025005	4303.581720637518	1.85
1192.9488452016778	1850	36.82485528306953	0.0	886255	2637.573855119706	1.85
1199.487752498718	4300	34.28594798602946	0.0	2219102	6538.907297040075	1.8499999999999996
1207.7630114405265	4300	30.010689044220936	0.0	2124950	8275.258941808523	4.3
1215.6135417599282	4300	26.160158724819162	0.0	2246506	7850.530319401775	4.3
1223.2047113863514	4300	22.568989098396045	0.0	1961140	7591.169626423114	4.3
1231.4555420481386	4300	18.318158436608744	0.0	2155012	8250.830661787302	4.3

