41664.32217672166	750	4.0	5.314313192912237	450283	5314.313192912236	-22.101546729522617
41666.21290298781	300	6.10927373384896	0.0	155580	1890.72626615104	-0.15000000000000002
41667.9206362659	300	8.401540455759966	0.0	139857	1707.733278088996	0.3
41669.80900431065	300	10.51317241100816	0.0	155432	1888.3680447518047	0.3
41671.788722854944	300	12.533453866720583	0.0	163442	1979.7185442875766	0.3
41675.566455783584	750	12.755720938076193	0.0	318564	3777.732928644392	0.3
41679.726293087944	750	12.59588363371427	0.0	352642	4159.837304361923	0.75
41684.86150496704	750	11.460671754613692	0.0	437162	5135.211879100578	0.75
41689.27490170518	750	11.04727501647304	0.0	374758	4413.396738140651	0.75
41693.57412960134	750	10.748047120318843	0.0	362795	4299.227896154198	0.75
41697.74841208323	750	10.573764638427434	0.0	353220	4174.282481891409	0.75
41702.51499587605	750	9.807180845604822	0.0	405134	4766.583792822612	0.75
41704.454048429565	300	11.868128292090677	0.0	160746	1939.0525535141448	-0.15000000000000002
41706.616136235854	300	13.706040485796297	0.0	179801	2162.087806294382	0.3
41708.31874931072	300	16.003427410936062	0.0	140051	1702.6130748602347	0.3
41712.6524720483	750	15.669704673352072	0.0	366214	4333.722737583988	0.3
41716.935609509106	750	15.386567212544739	0.0	360831	4283.137460807335	0.75
41721.35865807071	750	14.963518650933334	0.0	372963	4423.048561611404	0.75
41726.13149882761	750	14.190677894032062	0.0	405596	4772.840756901273	0.75
41730.266446711124	750	14.055730010523378	0.0	350713	4134.947883508683	0.75
41734.836061751404	750	13.486114970240909	0.0	386472	4569.615040282469	0.75
41739.538800389055	750	12.783376332593006	0.0	399894	4702.738637647903	0.75
41744.27927834228	750	12.042898379369802	0.0	401853	4740.477953223205	0.75
41748.35085428539	750	11.971322436255672	0.0	343800	4071.575943114131	0.75
41752.59900458529	750	11.72317213635675	0.0	359903	4248.150299898922	0.75
41757.06596039327	750	11.256216328375082	0.0	379700	4466.955807981668	0.75
41759.25577604204	300	13.066400679608162	0.0	181901	2189.8156487669203	-0.15000000000000002
41760.62502985833	300	15.697146863308706	0.0	111155	1369.2538162994542	0.3
41765.367543305714	750	14.954633415929374	0.0	400396	4742.513447379331	0.3
41770.11183971707	750	14.210337004570853	0.0	400508	4744.296411358522	0.75
41774.35913129352	750	13.963045428124543	0.0	358218	4247.29157644631	0.75
41779.088962692775	750	13.233214028871966	0.0	400322	4729.831399252578	0.75
41783.4512710539	750	12.870905667749183	0.0	369834	4362.308361122784	0.75
41788.299260107044	750	12.022916614607826	0.0	412837	4847.989053141357	0.75
41793.016516534546	750	11.305660187105163	0.0	401088	4717.256427502663	0.75
41797.321530129964	750	11.000646591684879	0.0	365161	4305.013595420283	0.75
41801.117410485684	750	11.204766235963152	0.0	321064	3795.8803557217275	0.75
41805.416274350435	750	10.905902371214763	0.0	361565	4298.8638647483895	0.75
41809.89151150033	750	10.430665221309638	0.0	378327	4475.237149905123	0.75
41811.707472986294	300	12.614703735347394	0.0	149991	1815.9614859622454	-0.15000000000000002
41813.50818868272	300	14.813988038919671	0.0	147968	1800.7156964277215	0.3
41818.06671998058	750	14.255456741058868	0.0	384505	4558.531297860803	0.3
41822.4722156097	750	13.849961111940036	0.0	372093	4405.495629118833	0.75
41827.6539219239	750	12.668254797737912	0.0	438281	5181.706314202123	0.75
41832.351591857376	750	11.970584864262303	0.0	398987	4697.66993347561	0.75
41836.99911220234	750	11.323064519293908	0.0	393804	4647.520344968393	0.75
41840.919944071764	750	11.4022326498674	0.0	331053	3920.8318694265076	0.75
41844.65074061128	750	11.671436110352428	0.0	314107	3730.7965395149736	0.75

