10954.59372390327	750	4.0	6.6250675935242835	450283	6625.067593524283	-27.73779065215442
10956.221603981367	300	6.372119921904585	0.0	155580	1627.8800780954152	-0.15000000000000002
10957.693054451107	300	8.900669452164319	0.0	139857	1471.4504697402651	0.3
10959.216576847906	300	11.37714705536297	0.0	155432	1523.522396801348	0.3
10960.760374900165	300	13.833349003106761	0.0	163442	1543.7980522562077	0.3
10963.694640557214	750	14.899083346055471	0.0	318564	2934.2656570512895	0.3
10966.948203230986	750	15.645520672282888	0.0	352642	3253.5626737725843	0.75
10970.842877492732	750	15.75084641053532	0.0	437162	3894.674261747566	0.75
10974.170094173762	750	16.423629729507457	0.0	374758	3327.216681027863	0.75
10977.67565720002	750	16.918066703248027	0.0	362795	3505.5630262594314	0.75
10981.35648096822	750	17.23724293504823	0.0	353220	3680.8237681997957	0.75
10985.412540765086	750	17.181183138181563	0.0	405134	4056.059796866668	0.75
10988.881775269178	750	17.711948634091588	0.0	386351	3469.234504089978	0.75
10993.444321641191	750	17.149402262077267	0.0	434409	4562.54637201432	0.75
10996.528246697339	750	18.065477205930875	0.0	337059	3083.9250561463914	0.75
10999.752681524373	750	18.84104237889512	0.0	366214	3224.4348270357523	0.75
11002.938512020031	750	19.655211883236877	0.0	360831	3185.830495658247	0.75
11006.607582157689	750	19.98614174558031	0.0	372963	3669.0701376565676	0.75
11011.889390013323	750	18.70433388994687	0.0	405596	5281.807855633439	0.75
11016.817448442618	750	17.776275460651153	0.0	350713	4928.058429295717	0.75
11020.7909642845	750	17.802759618768615	0.0	386472	3973.515841882537	0.75
11024.1845671328	750	18.409156770469206	0.0	399894	3393.6028482994075	0.75
11028.219236367457	750	18.37448753581068	0.0	401853	4034.6692346585273	0.75
11031.470333295105	750	19.123390608162467	0.0	343800	3251.0969276482133	0.75
11034.5923997192	750	20.00132418406737	0.0	359903	3122.0664240950955	0.75
11037.98409821809	750	20.609625685177157	0.0	379700	3391.6984988902145	0.75
11041.608433161115	750	20.98529074215279	0.0	425781	3624.334943024365	0.75
11043.850936677316	750	22.742787225951012	0.0	277716	2242.503516201782	0.75
11047.434103341622	750	23.159620561644733	0.0	400396	3583.166664306278	0.75
11051.163378435103	750	23.43034546816351	0.0	400508	3729.2750934812248	0.75
11054.09685761091	750	24.496866292356962	0.0	358218	2933.479175806548	0.75
11059.18910030871	750	23.40462359455756	0.0	400322	5092.242697799398	0.75
11065.500990581908	750	21.092733321359002	0.0	369834	6311.890273198558	0.75
11069.20161506132	750	21.392108841945312	0.0	412837	3700.624479413692	0.75
11076.545817245491	750	18.047906657774863	0.0	401088	7344.202184170449	0.75
11079.785018363269	750	18.808705539997266	0.0	365161	3239.2011177775953	0.75
11082.596833657213	750	19.996890246053134	0.0	321064	2811.8152939441325	0.75
11085.721195784872	750	20.87252811839289	0.0	361565	3124.362127660246	0.75
11089.267194570908	750	21.32652933235709	0.0	378327	3545.998786035798	0.75
11093.313681178743	750	21.280042724522467	0.0	390680	4046.4866078346254	0.75
11096.96670686182	750	21.627017041445892	0.0	345516	3653.0256830765766	0.75
11100.182461987402	750	22.411261915862877	0.0	384505	3215.7551255830153	0.75
11103.574461994433	750	23.019261908833453	0.0	372093	3392.000007029424	0.75
11107.694451630734	750	22.89927227253062	0.0	438281	4119.989636302835	0.75
11111.33085476885	750	23.26286913441512	0.0	398987	3636.4031381154996	0.75
11114.84710552655	750	23.74661837671325	0.0	393804	3516.25075770187	0.75
11119.485277127676	750	23.108446775589744	0.0	331053	4638.171601123503	0.75
11127.883727297887	750	18.709996605377818	0.0	314107	8398.450170211927	0.75

