36059.63796422122	750	4.0	4.682371235678054	450283	4682.371235678053	-19.38419631341563
36061.06993820357	300	6.568026017653915	0.0	155580	1431.973982346085	-0.15000000000000002
36062.2938801644	300	9.344084056817959	0.0	139857	1223.9419608359563	0.3
36063.64521579191	300	11.992748429308044	0.0	155432	1351.335627509916	0.3
36067.085666984225	750	12.55229723699273	0.0	411561	3440.4511923153136	0.3
36069.76252653631	750	13.875437684909917	0.0	318564	2676.859552082812	0.75
36072.75350298151	750	14.8844612397031	0.0	352642	2990.9764452068175	0.75
36076.45421893964	750	15.183745281574272	0.0	437162	3700.715958128829	0.75
36079.6333553865	750	16.00460883471935	0.0	374758	3179.136446854924	0.75
36082.700637760994	750	16.937326460214635	0.0	362795	3067.282374504713	0.75
36085.68238107025	750	17.955583150964596	0.0	353220	2981.743309250036	0.75
36089.082595793145	750	18.555368428073244	0.0	405134	3400.2147228913536	0.75
36092.307596558705	750	19.33036766251389	0.0	386351	3225.0007655593568	0.75
36095.891467150475	750	19.746497070743864	0.0	434409	3583.8705917700267	0.75
36098.77549837563	750	20.86246584558156	0.0	337059	2884.031225162304	0.75
36102.23094417347	750	21.407020047742467	0.0	366214	3455.445797839091	0.75
36106.611449458556	750	21.02651476266145	0.0	360831	4380.505285081016	0.75
36109.75975397809	750	21.87821024312704	0.0	372963	3148.3045195344107	0.75
36116.56382989691	750	19.074134324301713	0.0	405596	6804.075918825324	0.75
36119.516766061744	750	20.12119815946584	0.0	350713	2952.9361648358727	0.75
36122.74594799581	750	20.89201622540285	0.0	386472	3229.1819340629936	0.75
36126.053274882266	750	21.58468933895144	0.0	399894	3307.32688645141	0.75
36129.40644261018	750	22.231521611034733	0.0	401853	3353.1677279167066	0.75
36132.29340638642	750	23.344557834800185	0.0	343800	2886.9637762345474	0.75
36135.312173331244	750	24.325790889977746	0.0	359903	3018.7669448224365	0.75
36142.87655564666	1850	20.76140857456544	0.0	905935	7564.382315412306	0.75
36151.89188817865	1850	15.746076042572456	0.0	1076599	9015.332531992985	1.85
36154.220210696985	750	17.417753524241693	0.0	277716	2328.322518330763	-0.3500000000000001
36157.538127464126	750	18.09983675710312	0.0	400396	3317.916767138574	0.75
36160.876635264154	750	18.761328957078753	0.0	400508	3338.507800024367	0.75
36163.89650867268	750	19.741455548546302	0.0	358218	3019.87340853245	0.75
36167.29121179825	750	20.346752422977048	0.0	400322	3394.7031255692564	0.75
36173.10677168433	750	18.53119253689456	0.0	369834	5815.559886082484	0.75
36176.543823045744	750	19.09414117548138	0.0	412837	3437.0513614131855	0.75
36179.8968316601	750	19.741132561123877	0.0	401088	3353.0086143575036	0.75
36182.96287150409	750	20.675092717135332	0.0	365161	3066.039843988542	0.75
36185.681123858296	750	21.956840362928524	0.0	321064	2718.252354206809	0.75
36188.720613132646	750	22.917351088576655	0.0	361565	3039.489274351868	0.75
36191.86058249267	750	23.77738172854929	0.0	378327	3139.969360027362	0.75
36195.13336192148	750	24.50460229974233	0.0	390680	3272.7794288069613	0.75
36202.36767044999	1850	21.27029377123749	0.0	858450	7234.308528504839	0.75
36210.86026950158	1850	16.77769471964378	0.0	1025005	8492.599051593712	1.85
36218.29785775771	1850	13.340106463513802	0.0	886255	7437.588256129978	1.85
36227.44174186556	1850	8.196222355664604	0.0	973972	9143.884107849199	1.85
36230.80044320977	750	8.837521011446608	0.0	398987	3358.7013442179964	-0.3500000000000001
36234.11387769047	750	9.52408653074868	0.0	393804	3313.4344806979275	0.75
36235.32873921243	300	12.30922500878703	0.0	137507	1214.8615219616506	-0.15000000000000002
36236.38608172075	300	15.251882500462212	0.0	118421	1057.3425083248171	0.3

