9343.336727296115	750	4.0	5.244460976357943	450283	5244.460976357943	-21.801182198339156
9345.250547776077	300	6.08617952003951	0.0	155580	1913.8204799604903	-0.15000000000000002
9346.979041354081	300	8.35768594203569	0.0	139857	1728.4935780038197	0.3
9351.492907086566	750	7.8438202095495	0.0	382355	4513.86573248619	0.3
9356.320830326564	750	7.015896969551865	0.0	411561	4827.923239997635	0.75
9360.094534501426	750	7.2421927946907765	0.0	318564	3773.7041748610886	0.75
9364.275740430125	750	7.060986865992402	0.0	352642	4181.205928698374	0.75
9369.380077711183	750	5.956649584933779	0.0	437162	5104.337281058623	0.75
9371.2067517392	300	8.129975556916703	0.0	150710	1826.674028017076	-0.15000000000000002
9375.500871367605	750	7.835855928512044	0.0	362795	4294.119628404659	0.3
9379.980698254916	750	7.356029041199993	0.0	353220	4479.8268873120505	0.75
9385.88291772405	750	5.453809572068924	0.0	405134	5902.219469131069	0.75
9387.819863763118	300	7.516863533000176	0.0	160746	1936.9460390687486	-0.15000000000000002
9392.882811042551	750	6.453916253567801	0.0	434409	5062.947279432376	0.3
9394.566362021009	300	8.770365275110487	0.0	140051	1683.5509784573135	-0.15000000000000002
9398.853625591917	750	8.483101704202799	0.0	366214	4287.263570907689	0.3
9403.082899905878	750	8.253827390243021	0.0	360831	4229.274313959777	0.75
9407.43868514074	750	7.898042155379259	0.0	372963	4355.785234863762	0.75
9412.195946698983	750	7.140780597137016	0.0	405596	4757.261558242244	0.75
9416.333909915546	750	7.002817380573631	0.0	350713	4137.963216563385	0.75
9420.866489796712	750	6.470237499409319	0.0	386472	4532.579881164312	0.75
9422.762362980617	300	8.574364315504004	0.0	157812	1895.8731839053148	-0.15000000000000002
9427.484821835234	750	7.851905460886629	0.0	401853	4722.458854617375	0.3
9431.52214695982	750	7.814580336299749	0.0	343800	4037.3251245868796	0.75
9435.702716124053	750	7.6340111720678845	0.0	359903	4180.569164231865	0.75
9440.131730544552	750	7.204996751568759	0.0	379700	4429.014420499126	0.75
9445.102970762335	750	6.2337565337860354	0.0	425781	4971.240217782723	0.75
9446.468350768711	300	8.868376527409321	0.0	111155	1365.3800063767155	-0.15000000000000002
9451.181609360352	750	8.155117935768764	0.0	400396	4713.258591640556	0.3
9455.889581337546	750	7.447145958576253	0.0	400508	4707.971977192511	0.75
9460.088545226412	750	7.248182069708524	0.0	358218	4198.963888867729	0.75
9464.856288643972	750	6.4804386521476	0.0	400322	4767.743417560924	0.75
9466.630442764794	300	8.70628453132685	0.0	143881	1774.15412082075	-0.15000000000000002
9471.567631292986	750	7.769096003135975	0.0	412837	4937.188528190874	0.3
9476.271662896803	750	7.06506439931895	0.0	401088	4704.031603817026	0.75
9480.567106986347	750	6.769620309774486	0.0	365161	4295.444089544464	0.75
9482.164915038644	300	9.171812257479186	0.0	131610	1597.808052295301	-0.15000000000000002
9488.86214345115	1200	6.47458384497273	0.0	575591	6697.228412506455	0.29999999999999993
9490.594006977799	300	8.742720318324714	0.0	144254	1731.863526648014	-0.6000000000000001
9495.19932264153	750	8.137404654592219	0.0	390680	4605.315663732496	0.3
9499.280527218636	750	8.056200077486928	0.0	345516	4081.2045771052894	0.75
9503.797472636521	750	7.539254659601543	0.0	384505	4516.945417885386	0.75
9508.156585070843	750	7.180142225278768	0.0	372093	4359.112434322775	0.75
9513.283071808859	750	6.053655487261878	0.0	438281	5126.48673801689	0.75
9515.297079338203	300	8.039647957919588	0.0	167025	2014.00752934229	-0.15000000000000002
9519.922768584263	750	7.413958711859441	0.0	393804	4625.6892460601475	0.3
9523.801331266865	750	7.535396029256561	0.0	331053	3878.5626826028797	0.75
9527.4740190209	750	7.862708275222216	0.0	314107	3672.687754034345	0.75

