8977.722698945017	750	4.0	2.448859344981454	450283	2448.8593449814543	-9.780095183420253
8978.621177850267	300	7.101521094751046	0.0	155580	898.4789052489538	-0.15000000000000002
8980.54141003657	750	9.181288908447383	0.0	350812	1920.2321863036627	0.3
8983.344669813103	1200	10.378029131916305	0.0	617681	2803.2597765310793	0.75
8986.543838320713	1200	11.178860624305617	0.0	652874	3199.168507610688	1.2
8991.352841677446	1850	10.369857267572261	0.0	801058	4809.003356733357	1.2000000000000002
8994.157094217471	1200	11.565604727546736	0.0	561791	2804.2525400255263	0.5499999999999999
8999.502743798843	1850	10.21995514617526	0.0	1060487	5345.6495813714755	1.2000000000000002
9002.475629098592	1200	11.247069846424672	0.0	584846	2972.885299750587	0.5499999999999999
9007.350007384117	1850	10.372691560898941	0.0	913888	4874.3782855257305	1.2000000000000002
9011.397850137055	1200	10.324848807962628	0.0	607410	4047.8427529363144	0.5499999999999999
9014.649141017948	1200	11.073557927069402	0.0	594078	3251.2908808932257	1.2
9019.135361632032	1850	10.587337312983568	0.0	946851	4486.220614085834	1.2000000000000002
9022.301567885765	1200	11.421131059252382	0.0	687371	3166.206253731185	0.5499999999999999
9026.401744830973	1850	11.320954114043452	0.0	821631	4100.17694520893	1.2000000000000002
9030.659802199676	1850	11.062896745340664	0.0	923170	4258.057368702788	1.85
9036.208115840718	1850	9.514583104300058	0.0	966699	5548.313641040606	1.85
9038.73077928666	1200	10.991919658358388	0.0	581493	2522.663445941671	0.5499999999999999
9041.339026847694	1200	12.38367209732381	0.0	639204	2608.2475610345773	1.2
9045.844487372136	1850	11.878211572882268	0.0	923755	4505.460524441542	1.2000000000000002
9049.984143295203	1850	11.738555649812865	0.0	891604	4139.655923069404	1.85
9054.440943109481	1850	11.28175583553562	0.0	955231	4456.799814277245	1.85
9059.0417848968	1850	10.680914048216069	0.0	968026	4600.841787319551	1.85
9061.605744419934	1200	12.116954525082772	0.0	536667	2563.959523133296	0.5499999999999999
9066.018851856143	1850	11.703847088874696	0.0	897976	4413.107436208076	1.2000000000000002
9070.509872364893	1850	11.212826580122714	0.0	905935	4491.0205087519835	1.85
9076.162412071819	1850	9.560286873197487	0.0	1076599	5652.539706925227	1.85
9078.732051019468	1200	10.990647925548023	0.0	487160	2569.638947649464	0.5499999999999999
9081.858707122956	1200	11.86399182205985	0.0	622896	3126.6561034881724	1.2
9088.29486128085	1850	9.427837664163508	0.0	975811	6436.154157896343	1.2000000000000002
9091.71211392251	1200	10.010585022506548	0.0	570392	3417.2526416569603	0.5499999999999999
9094.638707841383	1200	11.083991103631131	0.0	620283	2926.5939188754164	1.2
9098.377711061545	1850	11.3449878834702	0.0	885062	3739.0032201609324	1.2000000000000002
9103.169670031415	1850	10.553028913599224	0.0	1035329	4791.958969870976	1.85
9106.609486292491	1200	11.11321265252426	0.0	690253	3439.8162610749637	0.5499999999999999
9112.481461903039	1850	9.241237041975648	0.0	943942	5871.975610548613	1.2000000000000002
9114.959627646107	1200	10.763071298908375	0.0	487812	2478.1657430672735	0.5499999999999999
9117.600500634486	1200	12.122198310528972	0.0	575591	2640.8729883794012	1.2
9121.681293309752	1850	12.04140563526274	0.0	908665	4080.792675266233	1.2000000000000002
9126.043944032386	1850	11.678754912629287	0.0	930577	4362.6507226334525	1.85
9130.386314202779	1850	11.33638474223629	0.0	858450	4342.370170392998	1.85
9135.820266913668	1850	9.902432031346581	0.0	1025005	5433.952710889707	1.85
9138.953230011579	1200	10.769468933435693	0.0	599477	3132.963097910888	0.5499999999999999
9141.913162855893	1200	11.809536089121469	0.0	634861	2959.9328443142244	1.2
9146.310237980877	1850	11.412460964139242	0.0	958994	4397.075124982228	1.2000000000000002
9150.685073197334	1850	11.037625747681933	0.0	982064	4374.83521645731	1.85
9154.564368396683	1850	11.15833054833209	0.0	830730	3879.295199349842	1.85
9160.888867482305	1850	8.833831462710494	0.0	846370	6324.499085621597	1.85

