41228.28200588882	750	4.0	5.591731809820003	450283	5591.731809820003	-23.294446782226014
41230.13568230432	300	6.1463235845067805	0.0	155580	1853.6764154932196	-0.15000000000000002
41231.810110009945	300	8.471895878878582	0.0	139857	1674.4277056281992	0.3
41233.660525170984	300	10.621480717845351	0.0	155432	1850.4151610332308	0.3
41235.59933222643	300	12.682673662391878	0.0	163442	1938.807055453476	0.3
41237.115602488826	300	15.166403399998098	0.0	126289	1516.2702623937791	0.3
41241.24051003033	750	15.041495858493272	0.0	352642	4124.907541504826	0.3
41246.29978201176	750	13.982223877063007	0.0	437162	5059.271981430265	0.75
41250.56616700227	750	13.715838886560839	0.0	374758	4266.384990502167	0.75
41254.683629453684	750	13.598376435148218	0.0	362795	4117.462451412621	0.75
41258.78358995348	750	13.498415935358418	0.0	353220	4099.9604997898	0.75
41263.73801225145	750	12.543993637382206	0.0	405134	4954.422297976212	0.75
41268.423525740734	750	11.858480148096387	0.0	386351	4685.513489285818	0.75
41270.78806174491	300	13.493944143918693	0.0	179801	2364.536004177694	-0.15000000000000002
41272.66590874062	300	15.616097148206439	0.0	140051	1877.8469957122522	0.3
41277.40744976582	750	14.874556123009734	0.0	366214	4741.541025196707	0.3
41281.974610474754	750	14.30739541408028	0.0	360831	4567.160708929452	0.75
41286.72489032411	750	13.557115564713547	0.0	372963	4750.279849366734	0.75
41291.93569175051	750	12.346314138325488	0.0	405596	5210.8014263880605	0.75
41296.51139142148	750	11.77061446735017	0.0	350713	4575.699670975318	0.75
41301.51992443841	750	10.762081450420908	0.0	386472	5008.533016929261	0.75
41306.58892257591	750	9.693083312927437	0.0	399894	5068.998137493471	0.75
41308.732702901965	300	11.5493029868686	0.0	163927	2143.780326058835	-0.15000000000000002
41310.52718809105	300	13.754817797777743	0.0	137654	1794.4851890908574	0.3
41312.41817272463	300	15.863833164195968	0.0	146754	1890.984633581774	0.3
41317.34772782141	750	14.934278067419504	0.0	379700	4929.555096776465	0.3
41322.8858676651	750	13.396138223732052	0.0	425781	5538.1398436874515	0.75
41326.273314571525	750	14.008691317306058	0.0	277716	3387.4469064259933	0.75
41330.78530732703	750	13.496698561797162	0.0	400396	4511.992755508896	0.75
41335.27317958115	750	13.008826307675251	0.0	400508	4487.872254121911	0.75
41339.46111585973	750	12.820890029092729	0.0	358218	4187.936278582523	0.75
41344.22618450419	750	12.055821384639723	0.0	400322	4765.068644453006	0.75
41345.994998147624	300	14.287007741203093	0.0	143881	1768.813643436629	-0.15000000000000002
41347.991244160665	300	16.29076172815526	0.0	163444	1996.2460130478344	0.3
41352.69186109328	750	15.590144795545857	0.0	401088	4700.616932609403	0.3
41356.88862926526	750	15.39337662355641	0.0	365161	4196.768171989445	0.75
41360.56779013292	750	15.714215755899957	0.0	321064	3679.160867656454	0.75
41364.800649853045	750	15.481356035776548	0.0	361565	4232.85972012341	0.75
41369.238052056855	750	15.043953831961705	0.0	378327	4437.402203814841	0.75
41373.56629219962	750	14.71571368919899	0.0	390680	4328.2401427627165	0.75
41377.34149776743	750	14.940508121383045	0.0	345516	3775.205567815945	0.75
41381.74308020855	750	14.538925680267003	0.0	384505	4401.582441116044	0.75
41386.51459957109	750	13.767406317723983	0.0	372093	4771.519362543017	0.75
41391.63436370164	750	12.64764218717316	0.0	438281	5119.764130550824	0.75
41396.220364557696	750	12.061641331118036	0.0	398987	4586.000856055122	0.75
41398.30168462677	300	13.980321262040434	0.0	160064	2081.320069077602	-0.15000000000000002
41400.10766038495	300	16.174345503861804	0.0	137507	1805.9757581786298	0.3
41403.909281341184	750	16.372724547628554	0.0	314107	3801.620956233251	0.3

