7196.546214636828	750	4.0	1.7306428879093083	450283	1730.6428879093082	-6.691764418010026
7197.196538234434	300	7.3496764023937615	0.0	155580	650.3235976062392	-0.15000000000000002
7198.562541332027	750	9.983673304801268	0.0	350812	1366.0030975924926	0.3
7200.044174441442	750	12.502040195386604	0.0	382355	1481.6331094146651	0.75
7201.644335802521	750	14.901878834308183	0.0	411561	1600.16136107842	0.75
7202.901571293363	750	17.64464334346519	0.0	318564	1257.2354908429895	0.75
7204.284740132159	750	20.26147450467031	0.0	352642	1383.168838794884	0.75
7208.248166696469	1850	20.298047940360263	0.0	1060487	3963.426564310048	0.75
7211.450091356476	1850	21.096123280352344	0.0	852833	3201.9246600079155	1.85
7214.901502043746	1850	21.644712593081767	0.0	913888	3451.4106872705765	1.85
7218.437370314368	1850	22.108844322459696	0.0	939819	3535.8682706220725	1.85
7221.893615542327	1850	22.652599094500264	0.0	917428	3456.2452279594313	1.85
7225.469766240534	1850	23.076448396293195	0.0	946851	3576.1506982070687	1.85
7229.35216240342	1850	23.194052233407337	0.0	1036454	3882.3961628858606	1.85
7232.465837952287	1850	24.080376684540482	0.0	821631	3113.675548866853	1.85
7235.981292741068	1850	24.56492189575925	0.0	923170	3515.454788781231	1.85
7239.631089472431	1850	24.91512516439591	0.0	966699	3649.79673136334	1.85
7242.961617125621	1850	25.584597511205843	0.0	885714	3330.5276531900663	1.85
7246.64616853966	1850	25.900046097167237	0.0	987708	3684.551414038609	1.85
7250.087985727124	1850	26.45822890970377	0.0	923755	3441.817187463465	1.85
7253.42785891502	1850	27.11835572180804	0.0	891604	3339.873187895735	1.85
7257.015396676501	1850	27.530817960326154	0.0	955231	3587.5377614818876	1.85
7260.677423654305	1850	27.86879098252242	0.0	968026	3662.026977803732	1.85
7263.964702311874	1850	28.581512324952783	0.0	874175	3287.2786575696364	1.85
7267.327836010892	1850	29.21837862593493	0.0	897976	3363.133699017853	1.85
7270.724229873	1850	29.821984763827007	0.0	905935	3396.3938621079205	1.85
7274.760058474396	1850	29.78615616243	0.0	1076599	4035.8286013970046	1.85
7277.627111583202	1850	30.919103053623914	0.0	758197	2867.053108806089	1.85
7281.267097450088	1850	31.279117186738308	0.0	972798	3639.9858668856045	1.85
7284.920133389252	1850	31.626081247573545	0.0	975811	3653.035939164767	1.85
7288.203495749963	1850	32.34271888686315	0.0	873429	3283.362360710387	1.85
7291.79686774272	1850	32.74934689410522	0.0	954453	3593.3719927579377	1.85
7295.128017412222	1850	33.418197224603055	0.0	885062	3331.149669502163	1.85
7299.020762707517	1850	33.52545192930885	0.0	1035329	3892.745295294201	1.85
7302.898472452196	1850	33.64774218462956	0.0	1026056	3877.709744679299	1.85
7306.488172055598	1850	34.0580425812286	0.0	943942	3589.6996034009553	1.85
7313.8002376188415	4300	30.745977017984654	0.0	1919781	7312.065563243945	1.8499999999999996
7321.763590549651	4300	26.782624087175208	0.0	2147467	7963.352930809443	4.3
7329.62771950078	4300	22.918495136045543	0.0	2133870	7864.128951129668	4.3
7337.607740407736	4300	18.938474229090048	0.0	2146120	7980.020906955495	4.3
7345.424081769511	4300	15.122132867315225	0.0	2108491	7816.341361774823	4.3
7353.521096844054	4300	11.025117792772376	0.0	2184571	8097.015074542849	4.3
7361.42635843519	4300	7.119856201636229	0.0	2121928	7905.261591136145	4.3
7365.110390232312	1850	7.435824404514353	0.0	973972	3684.031797121877	-0.6000000000000001
7368.750198140637	1850	7.796016496190056	0.0	958994	3639.8079083242965	1.85
7372.473654789551	1850	8.072559847275581	0.0	982064	3723.456648914475	1.85
7375.620165553293	1850	8.926049083533734	0.0	830730	3146.510763741847	1.85
7378.816353092587	1850	9.729861544239878	0.0	846370	3196.1875392938573	1.85

