45868.57429067624	750	4.0	2.1666411634703295	450283	2166.6411634703295	-8.566557002922417
45869.37525867239	300	7.199032003844884	0.0	155580	800.9679961551154	-0.15000000000000002
45871.080944651745	750	9.493346024495557	0.0	350812	1705.6859793493275	0.3
45874.01716831583	1200	10.557122360403678	0.0	617681	2936.2236640918777	0.75
45877.106445382175	1200	11.46784529405877	0.0	652874	3089.277066344908	1.2
45880.79120065962	1850	11.783090016607774	0.0	801058	3684.7552774509973	1.2000000000000002
45885.062733024126	1850	11.511557652104583	0.0	905515	4271.5323645031895	1.85
45890.02090842611	1850	10.55338225012568	0.0	1060487	4958.175401978903	1.85
45892.76494886472	1200	11.809341811509379	0.0	584846	2744.0404386163004	0.5499999999999999
45897.01605928969	1850	11.55823138654026	0.0	913888	4251.110424969118	1.2000000000000002
45901.35659719728	1850	11.217693478947778	0.0	939819	4340.537907592484	1.85
45905.66090146896	1850	10.913389207265267	0.0	917428	4304.30427168251	1.85
45908.6306351066	1200	11.943655569626134	0.0	624282	2969.733637639133	0.5499999999999999
45913.527963797984	1850	11.046326878239698	0.0	1036454	4897.328691386436	1.2000000000000002
45917.47146091152	1850	11.10282976470297	0.0	821631	3943.4971135367305	1.85
45921.85840628869	1850	10.715884387533649	0.0	923170	4386.945377169321	1.85
45924.771695486714	1200	11.802595189504288	0.0	617242	2913.2891980293607	0.5499999999999999
45928.90114143285	1850	11.67314924336617	0.0	885714	4129.445946138117	1.2000000000000002
45933.53476690631	1850	11.039523769901724	0.0	987708	4633.625473464446	1.85
45937.90334846593	1850	10.670942210284784	0.0	923755	4368.58155961694	1.85
45940.71312872691	1200	11.861161949303375	0.0	601738	2809.78026098141	0.5499999999999999
45945.18145684286	1850	11.39283383334775	0.0	955231	4468.3281159556245	1.2000000000000002
45949.74469934509	1850	10.8295913311234	0.0	968026	4563.242502224351	1.85
45952.270971047	1200	12.303319629212208	0.0	536667	2526.2717019111906	0.5499999999999999
45956.52400142051	1850	12.050289255695901	0.0	897976	4253.030373516308	1.2000000000000002
45961.15032983438	1850	11.423960841830983	0.0	905935	4626.328413864918	1.85
45966.544786770966	1850	10.029503905241846	0.0	1076599	5394.456936589138	1.85
45968.896835942745	1200	11.677454733467474	0.0	487160	2352.049171774371	0.5499999999999999
45973.31914039971	1850	11.255150276503267	0.0	972798	4422.304456964206	1.2000000000000002
45977.87050290947	1850	10.703787766741064	0.0	975811	4551.362509762204	1.85
45980.52480730975	1200	12.049483366470861	0.0	570392	2654.304400270203	0.5499999999999999
45984.88038307234	1850	11.69390760387768	0.0	954453	4355.57576259318	1.2000000000000002
45988.96345187676	1850	11.610838799450642	0.0	885062	4083.0688044270396	1.85
45994.6556671004	1850	9.918623575820332	0.0	1035329	5692.215223630309	1.85
45997.9975103398	1200	10.576780336418855	0.0	690253	3341.8432394014776	0.5499999999999999
46000.85811250019	1200	11.716178176030919	0.0	598727	2860.602160387936	1.2
46004.27921119917	1850	12.295079477053365	0.0	728962	3421.0986989775547	1.2000000000000002
46008.74690461304	1850	11.827386063187447	0.0	938587	4467.693413865918	1.85
46013.04707032062	1850	11.527220355607664	0.0	908665	4300.165707579783	1.85
46017.398599198044	1850	11.175691478186964	0.0	930577	4351.528877420699	1.85
46021.733595111225	1850	10.840695565000166	0.0	858450	4334.995913186798	1.85
46025.253146676696	1200	11.321143999534385	0.0	641452	3519.5515654657806	0.5499999999999999
46029.60885639226	1850	10.965434283970598	0.0	886255	4355.709715563786	1.2000000000000002
46032.65966549699	1200	11.914625179234266	0.0	634861	3050.809104736333	0.5499999999999999
46037.20769585735	1850	11.366594818874182	0.0	958994	4548.030360360084	1.2000000000000002
46041.896161840756	1850	10.678128835471973	0.0	982064	4688.4659834022095	1.85
46044.53941989474	1200	12.034870781492822	0.0	538612	2643.258053979151	0.5499999999999999
46049.344460463035	1850	11.229830213200025	0.0	846370	4805.040568292798	1.2000000000000002

