26660.753404748848	750	4.0	6.329423018419316	450283	6329.423018419316	-26.46651897920306
26661.26520293274	300	7.488201816109912	0.0	155580	511.798183890088	-0.15000000000000002
26661.733363355703	300	11.020041393148633	0.0	139857	468.16042296128063	0.3
26662.244750779013	300	14.508653969839697	0.0	155432	511.3874233089353	0.3
26663.467001019148	750	17.286403729706077	0.0	411561	1222.2502401336194	0.3
26664.43114651762	750	20.32225823123094	0.0	318564	964.1454984751381	0.75
26666.006479285294	1200	22.746925463560817	0.0	561791	1575.3327676701226	0.75
26670.390786937653	2850	22.3626178111991	0.0	1638769	4384.307652361717	1.2000000000000002
26674.264252170215	2850	22.48915257863632	0.0	1348011	3873.465232562778	2.85
26678.40939826218	2850	22.344006486673017	0.0	1429765	4145.146091963303	2.85
26682.427494236417	2850	22.325910512434852	0.0	1354548	4018.095974238163	2.85
26688.540004953687	4300	20.213399795167227	0.0	2102452	6112.5107172676235	2.8499999999999996
26754.9729496282	4300	4.0	46.21954487934727	2209463	66432.9446745145	-194.44404298119323
26755.575819351052	300	7.397130277148993	0.0	179801	602.8697228510065	-3.7
26756.058805498807	300	10.914144129393186	0.0	140051	482.9861477558087	0.3
26756.536790683163	300	14.436158945034993	0.0	138313	477.9851843581922	0.3
26757.02972696408	300	17.943222664120977	0.0	143509	492.9362809140124	0.3
26757.54311309935	300	21.42983652885319	0.0	150616	513.3861352677874	0.3
26760.465168079518	1850	22.50778154868458	0.0	987708	2922.054980168612	0.30000000000000004
26764.30979340129	2850	22.663156226912275	0.0	1336050	3844.625321772308	1.85
26768.33400426218	2850	22.63894536602311	0.0	1415116	4024.2108608891667	2.85
26772.515372794183	2850	22.45757683401905	0.0	1468126	4181.368532004058	2.85
26776.892760759187	2850	22.08018886901871	0.0	1505760	4377.387965000343	2.85
26782.880296263203	4300	20.09265336500295	0.0	2044075	5987.535504015759	2.8499999999999996
26789.04031043469	4300	17.932639193514987	0.0	2186790	6160.014171487962	4.3
26795.119199073284	4300	15.853750554922575	0.0	2105231	6078.888638592412	4.3
26802.026242479533	4300	12.946707148676158	0.0	2395588	6907.043406246417	4.3
26807.65283602941	4300	11.320113598799974	0.0	1972048	5626.5935498761855	4.3
26813.786379044053	4300	9.186570584157526	0.0	2134614	6133.543014642447	4.3
26820.10906617207	4300	6.863883456139033	0.0	2164140	6322.687128018492	4.3
26823.97369414193	2850	6.999255486281624	0.0	1341201	3864.6279698574094	1.4000000000000001
26828.28409858221	2850	6.688851045999637	0.0	1497683	4310.404440281986	2.85
26832.17396587352	2850	6.798983754692163	0.0	1358081	3889.8672913074747	2.85
26836.82796741707	2850	6.144982211143538	0.0	1587293	4654.001543548625	2.85
26841.021404219184	2850	5.9515454090274975	0.0	1492672	4193.43680211604	2.85
26845.291487383238	2850	5.681462244972626	0.0	1439896	4270.083164054872	2.85
26848.686608794753	2850	6.2863408334586435	0.0	1139291	3395.1214115139815	2.85
26852.956290414637	2850	6.016659213577128	0.0	1499009	4269.681619881516	2.85
26856.919531326315	2850	6.053418301895085	0.0	1427478	3963.2409116820436	2.85
26860.79271076934	2850	6.180238858871637	0.0	1402287	3873.1794430234477	2.85
26864.556618558643	2850	6.416331069571812	0.0	1339500	3763.9077892998243	2.85
26868.905094975024	2850	6.06785465319045	0.0	1527299	4348.4764163813625	2.85
26872.72047992075	2850	6.252469707464705	0.0	1343002	3815.3849457257443	2.85
26877.087785055115	2850	5.885164573096989	0.0	1587250	4367.305134367715	2.85
26881.15442357559	2850	5.81852605262292	0.0	1464921	4066.63852047407	2.85
26885.292296929623	2850	5.680652698591506	0.0	1483527	4137.873354031413	2.85
26888.74863870257	2850	6.224310925642494	0.0	1231456	3456.3417729490125	2.85
26892.56984487024	2850	6.403104757974171	0.0	1364537	3821.206167668322	2.85

