30725.04827251366	750	4.0	2.000623801897429	450283	2000.6238018974288	-7.852682348158945
30725.791878848122	300	7.256393665541	0.0	155580	743.6063344590002	-0.15000000000000002
30727.368221986082	750	9.68005052757834	0.0	350812	1576.3431379626609	0.3
30729.91711762956	1200	11.131154884099455	0.0	617681	2548.895643478886	0.75
30733.862302708865	1850	11.18596980479595	0.0	996749	3945.1850793035046	1.2000000000000002
30737.222841181938	1850	11.825431331723827	0.0	801058	3360.5384730721235	1.85
30741.067504006303	1850	11.98076850735745	0.0	905515	3844.6628243663763	1.85
30745.586181900093	1850	11.462090613569776	0.0	1060487	4518.677893787674	1.85
30749.321671733127	1850	11.72660078053406	0.0	852833	3735.4898330357164	1.85
30753.961328270736	1850	11.086944242922659	0.0	913888	4639.656537611401	1.85
30757.944557309293	1850	11.103715204366177	0.0	939819	3983.229038556482	1.85
30762.012916334163	1850	11.035356179495004	0.0	917428	4068.3590248711735	1.85
30766.317426714984	1850	10.730845798676473	0.0	946851	4304.51038081853	1.85
30769.488976008673	1200	11.559296504988275	0.0	687371	3171.5492936881988	0.5499999999999999
30773.217478321345	1850	11.83079419231652	0.0	821631	3728.502312671756	1.2000000000000002
30777.265977998322	1850	11.782294515337613	0.0	923170	4048.4996769789072	1.85
30781.411953731433	1850	11.636318782227956	0.0	966699	4145.975733109657	1.85
30785.193568229362	1850	11.854704284297208	0.0	885714	3781.6144979307473	1.85
30789.481478734557	1850	11.566793779101747	0.0	987708	4287.910505195462	1.85
30793.44817543714	1850	11.600097076517956	0.0	923755	3966.696702583792	1.85
30797.236543908748	1850	11.811728604910783	0.0	891604	3788.368471607174	1.85
30801.270749868374	1850	11.777522645287045	0.0	955231	4034.2059596237377	1.85
30805.367496639796	1850	11.680775873866747	0.0	968026	4096.746771420298	1.85
30809.111857453423	1850	11.936415060237593	0.0	874175	3744.3608136291546	1.85
30813.077262912782	1850	11.97100960087936	0.0	897976	3965.405459358233	1.85
30817.015018604296	1850	12.03325390936428	0.0	905935	3937.755691515078	1.85
30821.601099545573	1850	11.447172968091177	0.0	1076599	4586.080941273103	1.85
30824.914753219233	1850	12.13351929443101	0.0	758197	3313.653673660167	1.85
30829.34044799265	1850	11.707824521014242	0.0	972798	4425.694773416769	1.85
30833.616469127213	1850	11.431803386451701	0.0	975811	4276.021134562539	1.85
30837.430808437213	1850	11.61746407645015	0.0	873429	3814.339310001553	1.85
30841.53607277609	1850	11.512199737571342	0.0	954453	4105.264338878807	1.85
30845.104994722005	1850	11.943277791655994	0.0	885062	3568.921945915348	1.85
30849.33289113554	1850	11.715381378120618	0.0	1035329	4227.896413535374	1.85
30853.528713183634	1850	11.51955933002694	0.0	1026056	4195.822048093681	1.85
30857.521095388525	1850	11.527177125135735	0.0	943942	3992.382204891204	1.85
30860.779995289005	1850	12.26827722465597	0.0	728962	3258.899900479765	1.85
30864.587273385296	1850	12.46099912836483	0.0	938587	3807.2780962911397	1.85
30868.287365490465	1850	12.760907023197134	0.0	908665	3700.092105167694	1.85
30872.202103079482	1850	12.846169434180876	0.0	930577	3914.7375890162575	1.85
30876.142535051455	1850	12.90573746220875	0.0	858450	3940.4319719721266	1.85
30880.270832787337	1850	12.777439726324635	0.0	1025005	4128.297735884114	1.85
30883.924514103892	1850	13.12375840977053	0.0	886255	3653.681316554105	1.85
30890.500362001254	2850	10.547910512407732	0.0	1587250	6575.847897362798	1.85
30893.196612358544	1200	11.851660155117854	0.0	630203	2696.2503572898786	-0.44999999999999996
30897.371980681863	1850	11.676291831798641	0.0	982064	4175.368323319211	1.2000000000000002
30900.835463329513	1850	12.212809184147002	0.0	830730	3463.4826476516405	1.85
30904.328349026247	1850	12.719923487413404	0.0	846370	3492.8856967335983	1.85

