16673.77102580766	750	4.0	6.358794604917855	450283	6358.794604917855	-26.592816801146775
16676.005292368027	300	5.765733439629685	0.0	155580	2234.266560370316	-0.15000000000000002
16678.02761131052	300	7.743414497138548	0.0	139857	2022.3189424911372	0.3
16680.293389905022	300	9.477635902636006	0.0	155432	2265.7785945025416	0.3
16682.671809953936	300	11.099215853722756	0.0	163442	2378.420048913251	0.3
16684.524621758814	300	13.246404048843083	0.0	126289	1852.8118048796737	0.3
16686.756209422292	300	15.014816385365597	0.0	153295	2231.5876634774854	0.3
16693.563283730615	750	12.20774207704507	0.0	437162	6807.074308320527	0.3
16698.902751232734	750	10.868274574925032	0.0	374758	5339.467502120037	0.75
16704.024671559706	750	9.746354247951944	0.0	362795	5121.920326973088	0.75
16709.046474818686	750	8.7245509889741	0.0	353220	5021.803258977843	0.75
16711.294130900336	300	10.476894907321206	0.0	156148	2247.656081652895	-0.15000000000000002
16713.60833886985	300	12.162686937807676	0.0	160746	2314.207969513531	0.3
16716.228644630257	300	13.542381177399703	0.0	179801	2620.3057604079727	0.3
16718.287345316297	300	15.483680491358486	0.0	140051	2058.7006860412175	0.3
16723.52378368501	750	14.247242122644984	0.0	366214	5236.438368713501	0.3
16728.590620540446	750	13.180405267209004	0.0	360831	5066.83685543598	0.75
16733.833164949912	750	11.937860857745523	0.0	372963	5242.54440946348	0.75
16739.600237240542	750	10.17078856711406	0.0	405596	5767.072290631463	0.75
16741.677681967114	300	12.09334384054232	0.0	140881	2077.444726571742	-0.15000000000000002
16743.99317935486	300	13.77784645279455	0.0	157671	2315.497387747767	0.3
16746.276173518832	300	15.49485228882568	0.0	157812	2282.994163968871	0.3
16752.104444771532	750	13.666581036125415	0.0	401853	5828.271252700265	0.3
16757.163778757047	750	12.607247050611175	0.0	343800	5059.33398551424	0.75
16762.39729197551	750	11.373733832148634	0.0	359903	5233.513218462539	0.75
16767.830977161397	750	9.94004864626032	0.0	379700	5433.685185888315	0.75
16773.818024667333	750	7.953001140324894	0.0	425781	5987.047505935426	0.75
16775.435838273876	300	10.335187533781195	0.0	111155	1617.8136065436995	-0.15000000000000002
16777.641171059753	300	12.129854747906172	0.0	153605	2205.332785875022	0.3
16779.78318870076	300	13.987837106903804	0.0	149029	2142.017641002368	0.3
16782.061595369134	300	15.709430438526887	0.0	157421	2278.4066683769156	0.3
16787.75111576117	750	14.019910046493749	0.0	400322	5689.520392033139	0.3
16792.982636375196	750	12.788389432465308	0.0	369834	5231.520614028442	0.75
16798.79444306265	750	10.976582745012266	0.0	412837	5811.806687453043	0.75
16804.430230471007	750	9.340795336651656	0.0	401088	5635.787408360608	0.75
16806.727689971052	300	11.043335836606877	0.0	159914	2297.4595000447785	-0.15000000000000002
16808.635129790142	300	13.135896017518004	0.0	131610	1907.4398190888733	0.3
16810.437055475162	300	15.333970332501439	0.0	124011	1801.9256850165661	0.3
16815.74041273785	750	14.030613069810995	0.0	378327	5303.357262690443	0.3
16821.219046987804	750	12.551978819854797	0.0	390680	5478.634249956198	0.75
16826.077317382013	750	11.693708425649449	0.0	345516	4858.270394205349	0.75
16831.460644186656	750	10.310381621004861	0.0	384505	5383.326804644587	0.75
16836.78375304143	750	8.987272766235488	0.0	372093	5323.108854769372	0.75
16839.241406176272	300	10.52961963138948	0.0	172312	2457.6531348460094	-0.15000000000000002
16841.623416499435	300	12.147609308225329	0.0	167025	2382.010323164152	0.3
16843.902387037113	300	13.868638770548154	0.0	160064	2278.970537677174	0.3
16845.87146791554	300	15.899557892122179	0.0	137507	1969.0808784259746	0.3
16847.587102702866	300	18.18392310479469	0.0	118421	1715.6347873274897	0.3

