11687.778758423714	750	4.0	7.776572140031211	450283	7776.572140031211	-32.68926020213421
11690.544713401418	300	5.2340450222949775	0.0	155580	2765.9549777050224	-0.15000000000000002
11693.00093941788	300	6.777819005833831	0.0	139857	2456.2260164611466	0.3
11695.728071982794	300	8.050686440919733	0.0	155432	2727.1325649140986	0.3
11698.628665393422	300	9.150093030291684	0.0	163442	2900.593410628049	0.3
11700.883938007884	300	10.89482041582849	0.0	126289	2255.272614463194	0.3
11703.582343367505	300	12.196415056206625	0.0	153295	2698.405359621865	0.3
11706.643017592722	300	13.135740830989374	0.0	173849	3060.6742252172508	0.3
11709.326375217554	300	14.452383206158064	0.0	150710	2683.3576248313093	0.3
11715.757173690432	750	12.02158473327801	0.0	362795	6430.798472880052	0.3
11726.931279487795	750	4.847478935915575	0.0	353220	11174.105797362436	0.75
11730.890245021632	300	4.8885134020774395	0.0	156148	3958.9655338381353	-0.15000000000000002
11736.38981225002	300	4.0	0.6110538263106664	160746	5499.567228388106	-2.3275314531358657
11740.404128354587	300	4.0	0.01431610456732642	179801	4014.3161045673264	0.2384407503604964
11747.251913748749	300	4.0	2.847785394161457	140051	6847.785394161457	-11.945477194894263
11749.723736317443	300	5.528177431306412	0.0	138313	2471.8225686935875	0.3
11757.294275284381	300	4.0	2.042361535631935	143509	7570.538966938348	-8.48215460321732
11763.306406969823	300	4.0	2.0121316854417546	150616	6012.131685441755	-8.352166247399543
11767.688734423882	300	4.0	0.3823274540588436	165384	4382.327454058844	-1.3440080524530273
11776.940847145936	300	4.0	5.252112722053802	140881	9252.112722053802	-22.284084704831347
11783.751156493683	300	4.0	2.8103093477476078	157671	6810.309347747608	-11.784330195314713
11787.247685298971	300	4.503471194710484	0.0	157812	3496.5288052895157	0.3
11790.968906395363	300	4.782250098320369	0.0	163927	3721.2210963901152	0.3
11794.08180550301	300	5.669350990671941	0.0	137654	3112.8991076484285	0.3
11797.379928274258	300	6.3712282194231316	0.0	146754	3298.12277124881	0.3
11800.798721866182	300	6.9524346275001925	0.0	153938	3418.7935919229385	0.3
11810.1799756432	300	4.0	2.4288191495182008	181901	9381.253777018394	-10.143922342928262
11818.137918269173	300	4.0	3.957942625973914	111155	7957.942625973914	-16.719153291687828
11823.493134210521	300	4.0	1.3552159413495493	153605	5355.215941349549	-5.527428547803062
11830.629525057324	300	4.0	3.13639084680151	149029	7136.39084680151	-13.18648064124649
11838.26177392684	300	4.0	3.632248869517022	157421	7632.248869517022	-15.318670138923194
11843.036876249264	300	4.0	0.7751023224213713	157488	4775.102322421371	-3.032939986411897
11847.016075811867	300	4.020800437396744	0.0	143881	3979.199562603256	0.3
11854.049128792689	300	4.0	3.0122525434239096	163444	7033.052980820654	-12.65268593672281
11857.288767843113	300	4.760360949576123	0.0	179328	3239.639050423877	0.3
11860.171344228303	300	5.877784564385074	0.0	159914	2882.5763851910483	0.3
11862.555127283042	300	7.494001509645063	0.0	131610	2383.783054740011	0.3
11864.831293291654	300	9.217835501032656	0.0	124011	2276.166008612408	0.3
11867.472770934724	300	10.576357857961783	0.0	144254	2641.4776430708735	0.3
11873.992733520654	300	8.056395272033784	0.0	149991	6519.962585927998	0.3
11876.65568401896	300	9.393444773726376	0.0	147968	2662.9504983074085	0.3
11879.54745654313	300	10.501672249555053	0.0	161857	2891.772524171323	0.3
11882.133453068716	300	11.915675723969699	0.0	145210	2585.9965255853554	0.3
11885.153293747655	300	12.895835045032811	0.0	172312	3019.8406789368883	0.3
11888.057122108257	300	13.992006684429802	0.0	167025	2903.8283606030086	0.3
11894.549338627943	300	11.499790164743091	0.0	160064	6492.216519686709	0.3
11898.42083617945	300	11.628292613236496	0.0	137507	3871.4975515065958	0.3
11901.137748828478	300	12.91137996420921	0.0	118421	2716.9126490272843	0.3

