27651.120134789104	750	4.0	2.367608105693212	450283	2367.608105693212	-9.430714854480811
27651.990540087736	300	7.129594701368362	0.0	155580	870.4052986316381	-0.15000000000000002
27652.78106659404	300	10.33906819506469	0.0	139857	790.5265063036702	0.3
27654.780275237477	750	12.339859551628207	0.0	382355	1999.2086434364826	0.3
27656.884521523458	750	14.23561326564952	0.0	411561	2104.2462859786883	0.75
27658.531365791612	750	16.588768997493606	0.0	318564	1646.8442681559106	0.75
27660.34945393655	750	18.77068085255526	0.0	352642	1818.0881449383485	0.75
27662.587176724166	750	20.53295806493933	0.0	437162	2237.722787615929	0.75
27667.11443765289	1850	20.00569713621615	0.0	852833	4527.260928723178	0.75
27671.908391882487	1850	19.211742906620284	0.0	913888	4793.954229595865	1.85
27676.732573851605	1850	18.387560937501906	0.0	939819	4824.181969118376	1.85
27681.62558573774	1850	17.4945490513688	0.0	917428	4893.011886133105	1.85
27686.479734245815	1850	16.640400543292248	0.0	946851	4854.148508076548	1.85
27691.640163717566	1850	15.479971071542765	0.0	1036454	5160.429471749486	1.85
27696.258693323456	1850	14.861441465649838	0.0	821631	4618.529605892927	1.85
27701.682313923116	1850	13.43782086599027	0.0	923170	5423.620599659567	1.85
27707.459870676725	1850	11.66026411238155	0.0	966699	5777.556753608721	1.85
27712.655639848486	1850	10.46449494062284	0.0	885714	5195.769171758707	1.85
27718.164315613594	1850	8.95581917551448	0.0	987708	5508.67576510836	1.85
27720.131587326992	750	10.988547462116767	0.0	350713	1967.2717133977133	-0.3500000000000001
27722.368488325093	750	12.751646464015405	0.0	386472	2236.900998101362	0.75
27724.689792684036	750	14.430342105071208	0.0	399894	2321.3043589441972	0.75
27727.829075859416	750	15.291058929693074	0.0	401853	3139.2831753781334	0.75
27730.835166133795	750	16.28496865531531	0.0	343800	3006.0902743777615	0.75
27732.958221361463	750	18.161913427647328	0.0	359903	2123.0552276679828	0.75
27735.193657881708	750	19.926476907402893	0.0	379700	2235.436520244435	0.75
27741.096315254264	1850	18.023819534845504	0.0	1076599	5902.657372557388	0.75
27745.3566385869	1850	17.763496202207104	0.0	758197	4260.323332638402	1.85
27751.071377119755	1850	16.048757669354533	0.0	972798	5714.7385328525725	1.85
27756.6243467634	1850	14.495788025704664	0.0	975811	5552.969643649869	1.85
27761.863620959124	1850	13.256513829982723	0.0	873429	5239.2741957219405	1.85
27767.315391949745	1850	11.804742839363131	0.0	954453	5451.770990619592	1.85
27772.707976953665	1850	10.41215783544253	0.0	885062	5392.585003920602	1.85
27778.200717956166	1850	8.919416832942726	0.0	1035329	5492.741002499803	1.85
27783.723980490227	1850	7.396154298882138	0.0	1026056	5523.262534060589	1.85
27785.81160086101	750	9.308533928100696	0.0	365161	2087.620370781441	-0.3500000000000001
27787.646453595593	750	11.47368119351535	0.0	321064	1834.8527345853452	0.75
27789.692564000172	750	13.427570788937828	0.0	361565	2046.110404577522	0.75
27791.82982244895	750	15.290312340159321	0.0	378327	2137.258448778505	0.75
27794.121966020568	750	16.998168768538665	0.0	390680	2292.143571620657	0.75
27796.159969221797	750	18.960165567309172	0.0	345516	2038.0032012294898	0.75
27798.39710720913	750	20.723027579976417	0.0	384505	2237.1379873327583	0.75
27800.55051364149	750	22.569621147614843	0.0	372093	2153.4064323615744	0.75
27803.022017903764	750	24.09811688534291	0.0	438281	2471.50426227193	0.75
27808.217271753347	1850	22.90286303575662	0.0	958994	5195.253849586291	0.75
27814.18174503486	1850	20.938389754241616	0.0	982064	5964.473281515006	1.85
27819.325211148353	1850	19.7949236407513	0.0	830730	5143.466113490318	1.85
27824.526596693468	1850	18.59353809563423	0.0	846370	5201.385545117067	1.85

