43239.24050252792	750	4.0	4.674753207003463	450283	4674.753207003463	-19.35143879011489
43240.91002085406	300	6.330481673861679	0.0	155580	1669.5183261383204	-0.15000000000000002
43242.41950469287	300	8.820997835048995	0.0	139857	1509.4838388126834	0.3
43244.08818121271	300	11.152321315215644	0.0	155432	1668.676519833351	0.3
43245.851941094385	300	13.388561433536946	0.0	163442	1763.7598816786979	0.3
43247.24228265719	300	15.998219870730336	0.0	126289	1390.3415628066114	0.3
43250.941991106905	750	16.298511421019573	0.0	352642	3699.708449710762	0.3
43255.35351650852	750	15.886986019405777	0.0	437162	4411.525401613796	0.75
43259.23535974175	750	16.00514278616818	0.0	374758	3881.843233237596	0.75
43263.20837896599	750	16.032123561937098	0.0	362795	3973.0192242310836	0.75
43267.1954954276	750	16.045007100325627	0.0	353220	3987.1164616114693	0.75
43271.72905636198	750	15.511446165944475	0.0	405134	4533.560934381153	0.75
43275.87478194598	750	15.365720581943949	0.0	386351	4145.725584000527	0.75
43280.612843957824	750	14.627658570097447	0.0	434409	4738.062011846501	0.75
43284.25623571794	750	14.984266809981357	0.0	337059	3643.391760116091	0.75
43288.141620233495	750	15.09888229442848	0.0	366214	3885.3845155528766	0.75
43291.986507333	750	15.253995194922497	0.0	360831	3844.887099505982	0.75
43296.11164850085	750	15.128854027076256	0.0	372963	4125.14116784624	0.75
43300.45646341765	750	14.784039110276325	0.0	405596	4344.814916799933	0.75
43304.231905604785	750	15.008596923134872	0.0	350713	3775.4421871414525	0.75
43308.341386316606	750	14.899116211315716	0.0	386472	4109.480711819155	0.75
43312.56053077232	750	14.679971755596812	0.0	399894	4219.144455718904	0.75
43316.83091256441	750	14.409589963502738	0.0	401853	4270.3817920940755	0.75
43320.52600082611	750	14.714501701801051	0.0	343800	3695.0882617016864	0.75
43324.399386648656	750	14.841115879258718	0.0	359903	3873.385822542334	0.75
43328.49688377333	750	14.743618754577165	0.0	379700	4097.497124681553	0.75
43333.178490748614	750	14.062011779295545	0.0	425781	4681.606975281617	0.75
43336.38018513413	750	14.860317393778383	0.0	277716	3201.694385517162	0.75
43340.63045464609	750	14.610047881818813	0.0	400396	4250.269511959569	0.75
43344.7927131062	750	14.447789421708721	0.0	400508	4162.258460110092	0.75
43348.500684788494	750	14.739817739413866	0.0	358218	3707.971682294856	0.75
43352.63779924841	750	14.602703279494229	0.0	400322	4137.114459919637	0.75
43356.50445930763	750	14.73604322027295	0.0	369834	3866.6600592212776	0.75
43360.75394346628	750	14.486559061620907	0.0	412837	4249.484158652043	0.75
43364.99853363516	750	14.241968892738925	0.0	401088	4244.590168881981	0.75
43368.85644900748	750	14.384053520418908	0.0	365161	3857.9153723200184	0.75
43372.142388299	750	15.09811422890509	0.0	321064	3285.939291513818	0.75
43375.921563162534	750	15.318939365363104	0.0	361565	3779.1748635419863	0.75
43379.941763667244	750	15.29873886065689	0.0	378327	4020.200504706213	0.75
43384.0926783767	750	15.147824151201695	0.0	390680	4150.914709455195	0.75
43387.69469505835	750	15.54580746954209	0.0	345516	3602.016681659604	0.75
43392.11850721744	750	15.12199531045198	0.0	384505	4423.81215909011	0.75
43396.1737811553	750	15.066721372595431	0.0	372093	4055.2739378565493	0.75
43400.811467665946	750	14.429034861952864	0.0	438281	4637.686510642567	0.75
43405.08764561261	750	14.152856915285476	0.0	398987	4276.177946667389	0.75
43409.3983013532	750	13.842201174693631	0.0	393804	4310.655740591845	0.75
43413.01308699103	750	14.227415536865735	0.0	331053	3614.7856378278966	0.75
43416.39224583404	750	14.848256693856529	0.0	314107	3379.1588430092056	0.75

