43468.04615655451	750	4.0	1.7748058149880053	450283	1774.8058149880053	-6.881665004448422
43468.7117391519	300	7.334417402620499	0.0	155580	665.582597379501	-0.15000000000000002
43470.112149244145	750	9.934007310372797	0.0	350812	1400.4100922477023	0.3
43471.63092512569	750	12.41523142882695	0.0	382355	1518.7758815458474	0.75
43473.24610264018	750	14.800053914333398	0.0	411561	1615.1775144935507	0.75
43476.31415600142	1850	15.732000553093693	0.0	801058	3068.0533612397066	0.75
43480.491584345524	1850	15.554572208982002	0.0	905515	4177.428344111692	1.85
43484.80705398525	1850	15.23910256926448	0.0	1060487	4315.46963971752	1.85
43488.01244644632	1850	16.03371010818813	0.0	852833	3205.392461076349	1.85
43491.2896791367	1850	16.756477417812597	0.0	913888	3277.232690375531	1.85
43494.863229586495	1850	17.182926968015455	0.0	939819	3573.5504497971465	1.85
43498.202932216096	1850	17.843224338417443	0.0	917428	3339.702629598009	1.85
43501.22221122585	1850	18.82394532865712	0.0	946851	3019.2790097603224	1.85
43504.9426183091	1850	19.103538245413244	0.0	1036454	3720.4070832438774	1.85
43508.013703131845	1850	20.032453422664037	0.0	821631	3071.0848227492065	1.85
43511.15442298884	1850	20.89173356566915	0.0	923170	3140.7198569948882	1.85
43514.78858528366	1850	21.257571270849777	0.0	966699	3634.162294819372	1.85
43518.3479781553	1850	21.698178399207308	0.0	885714	3559.3928716424707	1.85
43522.192160716295	1850	21.853995838212878	0.0	987708	3844.1825609944267	1.85
43525.67835737376	1850	22.3677991807392	0.0	923755	3486.1966574736757	1.85
43529.11247722476	1850	22.933679329747896	0.0	891604	3434.1198509913047	1.85
43532.98121833174	1850	23.064938222769957	0.0	955231	3868.741106977942	1.85
43535.99902244823	1850	24.04713410627189	0.0	968026	3017.804116498069	1.85
43538.93032257721	1850	25.1158339773008	0.0	874175	2931.30012897109	1.85
43542.795475676096	1850	25.250680878413664	0.0	897976	3865.153098887133	1.85
43546.614599778404	1850	25.431556776103548	0.0	905935	3819.1241023101147	1.85
43551.10671265376	1850	24.939443900745644	0.0	1076599	4492.112875357905	1.85
43554.13743524721	1850	25.908721307298833	0.0	758197	3030.7225934468124	1.85
43557.43192904889	1850	26.61422750561266	0.0	972798	3294.493801686175	1.85
43560.843990808266	1850	27.20216574624219	0.0	975811	3412.0617593704706	1.85
43564.17071294984	1850	27.8754436046631	0.0	873429	3326.722141579087	1.85
43570.302087198645	1850	25.744069355863424	0.0	954453	6131.374248799679	1.85
43574.57209969076	1850	25.474056863744728	0.0	885062	4270.0124921186925	1.85
43578.63397732828	1850	25.412179226228517	0.0	1035329	4061.8776375162133	1.85
43582.112649906325	1850	25.933506648180746	0.0	1026056	3478.672578047771	1.85
43585.232318159695	1850	26.813838394813217	0.0	943942	3119.668253367528	1.85
43587.6098427788	1850	28.436313775703326	0.0	728962	2377.524619109893	1.85
43591.11298365197	1850	28.9331729025383	0.0	938587	3503.140873165027	1.85
43594.959818509065	1850	29.08633804544018	0.0	908665	3846.8348570981225	1.85
43598.43620036602	1850	29.609956188483814	0.0	930577	3476.3818569563614	1.85
43601.82673022775	1850	30.219426326748888	0.0	858450	3390.5298617349254	1.85
43605.68864232685	1850	30.35751422764661	0.0	1025005	3861.9120991022787	1.85
43608.551748582504	1850	31.494407971997013	0.0	886255	2863.106255649596	1.85
43612.81460759261	1850	31.23154896188626	0.0	973972	4262.859010110753	1.85
43617.99023854923	1850	30.055918005263184	0.0	958994	5175.630956623079	1.85
43622.69208943507	1850	29.354067119421426	0.0	982064	4701.850885841759	1.85
43626.137623484465	1850	29.908533070030657	0.0	830730	3445.5340493907693	1.85
43629.32413274027	1850	30.722023814220886	0.0	846370	3186.5092558097713	1.85

