6367.520538769959	750	4.0	1.4382832407258432	450283	1438.2832407258431	-5.434617935121126
6368.803719091694	750	6.716819678264306	0.0	398865	1283.1803217356937	0.75
6369.9419470511	750	9.578591718857634	0.0	350812	1138.2279594066722	0.75
6371.175324790228	750	12.345213979729731	0.0	382355	1233.3777391279036	0.75
6372.489429098532	750	15.031109671425087	0.0	411561	1314.1043083046447	0.75
6374.968266540176	1850	16.552272229781156	0.0	801058	2478.837441643932	0.75
6377.761981642092	1850	17.758557127865735	0.0	905515	2793.7151019154194	1.85
6381.023589473293	1850	18.496949296664326	0.0	1060487	3261.60783120141	1.85
6383.78075340301	1850	19.73978536694744	0.0	852833	2757.163929716885	1.85
6386.777296188515	1850	20.74324258144257	0.0	913888	2996.5427855048733	1.85
6390.113584348904	1850	21.406954421053374	0.0	939819	3336.288160389196	1.85
6393.228072678484	1850	22.292466091473585	0.0	917428	3114.4883295797886	1.85
6396.221439192858	1850	23.2990995770994	0.0	946851	2993.366514374184	1.85
6399.4488335103015	1850	24.07170525965717	0.0	1036454	3227.3943174422366	1.85
6402.010871248025	1850	25.509667521932894	0.0	821631	2562.037737724274	1.85
6404.9661778951195	1850	26.55436087483874	0.0	923170	2955.306647094156	1.85
6408.075436021649	1850	27.445102748309548	0.0	966699	3109.258126529189	1.85
6410.9611737866435	1850	28.559364983314246	0.0	885714	2885.7377649953	1.85
6414.108777433883	1850	29.411761336074978	0.0	987708	3147.603647239269	1.85
6417.000737506702	1850	30.519801263256642	0.0	923755	2891.9600728183373	1.85
6419.83622827685	1850	31.68431049310775	0.0	891604	2835.4907701488955	1.85
6422.881268404742	1850	32.63927036521634	0.0	955231	3045.0401278914073	1.85
6425.824105835913	1850	33.6964329340456	0.0	968026	2942.8374311707375	1.85
6428.506730391618	1850	35.01380837834067	0.0	874175	2682.624555704934	1.85
6431.33694339143	1850	36.18359537852807	0.0	897976	2830.212999812603	1.85
6434.445562163654	1850	37.07497660630312	0.0	905935	3108.6187722249433	1.85
6438.571908568431	1850	36.94863020152664	0.0	1076599	4126.346404776479	1.85
6441.072037050088	1850	38.44850171987001	0.0	758197	2500.1284816566294	1.85
6444.215589404622	1850	39.30494936533543	0.0	972798	3143.552354534578	1.85
6447.258868187958	1850	40.26167058200001	0.0	975811	3043.2787833354196	1.85
6450.208191234489	1850	41.312347535468135	0.0	873429	2949.32304653187	1.85
6453.626655224085	1850	41.89388354587192	0.0	954453	3418.4639895962114	1.85
6456.41285564387	1850	43.10768312608685	0.0	885062	2786.2004197850747	1.85
6459.687419844265	1850	43.83311892569235	0.0	1035329	3274.5642003945045	1.85
6463.017017269306	1850	44.50352150065189	0.0	1026056	3329.597425040455	1.85
6466.449751534996	1850	45.07078723496236	0.0	943942	3432.734265689531	1.85
6469.201422337397	1850	46.31911643256116	0.0	728962	2751.6708024011996	1.85
6472.183672907579	1850	47.3368658623786	0.0	938587	2982.250570182557	1.85
6475.08658313023	1850	48.43395563972803	0.0	908665	2902.9102226505706	1.85
6478.087610179434	1850	49.4329285905248	0.0	930577	3001.027049203227	1.85
6480.798315735183	1850	50.72222303477551	0.0	858450	2710.7055557492913	1.85
6483.958641486306	1850	51.56189728365207	0.0	1025005	3160.32575112344	1.85
6486.720752642339	1850	52.799786127618546	0.0	886255	2762.1111560335275	1.85
6489.7569807762975	1850	53.763557993659965	0.0	973972	3036.228133958574	1.85
6492.822501842487	1850	54.69803692747048	0.0	958994	3065.5210661894785	1.85
6495.910695266836	1850	55.60984350312151	0.0	982064	3088.193424348973	1.85
6498.470769947019	1850	57.04976882293887	0.0	830730	2560.0746801826403	1.85
6501.0917920657575	1850	58.42874670420072	0.0	846370	2621.022118738157	1.85

