38492.13824361598	750	4.0	1.6344397665076353	450283	1634.4397665076353	-6.278090995982832
38493.59518126956	750	6.543062346417546	0.0	398865	1456.9376535824535	0.75
38494.8862332599	750	9.252010356073527	0.0	350812	1291.0519903440204	0.75
38496.23958655191	750	11.89865706406733	0.0	382355	1353.3532920061966	0.75
38497.59719338865	750	14.541050227322796	0.0	411561	1357.6068367445334	0.75
38498.66611008469	750	17.4721335312785	0.0	318564	1068.9166960442935	0.75
38501.33162086304	1850	18.806622752923708	0.0	905515	2665.510778354793	0.75
38503.19894105704	1850	20.93930255892841	0.0	1060487	1867.3201939952976	1.85
38504.71628601554	1850	23.421957600427657	0.0	852833	1517.3449585007563	1.85
38506.33630778201	1850	25.801935833958524	0.0	913888	1620.0217664691318	1.85
38507.98942199915	1850	28.148821616822392	0.0	939819	1653.1142171361325	1.85
38509.605057084205	1850	30.53318653177009	0.0	917428	1615.6350850523004	1.85
38511.26994180095	1850	32.8683018150219	0.0	946851	1664.884716748187	1.85
38515.20771928065	4300	32.930524335329814	0.0	2275376	3937.777479692085	1.8499999999999996
38518.69687614465	4300	33.44136747132723	0.0	2005399	3489.1568640025766	4.3
38522.47523910864	4300	33.66300450733455	0.0	2152483	3778.3629639926858	4.3
38526.65867625779	4300	33.47956735817343	0.0	2289689	4183.437149161115	4.3
38530.25007654933	4300	33.888167066638985	0.0	2059512	3591.4002915344513	4.3
38534.105512053386	4300	34.03273156258458	0.0	2220726	3855.4355040544006	4.3
38537.84619575535	4300	34.29204786061782	0.0	2156729	3740.6837019667546	4.3
38541.36479255564	4300	34.77345106033113	0.0	2039773	3518.5968002866825	4.3
38545.189453592975	4300	34.94879002299679	0.0	2176469	3824.661037334348	4.3
38549.05692764916	4300	35.08131596682196	0.0	2221506	3867.4740561748313	4.3
38552.6437223968	4300	35.494521219167915	0.0	2044075	3586.794747654042	4.3
38558.41372132079	4300	33.7245222951849	0.0	2186790	5769.99892398302	4.3
38563.04721230528	4300	33.09103131068808	0.0	2105231	4633.49098449682	4.3
38567.49053962678	4300	32.64770398919361	0.0	2395588	4443.3273214944675	4.3
38570.817093403224	4300	33.321150212743824	0.0	1972048	3326.5537764497885	4.3
38574.40922523796	4300	33.72901837800528	0.0	2134614	3592.1318347385413	4.3
38578.075560907186	4300	34.062682708786085	0.0	2164140	3666.335669219189	4.3
38581.7489337633	4300	34.3893098526699	0.0	2113193	3673.372856116182	4.3
38585.45085536656	4300	34.68738824941308	0.0	2147852	3701.921603256824	4.3
38589.26779330663	4300	34.87045030934541	0.0	2191074	3816.9379400676703	4.3
38593.40465673456	4300	34.73358688141535	0.0	2286761	4136.86342793006	4.3
38597.7703795429	4300	34.36786407307464	0.0	2307787	4365.722808340707	4.3
38601.73307121291	4300	34.40517240306165	0.0	2143948	3962.691670012999	4.3
38605.40688846924	4300	34.731355146733655	0.0	1919781	3673.8172563279873	4.3
38609.782673881586	4300	34.3555697343957	0.0	2147467	4375.785412337958	4.3
38614.41204737836	4300	33.72619623761503	0.0	2133870	4629.373496780674	4.3
38618.58953257527	4300	33.54871104070676	0.0	2146120	4177.485196908261	4.3
38622.18412162099	4300	33.95412199499215	0.0	2108491	3594.58904571462	4.3
38625.93914074846	4300	34.19910286752463	0.0	2184571	3755.019127467524	4.3
38629.60147215	4300	34.53677146597808	0.0	2121928	3662.3314015465544	4.3
38633.31608534396	4300	34.822158272021404	0.0	2219102	3714.6131939566644	4.3
38636.99628058988	4300	35.14196302609796	0.0	2124950	3680.195245923443	4.3
38640.887283090975	4300	35.2509605250147	0.0	2246506	3891.0025010832605	4.3
38644.265024675464	4300	35.87321894051717	0.0	1961140	3377.7415844975285	4.3
38648.05835517557	4300	36.079888440413384	0.0	2155012	3793.3305001037857	4.3

