13704.58290780216	750	4.0	1.3967477194281321	450283	1396.747719428132	-5.256015193540968
13705.117865262664	300	7.465042539494876	0.0	155580	534.9574605051241	-0.15000000000000002
13706.223733218923	750	10.359174583236209	0.0	350812	1105.867956258668	0.3
13708.109997386313	1200	12.472910415847947	0.0	617681	1886.2641673882601	0.75
13711.084551585574	1850	13.49835621658632	0.0	996749	2974.5541992616277	1.2000000000000002
13714.685113002404	2850	13.897794799755712	0.0	1224260	3600.5614168306097	1.85
13718.674508921229	2850	13.908398880932099	0.0	1388403	3989.395918823613	2.85
13723.79924934876	2850	12.783658453401342	0.0	1638769	5124.740427530756	2.85
13726.335882224688	1850	14.247025577473158	0.0	852833	2536.6328759281846	0.8500000000000001
13731.211500996476	2850	13.371406805685513	0.0	1429765	4875.618771787645	1.85
13736.265026393714	2850	12.317881408448272	0.0	1354548	5053.525397237241	2.85
13739.29016599017	1850	13.292741811990753	0.0	917428	3025.1395964575204	0.8500000000000001
13743.969533953199	2850	12.613373848961691	0.0	1422919	4679.367963029062	1.85
13747.054725855955	1850	13.528181946207505	0.0	1036454	3085.1919027541867	0.8500000000000001
13750.767137005292	2850	13.815770796869018	0.0	1231445	3712.4111493384885	1.85
13755.436374920111	2850	13.146532882049017	0.0	1471065	4669.23791482	2.85
13760.291912242885	2850	12.290995559274624	0.0	1491626	4855.537322774395	2.85
13762.989378976601	1850	13.593528825559273	0.0	885714	2697.46673371535	0.8500000000000001
13767.764790846313	2850	12.818116955847294	0.0	1537156	4775.411869711978	1.85
13770.666673820753	1850	13.91623398140671	0.0	923755	2901.8829744405834	0.8500000000000001
13774.906232745365	2850	13.676675056794297	0.0	1415116	4239.558924612415	1.85
13779.42864646955	2850	13.154261332608504	0.0	1468126	4522.4137241857925	2.85
13783.957888465728	2850	12.62501933643107	0.0	1505760	4529.241996177435	2.85
13786.64135306396	1850	13.941554738197496	0.0	874175	2683.464598233573	0.8500000000000001
13790.902694661587	2850	13.680213140570263	0.0	1383735	4261.341597627231	1.85
13795.6144539629	2850	12.968453839258077	0.0	1480464	4711.759301312189	2.85
13799.10757020417	1850	13.475337597988323	0.0	1076599	3493.116241269753	0.8500000000000001
13802.74224886222	2850	13.840658939939171	0.0	1141971	3634.6786580491535	1.85
13807.39149654921	2850	13.191411252949042	0.0	1498470	4649.247686990128	2.85
13812.19114576762	2850	12.391762034538838	0.0	1561263	4799.649218410204	2.85
13814.946492472955	1850	13.63641532920437	0.0	873429	2755.3467053344657	0.8500000000000001
13819.641397390616	2850	12.941510411541499	0.0	1497683	4694.904917662873	1.85
13822.466200323694	1850	14.116707478464782	0.0	885062	2824.8029330767154	0.8500000000000001
13827.388332426639	2850	13.194575375519092	0.0	1587293	4922.132102945689	1.85
13831.824796061452	2850	12.758111740706164	0.0	1492672	4436.463634812927	2.85
13834.658177702247	1850	13.924730099911462	0.0	943942	2833.3816407947015	0.8500000000000001
13838.353024954748	2850	14.229882847411867	0.0	1139291	3694.8472524995955	1.85
13843.414525281089	2850	13.168382521071415	0.0	1499009	5061.500326340452	2.85
13848.257261840614	2850	12.325645961546055	0.0	1427478	4842.736559525359	2.85
13851.507467875763	1850	13.075439926397205	0.0	930577	3250.20603514885	0.8500000000000001
13855.545704270902	2850	13.037203531255729	0.0	1339500	4038.236395141476	1.85
13860.200906727467	2850	12.382001074691381	0.0	1527299	4655.202456564348	2.85
13862.902306604401	1850	13.680601197756943	0.0	886255	2701.399876934438	0.8500000000000001
13867.659863395242	2850	12.92304440691572	0.0	1587250	4757.556790841222	1.85
13870.718996595639	1850	13.863911206520696	0.0	958994	3059.133200395025	0.8500000000000001
13875.621380730985	2850	12.961527071173409	0.0	1483527	4902.384135347287	1.85
13878.341231200131	1850	14.241676602026736	0.0	830730	2719.850469146672	0.8500000000000001
13882.592602314382	2850	13.990305487775244	0.0	1364537	4251.371114251493	1.85

