19196.042240681014	750	4.0	3.9306563647956936	450283	3930.6563647956937	-16.15182236862148
19197.429371028767	300	6.612869652249742	0.0	155580	1387.130347750258	-0.15000000000000002
19198.551298889954	300	9.490941791060962	0.0	139857	1121.9278611887794	0.3
19199.789259745114	300	12.252980935899659	0.0	155432	1237.9608551613032	0.3
19202.96578135258	750	13.0764593284335	0.0	411561	3176.521607466159	0.3
19205.589382168124	750	14.452858512888154	0.0	318564	2623.600815545345	0.75
19208.463333482254	750	15.578907198758566	0.0	352642	2873.951314129588	0.75
19211.94057296581	750	16.101667715200175	0.0	437162	3477.239483558393	0.75
19215.007400139086	750	17.034840541927867	0.0	374758	3066.827173272306	0.75
19218.00214439201	750	18.040096289004182	0.0	362795	2994.7442529236864	0.75
19220.78738666052	750	19.254854020493642	0.0	353220	2785.242268510536	0.75
19223.975001752977	750	20.067238928035913	0.0	405134	3187.615092457732	0.75
19227.02970643432	750	21.01253424668979	0.0	386351	3054.7046813461243	0.75
19230.5045170913	750	21.537723589708282	0.0	434409	3474.810656981507	0.75
19233.23817184118	750	22.804068839828542	0.0	337059	2733.6547498797404	0.75
19236.31356355145	750	23.728677129559948	0.0	366214	3075.391710268597	0.75
19239.315760731526	750	24.726479949486205	0.0	360831	3002.1971800737415	0.75
19246.394099797417	1850	21.648140883594483	0.0	885714	7078.339065891723	0.75
19254.425543515412	1850	17.616697165600804	0.0	987708	8031.44371799368	1.85
19261.792549874186	1850	14.249690806823986	0.0	923755	7367.006358776815	1.85
19271.987492613127	1850	8.054748067884649	0.0	891604	10194.942738939337	1.85
19275.13472664422	750	8.90751403678681	0.0	399894	3147.2340310978375	-0.3500000000000001
19278.247713955923	750	9.794526725085255	0.0	401853	3112.987311701557	0.75
19280.93241010021	750	11.109830580798787	0.0	343800	2684.6961442864686	0.75
19283.742949408523	750	12.299291272484757	0.0	359903	2810.53930831403	0.75
19286.858983800794	750	13.183256880211859	0.0	379700	3116.034392272898	0.75
19290.30749804266	750	13.734742638343791	0.0	425781	3448.5142418680684	0.75
19292.499308424118	750	15.542932256888175	0.0	277716	2191.8103814556166	0.75
19295.63303826279	750	16.4092024182174	0.0	400396	3133.729838670774	0.75
19298.781661223715	750	17.26057945729291	0.0	400508	3148.622960924492	0.75
19301.731081809863	750	18.311158871143693	0.0	358218	2949.420586149216	0.75
19305.07820990851	750	18.964030772495228	0.0	400322	3347.128098648461	0.75
19308.242511045562	750	19.79972963544096	0.0	369834	3164.3011370542667	0.75
19311.730539808286	750	20.31170087271984	0.0	412837	3488.0287627211223	0.75
19315.095864168576	750	20.946376512426784	0.0	401088	3365.324360293057	0.75
19318.178404821963	750	21.86383585904338	0.0	365161	3082.5406533834043	0.75
19320.87779100913	750	23.16444967187284	0.0	321064	2699.3861871705412	0.75
19323.85680944887	750	24.185431232138335	0.0	361565	2979.0184397345092	0.75
19327.08044879103	750	24.96179188997376	0.0	378327	3223.6393421645726	0.75
19330.486062021588	750	25.556178659416073	0.0	390680	3405.6132305576866	0.75
19333.42302798775	750	26.619212693255907	0.0	345516	2936.9659661601645	0.75
19336.664814459557	750	27.377426221449483	0.0	384505	3241.786471806425	0.75
19343.882125433312	1850	24.16011524769397	0.0	886255	7217.310973755513	0.75
19351.95217666944	1850	20.090064011562447	0.0	973972	8070.051236131521	1.85
19365.529570604547	1850	10.51267007645419	0.0	958994	13577.393935108257	1.85
19368.208564914	750	11.833675767004427	0.0	393804	2678.994309449762	-0.3500000000000001
19370.41609934132	750	13.626141339681876	0.0	331053	2207.534427322552	0.75
19372.5694349421	750	15.47280573890393	0.0	314107	2153.335600777946	0.75

