27335.15015965629	750	4.0	2.2926673230063432	450283	2292.6673230063434	-9.108469488927275
27335.994671712295	300	7.155487943996715	0.0	155580	844.5120560032846	-0.15000000000000002
27336.76192176125	300	10.388237895041508	0.0	139857	767.2500489552087	0.3
27337.605706552924	300	13.544453103367111	0.0	155432	843.7847916743958	0.3
27339.58618411697	750	15.563975539317756	0.0	411561	1980.4775640493558	0.3
27341.100030922767	750	18.050128733523504	0.0	318564	1513.8468057942555	0.75
27342.76726176269	750	20.382897893601548	0.0	352642	1667.2308399219555	0.75
27347.441621781953	1850	19.70853787433725	0.0	1060487	4674.360019264297	0.75
27351.406155212426	1850	19.744004443866004	0.0	852833	3964.5334304712446	1.85
27355.659245188966	1850	19.49091446732558	0.0	913888	4253.089976540425	1.85
27359.957407379814	1850	19.192752276476746	0.0	939819	4298.162190848834	1.85
27364.21460808906	1850	18.935551567229023	0.0	917428	4257.200709247721	1.85
27368.875431556342	1850	18.274728099949417	0.0	946851	4660.823467279604	1.85
27373.573183630786	1850	17.57697602550382	0.0	1036454	4697.7520744456	1.85
27377.32314566072	1850	17.827013995568183	0.0	821631	3749.962029935636	1.85
27381.828465749604	1850	17.321693906685955	0.0	923170	4505.320088882228	1.85
27386.687216683564	1850	16.462942972727266	0.0	966699	4858.7509339586895	1.85
27391.01146080345	1850	16.1386988528416	0.0	885714	4324.244119885666	1.85
27395.77616073281	1850	15.37399892348229	0.0	987708	4764.699929359311	1.85
27400.284402655358	1850	14.865757000933932	0.0	923755	4508.241922548358	1.85
27404.33624948847	1850	14.813910167819966	0.0	891604	4051.8468331139666	1.85
27408.743201148078	1850	14.406958508216357	0.0	955231	4406.951659603608	1.85
27413.37704452039	1850	13.773115135900953	0.0	968026	4633.843372315404	1.85
27417.53504096278	1850	13.615118693517779	0.0	874175	4157.9964423831725	1.85
27421.937833694057	1850	13.212325962241803	0.0	897976	4402.792731275977	1.85
27426.54833496018	1850	12.601824696119046	0.0	905935	4610.5012661227565	1.85
27431.773049696178	1850	11.377109960118979	0.0	1076599	5224.714736000066	1.85
27435.26182487114	1850	11.888334785154049	0.0	758197	3488.7751749649296	1.85
27439.826459359483	1850	11.323700296812516	0.0	972798	4564.634488341534	1.85
27444.30021746421	1850	10.849942192085704	0.0	975811	4473.758104726812	1.85
27448.307946742145	1850	10.84221291415234	0.0	873429	4007.7292779333643	1.85
27452.867947407984	1850	10.282212248313785	0.0	954453	4560.0006658385555	1.85
27457.164483450346	1850	9.985676205952577	0.0	885062	4296.536042361207	1.85
27462.03576793661	1850	9.114391719686877	0.0	1035329	4871.2844862657	1.85
27466.84326407332	1850	8.306895582976933	0.0	1026056	4807.496136709945	1.85
27471.118217498868	1850	8.031942157427958	0.0	943942	4274.953425548975	1.85
27474.441651705	1850	8.708507951295411	0.0	728962	3323.4342061325465	1.85
27478.780248831987	1850	8.36991082430915	0.0	938587	4338.597126986259	1.85
27487.875001940887	1850	4.0	0.7248422845914975	908665	9094.753108900648	-1.266821823743439
27489.885781769135	750	5.989220171751584	0.0	390680	2010.7798282484164	-0.3500000000000001
27491.63423122047	750	8.24077072041801	0.0	345516	1748.4494513335735	0.75
27493.475748680452	750	10.3992532604336	0.0	384505	1841.5174599844102	0.75
27495.260403538618	750	12.614598402270559	0.0	372093	1784.6548581630386	0.75
27497.40331319572	750	14.471688745167341	0.0	438281	2142.9096571032183	0.75
27502.162068049205	1850	13.712933891685228	0.0	958994	4758.754853482112	0.75
27504.252034841447	750	15.622967099439448	0.0	393804	2089.966792245782	-0.3500000000000001
27506.021721935722	750	17.85328000516579	0.0	331053	1769.6870942736562	0.75
27507.7659648255	750	20.109037115388883	0.0	314107	1744.2428897769062	0.75

