31460.198178825907	750	4.0	2.000623801897429	450283	2000.6238018974288	-7.852682348158945
31461.979485810058	750	6.2186930158504365	0.0	398865	1781.3069841495635	0.75
31463.54440001821	750	8.653778807695055	0.0	350812	1564.9142081553816	0.75
31466.00445052022	1200	10.193728305685273	0.0	617681	2460.050502009783	0.75
31468.600267108035	1200	11.597911717873808	0.0	652874	2595.8165878114623	1.2
31470.811090813204	1200	13.387088012703243	0.0	520315	2210.8237051705646	1.2
31474.61914332209	1850	13.579035503820649	0.0	905515	3808.052508882594	1.2000000000000002
31479.14294195026	1850	13.055236875647958	0.0	1060487	4523.798628172691	1.85
31482.785937301112	1850	13.412241524794702	0.0	852833	3642.995350853258	1.85
31487.222400232626	1850	12.97577859328387	0.0	913888	4436.46293151083	1.85
31491.510722455467	1850	12.687456370441618	0.0	939819	4288.322222842252	1.85
31495.479298186347	1850	12.718880639561357	0.0	917428	3968.5757308802613	1.85
31499.749672228787	1850	12.448506597120303	0.0	946851	4270.374042441054	1.85
31504.495674238966	1850	11.702504586941926	0.0	1036454	4746.002010178377	1.85
31508.224176551637	1850	11.97400227427017	0.0	821631	3728.502312671756	1.85
31512.278783605743	1850	11.919395220162766	0.0	923170	4054.6070541074046	1.85
31516.427680854442	1850	11.770497971462161	0.0	966699	4148.897248700605	1.85
31520.206080581254	1850	11.992098244650418	0.0	885714	3778.399726811743	1.85
31524.49399108645	1850	11.704187739454955	0.0	987708	4287.910505195462	1.85
31528.46242806504	1850	11.735750760864128	0.0	923755	3968.436978590828	1.85
31532.25303002318	1850	11.945148802722247	0.0	891604	3790.6019581418795	1.85
31536.2870206445	1850	11.911158181400175	0.0	955231	4033.9906213220734	1.85
31540.38221762159	1850	11.8159612043092	0.0	968026	4095.196977090974	1.85
31544.126578435218	1850	12.071600390680045	0.0	874175	3744.3608136291546	1.85
31548.086346756307	1850	12.111832069595474	0.0	897976	3959.768321084571	1.85
31552.03105962259	1850	12.167119203313257	0.0	905935	3944.7128662822156	1.85
31556.61346201238	1850	11.584716813523873	0.0	1076599	4582.402389789386	1.85
31559.92711568604	1850	12.271063139863704	0.0	758197	3313.653673660167	1.85
31564.34564247886	1850	11.852536347044143	0.0	972798	4418.526792819563	1.85
31568.629549233607	1850	11.568629592297597	0.0	975811	4283.906754746546	1.85
31572.441796133957	1850	11.756382691948449	0.0	873429	3812.2469003491474	1.85
31576.55884931352	1850	11.639329512384586	0.0	954453	4117.053179563863	1.85
31580.127771259435	1850	12.070407566469237	0.0	885062	3568.921945915348	1.85
31584.353246870785	1850	11.844931955117788	0.0	1035329	4225.475611351449	1.85
31588.549354295392	1850	11.648824530512243	0.0	1026056	4196.107424605546	1.85
31592.530364024467	1850	11.667814801435	0.0	943942	3981.0097290772424	1.85
31595.789263924948	1850	12.408914900955235	0.0	728962	3258.899900479765	1.85
31599.6098500084	1850	12.588328817502704	0.0	938587	3820.5860834525297	1.85
31603.30795982463	1850	12.890219001275435	0.0	908665	3698.1098162272706	1.85
31607.206981805844	1850	12.991197020057855	0.0	930577	3899.021981217578	1.85
31611.147413777817	1850	13.05076504808573	0.0	858450	3940.4319719721266	1.85
31615.294105134904	1850	12.904073690996986	0.0	1025005	4146.691357088745	1.85
31618.94272355413	1850	13.255455271771195	0.0	886255	3648.61841922579	1.85
31623.00467869765	1850	13.193500128252907	0.0	973972	4061.95514351829	1.85
31629.139005440462	2850	11.059173385440252	0.0	1464921	6134.326742812654	1.85
31635.3348496186	2850	8.863329207301442	0.0	1483527	6195.844178138809	2.85
31640.38232489198	2850	7.81585393392407	0.0	1231456	5047.475273377371	2.85
31645.957220107823	2850	6.24095871807943	0.0	1364537	5574.895215844641	2.85

