2086.38450970812	750	4.0	4.819607770281917	450283	4819.607770281917	-19.974313412212243
2088.061055397507	300	6.323454310612642	0.0	155580	1676.5456893873584	-0.15000000000000002
2089.569273782971	300	8.815235925148798	0.0	139857	1508.218385463844	0.3
2091.2365439238247	300	11.147965784294811	0.0	155432	1667.270140853988	0.3
2092.9731554191762	300	13.411354288943414	0.0	163442	1736.6114953513961	0.3
2094.327078548922	300	16.057431159197467	0.0	126289	1353.9231297459473	0.3
2097.9973524392844	750	16.38715726883532	0.0	352642	3670.2738903621475	0.3
2102.6587177312254	750	15.725791976894248	0.0	437162	4661.365291941071	0.75
2106.6501740613608	750	15.734335646758726	0.0	374758	3991.4563301355233	0.75
2110.3998003831107	750	15.984709325008907	0.0	362795	3749.626321749818	0.75
2114.3310451489724	750	16.053464559147216	0.0	353220	3931.2447658616925	0.75
2119.2200299972774	750	15.16447971084193	0.0	405134	4888.984848305285	0.75
2123.8279168811914	750	14.5565928269277	0.0	386351	4607.886883914231	0.75
2128.860768607622	750	13.523741100497261	0.0	434409	5032.851726430437	0.75
2132.443917772002	750	13.940591936117118	0.0	337059	3583.1491643801446	0.75
2136.467402223773	750	13.91710748434567	0.0	366214	4023.484451771449	0.75
2140.5942803989074	750	13.790229309211652	0.0	360831	4126.8781751340175	0.75
2144.8572509384703	750	13.527258769648247	0.0	372963	4262.970539563405	0.75
2149.3628500461746	750	13.021659661944007	0.0	405596	4505.599107704242	0.75
2153.2413966828135	750	13.143113025305162	0.0	350713	3878.546636638845	0.75
2157.4992222535257	750	12.885287454592705	0.0	386472	4257.825570712456	0.75
2161.7539984483215	750	12.630511259796894	0.0	399894	4254.7761947958115	0.75
2166.0789436735004	750	12.305566034618113	0.0	401853	4324.945225178779	0.75
2169.9843902431685	750	12.400119464949857	0.0	343800	3905.446569668258	0.75
2174.2257922806184	750	12.158717427499818	0.0	359903	4241.402037450039	0.75
2178.137947514697	750	12.24656219342119	0.0	379700	3912.1552340786293	0.75
2182.9916396314698	750	11.392870076648338	0.0	425781	4853.6921167728515	0.75
2186.2392122043775	750	12.145297503740345	0.0	277716	3247.5725729079923	0.75
2190.7624757626654	750	11.622033945452666	0.0	400396	4523.26355828768	0.75
2195.1987067814753	750	11.185802926642532	0.0	400508	4436.231018810134	0.75
2199.3351534451103	750	11.049356263007871	0.0	358218	4136.446663634662	0.75
2203.6162454013875	750	10.768264306730721	0.0	400322	4281.091956277149	0.75
2207.5278524765445	750	10.856657231573466	0.0	369834	3911.6070751572547	0.75
2211.8440777494457	750	10.5404319586725	0.0	412837	4316.225272900966	0.75
2216.0331206801143	750	10.351389028003682	0.0	401088	4189.042930668817	0.75
2219.9128016927057	750	10.471708015412208	0.0	365161	3879.681012591474	0.75
2223.6081913429007	750	10.776318365217294	0.0	321064	3695.3896501949152	0.75
2227.835268474505	750	10.549241233612822	0.0	361565	4227.077131604471	0.75
2232.2838864901196	750	10.1006232179981	0.0	378327	4448.618015614722	0.75
2236.958927969409	750	9.425581738708718	0.0	390680	4675.04147928938	0.75
2241.1796436565596	750	9.204866051558088	0.0	345516	4220.71568715063	0.75
2245.7513017234946	750	8.633207984623377	0.0	384505	4571.658066934711	0.75
2249.762053795042	750	8.622455913076218	0.0	372093	4010.7520715471605	0.75
2254.640730772486	750	7.7437789356319735	0.0	438281	4878.676977444244	0.75
2259.002226307016	750	7.382283401102487	0.0	398987	4361.495534529487	0.75
2263.27024407035	750	7.114265637768292	0.0	393804	4268.017763334195	0.75
2266.8310489556866	750	7.553460752432309	0.0	331053	3560.8048853359833	0.75
2275.6744019158855	1850	4.0	1.2898922077670067	846370	8843.352960199316	-4.796536493398129

