17867.38344043845	750	4.0	11.534127240852039	450283	11534.127240852038	-48.84674713566376
17871.250027169728	300	4.133413268722484	0.0	155580	3866.586731277515	-0.15000000000000002
17874.703644080142	300	4.679796358303994	0.0	139857	3453.616910418491	0.3
17878.547222828594	300	4.836217609853993	0.0	155432	3843.5787484500006	0.3
17882.58816724423	300	4.79527319421894	0.0	163442	4040.9444156350532	0.3
17885.72061875394	300	5.662821684507589	0.0	126289	3132.4515097113513	0.3
17889.903420829498	300	5.480019608950918	0.0	153295	4182.802075556672	0.3
17894.39200037845	300	4.9914400599972	0.0	173849	4488.579548953718	0.3
17898.152345053248	300	5.231095385200829	0.0	150710	3760.3446747963694	0.3
17901.620627400775	300	5.762813037675667	0.0	139105	3468.282347525163	0.3
17905.165447219526	300	6.217993218927073	0.0	141840	3544.819818748594	0.3
17909.048683213183	300	6.334757225271359	0.0	156148	3883.235993655714	0.3
17913.036392306225	300	6.347048132230994	0.0	160746	3987.7090930403647	0.3
17917.486114085234	300	5.897326353218021	0.0	179801	4449.7217790129735	0.3
17920.955264344455	300	6.428176093997067	0.0	140051	3469.150259220955	0.3
17924.379846728865	300	7.003593709586636	0.0	138313	3424.5823844104307	0.3
17928.069969883334	300	7.313470555118418	0.0	143509	3690.1231544682173	0.3
17932.468989404988	300	6.91445103346411	0.0	150616	4399.019521654308	0.3
17936.532409884072	300	6.8510305543777354	0.0	165384	4063.420479086374	0.3
17940.02034648	300	7.363093958450339	0.0	140881	3487.9365959273973	0.3
17943.919867566125	300	7.463572872329236	0.0	157671	3899.521086121102	0.3
17947.82320944837	300	7.560230990086657	0.0	157812	3903.3418822425792	0.3
17951.880339259707	300	7.50310117874782	0.0	163927	4057.1298113388366	0.3
17955.307767294977	300	8.07567314347727	0.0	137654	3427.42803527055	0.3
17963.200391371473	300	4.183049066981594	0.0	146754	7892.624076495676	0.3
17967.021078033562	300	4.362362404893444	0.0	153938	3820.68666208815	0.3
17971.51513379371	300	4.0	0.13169335525269163	181901	4494.055760146136	-0.26628142758657397
17974.447559428292	300	5.06757436541376	0.0	111155	2932.42563458624	0.3
17978.67367204203	300	4.841461751674501	0.0	153605	4226.112613739259	0.3
17982.379904553884	300	5.135229239823103	0.0	149029	3706.2325118513977	0.3
17986.6715463448	300	4.843587448904181	0.0	157421	4291.641790918923	0.3
17991.08402491148	300	4.431108882222238	0.0	157488	4412.4785666819425	0.3
17996.725557093003	300	4.0	1.2104232992963788	143881	5641.532181518617	-4.904820186974429
18001.705408482816	300	4.0	0.9798513898149876	163444	4979.851389814988	-3.913360976204447
18006.145083745232	300	4.0	0.43967526241840826	179328	4439.675262418408	-1.5906036283991554
18010.155712110554	300	4.0	0.010628365318955274	159914	4010.6283653189553	0.2542980291284923
18013.46519732776	300	4.690514782790066	0.0	131610	3309.4852172099345	0.3
18016.5673027705	300	5.588409340050521	0.0	124011	3102.1054427395443	0.3
18020.162228956327	300	5.993483154225656	0.0	144254	3594.9261858248647	0.3
18023.902233202185	300	6.25347890836598	0.0	149991	3740.0042458596768	0.3
18027.573948416768	300	6.581763693781611	0.0	147968	3671.7152145843684	0.3
18031.61089171202	300	6.544820398534254	0.0	161857	4036.943295247357	0.3
18035.24059751066	300	6.915114599893199	0.0	145210	3629.7057986410555	0.3
18039.478573321303	300	6.677138789251744	0.0	172312	4237.975810641455	0.3
18043.619359293993	300	6.53635281655948	0.0	167025	4140.785972692263	0.3
18047.987676354292	300	6.168035756260231	0.0	160064	4368.3170602992495	0.3
18051.57604715628	300	6.579664954273695	0.0	137507	3588.370801986536	0.3
18054.51822763503	300	7.63748447552355	0.0	118421	2942.180478750145	0.3

