33667.14652860234	750	4.0	4.690485410649339	450283	4690.485410649339	-19.419087265792157
33668.82124564756	300	6.325282954780711	0.0	155580	1674.7170452192888	-0.15000000000000002
33670.33530025323	300	8.8112283491042	0.0	139857	1514.054605676511	0.3
33674.358165914426	750	8.788362687917896	0.0	382355	4022.8656611863034	0.3
33678.83579564189	750	8.310732960448597	0.0	411561	4477.629727469298	0.75
33682.679389039266	750	8.467139563076143	0.0	318564	3843.5933973724527	0.75
33688.73398061715	750	6.412547985185415	0.0	352642	6054.591577890728	0.75
33690.63965693054	300	8.506871671791597	0.0	173849	1905.6763133938177	-0.15000000000000002
33695.13976761779	750	8.006760984552505	0.0	374758	4500.110687239093	0.3
33699.955035151026	750	7.191493451308381	0.0	362795	4815.267533244124	0.75
33704.13541368816	750	7.011114914181275	0.0	353220	4180.378537127106	0.75
33708.73131563638	750	6.415212965949522	0.0	405134	4595.9019482317535	0.75
33710.524489377705	300	8.622039224627342	0.0	160746	1793.1737413221795	-0.15000000000000002
33715.67465671614	750	7.471871886198614	0.0	434409	5150.167338428728	0.3
33720.94015295276	750	6.206375649578157	0.0	337059	5265.496236620457	0.75
33723.61070003031	300	7.535828572027783	0.0	138313	2670.5470775503745	-0.15000000000000002
33728.96931450096	750	6.177214101380726	0.0	360831	5358.614470647057	0.3
33730.83017804526	300	8.316350557082016	0.0	150616	1860.8635442987088	-0.15000000000000002
33735.940535297035	750	7.205993305302256	0.0	405596	5110.35725177976	0.3
33740.39900295542	750	6.747525646919754	0.0	350713	4458.467658382502	0.75
33742.17772585079	300	8.968802751556682	0.0	157671	1778.7228953630718	-0.15000000000000002
33746.5893685932	750	8.557160009141473	0.0	399894	4411.642742415209	0.3
33751.03969705619	750	8.106831546155824	0.0	401853	4450.328462985649	0.75
33754.765447628466	750	8.381080973876523	0.0	343800	3725.7505722793	0.75
33758.0182497386	750	9.128278863747092	0.0	359903	3252.8021101294325	0.75
33769.353418645514	1200	4.0	2.206890043175663	590335	11335.168906922754	-8.739627185655351
33771.83561432896	300	5.51780431656063	0.0	181901	2482.1956834393695	-0.6000000000000001
33773.39694205997	300	7.956476585543786	0.0	111155	1561.3277310168444	0.3
33778.003935898545	750	7.349482746971308	0.0	400396	4606.993838572478	0.3
33783.874299056886	750	5.47911958862565	0.0	400508	5870.363158345658	0.75
33786.19111319433	300	7.162305451189883	0.0	157421	2316.814137435767	-0.15000000000000002
33791.10507164832	750	6.248346997192843	0.0	400322	4913.95845399704	0.3
33792.731195806984	300	8.622222838526017	0.0	143881	1626.1241586668264	-0.15000000000000002
33797.5722136522	750	7.781204993309746	0.0	412837	4841.017845216271	0.3
33802.53662642357	750	6.816792221942458	0.0	401088	4964.412771367288	0.75
33804.51989748101	300	8.833521164498071	0.0	159914	1983.2710574443863	-0.15000000000000002
33808.39087813028	750	8.962540515225873	0.0	321064	3870.980649272198	0.3
33814.88965110156	750	6.46376754394497	0.0	361565	6498.772971280904	0.75
33816.71812605091	300	8.635292594595295	0.0	144254	1828.4749493496738	-0.15000000000000002
33820.576978362835	750	8.776440282668293	0.0	390680	3858.8523119270026	0.3
33823.883993323434	750	9.469425322073995	0.0	345516	3307.014960594296	0.75
33832.56569340195	1200	4.787725243554502	0.0	641452	8681.700078519494	0.75
33834.56557874562	300	6.787839899884646	0.0	145210	1999.8853436698553	-0.6000000000000001
33836.813100231426	300	8.540318414082176	0.0	172312	2247.521485802469	0.3
33841.83456947632	750	7.51884916918617	0.0	398987	5021.469244896006	0.3
33847.75578235365	750	5.5976362918572065	0.0	393804	5921.212877328963	0.75
33849.198654815475	300	8.15476383003149	0.0	137507	1442.8724618257177	-0.15000000000000002
33852.352049929104	750	9.001368716402173	0.0	314107	3153.3951136293163	0.3

