30787.56694464964	750	4.0	1.650043841198174	450283	1650.0438411981738	-6.345188517152148
30789.037704542243	750	6.529240107400214	0.0	398865	1470.7598925997863	0.75
30790.3409135464	750	9.226031103244129	0.0	350812	1303.2090041560837	0.75
30791.760407736918	750	11.806536912725837	0.0	382355	1419.4941905182911	0.75
30793.292919302898	750	14.274025346743258	0.0	411561	1532.5115659825801	0.75
30794.49721896809	750	17.069725681552256	0.0	318564	1204.2996651910037	0.75
30795.821789235077	750	19.74515541456576	0.0	352642	1324.5702669864952	0.75
30799.61448114688	1850	19.95246350276522	0.0	1060487	3792.691911800543	0.75
30802.699167654428	1850	20.86777699521556	0.0	852833	3084.686507549658	1.85
30806.04729288581	1850	21.519651763832815	0.0	913888	3348.1252313827467	1.85
30809.60741388528	1850	21.95953076436638	0.0	939819	3560.1209994664355	1.85
30813.04512947194	1850	22.521815177703832	0.0	917428	3437.715586662546	1.85
30816.465440226166	1850	23.101504423473855	0.0	946851	3420.310754229977	1.85
30820.146698882447	1850	23.420245767196484	0.0	1036454	3681.258656277373	1.85
30823.078786035137	1850	24.488158614502428	0.0	821631	2932.087152694057	1.85
30826.37230036021	1850	25.1946442894322	0.0	923170	3293.5143250702254	1.85
30829.818770404177	1850	25.748174245465485	0.0	966699	3446.470043966718	1.85
30832.987239111495	1850	26.579705538150375	0.0	885714	3168.46870731511	1.85
30836.52709460844	1850	27.039850041205856	0.0	987708	3539.8554969445186	1.85
30839.811909575747	1850	27.75503507389822	0.0	923755	3284.8149673076364	1.85
30842.976365837552	1850	28.590578812092495	0.0	891604	3164.4562618057234	1.85
30846.383210345488	1850	29.183734304157255	0.0	955231	3406.844507935239	1.85
30849.838325287736	1850	29.728619361907825	0.0	968026	3455.1149422494295	1.85
30852.968323928555	1850	30.59862072109106	0.0	874175	3129.998640816769	1.85
30856.181796640594	1850	31.38514800905072	0.0	897976	3213.4727120403372	1.85
30859.41795683014	1850	32.14898781950422	0.0	905935	3236.1601895465	1.85
30863.24282264621	1850	32.324122003434	0.0	1076599	3824.86581607022	1.85
30865.982943537118	1850	33.58400111253031	0.0	758197	2740.1208909036936	1.85
30869.46007104852	1850	34.10687360112652	0.0	972798	3477.1275114037835	1.85
30872.919707324374	1850	34.647237325271924	0.0	975811	3459.636275854593	1.85
30876.073145258244	1850	35.49379939140121	0.0	873429	3153.437933870716	1.85
30879.5057543541	1850	36.06119029554327	0.0	954453	3432.6090958579434	1.85
30882.665834660263	1850	36.901109989380366	0.0	885062	3160.0803061628962	1.85
30890.729664814266	4300	32.837279835373224	0.0	2286761	8063.830154007152	1.8499999999999996
30898.877055083743	4300	28.689889565895598	0.0	2307787	8147.3902694776225	4.3
30906.385994025506	4300	25.18095062413499	0.0	2143948	7508.938941760608	4.3
30913.171332153346	4300	22.39561249629332	0.0	1919781	6785.338127841672	4.3
30920.83850738847	4300	18.72843726116741	0.0	2147467	7667.175235125911	4.3
30928.416084725148	4300	15.150859924490007	0.0	2133870	7577.577336677404	4.3
30935.968105964577	4300	11.59883868506212	0.0	2146120	7552.021239427888	4.3
30939.027364897996	1850	12.539579751645146	0.0	858450	3059.258933416973	-0.6000000000000001
30942.68964471566	1850	12.877299933978646	0.0	1025005	3662.2798176665005	1.85
30945.86328805351	1850	13.703656596128743	0.0	886255	3173.6433378499023	1.85
30949.337581755917	1850	14.229362893722154	0.0	973972	3474.2937024065895	1.85
30952.79496791159	1850	14.771976738046574	0.0	958994	3457.3861556755824	1.85
30956.33219998816	1850	15.234744661479802	0.0	982064	3537.2320765667714	1.85
30959.33457695537	1850	16.23236769426952	0.0	830730	3002.376967210282	1.85
30962.41014368303	1850	17.15680096660858	0.0	846370	3075.5667276609424	1.85

