24061.774745019637	750	4.0	3.3283439349152446	450283	3328.3439349152445	-13.561878920135552
24062.97709995952	300	6.7976450601197165	0.0	155580	1202.3549398802836	-0.15000000000000002
24064.06673677463	300	9.70800824501057	0.0	139857	1089.6368151091474	0.3
24065.270114279145	300	12.504630740494765	0.0	155432	1203.3775045158031	0.3
24068.324652142233	750	13.450092877403327	0.0	411561	3054.5378630914383	0.3
24070.69736734208	750	15.077377677557982	0.0	318564	2372.715199845347	0.75
24073.31219961364	750	16.462545405999514	0.0	352642	2614.832271558468	0.75
24076.5854126003	750	17.18933241933544	0.0	437162	3273.2129866640757	0.75
24079.469035425314	750	18.30570959432387	0.0	374758	2883.622825011573	0.75
24082.787534461193	750	18.987210558444477	0.0	362795	3318.499035879391	0.75
24085.70584576756	750	20.068899252081064	0.0	353220	2918.3113063634137	0.75
24088.730476224646	750	21.0442687949939	0.0	405134	3024.630457087167	0.75
24091.622070301026	750	22.152674718613945	0.0	386351	2891.594076379954	0.75
24094.86132635057	750	22.913418669072016	0.0	434409	3239.256049541929	0.75
24100.894849321932	1850	20.879895697711287	0.0	821631	6033.52297136073	0.75
24107.724774703172	1850	18.04997031646999	0.0	923170	6829.925381241294	1.85
24114.802621321534	1850	14.97212369810943	0.0	966699	7077.846618360562	1.85
24121.40177297498	1850	12.372972044663461	0.0	885714	6599.151653445968	1.85
24128.60601511226	1850	9.16872990738496	0.0	987708	7204.2421372785	1.85
24131.216558019478	750	10.558187000165322	0.0	350713	2610.5429072196384	-0.3500000000000001
24134.09318904702	750	11.681555972624743	0.0	386472	2876.63102754058	0.75
24137.048526498522	750	12.726218521121952	0.0	399894	2955.3374515027926	0.75
24140.007670778952	750	13.767074240691738	0.0	401853	2959.1442804302133	0.75
24142.58327681432	750	15.191468205324787	0.0	343800	2575.606035366951	0.75
24145.280099448086	750	16.49464557156093	0.0	359903	2696.8226337638566	0.75
24148.0847657267	750	17.689979292945907	0.0	379700	2804.6662786150246	0.75
24151.223238999777	750	18.551506019871404	0.0	425781	3138.4732730745036	0.75
24153.313067922674	750	20.46167709697307	0.0	277716	2089.8289228983367	0.75
24156.288928710965	750	21.485816308684537	0.0	400396	2975.8607882885312	0.75
24159.25743834279	750	22.517306676860287	0.0	400508	2968.50963182425	0.75
24161.961143607066	750	23.813601412583125	0.0	358218	2703.7052642771637	0.75
24165.045000646183	750	24.729744373463284	0.0	400322	3083.8570391198423	0.75
24171.57346149731	1850	22.20128352233712	0.0	885062	6528.460851126163	0.75
24179.189050073335	1850	18.585694946309587	0.0	1035329	7615.588576027535	1.85
24186.70564954337	1850	15.069095476273695	0.0	1026056	7516.599470035893	1.85
24193.671875397693	1850	12.102869621950685	0.0	943942	6966.22585432301	1.85
24198.973674714478	1850	10.801070305163599	0.0	728962	5301.799316787086	1.85
24201.63930018651	750	12.135444833131345	0.0	361565	2665.625472032254	-0.3500000000000001
24204.465870394924	750	13.308874624721255	0.0	378327	2826.570208410091	0.75
24207.375419728796	750	14.39932529084578	0.0	390680	2909.549333875474	0.75
24209.94094316937	750	15.833801850270913	0.0	345516	2565.5234405748665	0.75
24213.011331199898	750	16.76341381974259	0.0	384505	3070.3880305283233	0.75
24216.380591069355	750	17.39415395028561	0.0	372093	3369.259869456977	0.75
24219.686198949516	750	18.088546070127006	0.0	438281	3305.6078801586036	0.75
24222.661105033003	750	19.113639986640898	0.0	398987	2974.90608348611	0.75
24225.785458073482	750	19.989286946159936	0.0	393804	3124.353040480961	0.75
24228.32860161717	750	21.446143402474675	0.0	331053	2543.143543685261	0.75
24230.645297078303	750	23.12944794133964	0.0	314107	2316.695461135034	0.75

