19319.74928984725	750	4.0	8.056939519180194	450283	8056.939519180194	-33.89483993247483
19322.761272784162	300	4.988017063085596	0.0	155580	3011.982936914404	-0.15000000000000002
19326.17979307731	300	5.569496769938319	0.0	139857	3418.5202931472754	0.3
19329.575591100052	300	6.1736987471934786	0.0	155432	3395.7980227448406	0.3
19333.2945635531	300	6.454726294146705	0.0	163442	3718.9724530467734	0.3
19336.70043190453	300	7.048857942718225	0.0	126289	3405.8683514284803	0.3
19344.726494079277	750	4.0	0.9772042320321652	352642	8026.06217475039	-3.901978197738311
19347.955600667654	300	4.770893411620028	0.0	173849	3229.106588379972	-0.15000000000000002
19352.040880003733	300	4.68561407554338	0.0	150710	4085.279336076648	0.3
19354.570916564026	300	6.155577515249938	0.0	139105	2530.0365602934417	0.3
19357.00710628597	300	7.719387793305326	0.0	141840	2436.1897219446128	0.3
19364.789428349653	750	4.0	0.06293427037785204	405134	7782.3220636831775	0.02938263737523622
19368.930922031774	300	4.0	0.1414936821205938	160746	4141.493682120594	-0.7584228331185533
19373.407919256646	300	4.0	0.4769972248698687	179801	4476.997224869869	-1.751088066940435
19377.25423583945	300	4.153683417198605	0.0	140051	3846.316582801395	0.3
19380.016575108788	300	5.39134414786033	0.0	138313	2762.339269338275	0.3
19382.656819592343	300	6.75109966430597	0.0	143509	2640.24448355436	0.3
19386.14725492649	300	7.26066433015748	0.0	150616	3490.4353341484893	0.3
19395.363888845575	750	4.0	1.9559695889244357	405596	9216.633919081916	-8.110669232375072
19398.123634587293	300	5.240254258284151	0.0	140881	2759.7457417158494	-0.15000000000000002
19400.885512445155	300	6.478376400419366	0.0	157671	2761.8778578647843	0.3
19403.710877658945	300	7.65301118662999	0.0	157812	2825.365213789376	0.3
19412.793376236845	750	4.0	1.4294873912711992	401853	9082.49857790119	-5.846795782466156
19415.49848834789	300	5.294887888951752	0.0	137654	2705.1121110482477	-0.15000000000000002
19418.30341075123	300	6.489965485617133	0.0	146754	2804.9224033346204	0.3
19422.11794904911	300	6.675427187735022	0.0	153938	3814.538297882111	0.3
19426.51961068002	300	6.273765556819679	0.0	181901	4401.661630915342	0.3
19429.247715725054	300	7.54566051178951	0.0	111155	2728.105045030169	0.3
19440.23073947142	750	4.0	3.4373632345765	400396	10983.02374636601	-14.480661908678949
19442.95355039625	300	5.277189075167355	0.0	149029	2722.8109248326455	-0.15000000000000002
19445.570802975926	300	6.659936495494221	0.0	157421	2617.252579673133	0.3
19448.013794360853	300	8.21694511056698	0.0	157488	2442.9913849272425	0.3
19454.480935312524	750	5.749804158897481	0.0	369834	6467.1409516694985	0.3
19457.65909655883	300	6.571642912592914	0.0	163444	3178.1612463045676	-0.15000000000000002
19460.99571693905	300	7.2350225323688955	0.0	179328	3336.6203802240175	0.3
19467.12170518687	750	5.109034284549249	0.0	365161	6125.988247819646	0.3
19469.257658886123	300	6.973080585295159	0.0	131610	2135.95369925409	-0.15000000000000002
19471.792714910396	300	8.438024561024696	0.0	124011	2535.056024270465	0.3
19480.621263763303	750	4.0	0.3905242918863514	378327	8828.548852911046	-1.3792544551113108
19483.07725577474	300	5.544007988564457	0.0	149991	2455.9920114355436	-0.15000000000000002
19485.695867259423	300	6.925396503878584	0.0	147968	2618.6114846858723	0.3
19489.2835989431	300	7.337664820202268	0.0	161857	3587.7316836763166	0.3
19496.70199152339	750	4.0	0.08072776008708933	372093	7418.392580289357	-0.047129368374484115
19499.873946786465	300	4.82804473692061	0.0	172312	3171.95526307939	-0.15000000000000002
19505.670871460137	300	4.0	0.9688799367468791	167025	5796.9246736674895	-3.8661837280115803
19508.32686144676	300	5.34401001337571	0.0	160064	2655.9899866242895	0.3
19510.70940704891	300	6.961464411225583	0.0	137507	2382.545602150128	0.3
19513.714537061653	300	7.956334398482898	0.0	118421	3005.130012742685	0.3

