17009.713472942818	750	4.0	5.208185851472101	450283	5208.185851472101	-21.645199161330034
17011.790721879395	300	5.922751063421447	0.0	155580	2077.248936578553	-0.15000000000000002
17013.666127744695	300	8.047345198123422	0.0	139857	1875.4058652980245	0.3
17015.54719150789	300	10.166281434927795	0.0	155432	1881.0637631956267	0.3
17017.280433460866	300	12.433039481948368	0.0	163442	1733.2419529794267	0.3
17018.637866880672	300	15.075606062143063	0.0	126289	1357.433419805306	0.3
17022.349727119377	750	15.363745823436348	0.0	352642	3711.860238706714	0.3
17027.010678486953	750	14.702794455862026	0.0	437162	4660.951367574322	0.75
17031.05979858754	750	14.653674355278817	0.0	374758	4049.1201005832086	0.75
17034.997774621606	750	14.71569832121161	0.0	362795	3937.9760340672065	0.75
17039.00061265442	750	14.712860288396433	0.0	353220	4002.8380328151784	0.75
17043.494627966964	750	14.21884497585574	0.0	405134	4494.015312540693	0.75
17047.78320259685	750	13.930270345966875	0.0	386351	4288.574629888864	0.75
17052.548436418925	750	13.165036523894312	0.0	434409	4765.233822072564	0.75
17056.185407244924	750	13.528065697895942	0.0	337059	3636.9708259983718	0.75
17060.2536173182	750	13.459855624620012	0.0	366214	4068.2100732759304	0.75
17064.33803469442	750	13.375438248398323	0.0	360831	4084.4173762216888	0.75
17068.446195442317	750	13.26727750050438	0.0	372963	4108.160747893944	0.75
17072.864338015253	750	12.849134927564895	0.0	405596	4418.142572939483	0.75
17076.723237075246	750	12.990235867572833	0.0	350713	3858.8990599920617	0.75
17080.886901735066	750	12.826571207752744	0.0	386472	4163.66465982009	0.75
17085.33166499984	750	12.381807942976614	0.0	399894	4444.763264776128	0.75
17090.04650416683	750	11.666968775990497	0.0	401853	4714.839166986118	0.75
17093.87168219183	750	11.841790750989803	0.0	343800	3825.1780250006946	0.75
17097.81647238251	750	11.897000560307992	0.0	359903	3944.790190681811	0.75
17102.106258031916	750	11.607214910903494	0.0	379700	4289.785649404497	0.75
17106.568992960478	750	11.144479982341633	0.0	425781	4462.734928561861	0.75
17109.70444935821	750	12.009023584611265	0.0	277716	3135.4563977303683	0.75
17114.01624482712	750	11.697228115702618	0.0	400396	4311.795468908647	0.75
17118.131235821787	750	11.582237121032863	0.0	400508	4114.9909946697535	0.75
17121.740026541494	750	11.973446401325516	0.0	358218	3608.7907197073478	0.75
17126.03535047174	750	11.678122471082421	0.0	400322	4295.323930243096	0.75
17129.93664010889	750	11.77683283393438	0.0	369834	3901.2896371480397	0.75
17134.271696834665	750	11.441776108156851	0.0	412837	4335.056725777529	0.75
17138.570162677603	750	11.143310265219169	0.0	401088	4298.465842937683	0.75
17142.61710344993	750	11.096369492892356	0.0	365161	4046.940772326812	0.75
17146.153199262655	750	11.560273680164645	0.0	321064	3536.0958127277117	0.75
17150.23248880318	750	11.4809841396445	0.0	361565	4079.289540520145	0.75
17154.465283471156	750	11.248189471666144	0.0	378327	4232.794667978355	0.75
17158.677393952406	750	11.036078990416684	0.0	390680	4212.110481249461	0.75
17162.285184095883	750	11.428288846942843	0.0	345516	3607.79014347384	0.75
17166.47260508887	750	11.24086785395295	0.0	384505	4187.420992989893	0.75
17170.698784102166	750	11.014688840659478	0.0	372093	4226.179013293472	0.75
17175.60690725153	750	10.106565691292525	0.0	438281	4908.123149366951	0.75
17179.885546622558	750	9.827926320264083	0.0	398987	4278.639371028444	0.75
17181.605093269434	300	12.108379673390441	0.0	160064	1719.5466468736424	-0.15000000000000002
17183.093587001764	300	14.619885941060536	0.0	137507	1488.4937323299052	0.3
17186.694035777902	750	15.019437164924662	0.0	314107	3600.448776135874	0.3

