46660.28315060164	750	4.0	1.580058486333707	450283	1580.0584863337072	-6.04425149123494
46661.69191679568	750	6.59123380595871	0.0	398865	1408.76619404129	0.75
46663.67429796192	1200	8.608852639715815	0.0	571051	1982.3811662428957	0.75
46665.65534365056	1200	10.627806951078336	0.0	617681	1981.0456886374795	1.2
46668.76506369905	1850	11.51808690258301	0.0	996749	3109.720048495327	1.2000000000000002
46671.51354408194	1850	12.769606519694632	0.0	801058	2748.480382888378	1.85
46676.17630762155	2850	12.106842980079998	0.0	1388403	4662.7635396146325	1.85
46681.53247953821	2850	10.750671063421057	0.0	1638769	5356.17191665894	2.85
46686.316502765345	2850	9.966647836288974	0.0	1348011	4784.023227132084	2.85
46691.68780894575	2850	8.595341655878649	0.0	1429765	5371.306180410326	2.85
46696.26935015805	2850	8.013800443576967	0.0	1354548	4581.541212301681	2.85
46701.166146172756	2850	7.117004428872577	0.0	1519951	4896.7960147043905	2.85
46705.83267068788	2850	6.450479913748189	0.0	1422919	4666.524515124388	2.85
46711.40657106022	2850	4.876579541402118	0.0	1578343	5573.90037234607	2.85
46714.69647136945	1850	5.586679232178609	0.0	821631	3289.9003092235102	0.8500000000000001
46718.27866797794	1850	6.004482623685952	0.0	923170	3582.196608492657	1.85
46721.735673853684	1850	6.547476747939629	0.0	966699	3457.005875746323	1.85
46724.68331552037	1850	7.599835081250029	0.0	885714	2947.6416666896002	1.85
46728.28161942129	1850	8.001531180328268	0.0	987708	3598.3039009217605	1.85
46731.60078427608	1850	8.68236632553308	0.0	923755	3319.164854795189	1.85
46734.671080153814	1850	9.612070447798942	0.0	891604	3070.2958777341382	1.85
46737.90191040678	1850	10.381240194836451	0.0	955231	3230.8302529624902	1.85
46742.88821210329	2850	9.394938498325134	0.0	1505760	4986.3016965113175	1.85
46747.28186999128	2850	9.001280610333094	0.0	1323990	4393.65788799204	2.85
46751.96997419412	2850	8.313176407487337	0.0	1383735	4688.104202845756	2.85
46757.131927031965	2850	7.151223569647933	0.0	1480464	5161.952837839404	2.85
46762.45623508975	2850	5.826915511863034	0.0	1547572	5324.308057784899	2.85
46764.941423077296	1850	7.341727524320923	0.0	758197	2485.187987542111	0.8500000000000001
46768.08422348883	1850	8.198927112781764	0.0	972798	3142.800411539158	1.85
46771.235778745795	1850	9.04737185582135	0.0	975811	3151.555256960415	1.85
46774.28950293973	1850	9.993647661880809	0.0	873429	3053.7241939405403	1.85
46779.84633111092	2850	8.43681949068418	0.0	1497683	5556.828171196628	1.85
46784.93592608528	2850	7.347224516328596	0.0	1358081	5089.594974355585	2.85
46790.27575636141	2850	6.007394240198225	0.0	1587293	5339.830276130369	2.85
46795.909027758295	2850	4.374122843311778	0.0	1492672	5633.271396886448	2.85
46800.85508215058	2850	4.0	0.571931548974444	1439896	4946.054392286222	0.3906943394098912
46803.30702635109	1850	5.548055799491542	0.0	728962	2451.944200508458	0.8500000000000001
46806.41448085871	1850	6.440601291871172	0.0	938587	3107.4545076203704	1.85
46809.41855898418	1850	7.436523166396896	0.0	908665	3004.0781254742756	1.85
46812.49783992579	1850	8.357242224789395	0.0	930577	3079.2809416075	1.85
46815.36565178575	1850	9.48943036482494	0.0	858450	2867.8118599644545	1.85
46820.28443502232	2850	8.57064712826249	0.0	1527299	4918.783236562451	1.85
46824.62802535531	2850	8.227056795272341	0.0	1343002	4343.590332990148	2.85
46829.86518899797	2850	6.989893152614787	0.0	1587250	5237.163642657554	2.85
46834.8248872369	2850	6.0301949136857695	0.0	1464921	4959.698238929018	2.85
46839.823798701305	2850	5.031283449274759	0.0	1483527	4998.9114644110105	2.85
46843.84468966407	2850	5.01039248651414	0.0	1231456	4020.8909627606185	2.85
46848.15847421902	2850	4.696607931564758	0.0	1364537	4313.784554949382	2.85

