3732.4098359812515	750	4.0	7.8093806914925965	450283	7809.380691492596	-32.83033697341816
3735.352773885375	300	5.057062095876578	0.0	155580	2942.937904123422	-0.15000000000000002
3737.727853700432	300	6.681982280819407	0.0	139857	2375.0798150571695	0.3
3740.477328112422	300	7.932507868829516	0.0	155432	2749.474411989892	0.3
3748.2289668222875	750	4.180869158963933	0.0	411561	7751.638709865583	0.3
3750.386328723206	300	6.023507258045187	0.0	126289	2157.3619009187455	-0.15000000000000002
3753.171517499218	300	7.238318482033035	0.0	153295	2785.188776012152	0.3
3760.474329909738	750	4.0	0.06449392848703338	437162	7302.812410520069	0.022676107505756493
3763.0261511516806	300	5.448178758057845	0.0	150710	2551.821241942154	-0.15000000000000002
3765.3876367456046	300	7.086693164133333	0.0	139105	2361.4855939245126	0.3
3771.280888421775	750	5.193441487962605	0.0	353220	5893.2516761707275	0.3
3773.900845165506	300	6.573484744232111	0.0	156148	2619.9567437304945	-0.15000000000000002
3776.6029307335725	300	7.871399176165245	0.0	160746	2702.085568066867	0.3
3783.7672856001213	750	4.70704430961682	0.0	434409	7164.354866548425	0.3
3786.1191467650033	300	6.355183144734484	0.0	140051	2351.861164882336	-0.15000000000000002
3788.462221213646	300	8.012108696092282	0.0	138313	2343.0744486422013	0.3
3794.394329436418	750	6.080000473320111	0.0	360831	5932.108222772171	0.3
3796.913651239514	300	7.560678670224421	0.0	150616	2519.321803095691	-0.15000000000000002
3803.5993061953786	750	4.875023714359625	0.0	405596	6685.654955864796	0.3
3805.9623428816285	300	6.511987028110051	0.0	140881	2363.036686249574	-0.15000000000000002
3808.658159988331	300	7.816169921407096	0.0	157671	2695.817106702955	0.3
3815.4244432358096	750	5.049886673928766	0.0	399894	6766.28324747833	0.3
3818.227425127936	300	6.24690478180219	0.0	163927	2802.981892126576	-0.15000000000000002
3820.582062460648	300	7.89226744909017	0.0	137654	2354.6373327120195	0.3
3826.531303063357	750	5.943026846381182	0.0	359903	5949.240602708988	0.3
3829.1025706216683	300	7.37175928806983	0.0	153938	2571.267558311351	-0.15000000000000002
3836.100539377966	750	4.373790531772311	0.0	425781	6997.96875629752	0.3
3837.998000165398	300	6.476329744340123	0.0	111155	1897.4607874321887	-0.15000000000000002
3840.5951163258724	300	7.879213583866081	0.0	153605	2597.116160474042	0.3
3847.344782757017	750	5.129547152721456	0.0	400508	6749.666431144625	0.3
3849.9922806775235	300	6.482049232215201	0.0	157421	2647.497920506255	-0.15000000000000002
3852.6341754847344	300	7.840154425004217	0.0	157488	2641.894807210983	0.3
3858.690226045428	750	5.784103864310841	0.0	369834	6056.050560693377	0.3
3861.450983401533	300	7.023346508205404	0.0	163444	2760.7573561054355	-0.15000000000000002
3868.085717999916	750	4.388611909822691	0.0	401088	6634.734598382714	0.3
3870.745881722707	300	5.7284481870320905	0.0	159914	2660.163722790601	-0.15000000000000002
3872.958187496243	300	7.516142413495942	0.0	131610	2212.3057735361494	0.3
3879.2204708320473	750	5.253859077691413	0.0	361565	6262.283335804529	0.3
3882.058204219674	300	6.416125690065215	0.0	144254	2837.7333876261973	-0.15000000000000002
3884.6934783910024	300	7.78085151873639	0.0	149991	2635.274171328825	0.3
3890.4684374459343	750	6.005892463804524	0.0	345516	5774.959054931866	0.3
3893.222608868756	300	7.25172104098274	0.0	161857	2754.1714228217843	-0.15000000000000002
3899.309373380377	750	5.164956529361884	0.0	372093	6086.764511620855	0.3
3902.1983471249036	300	6.275982784835171	0.0	172312	2888.9737445267137	-0.15000000000000002
3905.1096049829634	300	7.364724926775538	0.0	167025	2911.2578580596323	0.3
3911.8024016852246	750	4.671928224514647	0.0	393804	6692.796702260891	0.3
3914.126379154521	300	6.347950755217776	0.0	137507	2323.9774692968704	-0.15000000000000002
3916.124393713622	300	8.34993619611688	0.0	118421	1998.014559100896	0.3

