10675.841718772712	750	4.0	3.195817844404762	450283	3195.817844404762	-12.992016730940476
10676.998283822319	300	6.843434950392324	0.0	155580	1156.5650496076755	-0.15000000000000002
10678.045141992972	300	9.796576779737592	0.0	139857	1046.858170654731	0.3
10682.375051880863	1200	9.466666891848153	0.0	617681	4329.909887889441	0.29999999999999993
10687.255373948057	1200	8.58634482465235	0.0	652874	4880.3220671958015	1.2
10689.644485795927	750	10.197232976783653	0.0	318564	2389.1118478686994	0.3
10693.749094393952	1200	10.09262437875823	0.0	561791	4104.60859802542	0.75
10698.913614571564	1200	8.928104201146075	0.0	709534	5164.520177612156	1.2
10701.625135588085	750	10.216583184624724	0.0	374758	2711.521016521351	0.3
10705.308145217097	1200	10.533573555613572	0.0	560821	3683.009629011153	0.75
10709.10734338945	1200	10.734375383259295	0.0	607410	3799.198172354278	1.2
10713.496139423123	1200	10.345579349587283	0.0	594078	4388.796033672011	1.2
10718.033471222978	1200	9.808247549731545	0.0	624282	4537.331799855738	1.2
10723.042493105977	1200	8.799225666731257	0.0	687371	5009.021883000289	1.2
10725.576799906221	750	10.26491886648822	0.0	337059	2534.3068002430364	0.3
10729.994350610004	1200	9.847368162704013	0.0	587876	4417.550703784207	0.75
10734.701659117247	1200	9.1400596554633	0.0	617242	4707.308507240712	1.2
10738.999816654268	1200	8.841902118439954	0.0	581493	4298.157537023348	1.2
10742.005776544094	750	9.835942228614563	0.0	405596	3005.9598898253907	0.3
10746.165400807899	1200	9.676317964810673	0.0	586839	4159.624263803891	0.75
10750.788935863733	1200	9.0527829089753	0.0	601738	4623.535055835372	1.2
10756.38008432192	1200	7.461634450788444	0.0	616206	5591.148458186855	1.2
10759.330899667397	750	8.510819105310881	0.0	401853	2950.8153454775625	0.3
10761.897752767018	750	9.943966005691182	0.0	343800	2566.8530996197014	0.75
10766.557040185293	1200	9.284678587415161	0.0	587236	4659.287418276021	0.75
10771.40046488246	1200	8.441253890248554	0.0	590335	4843.424697166608	1.2
10774.490212361296	750	9.35150641141333	0.0	425781	3089.7474788352224	0.3
10777.94716110277	1200	9.894557669939022	0.0	487160	3456.9487414743094	0.75
10782.607868061408	1200	9.233850711300182	0.0	622896	4660.706958638841	1.2
10787.490155978297	1200	8.35156279441121	0.0	641447	4882.287916888973	1.2
10790.182724434817	750	9.65899433789159	0.0	358218	2692.5684565196193	0.3
10795.096786215945	1200	8.744932556764159	0.0	620283	4914.0617811274315	0.75
10798.88899058534	750	8.95272818736779	0.0	369834	3792.2043693963706	0.3
10802.323873857611	750	9.517844915096113	0.0	412837	3434.883272271676	0.75
10809.228283556798	1200	6.61343521591032	0.0	690253	6904.409699185793	0.75
10811.05732795646	300	8.784390816248814	0.0	159914	1829.0443996615056	-0.6000000000000001
10813.40649706721	750	10.435221705499215	0.0	321064	2349.169110749601	0.3
10817.562433795505	1200	10.27928497720352	0.0	575591	4155.936728295694	0.75
10821.956054496708	1200	9.885664275999764	0.0	605884	4393.620701203757	1.2
10826.253028492383	1200	9.588690280322934	0.0	587506	4296.973995676828	1.2
10830.398707499107	1200	9.443011273599534	0.0	566904	4145.6790067234015	1.2
10835.004454120915	1200	8.83726465179192	0.0	641452	4605.746621807613	1.2
10837.759181652504	750	10.082537120204128	0.0	372093	2754.7275315877932	0.3
10842.38802116521	1200	9.453697607497295	0.0	634861	4628.8395127068325	0.75
10846.815913500166	1200	9.025805272541932	0.0	630203	4427.892334955362	1.2
10851.430495285631	1200	8.411223487076487	0.0	638661	4614.581785465445	1.2
10853.902483768352	750	9.939235004355115	0.0	331053	2471.9884827213727	0.3
10857.929949832698	1200	9.9117689400086	0.0	550906	4027.4660643465163	0.75

