13075.217564971195	750	4.0	7.414677459365185	450283	7414.677459365185	-31.133113075270295
13077.19756840593	300	6.019996565265677	0.0	155580	1980.0034347343233	-0.15000000000000002
13078.809395733791	300	8.408169237403245	0.0	139857	1611.8273278624324	0.3
13080.432867442885	300	10.784697528310602	0.0	155432	1623.4717090926424	0.3
13082.135880098436	300	13.081684872760139	0.0	163442	1703.0126555504637	0.3
13083.519862172518	300	15.697702798678765	0.0	126289	1383.9820740813736	0.3
13088.0358868055	750	15.181678165698472	0.0	352642	4516.024632980293	0.3
13092.716526378868	750	14.501038592328795	0.0	437162	4680.639573369675	0.75
13097.327531739866	750	13.890033231330312	0.0	374758	4611.005360998483	0.75
13101.921009383716	750	13.296555587481645	0.0	362795	4593.477643848665	0.75
13105.949347371194	750	13.268217600002293	0.0	353220	4028.3379874793513	0.75
13110.229588419717	750	12.987976551479168	0.0	405134	4280.241048523127	0.75
13115.032653490949	750	12.184911480245741	0.0	386351	4803.065071233426	0.75
13123.378639831859	750	7.838925139336092	0.0	434409	8345.986340909649	0.75
13128.056593348938	750	7.160971622259482	0.0	337059	4677.953517076609	0.75
13129.785251053616	300	9.43231391757971	0.0	138313	1728.657704679771	-0.15000000000000002
13131.346411818631	300	11.87115315256429	0.0	143509	1561.1607650154222	0.3
13132.98092414736	300	14.236640823835339	0.0	150616	1634.5123287289496	0.3
13135.034782183036	300	16.18278278815955	0.0	165384	2053.8580356757907	0.3
13140.522187612252	750	14.695377358944295	0.0	350713	5487.405429215254	0.3
13145.347145988799	750	13.870418982396531	0.0	386472	4824.958376547763	0.75
13150.318043764311	750	12.899521206884751	0.0	399894	4970.897775511781	0.75
13155.28151653407	750	11.93604843712476	0.0	401853	4963.47276975999	0.75
13158.965435560154	750	12.252129411042471	0.0	343800	3683.9190260822897	0.75
13163.401699063887	750	11.815865907310837	0.0	359903	4436.263503731634	0.75
13168.22980135312	750	10.987763618077086	0.0	379700	4828.1022892337505	0.75
13175.877324080035	750	7.340240891162158	0.0	425781	7647.522726914928	0.75
13177.329674953935	300	9.887890017261517	0.0	111155	1452.3508739006409	-0.15000000000000002
13179.306125459856	300	11.911439511341785	0.0	153605	1976.4505059197331	0.3
13181.212123215913	300	14.005441755282785	0.0	149029	1905.9977560589996	0.3
13183.209177240642	300	16.008387730554382	0.0	157421	1997.054024728403	0.3
13185.20704718332	300	18.010517787875667	0.0	157488	1997.8699426787196	0.3
13190.851266206077	750	16.366298765118614	0.0	369834	5644.219022757052	0.3
13196.925085038942	750	14.292479932253704	0.0	412837	6073.818832864911	0.75
13201.742711898607	750	13.474853072589685	0.0	401088	4817.626859664018	0.75
13205.629717192442	750	13.587847778754602	0.0	365161	3887.005293835084	0.75
13209.228795029017	750	13.98876994217833	0.0	321064	3599.0778365762735	0.75
13213.122092664904	750	14.095472306293585	0.0	361565	3893.2976358847454	0.75
13217.18647411905	750	14.0310908521485	0.0	378327	4064.3814541450847	0.75
13221.676453891041	750	13.541111080156545	0.0	390680	4489.979771991954	0.75
13226.019553949725	750	13.19801102147223	0.0	345516	4343.100058684315	0.75
13233.198700495728	750	10.018864475469288	0.0	384505	7179.146546002942	0.75
13237.561628090976	750	9.655936880220358	0.0	372093	4362.927595248931	0.75
13243.834476730988	750	7.383088240208449	0.0	438281	6272.848640011908	0.75
13246.018272490553	300	9.19929248064324	0.0	167025	2183.795759565209	-0.15000000000000002
13247.66396931745	300	11.553595653747982	0.0	160064	1645.6968268952592	0.3
13250.76261375732	750	12.45495121387789	0.0	331053	3098.6444398700914	0.3
13259.998393234962	1850	7.219171736234335	0.0	846370	9235.779477643555	0.75

