21469.391760610783	750	4.0	1.8071968350406733	450283	1807.1968350406732	-7.020946390674895
21471.00172813256	750	6.390032478222589	0.0	398865	1609.9675217774113	0.75
21472.427373817816	750	8.96438679296623	0.0	350812	1425.645685256358	0.75
21473.97710275818	750	11.414657852604023	0.0	382355	1549.7289403622071	0.75
21475.640331712624	750	13.751428898157329	0.0	411561	1663.2289544466944	0.75
21476.945811650337	750	16.445948960446135	0.0	318564	1305.4799377111942	0.75
21478.37996945918	750	19.011791151601415	0.0	352642	1434.1578088447181	0.75
21482.49809374174	1850	18.893666869044814	0.0	1060487	4118.124282556599	0.75
21485.845937737122	1850	19.545822873660203	0.0	852833	3347.8439953846105	1.85
21489.43646192043	1850	19.955298690350393	0.0	913888	3590.524183309811	1.85
21493.132438051933	1850	20.2593225588501	0.0	939819	3695.9761315002897	1.85
21496.69923710446	1850	20.692523506321386	0.0	917428	3566.7990525287146	1.85
21500.413646494657	1850	20.978114116124132	0.0	946851	3714.4093901972565	1.85
21504.519254250314	1850	20.872506360467174	0.0	1036454	4105.607755656959	1.85
21507.79236476028	1850	21.599395850503022	0.0	821631	3273.1105099641522	1.85
21511.42224445457	1850	21.96951615621309	0.0	923170	3629.8796942899307	1.85
21515.20724349993	1850	22.18451711085381	0.0	966699	3784.9990453592745	1.85
21518.686981412953	1850	22.70477919783076	0.0	885714	3479.7379130230515	1.85
21522.57627350263	1850	22.815487108154898	0.0	987708	3889.292089675863	1.85
21526.20224194474	1850	23.189518666045092	0.0	923755	3625.9684421098063	1.85
21529.693401285105	1850	23.69835932567731	0.0	891604	3491.159340367785	1.85
21533.442098033156	1850	23.949662577627358	0.0	955231	3748.696748049952	1.85
21537.209613680392	1850	24.18214693039057	0.0	968026	3767.51564723679	1.85
21540.605944487386	1850	24.785816123396756	0.0	874175	3396.330806993814	1.85
21544.082491821766	1850	25.309268789017732	0.0	897976	3476.5473343790227	1.85
21547.606666636926	1850	25.785093973858956	0.0	905935	3524.174815158777	1.85
21551.800831846725	1850	25.59092876406054	0.0	1076599	4194.165209798416	1.85
21554.790743166905	1850	26.60101744388215	0.0	758197	2989.911320178393	1.85
21558.606273441663	1850	26.78548716912584	0.0	972798	3815.5302747563073	1.85
21562.414657931116	1850	26.977102679671756	0.0	975811	3808.3844894540844	1.85
21565.82847937618	1850	27.56328123460358	0.0	873429	3413.821445068177	1.85
21569.571962567396	1850	27.819798043387543	0.0	954453	3743.4831912160357	1.85
21573.036314097513	1850	28.35544651327067	0.0	885062	3464.351530116869	1.85
21577.075256898235	1850	28.316503712547114	0.0	1035329	4038.9428007235565	1.85
21581.078480425356	1850	28.313280185424272	0.0	1026056	4003.223527122841	1.85
21584.750829716402	1850	28.64093089437886	0.0	943942	3672.34929104541	1.85
21587.604667118987	1850	29.787093491797958	0.0	728962	2853.837402580902	1.85
21591.25516940479	1850	30.136591205991834	0.0	938587	3650.5022858061225	1.85
21594.788081574534	1850	30.603679036249602	0.0	908665	3532.912169742231	1.85
21598.397815701977	1850	30.993944908804565	0.0	930577	3609.7341274450373	1.85
21601.73504345116	1850	31.656717159619117	0.0	858450	3337.227749185449	1.85
21605.714599740884	1850	31.677160869893772	0.0	1025005	3979.556289725347	1.85
21609.18423217278	1850	32.20752843799713	0.0	886255	3469.6324318966463	1.85
21612.966868892694	1850	32.424891718085924	0.0	973972	3782.636719911203	1.85
21616.672338145145	1850	32.71942246563825	0.0	958994	3705.4692524476723	1.85
21620.483299952055	1850	32.90846065872811	0.0	982064	3810.9618069101402	1.85
21623.72427333679	1850	33.6674872739931	0.0	830730	3240.9733847350044	1.85
21627.029481408954	1850	34.36227920183117	0.0	846370	3305.208072161923	1.85

