6749.32092770298	750	4.0	7.151250761624304	450283	7151.250761624304	-30.000378274984506
6752.082534702254	300	5.238393000726505	0.0	155580	2761.6069992734947	-0.15000000000000002
6753.377660479569	300	7.943267223410332	0.0	139857	1295.1257773161735	0.3
6754.656333919969	300	10.664593783010995	0.0	155432	1278.6734403993366	0.3
6755.99677954536	300	13.324148157620158	0.0	163442	1340.4456253908359	0.3
6757.050705571626	300	16.270222131354064	0.0	126289	1053.926026266096	0.3
6759.745592486111	750	17.575335216869806	0.0	352642	2694.8869144842565	0.3
6763.035619489996	750	18.285308212984745	0.0	437162	3290.0270038850636	0.75
6765.925976644269	750	19.394951058711523	0.0	374758	2890.357154273222	0.75
6770.784733434691	1200	18.536194268289393	0.0	560821	4858.756790422129	0.75
6775.115830443804	1200	18.205097259176675	0.0	607410	4331.097009112716	1.2
6779.007631189922	1200	18.31329651305864	0.0	594078	3891.800746118038	1.2
6785.6453347630295	1200	15.675592939951295	0.0	624282	6637.703573107343	1.2
6790.946076802701	1200	14.374850900280581	0.0	687371	5300.742039670715	1.2
6795.252547607745	1200	14.068380095236268	0.0	526950	4306.4708050443105	1.2
6800.045839032711	1200	13.275088670269898	0.0	587876	4793.291424966371	1.2
6805.223233350656	1200	12.097694352325814	0.0	617242	5177.394317944085	1.2
6810.8100147707355	1200	10.510912932246526	0.0	581493	5586.781420079287	1.2
6815.808252063183	1200	9.512675639798784	0.0	639204	4998.237292447742	1.2
6819.406216069306	1200	9.914711633676417	0.0	586839	3597.9640061223677	1.2
6824.141370297801	1200	9.179557405181383	0.0	601738	4735.154228495036	1.2
6829.105870209476	1200	8.21505749350631	0.0	616206	4964.499911675074	1.2
6834.527722287684	1200	6.793205415298943	0.0	656471	5421.852078207366	1.2
6838.810573835848	1200	6.510353867134833	0.0	536667	4282.851548164111	1.2
6843.648115357573	1200	5.672812345409602	0.0	587236	4837.54152172523	1.2
6846.259402149655	750	7.06152555332823	0.0	379700	2611.2867920813724	0.3
6849.05195189934	750	8.268975803643464	0.0	425781	2792.549749684767	0.75
6853.836618915136	750	7.484308787847308	0.0	277716	4784.667015796155	0.75
6855.471467199372	300	9.849460503612313	0.0	153605	1634.8482842349931	-0.15000000000000002
6856.738143182419	300	12.582784520564942	0.0	149029	1266.675983047372	0.3
6858.071642299552	300	15.249285403431362	0.0	157421	1333.4991171335805	0.3
6859.405674918828	300	17.915252784154813	0.0	157488	1334.0326192765474	0.3
6860.619221325583	300	20.70170637739969	0.0	143881	1213.5464067551206	0.3
6863.937967632013	750	21.38296007096942	0.0	412837	3318.746306430273	0.3
6867.175238729673	750	22.145688973310452	0.0	401088	3237.2710976589688	0.75
6871.39262683098	1200	21.928300872004083	0.0	598727	4217.388101306371	0.75
6874.154714296466	1200	23.16621340651645	0.0	487812	2762.087465487633	1.2
6878.254149376682	1200	23.06677832630129	0.0	575591	4099.435080215162	1.2
6883.082384343349	1200	22.238543359633532	0.0	605884	4828.234966667759	1.2
6888.417975167439	1200	20.902952535543125	0.0	587506	5335.590824090408	1.2
6893.313394621055	1200	20.007533081927708	0.0	566904	4895.419453615419	1.2
6902.611681945095	1200	14.709245757887	0.0	641452	9298.287324040708	1.2
6907.526688476468	1200	13.794239226515423	0.0	599477	4915.006531371578	1.2
6911.755985187555	750	13.564942515428026	0.0	438281	4229.296711087397	0.3
6916.23499318265	750	13.085934520332852	0.0	398987	4479.007995095173	0.75
6920.674629043833	750	12.646298659149531	0.0	393804	4439.635861183319	0.75
6923.892329420407	750	13.42859828257579	0.0	331053	3217.7003765737422	0.75
6936.5197870477605	2850	4.801140655222327	0.0	1364537	12627.457627353462	0.75

