31095.276738824097	750	4.0	2.6536643128866335	450283	2653.6643128866335	-10.660756545412523
31096.245981131262	300	7.03075769283117	0.0	155580	969.2423071688303	-0.15000000000000002
31098.214316574606	750	9.062422249488401	0.0	350812	1968.3354433427687	0.3
31100.943821624267	1200	10.332917199826616	0.0	617681	2729.505049661786	0.75
31103.783260100405	1200	11.493478723688545	0.0	652874	2839.4384761380693	1.2
31107.12340969727	1850	12.153329126825593	0.0	801058	3340.1495968629533	1.2000000000000002
31115.258928168856	1850	8.017810655237334	0.0	905515	8135.51847158826	1.85
31117.424618390098	750	9.852120433994566	0.0	437162	2165.690221242767	-0.3500000000000001
31120.337426375285	1200	10.939312448808	0.0	584846	2912.807985186565	0.75
31123.151380337942	1200	12.125358486152154	0.0	560821	2813.9539626558458	1.2
31127.05927136922	1850	12.217467454877582	0.0	939819	3907.891031274572	1.2000000000000002
31130.738854691946	1850	12.537884132151794	0.0	917428	3679.583322725787	1.85
31134.46375257896	1850	12.812986245136187	0.0	946851	3724.897887015606	1.85
31138.495374233567	1850	12.781364590527538	0.0	1036454	4031.6216546086503	1.85
31141.819857029368	1850	13.456881794727742	0.0	821631	3324.482795799795	1.85
31147.834256021077	2850	11.4424828030212	0.0	1471065	6014.398991706543	1.85
31151.932048934563	1850	11.344689889531903	0.0	966699	4097.792913489297	0.8500000000000001
31155.881313842438	1850	11.39542498165629	0.0	885714	3949.264907875612	1.85
31160.619725587705	1850	10.657013236390068	0.0	987708	4738.411745266223	1.85
31163.637996888207	1200	11.638741935886488	0.0	586839	3018.2713005035803	0.5499999999999999
31168.12582826025	1850	11.150910563841084	0.0	891604	4487.831372045404	1.2000000000000002
31172.155495733088	1850	11.121243091002246	0.0	955231	4029.667472838839	1.85
31176.373402918784	1850	10.903335905310776	0.0	968026	4217.907185691469	1.85
31179.067259805703	1200	12.209479018391695	0.0	536667	2693.8568869190813	0.5499999999999999
31183.5382632286	1850	11.738475595495629	0.0	897976	4471.003422896067	1.2000000000000002
31187.405644655253	1850	11.871094168842337	0.0	905935	3867.3814266532913	1.85
31191.785809006742	1850	11.490929817351393	0.0	1076599	4380.164351490946	1.85
31194.93134019901	1850	12.345398625080875	0.0	758197	3145.531192270517	1.85
31198.82159682344	1850	12.455142000655771	0.0	972798	3890.256624425105	1.85
31202.747840758755	1850	12.52889806533822	0.0	975811	3926.2439353175505	1.85
31206.55149021915	1850	12.72524860494563	0.0	873429	3803.6494603925908	1.85
31211.24272653302	1850	12.03401229107756	0.0	954453	4691.236313868069	1.85
31215.46396321143	1850	11.812775612663772	0.0	885062	4221.236678413789	1.85
31219.68039305368	1850	11.59634577041493	0.0	1035329	4216.429842248844	1.85
31223.911461204738	1850	11.365277619359915	0.0	1026056	4231.068151055015	1.85
31227.703767556417	1850	11.572971267678568	0.0	943942	3792.306351681348	1.85
31230.59496116385	1850	12.681777660248294	0.0	728962	2891.1936074302744	1.85
31235.34045663542	1850	11.936282188677403	0.0	938587	4745.49547157089	1.85
31239.30750829149	1850	11.969230532607796	0.0	908665	3967.0516560696087	1.85
31243.60734107595	1850	11.669397748147999	0.0	930577	4299.832784459797	1.85
31247.477383479254	1850	11.799355344846349	0.0	858450	3870.042403301649	1.85
31251.673269657786	1850	11.603469166310198	0.0	1025005	4195.8861785361505	1.85
31255.151326584073	1850	12.125412240023703	0.0	886255	3478.0569262864965	1.85
31259.688882742215	1850	11.587856081881691	0.0	973972	4537.556158142012	1.85
31263.755059632225	1850	11.52167919187146	0.0	958994	4066.1768900102306	1.85
31267.61256477735	1850	11.664174046744824	0.0	982064	3857.5051451266368	1.85
31270.87719263126	1850	12.399546192837944	0.0	830730	3264.6278539068794	1.85
31275.47952447984	1850	11.797214344257778	0.0	846370	4602.3318485801665	1.85

