26050.951944679407	750	4.0	6.329423018419316	450283	6329.423018419316	-26.46651897920306
26051.4637428633	300	7.488201816109912	0.0	155580	511.798183890088	-0.15000000000000002
26052.517389761917	750	10.434554917492806	0.0	350812	1053.6468986171071	0.3
26054.311707373585	1200	12.640237305824124	0.0	617681	1794.3176116686814	0.75
26057.03254389216	1850	13.919400787247985	0.0	996749	2720.83651857614	1.2000000000000002
26060.326690269576	2850	14.625254409833705	0.0	1224260	3294.1463774142817	1.85
26064.313823452678	2850	14.638121226732187	0.0	1388403	3987.133183101517	2.85
26069.05506363487	2850	13.896881044536668	0.0	1638769	4741.240182195518	2.85
26073.076297068543	2850	13.875647610865204	0.0	1348011	4021.2334336714653	2.85
26077.275784239308	2850	13.6761604401036	0.0	1429765	4199.487170761607	2.85
26141.166681473052	2850	4.0	50.21473679364352	1354548	63890.89723374711	-213.07336821266713
26141.70108071388	300	7.465600759175103	0.0	156148	534.3992408248972	-2.25
26142.9053833056	750	10.261298167454813	0.0	386351	1204.3025917202901	0.3
26144.98567060076	1200	12.181010872292207	0.0	687371	2080.287295162605	0.75
26147.43833818606	1850	13.72834328699362	0.0	821631	2452.667585298586	1.2000000000000002
26151.73110393421	2850	13.435577538841141	0.0	1471065	4292.76574815248	1.85
26156.001171075135	2850	13.165510397915181	0.0	1491626	4270.067140925959	2.85
26159.84572249424	2850	13.320958978808752	0.0	1358801	3844.551419106428	2.85
26164.26396068534	2850	12.902720787707263	0.0	1537156	4418.238191101489	2.85
26166.990404936234	1850	14.176276536816138	0.0	923755	2726.444250891125	0.8500000000000001
26171.2024951331	2850	13.96418633995132	0.0	1415116	4212.090196864819	1.85
26175.409245179162	2850	13.757436293892495	0.0	1468126	4206.750046058825	2.85
26179.64353590841	2850	13.523145564644507	0.0	1505760	4234.290729247988	2.85
26183.475361518074	2850	13.691319954978608	0.0	1323990	3831.8256096658993	2.85
26187.570282847886	2850	13.59639862516716	0.0	1383735	4094.921329811448	2.85
26191.843225211902	2850	13.32345626114809	0.0	1480464	4272.94236401907	2.85
26196.290693685663	2850	12.875987787388421	0.0	1547572	4447.468473759668	2.85
26198.479677515454	1850	14.687003957595207	0.0	758197	2188.9838297932138	0.8500000000000001
26202.766876710353	2850	14.399804762699294	0.0	1498470	4287.199194895913	1.85
26207.466564874878	2850	13.700116598176242	0.0	1561263	4699.688164523052	2.85
26211.311216633094	2850	13.85546483995824	0.0	1341201	3844.651758218003	2.85
26215.628359906634	2850	13.53832156641786	0.0	1497683	4317.1432735403805	2.85
26219.532315113076	2850	13.634366359973479	0.0	1358081	3903.9552064443815	2.85
26224.109847374744	2850	13.056834098304872	0.0	1587293	4577.532261668605	2.85
26228.440799854525	2850	12.725881618525571	0.0	1492672	4330.952479779303	2.85
26231.112649537776	1850	14.054031935274418	0.0	943942	2671.8496832511537	0.8500000000000001
26234.470297846536	2850	14.696383626511725	0.0	1139291	3357.648308762692	1.85
26238.93962409351	2850	14.227057379540035	0.0	1499009	4469.326246971688	2.85
26243.0154884606	2850	14.151193012448086	0.0	1427478	4075.8643670919505	2.85
26246.910201015413	2850	14.256480457634717	0.0	1402287	3894.712554813368	2.85
26250.615673668763	2850	14.551007804285423	0.0	1339500	3705.4726533492953	2.85
26254.888885586057	2850	14.277795886990589	0.0	1527299	4273.211917294832	2.85
26258.72441409513	2850	14.442267377916624	0.0	1343002	3835.5285090739653	2.85
26263.216857155607	2850	13.949824317440504	0.0	1587250	4492.443060476119	2.85
26267.249789494046	2850	13.916891979000113	0.0	1464921	4032.9323384403906	2.85
26271.36591235668	2850	13.800769116367942	0.0	1483527	4116.122862632173	2.85
26274.812326436095	2850	14.354355036950015	0.0	1231456	3446.4140794179248	2.85
26278.633544227665	2850	14.533137245380532	0.0	1364537	3821.217791569483	2.85

