20833.968440554054	750	4.0	4.059765447473156	450283	4059.7654474731557	-16.70699142413457
20835.433386140252	300	6.535054413800465	0.0	155580	1464.9455861995361	-0.15000000000000002
20836.78388594812	300	9.184554605932936	0.0	139857	1350.4998078675296	0.3
20842.38710381196	1200	7.581336742092644	0.0	617681	5603.217863840292	0.29999999999999993
20846.06477132484	750	7.903669229212406	0.0	411561	3677.6675128802367	0.3
20848.945149014184	750	9.02329153987079	0.0	318564	2880.377689341616	0.75
20853.872698697123	1200	8.09574185692958	0.0	561791	4927.54968294121	0.75
20857.717407578693	750	8.251032975359665	0.0	437162	3844.708881569915	0.3
20861.056688720604	750	8.91175183345041	0.0	374758	3339.281141909255	0.75
20864.412931221425	750	9.55550933262609	0.0	362795	3356.242500824321	0.75
20869.77163567153	1200	8.19680488252333	0.0	607410	5358.704450102759	0.75
20873.308270644327	750	8.660169909727284	0.0	405134	3536.634972796047	0.3
20876.361335874306	750	9.607104679748948	0.0	386351	3053.0652299783337	0.75
20879.75953958303	1200	10.208900971026777	0.0	687371	3398.203708722172	0.75
20883.42251634573	1200	10.54592420832326	0.0	526950	3662.976762703516	1.2
20888.712172118	1200	9.256268436055093	0.0	587876	5289.655772268167	1.2
20894.28041343871	1200	7.688027115343069	0.0	617242	5568.241320712023	1.2
20897.557777122613	750	8.410663431440474	0.0	372963	3277.3636839025953	0.3
20900.956882461058	750	9.011558092996411	0.0	405596	3399.1053384440643	0.75
20906.090113569382	1200	7.878326984668532	0.0	586839	5133.231108327879	0.75
20909.633484855178	750	8.334955698871685	0.0	386472	3543.371285796847	0.3
20913.310953721833	750	8.657486832218778	0.0	399894	3677.468866652907	0.75
20916.963802478058	750	9.004638075993514	0.0	401853	3652.8487562252644	0.75
20921.1422874842	1200	8.826153069852472	0.0	536667	4178.485006141042	0.75
20924.31661440281	750	9.651826151240654	0.0	359903	3174.3269186118177	0.3
20929.399885046812	1200	8.568555507238994	0.0	590335	5083.270644001658	0.75
20934.926860333475	750	7.041580220575005	0.0	425781	5526.975286663989	0.3
20938.84523342351	750	7.123207130540435	0.0	277716	3918.37309003457	0.75
20942.318760183243	750	7.6496803708067	0.0	400396	3473.5267597337347	0.75
20945.54620882138	750	8.422231732674824	0.0	400508	3227.4486381318757	0.75
20948.456611540358	750	9.511829013696664	0.0	358218	2910.402718978158	0.75
20953.498450272436	1200	8.469990281618946	0.0	620283	5041.838732077719	0.75
20956.574866934563	750	9.393573619492807	0.0	369834	3076.4166621261384	0.3
20960.271532854447	1200	9.696907699606102	0.0	670129	3696.6659198867033	0.75
20964.41050886111	1200	9.557931692946902	0.0	690253	4138.976006659202	1.2
20969.57197322689	1200	8.396467327167127	0.0	598727	5161.464365779776	1.2
20972.35815434326	750	9.610286210797035	0.0	321064	2786.1811163700913	0.3
20975.199297305648	1200	10.769143248406799	0.0	575591	2841.1429623902377	0.75
20977.926980614437	1200	12.041459939619843	0.0	605884	2727.6833087869554	1.2
20985.259672993547	1850	8.70876756050642	0.0	930577	7332.692379113423	1.2000000000000002
20988.0190135302	750	9.949427023854708	0.0	345516	2759.3405366517104	-0.3500000000000001
20993.02986837657	1200	8.93857217748361	0.0	641452	5010.854846371098	0.75
20996.281980068852	750	9.686460485200458	0.0	372093	3252.1116922831534	0.3
21001.704311823927	1200	8.264128730126018	0.0	634861	5422.33175507444	0.75
21005.28504415396	750	8.683396400095964	0.0	398987	3580.732330030055	0.3
21008.97898351601	750	8.989457038041659	0.0	393804	3693.939362054305	0.75
21011.825271003625	750	10.143169550428162	0.0	331053	2846.2874876134974	0.75
21016.38639919303	1200	9.582041361023537	0.0	550906	4561.128189404623	0.75

