3779.2299834121886	750	4.0	1.5801332613721926	450283	1580.1332613721925	-6.044573023900428
3780.638815842676	750	6.591167569512463	0.0	398865	1408.8324304875368	0.75
3781.8875580552144	750	9.342425356973902	0.0	350812	1248.7422125385624	0.75
3783.2671678440097	750	11.962815568178845	0.0	382355	1379.6097887950555	0.75
3784.848479016678	750	14.381504395510332	0.0	411561	1581.3111726685133	0.75
3786.090551449221	750	17.139431962966984	0.0	318564	1242.0724325433466	0.75
3787.4569351798277	750	19.773048232360416	0.0	352642	1366.3837306065684	0.75
3791.3826767698047	1850	19.847306642383547	0.0	1060487	3925.741589976867	0.75
3794.5534467252046	1850	20.676536686983535	0.0	852833	3170.7699554000133	1.85
3797.94978687317	1850	21.28019653901817	0.0	913888	3396.340147965363	1.85
3802.8760932722234	1850	20.35389013996458	0.0	939819	4926.306399053593	1.85
3806.7494292081183	1850	20.480554204069797	0.0	917428	3873.3359358947814	1.85
3810.4154312008286	1850	20.814552211359718	0.0	946851	3666.0019927100816	1.85
3814.232403248572	1850	20.997580163615815	0.0	1036454	3816.972047743903	1.85
3817.113451403109	1850	22.11653200907886	0.0	821631	2881.0481545369557	1.85
3820.3147217483865	1850	22.9152616638018	0.0	923170	3201.2703452770565	1.85
3823.6297363755316	1850	23.600247036656487	0.0	966699	3315.014627145313	1.85
3826.643808320918	1850	24.586175091270004	0.0	885714	3014.071945386484	1.85
3829.9864202918	1850	25.243563120388202	0.0	987708	3342.6119708817996	1.85
3833.1054608122718	1850	26.124522599916467	0.0	923755	3119.040520471734	1.85
3836.3227970272787	1850	26.907186384909124	0.0	891604	3217.336215007343	1.85
3839.8799761963705	1850	27.35000721581735	0.0	955231	3557.1791690917726	1.85
3843.3362559568845	1850	27.89372745530355	0.0	968026	3456.279760513795	1.85
3846.3875520127544	1850	28.842431399433497	0.0	874175	3051.2960558700543	1.85
3849.4711988401746	1850	29.758784572013635	0.0	897976	3083.646827419864	1.85
3852.9590012078133	1850	30.270982204374747	0.0	905935	3487.802367638886	1.85
3856.842439704992	1850	30.38754370719583	0.0	1076599	3883.4384971789136	1.85
3859.4526592963507	1850	31.777324115836922	0.0	758197	2610.219591358909	1.85
3862.773386965078	1850	32.456596447109426	0.0	972798	3320.7276687275007	1.85
3866.151077754893	1850	33.07890565729453	0.0	975811	3377.690789814899	1.85
3869.271998920785	1850	33.957984491402485	0.0	873429	3120.921165892035	1.85
3872.645220922088	1850	34.58476249009932	0.0	954453	3373.2220013031592	1.85
3875.990886363289	1850	35.239097048898486	0.0	885062	3345.665441200837	1.85
3880.970149021667	1850	34.25983439052028	0.0	1035329	4979.262658378205	1.85
3884.465716986553	1850	34.76426642563414	0.0	1026056	3495.5679648861496	1.85
3887.873816130012	1850	35.35616728217519	0.0	943942	3408.0991434589464	1.85
3890.589408780827	1850	36.64057463136066	0.0	728962	2715.5926508145344	1.85
3893.893450974196	1850	37.336532437991295	0.0	938587	3304.0421933693656	1.85
3901.538138492534	4300	33.69184491965344	0.0	2133870	7644.6875183378515	1.8499999999999996
3908.7130619686586	4300	30.516921443529007	0.0	2146120	7174.923476124433	4.3
3915.753407048297	4300	27.476576363890608	0.0	2108491	7040.345079638401	4.3
3923.0790669313383	4300	24.150916480849855	0.0	2184571	7325.659883040755	4.3
3930.5338702283066	4300	20.696113183881685	0.0	2121928	7454.803296968169	4.3
3938.800316913204	4300	16.429666498984275	0.0	2219102	8266.446684897406	4.3
3946.698698278987	4300	12.531285133200901	0.0	2124950	7898.381365783373	4.3
3950.2761446106406	1850	12.953838801547517	0.0	982064	3577.446331653384	-0.6000000000000001
3953.362536839644	1850	13.867446572544118	0.0	830730	3086.3922290033984	1.85
3956.529401111001	1850	14.700582301187533	0.0	846370	3166.8642713565855	1.85

