7925.471920255359	750	4.0	1.1854918201902331	450283	1185.491820190233	-4.347614826818003
7926.5311755122975	750	6.940744743061192	0.0	398865	1059.255256938808	0.75
7927.472455632632	750	9.9994646227267	0.0	350812	941.280120334492	0.75
7929.800891890151	1850	11.671028365207196	0.0	933276	2328.436257519504	0.75
7931.886122746546	1850	13.585797508812574	0.0	996749	2085.2308563946226	1.85
7933.5776680998515	1850	15.894252155507214	0.0	801058	1691.5453533053592	1.85
7935.54919648129	1850	17.92272377406807	0.0	905515	1971.528381439143	1.85
7937.998066379401	1850	19.47385387595781	0.0	1060487	2448.8698981102616	1.85
7939.983087772228	1850	21.48883248313068	0.0	852833	1985.021392827134	1.85
7942.309559816626	1850	23.1623604387329	0.0	913888	2326.472044397777	1.85
7944.702213195915	1850	24.769707059444773	0.0	939819	2392.653379288126	1.85
7947.104056850541	1850	26.367863404817953	0.0	917428	2401.843654626821	1.85
7949.597539969974	1850	27.874380285385712	0.0	946851	2493.4831194322405	1.85
7952.153596018848	1850	29.31832423651095	0.0	1036454	2556.056048874761	1.85
7954.1463607331625	1850	31.32555952219641	0.0	821631	1992.76471431454	1.85
7958.590640734081	4300	30.881279521277442	0.0	2152483	4444.280000918967	1.8499999999999996
7963.399953586415	4300	30.071966668943666	0.0	2289689	4809.3128523337755	4.3
7968.249255089925	4300	29.222665165434236	0.0	2059512	4849.30150350943	4.3
7973.613358561599	4300	27.858561693760212	0.0	2220726	5364.1034716740205	4.3
7978.263179982843	4300	27.208740272515882	0.0	2156729	4649.821421244331	4.3
7982.663199183953	4300	26.808721071405845	0.0	2039773	4400.019201110035	4.3
7987.817993058079	4300	25.653927197280186	0.0	2176469	5154.793874125657	4.3
7992.492994855931	4300	24.978925399427943	0.0	2221506	4675.001797852246	4.3
7996.351636183879	4300	25.12028407147964	0.0	2044075	3858.641327948302	4.3
8000.683825119368	4300	24.788095135991075	0.0	2186790	4332.188935488566	4.3
8005.686216562383	4300	23.785703692975122	0.0	2105231	5002.391443015953	4.3
8011.086354393359	4300	22.385565861999204	0.0	2395588	5400.137830975919	4.3
8015.628359801667	4300	21.843560453692096	0.0	1972048	4542.005408307109	4.3
8019.989086339414	4300	21.48283391594501	0.0	2134614	4360.726537747081	4.3
8024.532213964595	4300	20.93970629076371	0.0	2164140	4543.127625181305	4.3
8029.506509108595	4300	19.96541114676407	0.0	2113193	4974.295143999639	4.3
8034.768147802733	4300	18.703772452625795	0.0	2147852	5261.638694138273	4.3
8040.002619182015	4300	17.46930107334471	0.0	2191074	5234.471379281087	4.3
8044.958416440095	4300	16.51350381526466	0.0	2286761	4955.797258080048	4.3
8049.862639941003	4300	15.609280314355987	0.0	2307787	4904.223500908672	4.3
8054.4470613058775	4300	15.024858949481375	0.0	2143948	4584.421364874611	4.3
8058.5902539378285	4300	14.881666317531039	0.0	1919781	4143.192631950337	4.3
8063.523529742779	4300	13.948390512580353	0.0	2147467	4933.275804950684	4.3
8065.667940440244	1850	15.803979815115442	0.0	908665	2144.4106974649135	-0.6000000000000001
8067.861296366085	1850	17.61062388927409	0.0	930577	2193.355925841349	1.85
8069.887277840384	1850	19.584642414974656	0.0	858450	2025.981474299435	1.85
8072.290815310318	1850	21.181104945041298	0.0	1025005	2403.5374699333593	1.85
8074.121455768556	1850	23.350464486802647	0.0	886255	1830.6404582386479	1.85
8076.064295159284	1850	25.407625096074792	0.0	973972	1942.8393907278569	1.85
8078.080697971098	1850	27.39122228426039	0.0	958994	2016.402811814402	1.85
8082.1244617635275	1850	27.347458491831432	0.0	982064	4043.763792428958	1.85
8084.3341215965875	1850	29.13779865877106	0.0	830730	2209.6598330603692	1.85
8086.1659668404955	1850	31.305953414863655	0.0	846370	1831.8452439074056	1.85

