24537.075592189707	750	4.0	2.749238986231827	450283	2749.238986231827	-11.071727640796855
24538.077857079737	300	6.997735109968737	0.0	155580	1002.2648900312638	-0.15000000000000002
24538.986917374925	300	10.088674814782323	0.0	139857	909.0602951864153	0.3
24541.344181769517	750	11.731410420189247	0.0	382355	2357.2643945930736	0.3
24543.87934825278	750	13.196243936924374	0.0	411561	2535.1664832648758	0.75
24545.8332445401	750	15.24234764960671	0.0	318564	1953.8962873176627	0.75
24547.964014086807	750	17.111578102902342	0.0	352642	2130.76954670437	0.75
24550.62091692488	750	18.45467526482752	0.0	437162	2656.9028380748205	0.75
24553.001976249187	750	20.073615940517094	0.0	374758	2381.059324310426	0.75
24555.307708359785	750	21.76788382992146	0.0	362795	2305.732110595637	0.75
24557.534352238392	750	23.541239951316047	0.0	353220	2226.643878605411	0.75
24566.78716241837	1850	18.288429771333526	0.0	917428	9252.810179982522	0.75
24572.646825005228	1850	16.428767184480833	0.0	946851	5859.662586852694	1.85
24578.951933941556	1850	14.12365824814881	0.0	1036454	6305.108936332021	1.85
24583.957235157755	1850	13.118357031951488	0.0	821631	5005.301216197324	1.85
24589.564390046104	1850	11.511202143602189	0.0	923170	5607.154888349298	1.85
24595.666784527835	1850	9.408807661871196	0.0	966699	6102.394481730995	1.85
24600.915066301204	1850	8.160525888501057	0.0	885714	5248.281773370138	1.85
24606.987819019178	1850	6.087773170530508	0.0	987708	6072.7527179705485	1.85
24612.447653673516	1850	4.62793851619337	0.0	923755	5459.834654337138	1.85
24617.735502178642	1850	4.0	0.6599099889360214	891604	5287.848505129392	-0.9876129524248918
24623.55989031304	1850	4.0	1.8243881343965214	955231	5824.388134396521	-5.994868977905041
24629.600863284755	1850	4.0	2.04097297171476	968026	6040.97297171476	-6.926183778373469
24634.9695566289	1850	4.0	1.36869334414694	874175	5368.69334414694	-4.035381379831842
24640.386285411132	1850	4.0	1.4167287822286916	897976	5416.728782228692	-4.241933763583374
24645.922985768375	1850	4.0	1.536700357244008	905935	5536.700357244008	-4.757811536149234
24652.154729313992	1850	4.0	2.23174354561605	1076599	6231.74354561605	-7.746497246149014
24656.727205812604	1850	4.0	0.5724764986116324	758197	4572.476498611632	-0.6116489440300192
24662.640567085225	1850	4.0	1.9133612726237597	972798	5913.36127262376	-6.377453472282166
24668.522328313193	1850	4.0	1.8817612279701752	975811	5881.761227970175	-6.241573280271753
24673.93190526862	1850	4.0	1.4095769554212156	873429	5409.576955421216	-4.211180908311228
24679.94157803321	1850	4.0	2.0096727645932853	954453	6009.672764593285	-6.791592887751127
24685.26299050574	1850	4.0	1.3214124725317762	885062	5321.412472531776	-3.832073631886637
24691.579009299963	1850	4.0	2.3160187942222774	1035329	6316.018794222277	-8.108880815155793
24697.882114534357	1850	4.0	2.303105234393246	1026056	6303.105234393246	-8.053352507890958
24703.647003964245	1850	4.0	1.764889429888668	943942	5764.889429888668	-5.739024548521272
24708.468422496422	1850	4.0	0.821418532178508	728962	4821.418532178508	-1.6820996883675843
24715.528435298933	1850	4.0	3.060012802511031	938587	7060.012802511031	-11.308055050797433
24717.894196379348	750	5.634238919586847	0.0	378327	2365.7610804131523	-0.3500000000000001
24718.861328050672	300	8.66710724826135	0.0	149991	967.1316713254964	-0.15000000000000002
24719.816494554947	300	11.711940743986489	0.0	147968	955.1665042748635	0.3
24720.85380846662	300	14.674626832313582	0.0	161857	1037.3139116729062	0.3
24723.139866884772	750	16.388568414162634	0.0	372093	2286.058418150947	0.3
24725.849348245385	750	17.679087053549523	0.0	438281	2709.48136061311	0.75
24728.329843975207	750	19.19859132372567	0.0	398987	2480.4957298238573	0.75
24730.812741884587	750	20.715693414349175	0.0	393804	2482.897909376492	0.75
24735.7745935199	1850	19.753841779032975	0.0	830730	4961.8516353162	0.75
24740.864428232595	1850	18.66400706633598	0.0	846370	5089.834712696995	1.85

