42135.65143987131	750	4.0	8.811377471574117	450283	8811.377471574116	-37.1389231277687
42138.798244708574	300	4.853195162735916	0.0	155580	3146.804837264084	-0.15000000000000002
42141.57650754163	300	6.074932329687275	0.0	139857	2778.262833048641	0.3
42144.73026615732	300	6.921173713992579	0.0	155432	3153.758615694697	0.3
42148.08713016002	300	7.564309711296312	0.0	163442	3356.8640026962667	0.3
42154.672368144835	750	4.979071726481468	0.0	318564	6585.237984814844	0.3
42157.816573012846	300	5.8348668584692245	0.0	153295	3144.204868012245	-0.15000000000000002
42161.195441338896	300	6.4559985324125915	0.0	173849	3378.868326056632	0.3
42164.2713153863	300	7.380124485008766	0.0	150710	3075.8740474038264	0.3
42171.47272725452	750	4.17871261679585	0.0	362795	7201.4118682129165	0.3
42174.33923897653	300	5.3122008947853905	0.0	141840	2866.5117220104594	-0.15000000000000002
42177.582334707484	300	6.069105163829219	0.0	156148	3243.0957309561704	0.3
42180.96079893274	300	6.690640938574056	0.0	160746	3378.464225255163	0.3
42184.769395367104	300	6.882044504210745	0.0	179801	3808.5964343633113	0.3
42187.7838109658	300	7.867628905509379	0.0	140051	3014.4155987013655	0.3
42195.33386187663	750	4.317577994680615	0.0	366214	7550.050910828764	0.3
42198.401757564665	300	5.249682306645249	0.0	143509	3067.895688035366	-0.15000000000000002
42201.2421863662	300	6.4092535051071975	0.0	150616	2840.4288015380516	0.3
42204.4120012408	300	7.23943863050153	0.0	165384	3169.8148746056677	0.3
42211.5767311414	750	4.0747087299026346	0.0	350713	7164.729900598895	0.3
42214.86210393675	300	4.789335934561661	0.0	157671	3285.372795340974	-0.15000000000000002
42217.96101589591	300	5.690423975399957	0.0	157812	3098.9119591617036	0.3
42220.82998374681	300	6.821456124508777	0.0	163927	2868.96785089118	0.3
42223.17739548874	300	8.474044382572762	0.0	137654	2347.4117419360155	0.3
42230.09243038171	750	5.559009489601003	0.0	359903	6915.034892971758	0.3
42233.236046163	300	6.41539370831186	0.0	153938	3143.615781289143	-0.15000000000000002
42236.78722676783	300	6.864213103478713	0.0	181901	3551.1806048331464	0.3
42238.9671718156	300	8.684268055709003	0.0	111155	2179.945047769712	0.3
42246.698884359204	750	4.952555512108789	0.0	400396	7731.712543600213	0.3
42249.71532534612	300	5.936114525191482	0.0	149029	3016.4409869173064	-0.15000000000000002
42252.78826440663	300	6.863175464680721	0.0	157421	3072.9390605107615	0.3
42255.794668587	300	7.856771284313653	0.0	157488	3006.4041803670675	0.3
42262.57605680454	750	5.075383066777448	0.0	369834	6781.388217536204	0.3
42265.7450746247	300	5.90636524662281	0.0	163444	3169.0178201546373	-0.15000000000000002
42269.470513937755	300	6.180925933557841	0.0	179328	3725.439313064969	0.3
42272.79547855895	300	6.855961312367122	0.0	159914	3324.9646211907184	0.3
42275.47250904883	300	8.178930822487358	0.0	131610	2677.0304898797635	0.3
42282.18517847021	750	5.466261401108582	0.0	361565	6712.669421378776	0.3
42284.92490269626	300	6.7265371750576515	0.0	144254	2739.724226050931	-0.15000000000000002
42287.68624404321	300	7.965195828106834	0.0	149991	2761.3413469508164	0.3
42293.917829983584	750	5.733609887727494	0.0	345516	6231.585940379341	0.3
42296.92245348731	300	6.728986384006604	0.0	161857	3004.6235037208894	-0.15000000000000002
42299.65815061238	300	7.993289258939107	0.0	145210	2735.697125067497	0.3
42307.96259877054	750	4.0	0.3111588992205698	438281	8304.448158159677	-1.0379832666484499
42311.228520934084	300	4.734077836452775	0.0	167025	3265.922163547225	-0.15000000000000002
42314.41464181479	300	5.547956955753867	0.0	160064	3186.1208806989084	0.3
42317.165760629934	300	6.796838140602532	0.0	137507	2751.118815151334	0.3
42319.547788981276	300	8.414809789269162	0.0	118421	2382.0283513333698	0.3

