11030.562162344897	750	4.0	6.6250675935242835	450283	6625.067593524283	-27.73779065215442
11032.190042422993	300	6.372119921904585	0.0	155580	1627.8800780954152	-0.15000000000000002
11033.661492892732	300	8.900669452164319	0.0	139857	1471.4504697402651	0.3
11035.185015289533	300	11.37714705536297	0.0	155432	1523.522396801348	0.3
11036.728813341791	300	13.833349003106761	0.0	163442	1543.7980522562077	0.3
11037.939866511853	300	16.62229583304408	0.0	126289	1211.053170062678	0.3
11041.186284077377	750	17.37587826752005	0.0	352642	3246.417565524033	0.3
11045.168821478395	750	17.393340866502545	0.0	437162	3982.5374010175046	0.75
11048.450162980562	750	18.11199936433448	0.0	374758	3281.3415021680676	0.75
11051.828607195353	750	18.733555149544234	0.0	362795	3378.444214790246	0.75
11055.294316741181	750	19.267845603715845	0.0	353220	3465.7095458283916	0.75
11059.652908245891	750	18.909254099006525	0.0	405134	4358.591504709317	0.75
11063.163496025918	750	19.398666318978904	0.0	386351	3510.587780027621	0.75
11067.418487490571	750	19.143674854325663	0.0	434409	4254.9914646532425	0.75
11070.84652065355	750	19.71564169134872	0.0	337059	3428.0331629769425	0.75
11074.069484309057	750	20.49267803584067	0.0	366214	3222.963655508049	0.75
11077.25195530173	750	21.31020704316684	0.0	360831	3182.4709926738283	0.75
11080.576576419322	750	21.985585925575517	0.0	372963	3324.6211175913227	0.75
11084.874319556127	750	21.687842788769704	0.0	405596	4297.743136805813	0.75
11090.658148434235	750	19.904013910663817	0.0	350713	5783.828878105885	0.75
11095.01489441917	750	19.547267925729233	0.0	386472	4356.745984934583	0.75
11098.559775899423	750	20.002386445474997	0.0	399894	3544.881480254236	0.75
11102.237088973927	750	20.32507337097133	0.0	401853	3677.313074503664	0.75
11105.804861227876	750	20.757301117021335	0.0	343800	3567.7722539499937	0.75
11108.935641033568	750	21.626521311329107	0.0	359903	3130.7798056922284	0.75
11112.268657173032	750	22.293505171864293	0.0	379700	3333.0161394648117	0.75
11116.077503313827	750	22.48465903107042	0.0	425781	3808.8461407938694	0.75
11118.322178833612	750	24.239983511284564	0.0	277716	2244.6755197858583	0.75
11121.577517499229	750	24.984644845667948	0.0	400396	3255.338665616617	0.75
11125.459035252163	750	25.103127092732954	0.0	400508	3881.517752934995	0.75
11128.53367924789	750	26.028483097007197	0.0	358218	3074.6439957257567	0.75
11132.105725379579	750	26.45643696531736	0.0	400322	3572.046131689837	0.75
11138.173876070372	750	24.388286274523235	0.0	369834	6068.150690794127	0.75
11143.508646015816	750	23.053516329079976	0.0	412837	5334.7699454432595	0.75
11148.056317695668	750	22.505844649227814	0.0	401088	4547.671679852162	0.75
11154.089983994494	750	20.47217835040331	0.0	365161	6033.666298824501	0.75
11156.946324667273	750	21.61583767762386	0.0	321064	2856.340672779454	0.75
11160.070686794932	750	22.491475549963614	0.0	361565	3124.362127660246	0.75
11163.459987476732	750	23.10217486816464	0.0	378327	3389.300681798972	0.75
11167.15005526868	750	23.412107076217993	0.0	390680	3690.067791946648	0.75
11171.061350790927	750	23.500811553968955	0.0	345516	3911.2955222490386	0.75
11174.582839371904	750	23.97932297299208	0.0	384505	3521.488580976873	0.75
11177.744431601592	750	24.81773074330473	0.0	372093	3161.5922296873496	0.75
11181.923949059612	750	24.638213285284102	0.0	438281	4179.517458020626	0.75
11185.58543432941	750	24.976728015484294	0.0	398987	3661.4852697998085	0.75
11189.140416721892	750	25.4217456230031	0.0	393804	3554.982392481194	0.75
11192.104597714044	750	26.45756463085122	0.0	331053	2964.1809921518843	0.75
11198.390841398481	750	24.17132094641485	0.0	314107	6286.243684436368	0.75

