7877.675588285712	750	4.0	2.5015593605266218	450283	2501.5593605266217	-10.006705250264472
7878.592275891753	300	7.083312393959506	0.0	155580	916.6876060404942	-0.15000000000000002
7880.577105523213	750	9.09848276249916	0.0	350812	1984.8296314603476	0.3
7884.3965029165565	1200	9.279085369154835	0.0	617681	3819.397393344325	0.75
7887.763976929985	1200	9.911611355726995	0.0	652874	3367.47401342784	1.2
7890.26023028145	1200	11.415358004261835	0.0	520315	2496.2533514651595	1.2
7895.859593731098	1850	9.81599455461268	0.0	905515	5599.363449649155	1.2000000000000002
7899.027808919112	1200	10.647779366599385	0.0	709534	3168.215188013294	0.5499999999999999
7901.781837380509	1200	11.893750905201335	0.0	584846	2754.02846139805	1.2
7906.396035043286	1850	11.279553242425258	0.0	913888	4614.197662776078	1.2000000000000002
7910.222879761878	1850	11.452708523832603	0.0	939819	3826.844718592654	1.85
7914.511402836633	1850	11.164185449078014	0.0	917428	4288.523074754589	1.85
7919.367254553366	1850	10.308333732344098	0.0	946851	4855.851716733915	1.85
7923.450594824291	1200	10.224993461418348	0.0	687371	4083.340270925749	0.5499999999999999
7926.913989871267	1200	10.761598414443172	0.0	526950	3463.395046975174	1.2
7930.568605144737	1200	11.106983140973409	0.0	587876	3654.6152734697644	1.2
7936.127885015736	1850	9.547703269974754	0.0	966699	5559.279870998654	1.2000000000000002
7939.754656486554	1200	9.920931799156927	0.0	581493	3626.771470817829	0.5499999999999999
7943.644152660017	1200	10.0314356256932	0.0	639204	3889.4961734637263	1.2
7947.1055998900865	1200	10.569988395624046	0.0	586839	3461.447230069154	1.2
7950.604356497459	1200	11.071231788251572	0.0	601738	3498.756607372475	1.2
7955.713913456945	1850	9.961674828766107	0.0	955231	5109.556959485465	1.2000000000000002
7958.969934624762	1200	10.70565366094997	0.0	656471	3256.021167816136	0.5499999999999999
7961.554335211631	1200	12.121253074080613	0.0	536667	2584.4005868693584	1.2
7966.548369657045	1850	11.127218628665949	0.0	897976	4994.034445414663	1.2000000000000002
7972.169756862464	1850	9.50583142324671	0.0	905935	5621.387205419241	1.85
7975.364980252742	1200	10.310608032968993	0.0	696376	3195.2233902777148	0.5499999999999999
7977.682393125801	1200	11.993195159909023	0.0	487160	2317.412873059972	1.2
7983.6252059383605	1850	10.050382347349958	0.0	972798	5942.812812559064	1.2000000000000002
7987.2622566445925	1200	10.41333164111793	0.0	641447	3637.0507062320285	0.5499999999999999
7990.235694369333	1200	11.439893916377907	0.0	570392	2973.4377247400234	1.2
7995.3299583710905	1850	10.345629914619709	0.0	954453	5094.264001758198	1.2000000000000002
7998.688989670007	1200	10.986598615703414	0.0	584349	3359.031298916294	0.5499999999999999
8002.771809621537	1200	10.90377866417301	0.0	670129	4082.8199515304036	1.2
8007.160620182691	1200	10.51496810301879	0.0	690253	4388.810561154222	1.2
8010.270213005207	1200	11.405375280503154	0.0	598727	3109.5928225156345	1.2
8013.797985464588	1850	11.877602821121485	0.0	728962	3527.772459381669	1.2000000000000002
8018.382932810844	1850	11.292655474865777	0.0	938587	4584.947346255708	1.85
8024.8296162854085	1850	8.84597200030112	0.0	908665	6446.683474564655	1.85
8027.064287192146	750	10.611301093563315	0.0	390680	2234.670906737807	-0.3500000000000001
8029.9127682638755	1200	11.76282002183434	0.0	566904	2848.481071728972	0.75
8034.841155256928	1850	10.834433028781579	0.0	1025005	4928.386993052762	1.2000000000000002
8038.399333132374	1200	11.276255153336457	0.0	599477	3558.1778754451234	0.5499999999999999
8044.522831214308	1850	9.15275707140228	0.0	973972	6123.498081934175	1.2000000000000002
8048.468768129045	1200	9.206820156665351	0.0	630203	3945.936914736928	0.5499999999999999
8051.698100386872	1200	9.977487898838808	0.0	638661	3229.3322578265434	1.2
8054.3765867485945	1200	11.299001537116549	0.0	538612	2678.48636172226	1.2
8058.5190931984835	1850	11.156495087226968	0.0	846370	4142.506449889578	1.2000000000000002

