7515.019208564977	750	4.0	1.7306428879093083	450283	1730.6428879093082	-6.691764418010026
7515.669532162583	300	7.3496764023937615	0.0	155580	650.3235976062392	-0.15000000000000002
7517.035535260176	750	9.983673304801268	0.0	350812	1366.0030975924926	0.3
7519.386063119475	1200	11.633145445503153	0.0	617681	2350.527859298116	0.75
7523.149493445131	1850	11.869715119847212	0.0	996749	3763.4303256559406	1.2000000000000002
7526.159329100315	1850	12.859879464663857	0.0	801058	3009.835655183357	1.85
7529.551187920325	1850	13.468020644653151	0.0	905515	3391.858820010704	1.85
7535.669631678595	2850	11.349576886384293	0.0	1638769	6118.44375826886	1.85
7538.8830010698775	1850	12.13620749510124	0.0	852833	3213.369391283054	0.8500000000000001
7542.336812930375	1850	12.682395634603377	0.0	913888	3453.8118604978617	1.85
7545.874711927911	1850	13.144496637067562	0.0	939819	3537.8989975358168	1.85
7551.561258786967	2850	11.457949778011837	0.0	1519951	5686.546859055723	1.85
7555.158201872006	1850	11.861006692972857	0.0	946851	3596.9430850389804	0.8500000000000001
7559.064615282731	1850	11.954593282247664	0.0	1036454	3906.413410725195	1.85
7562.147732726378	1850	12.871475838600567	0.0	821631	3083.117443647097	1.85
7565.594520539436	1850	13.424688025542451	0.0	923170	3446.787813058116	1.85
7571.114414866262	2850	11.904793698716574	0.0	1491626	5519.894326825876	1.85
7574.4431145885155	1850	12.576093976462806	0.0	885714	3328.6997222537684	0.8500000000000001
7578.175445999924	1850	12.843762565054494	0.0	987708	3732.3314114083123	1.85
7581.651926852219	1850	13.36728171275936	0.0	923755	3476.480852295136	1.85
7586.907483139063	2850	12.111725425916042	0.0	1415116	5255.556286843317	1.85
7590.4866461818965	1850	12.53256238308232	0.0	955231	3579.1630428337216	0.8500000000000001
7594.129118112198	1850	12.890090452780875	0.0	968026	3642.4719303014463	1.85
7597.41378667715	1850	13.605421887828616	0.0	874175	3284.668564952259	1.85
7602.559309100646	2850	12.45989946433314	0.0	1383735	5145.522423495475	1.85
7605.960104981564	1850	13.059103583414528	0.0	905935	3400.795880918613	0.8500000000000001
7611.733501391788	2850	11.285707173190527	0.0	1547572	5773.396410224	1.85
7614.597373759069	1850	12.42183480590885	0.0	758197	2863.872367281678	0.8500000000000001
7618.269490994436	1850	12.749717570542973	0.0	972798	3672.117235365877	1.85
7621.966170414599	1850	13.053038150378882	0.0	975811	3696.6794201640914	1.85
7627.061003276736	2850	11.95820528824232	0.0	1341201	5094.832862136561	1.85
7630.7685769689	1850	12.250631596078863	0.0	954453	3707.573692163456	0.8500000000000001
7634.096162372547	1850	12.923046192431885	0.0	885062	3327.5854036469796	1.85
7637.977081707502	1850	13.04212685747597	0.0	1035329	3880.919334955913	1.85
7643.517586998422	2850	11.501621566556315	0.0	1492672	5540.5052909196565	1.85
7647.036689043091	1850	11.982519521887697	0.0	943942	3519.102044668616	0.8500000000000001
7649.787896632942	1850	13.23131193203801	0.0	728962	2751.2075898496887	1.85
7655.39252902563	2850	11.626679539349778	0.0	1499009	5604.632392688233	1.85
7658.804524835144	1850	12.214683729836848	0.0	908665	3411.9958095129296	0.8500000000000001
7662.295066034734	1850	12.724142530246022	0.0	930577	3490.5411995908266	1.85
7665.544265893912	1850	13.474942671068584	0.0	858450	3249.199859177438	1.85
7671.219300056706	2850	11.799908508274427	0.0	1527299	5675.034162794156	1.85
7674.56346427396	1850	12.455744291021405	0.0	886255	3344.164217253022	0.8500000000000001
7678.235271289105	1850	12.78393727587543	0.0	973972	3671.8070151459738	1.85
7681.852886583946	1850	13.166321981034654	0.0	958994	3617.6152948407766	1.85
7687.439575349179	2850	11.579633215802275	0.0	1483527	5586.688765232379	1.85
7690.601582979999	1850	12.417625584983181	0.0	830730	3162.0076308190933	0.8500000000000001
7693.808879170302	1850	13.21032939467963	0.0	846370	3207.296190303552	1.85

