24744.9002771348	750	4.0	1.0067386518144827	450283	1006.7386518144828	-3.5789762028022754
24746.95131247427	1850	5.948964660529149	0.0	957685	2051.0353394708504	0.75
24748.837874820932	1850	8.062402313867493	0.0	877771	1886.5623466616557	1.85
24750.839255079405	1850	10.061022055395744	0.0	933276	2001.3802584717498	1.85
24752.97142328582	1850	11.928853848979431	0.0	996749	2132.1682064163133	1.85
24754.695366293054	1850	14.204910841744985	0.0	801058	1723.9430072344453	1.85
24759.14513597752	4300	13.755141157277238	0.0	2157535	4449.769684467747	1.8499999999999996
24763.900974978325	4300	12.999302156474812	0.0	2290172	4755.839000802426	4.3
24768.126448628092	4300	12.773828506706142	0.0	2055469	4225.47364976867	4.3
24772.756467657673	4300	12.143809477126132	0.0	2169201	4630.01902958001	4.3
24777.32378397219	4300	11.576493162606614	0.0	2173522	4567.316314519517	4.3
24781.63991369698	4300	11.260363437816912	0.0	2102452	4316.129724789703	4.3
24786.199400948655	4300	10.700876186144592	0.0	2209463	4559.487251672318	4.3
24790.91756861391	4300	9.982708520891125	0.0	2275376	4718.167665253468	4.3
24795.06516314822	4300	9.835113986579488	0.0	2005399	4147.594534311636	4.3
24799.563856815916	4300	9.336420318884132	0.0	2152483	4498.693667695356	4.3
24804.399192262426	4300	8.501084872373534	0.0	2289689	4835.335446510597	4.3
24808.76806359856	4300	8.132213536240728	0.0	2059512	4368.8713361328055	4.3
24813.410898911672	4300	7.4893782231259	0.0	2220726	4642.835313114829	4.3
24817.883328348657	4300	7.01694878614457	0.0	2156729	4472.42943698133	4.3
24822.096045271937	4300	6.804231862861987	0.0	2039773	4212.716923282584	4.3
24826.569845262627	4300	6.330431872172091	0.0	2176469	4473.799990689896	4.3
24831.178913634987	4300	5.721363499814233	0.0	2221506	4609.068372357859	4.3
24835.398819076858	4300	5.501458057942124	0.0	2044075	4219.905441872108	4.3
24839.965166005833	4300	4.935111128964028	0.0	2186790	4566.346928978097	4.3
24843.03866473682	2850	5.861612397976222	0.0	1480464	3073.4987309878056	1.4000000000000001
24847.168814253673	2850	5.731462881125929	0.0	1547572	4130.1495168502925	2.85
24852.864984651453	2850	4.035292483343495	0.0	1141971	5696.170397782434	2.85
24854.224443894156	1200	6.6758332406417775	0.0	622896	1359.459242701718	-0.44999999999999996
24855.622007809885	1200	9.278269324910598	0.0	641447	1397.5639157311796	1.2
24856.87235974357	1200	12.027917391222795	0.0	570392	1250.351933687803	1.2
24858.223237773178	1200	14.677039361619212	0.0	620283	1350.8780296035825	1.2
24860.11661304001	1850	16.78366409478616	0.0	885062	1893.3752668330521	1.2000000000000002
24864.796656580656	4300	16.103620554135393	0.0	2286761	4680.043540650766	1.8499999999999996
24869.482574431084	4300	15.417702703709864	0.0	2307787	4685.91785042553	4.3
24873.90587915751	4300	14.994397977281478	0.0	2143948	4423.304726428386	4.3
24877.903131112376	4300	14.99714602241544	0.0	1919781	3997.251954866039	4.3
24882.270444491107	4300	14.629832643685695	0.0	2147467	4367.313378729745	4.3
24886.650339103013	4300	14.249938031777846	0.0	2133870	4379.894611907848	4.3
24891.199998065924	4300	13.700279068870481	0.0	2146120	4549.658962907366	4.3
24895.57115493506	4300	13.329122199736249	0.0	2108491	4371.156869134234	4.3
24900.10118736877	4300	12.799089766020643	0.0	2184571	4530.032433715606	4.3
24904.54085276241	4300	12.359424372383954	0.0	2121928	4439.665393636689	4.3
24909.200133840422	4300	11.700143294371069	0.0	2219102	4659.281078012887	4.3
24913.666882096106	4300	11.233395038691382	0.0	2124950	4466.748255679685	4.3
24918.377060522405	4300	10.523216612390923	0.0	2246506	4710.17842630046	4.3
24922.464156928843	4300	10.436120205949154	0.0	1961140	4087.09640644177	4.3
24926.920172069902	4300	9.980105064889255	0.0	2155012	4456.015141059899	4.3

