41814.65612390611	750	4.0	4.253525774151409	450283	4253.52577415141	-17.54016082885106
41816.123302323525	300	6.532821582585705	0.0	155580	1467.1784174142952	-0.15000000000000002
41817.38409902168	300	9.272024884429536	0.0	139857	1260.7966981561688	0.3
41818.776393668275	300	11.879730237841883	0.0	155432	1392.2946465876546	0.3
41820.23631583119	300	14.419808074918036	0.0	163442	1459.9221629238475	0.3
41823.05330726361	750	15.602816642496562	0.0	318564	2816.9914324214737	0.3
41826.17638223003	750	16.479741676082195	0.0	352642	3123.0749664143664	0.75
41830.01745869516	750	16.63866521095395	0.0	437162	3841.076465128244	0.75
41833.449122177684	750	17.207001728427876	0.0	374758	3431.663482526074	0.75
41836.796497007424	750	17.859626898687615	0.0	362795	3347.374829740259	0.75
41839.913463772165	750	18.742660133943456	0.0	353220	3116.9667647441624	0.75
41843.51185978691	750	19.144264119201324	0.0	405134	3598.3960147421326	0.75
41846.96132282314	750	19.694801082973296	0.0	386351	3449.46303622803	0.75
41850.78438913356	750	19.871734772554028	0.0	434409	3823.066310419267	0.75
41853.74544165138	750	20.910682254729963	0.0	337059	2961.052517824065	0.75
41856.95643503208	750	21.699688874034695	0.0	366214	3210.9933806952695	0.75
41860.2206649176	750	22.43545898850556	0.0	360831	3264.2298855291374	0.75
41863.54306237686	750	23.11306152924421	0.0	372963	3322.397459261348	0.75
41867.120500917925	750	23.53562298817938	0.0	405596	3577.438541064827	0.75
41870.51380432525	750	24.14231958085609	0.0	350713	3393.3034073232916	0.75
41874.077933291504	750	24.57819061460554	0.0	386472	3564.128966250549	0.75
41877.644275098755	750	25.011848807350034	0.0	399894	3566.341807255506	0.75
41881.228865273086	750	25.427258633014652	0.0	401853	3584.5901743353807	0.75
41884.11283285678	750	26.54329104932035	0.0	343800	2883.967583694303	0.75
41887.024214714394	750	27.631909191706633	0.0	359903	2911.3818576137155	0.75
41895.64271928946	1850	23.013404616640607	0.0	905935	8618.504575066025	0.75
41904.7888983881	1850	17.867225518007352	0.0	1076599	9146.179098633256	1.85
41910.92530547877	1850	15.73081842733945	0.0	758197	6136.407090667902	1.85
41919.36019584381	1850	11.295928062300806	0.0	972798	8434.890365038644	1.85
41923.02738607883	750	11.62873782728104	0.0	400508	3667.190235019767	-0.3500000000000001
41926.311910475306	750	12.344213430799668	0.0	358218	3284.524396481373	0.75
41929.83495313471	750	12.821170771392769	0.0	400322	3523.042659406899	0.75
41932.99608085875	750	13.66004304735412	0.0	369834	3161.127724038647	0.75
41937.5803764996	750	13.0757474065082	0.0	412837	4584.295640845921	0.75
41941.034358720295	750	13.621765185811869	0.0	401088	3453.982220696328	0.75
41944.010022192	750	14.646101714103883	0.0	365161	2975.663471707986	0.75
41946.52326856612	750	16.132855339988765	0.0	321064	2513.2463741151164	0.75
41949.489197359406	750	17.166926546701813	0.0	361565	2965.928793286952	0.75
41952.90027044111	750	17.755853465000044	0.0	378327	3411.0730817017684	0.75
41956.243427746886	750	18.412696159223653	0.0	390680	3343.157305776389	0.75
41959.17855314675	750	19.477570759359217	0.0	345516	2935.12539986444	0.75
41962.45566921095	750	20.20045469516163	0.0	384505	3277.1160641975885	0.75
41965.52092064991	750	21.135203256194675	0.0	372093	3065.251438966952	0.75
41969.022958405076	750	21.633165501031844	0.0	438281	3502.0377551628353	0.75
41972.19947758874	750	22.456646317363756	0.0	398987	3176.5191836680847	0.75
41975.318654648414	750	23.337469257687527	0.0	393804	3119.1770596762276	0.75
41977.93284737698	750	24.72327652912042	0.0	331053	2614.1927285671095	0.75
41980.488433290644	750	26.167690615457413	0.0	314107	2555.585913663007	0.75

