39808.27071780993	750	4.0	3.696382719776279	450283	3696.382719776279	-15.144445695037998
39809.60023605411	300	6.670481755822908	0.0	155580	1329.518244177092	-0.15000000000000002
39810.78596333879	300	9.484754471135112	0.0	139857	1185.7272846877977	0.3
39815.7818742016	1200	8.488843608320572	0.0	617681	4995.910862814539	0.29999999999999993
39819.27378381474	750	8.996933995187455	0.0	411561	3491.9096131331175	0.3
39821.996621877275	750	10.274095932646848	0.0	318564	2722.838062540609	0.75
39826.7571210338	1200	9.513596776116266	0.0	561791	4760.499156530581	0.75
39833.213145107235	1200	7.057572702689719	0.0	709534	6456.024073426547	1.2
39836.743543162345	750	7.527174647573799	0.0	374758	3530.3980551159207	0.3
39839.92105145025	750	8.349666359671888	0.0	362795	3177.5082879019096	0.75
39842.86433380336	750	9.406384006562865	0.0	353220	2943.2823531090235	0.75
39847.78858642479	1200	8.482131385130955	0.0	594078	4924.25262143191	0.75
39851.06249052368	750	9.20822728624758	0.0	386351	3273.904098883375	0.3
39856.70631047325	1200	7.564407336673489	0.0	687371	5643.819949574091	0.75
39859.57112227316	750	8.699595536756522	0.0	337059	2864.8117999169667	0.3
39862.96566602842	750	9.305051781490322	0.0	366214	3394.5437552662	0.75
39868.47331477478	1200	7.797403035131109	0.0	617242	5507.648746359213	0.75
39871.523583026676	750	8.74713478323508	0.0	372963	3050.268251896029	0.3
39874.67707339929	750	9.593644410625634	0.0	405596	3153.490372609445	0.75
39880.14805129196	1200	8.122666517956562	0.0	586839	5470.977892669072	0.75
39883.61139846696	750	8.65931934295694	0.0	386472	3463.3471749996233	0.3
39887.01534335681	750	9.255374453105418	0.0	399894	3403.944889851523	0.75
39892.74369328712	1200	7.527024522800254	0.0	656471	5728.349930305164	0.75
39896.226110804724	750	8.044607005199325	0.0	343800	3482.4175176009294	0.3
39899.068898144884	750	9.201819665031474	0.0	359903	2842.7873401678517	0.75
39903.79796795306	1200	8.472749856851129	0.0	590335	4729.069808180343	0.75
39907.446734368445	750	8.823983441472697	0.0	425781	3648.7664153784326	0.3
39909.86666366275	750	10.404054147163603	0.0	277716	2419.9292943090945	0.75
39915.115836816236	1200	9.154880993679726	0.0	622896	5249.1731534838755	0.75
39920.365718286535	1200	7.904999523379815	0.0	641447	5249.881470299911	1.2
39923.50206563096	750	8.76865217895951	0.0	358218	3136.3473444203046	0.3
39927.26380457589	750	9.00691323402573	0.0	400322	3761.7389449337807	0.75
39932.01021616731	1200	8.260501642602765	0.0	584349	4746.411591422964	0.75
39935.39428776354	750	8.876430046373816	0.0	412837	3384.0715962289482	0.3
39938.77414072205	750	9.496577087868355	0.0	401088	3379.852958505463	0.75
39943.86740365049	1200	8.403314159425424	0.0	598727	5093.2629284429295	0.75
39946.50103385972	750	9.769683950195754	0.0	321064	2633.6302092296723	0.3
39951.270846458705	1200	8.999871351214923	0.0	575591	4769.812598980831	0.75
39954.33681335981	750	9.933904450103965	0.0	378327	3065.9669011109577	0.3
39958.874324228826	1200	9.396393581093504	0.0	587506	4537.510869010462	0.75
39963.17098415101	1200	9.099733658908702	0.0	566904	4296.6599221848	1.2
39968.39775541108	1200	7.872962398836558	0.0	641452	5226.771260072145	1.2
39971.18678448874	750	9.0839333211833	0.0	372093	2789.029077653257	0.3
39976.264139044826	1200	8.006578765094265	0.0	634861	5077.354556089036	0.75
39979.83748787435	750	8.433229935572882	0.0	398987	3573.3488295213806	0.3
39983.57076391504	750	8.699953894885027	0.0	393804	3733.276040687855	0.75
39986.41078523717	750	9.859932572756755	0.0	331053	2840.0213221282734	0.75
39990.93281857703	1200	9.33789923289729	0.0	550906	4522.033339859466	0.75

