26567.641448504146	750	4.0	6.829559467151675	450283	6829.559467151676	-28.617105708752202
26570.033263848676	300	5.608184655470529	0.0	155580	2391.815344529471	-0.15000000000000002
26572.18393905912	300	7.457509445027952	0.0	139857	2150.6752104425764	0.3
26574.558340668707	300	9.083107835439504	0.0	155432	2374.401609588447	0.3
26577.06053492066	300	10.580913583489545	0.0	163442	2502.194251949959	0.3
26579.025968435515	300	12.615480068631973	0.0	126289	1965.4335148575733	0.3
26581.394788498317	300	14.246660005830742	0.0	153295	2368.820062801229	0.3
26588.054012085442	750	11.587436418705154	0.0	437162	6659.223587125588	0.3
26593.71554917841	750	9.925899325737594	0.0	374758	5661.53709296756	0.75
26595.8416167716	300	11.799831732551372	0.0	139105	2126.0675931862224	-0.15000000000000002
26598.019100567933	300	13.62234793621403	0.0	141840	2177.483796337343	0.3
26600.415375108205	300	15.226073395942564	0.0	156148	2396.2745402714672	0.3
26606.289923820725	750	13.35152468342411	0.0	386351	5874.548712518454	0.3
26609.09918322771	300	14.542265276435199	0.0	179801	2809.25940698891	-0.15000000000000002
26614.28852913928	750	13.35291936486557	0.0	337059	5189.345911569629	0.3
26619.947365058233	750	11.694083445912032	0.0	366214	5658.835918953539	0.75
26625.40308676537	750	10.238361738771571	0.0	360831	5455.721707140462	0.75
26627.695838470107	300	11.94561003403792	0.0	150616	2292.7517047336505	-0.15000000000000002
26630.2682993276	300	13.373149176542407	0.0	165384	2572.4608574955128	0.3
26635.574768626942	750	12.066679877198608	0.0	350713	5306.469299343801	0.3
26638.004645717185	300	13.636802786955876	0.0	157671	2429.8770902427323	-0.15000000000000002
26640.50044041474	300	15.141008089398065	0.0	157812	2495.7946975578107	0.3
26646.56813278597	750	13.073315718166418	0.0	401853	6067.6923712316475	0.3
26651.716418664968	750	11.925029839167665	0.0	343800	5148.28587899875	0.75
26658.161967181426	750	9.479481322710669	0.0	359903	6445.548516456997	0.75
26660.44666802159	300	11.194780482546037	0.0	153938	2284.7008401646317	-0.15000000000000002
26663.132995481297	300	12.50845302283981	0.0	181901	2686.3274597062286	0.3
26664.816306967517	300	14.825141536617805	0.0	111155	1683.3114862220039	0.3
26667.11192174725	300	16.529526756885623	0.0	153605	2295.614779732184	0.3
26673.06415525628	750	14.577293247857165	0.0	400508	5952.233509028456	0.3
26678.1310302688	750	13.51041823534048	0.0	358218	5066.875012516685	0.75
26683.872296310685	750	11.769152193454461	0.0	400322	5741.266041886018	0.75
26689.001502098225	750	10.63994640591433	0.0	369834	5129.2057875401315	0.75
26691.53152777797	300	12.109920726169324	0.0	163444	2530.025679745005	-0.15000000000000002
26694.287689911092	300	13.353758593045686	0.0	179328	2756.162133123638	0.3
26696.72309953274	300	14.918348971399023	0.0	159914	2435.4096216466614	0.3
26701.53866691455	750	14.102781589592903	0.0	321064	4815.5673818061205	0.3
26706.95726644725	750	12.684182056892839	0.0	361565	5418.599532700065	0.75
26712.579670831907	750	11.061777672234417	0.0	378327	5622.40438465842	0.75
26714.833888911846	300	12.807559592293773	0.0	149991	2254.218079940644	-0.15000000000000002
26717.03618430495	300	14.60526419919068	0.0	147968	2202.295393103092	0.3
26719.448435524362	300	16.193012979775553	0.0	161857	2412.251219415126	0.3
26725.06167829062	750	14.579770213518634	0.0	372093	5613.24276625692	0.3
26731.522853078135	750	12.118595426005063	0.0	438281	6461.174787513569	0.75
26737.44225952848	750	10.199188975659906	0.0	398987	5919.406450345157	0.75
26743.45226470548	750	8.189183798660222	0.0	393804	6010.0051769996835	0.75
26745.55113029908	300	10.090318205060289	0.0	137507	2098.865593599936	-0.15000000000000002
26747.30617216328	300	12.335276340859958	0.0	118421	1755.0418642003315	0.3

