15257.464419841268	750	4.0	4.988056975613159	450283	4988.056975613159	-20.698644995136586
15259.270470243286	300	6.193949597980147	0.0	155580	1806.0504020198532	-0.15000000000000002
15260.903643281674	300	8.560776559592401	0.0	139857	1633.173038387746	0.3
15262.709783494196	300	10.754636347070438	0.0	155432	1806.1402125219627	0.3
15264.629116431148	300	12.835303410117813	0.0	163442	1919.3329369526252	0.3
15266.131277442693	300	15.333142398572587	0.0	126289	1502.1610115452258	0.3
15270.126697646305	750	15.337722194962135	0.0	352642	3995.4202036104525	0.3
15275.042764136982	750	14.421655704284197	0.0	437162	4916.066490677939	0.75
15279.329595037447	750	14.134824803819328	0.0	374758	4286.830900464868	0.75
15283.499175729794	750	13.965244111471408	0.0	362795	4169.5806923479195	0.75
15287.541066006397	750	13.923353834868442	0.0	353220	4041.890276602967	0.75
15292.062902841237	750	13.401517000029413	0.0	405134	4521.836834839029	0.75
15296.391868824403	750	13.072551016861606	0.0	386351	4328.965983167807	0.75
15301.251906909207	750	12.212512932058562	0.0	434409	4860.038084803043	0.75
15305.024129705316	750	12.440290135949894	0.0	337059	3772.222796108668	0.75
15309.13270821777	750	12.331711623494808	0.0	366214	4108.578512455087	0.75
15313.488106469249	750	11.97631337201564	0.0	360831	4355.398251479169	0.75
15317.714210948936	750	11.750208892327635	0.0	372963	4226.104479688006	0.75
15322.26790077603	750	11.19651906523465	0.0	405596	4553.689827092984	0.75
15326.400553648156	750	11.06386619310735	0.0	350713	4132.652872127301	0.75
15330.948929844722	750	10.515489996542652	0.0	386472	4548.376196564698	0.75
15335.416733924294	750	10.047685916971503	0.0	399894	4467.80407957115	0.75
15340.05122223535	750	9.41319760591618	0.0	401853	4634.488311055325	0.75
15344.788964802716	750	8.675455038550462	0.0	343800	4737.742567365715	0.75
15346.487593693213	300	10.9768261480531	0.0	146754	1698.6288904973633	-0.15000000000000002
15348.265458788172	300	13.198961053095667	0.0	153938	1777.865094957433	0.3
15350.374367269931	300	15.090052571336205	0.0	181901	2108.9084817594617	0.3
15353.61431864453	750	15.850101196738413	0.0	277716	3239.9513745977933	0.3
15358.399370668481	750	15.065049172786432	0.0	400396	4785.052023951982	0.75
15363.023865754714	750	14.440554086554274	0.0	400508	4624.495086232158	0.75
15367.207302427067	750	14.257117414201335	0.0	358218	4183.436672352938	0.75
15371.915555593778	750	13.548864247490993	0.0	400322	4708.25316671034	0.75
15376.151582991788	750	13.312836849480497	0.0	369834	4236.027398010496	0.75
15380.772143546908	750	12.692276294359964	0.0	412837	4620.560555120535	0.75
15385.20858402978	750	12.255835811487689	0.0	401088	4436.4404828722745	0.75
15389.390158136814	750	12.074261704456134	0.0	365161	4181.574107031555	0.75
15393.095613993202	750	12.368805848068318	0.0	321064	3705.4558563878163	0.75
15397.294278298696	750	12.17014154257398	0.0	361565	4198.664305494338	0.75
15401.68853945569	750	11.775880385580551	0.0	378327	4394.261156993429	0.75
15406.113183623609	750	11.351236217662525	0.0	390680	4424.644167918027	0.75
15409.995161991299	750	11.469257849972673	0.0	345516	3881.9783676898523	0.75
15414.360196522393	750	11.104223318876654	0.0	384505	4365.034531096018	0.75
15418.514112068367	750	10.950307772902452	0.0	372093	4153.915545974202	0.75
15423.318185123237	750	10.146234718034618	0.0	438281	4804.073054867834	0.75
15427.83276158349	750	9.63165825778084	0.0	398987	4514.576460253778	0.75
15432.43018410099	750	9.03423574028184	0.0	393804	4597.422517499001	0.75
15433.996722157128	300	11.467697684142209	0.0	137507	1566.5380561396303	-0.15000000000000002
15435.356928424053	300	14.107491417216808	0.0	118421	1360.2062669254012	0.3

