345.71614194540336	750	4.0	5.058424492495664	450283	5058.424492495665	-21.001225317731354
347.4939473188397	300	6.222194626563667	0.0	155580	1777.8053734363327	-0.15000000000000002
349.09991668641516	300	8.616225258988212	0.0	139857	1605.969367575456	0.3
350.8758237253262	300	10.840318220077123	0.0	155432	1775.9070389110898	0.3
352.74904999894505	300	12.967091946458332	0.0	163442	1873.2262736187915	0.3
354.2151116769282	300	15.5010302684752	0.0	126289	1466.061677983132	0.3
358.15858860891694	750	15.557553336486388	0.0	352642	3943.47693198881	0.3
363.03713353710674	750	14.679008408296628	0.0	437162	4878.54492818976	0.75
367.25496299900027	750	14.461178946403091	0.0	374758	4217.829461893535	0.75
371.33213144869893	750	14.384010496704425	0.0	362795	4077.1684496986663	0.75
375.3268179873308	750	14.38932395807256	0.0	353220	3994.686538631866	0.75
379.8585014709178	750	13.857640474485503	0.0	405134	4531.683483587057	0.75
383.2656284408656	750	14.450513504537739	0.0	386351	3407.126969947764	0.75
386.36304831380005	750	15.353093631603285	0.0	434409	3097.4198729344557	0.75
389.8492995929042	750	15.866842352499193	0.0	337059	3486.251279104091	0.75
393.9264857294207	750	15.789656215982696	0.0	366214	4077.186136516497	0.75
398.10718635495357	750	15.608955590449822	0.0	360831	4180.700625532872	0.75
402.68190112205974	750	15.034240823343632	0.0	372963	4574.714767106189	0.75
406.9861020693638	750	14.730039876039521	0.0	405596	4304.20094730411	0.75
410.9538023668048	750	14.762339578598526	0.0	350713	3967.700297440996	0.75
415.3426371630265	750	14.373504782376855	0.0	386472	4388.834796221671	0.75
419.8614322461635	750	13.854709699239883	0.0	399894	4518.795083136972	0.75
424.3919461060194	750	13.32419583938394	0.0	401853	4530.513859855944	0.75
428.20048744768656	750	13.515654497716838	0.0	343800	3808.5413416671013	0.75
431.7716501217552	750	13.944491823648205	0.0	359903	3571.162674068633	0.75
435.9660361244134	750	13.75010582099006	0.0	379700	4194.386002658144	0.75
440.7278242759066	750	12.988317669496817	0.0	425781	4761.788151493244	0.75
443.84071942018085	750	13.875422525222579	0.0	277716	3112.8951442742386	0.75
448.3372385234415	750	13.3789034219619	0.0	400396	4496.51910326068	0.75
452.891477115129	750	12.824664830274376	0.0	400508	4554.238591687523	0.75
456.6089095098633	750	13.107232435540093	0.0	358218	3717.4323947342828	0.75
460.76166922537794	750	12.954472720025434	0.0	400322	4152.759715514659	0.75
464.71604563434585	750	13.000096311057561	0.0	369834	3954.3764089678734	0.75
469.31118831173393	750	12.40495363366948	0.0	412837	4595.142677388082	0.75
473.7832848278184	750	11.93285711758502	0.0	401088	4472.096516084461	0.75
475.9101800977795	300	13.805961847623937	0.0	159914	2126.895269961082	-0.15000000000000002
479.34885034747094	750	14.367291597932462	0.0	321064	3438.6702496914754	0.3
481.7119347546293	750	16.00420719077415	0.0	361565	2363.084407158314	0.75
484.40946214175904	750	17.306679803644364	0.0	378327	2697.527387129783	0.75
488.35524617318566	750	17.360895772217802	0.0	390680	3945.7840314265645	0.75
491.8636414623174	750	17.852500483086086	0.0	345516	3508.395289131719	0.75
495.7479287983682	750	17.968213147035286	0.0	384505	3884.2873360507974	0.75
499.4924374531234	750	18.223704492280078	0.0	372093	3744.5086547552078	0.75
503.8671168735713	750	17.849025071832163	0.0	438281	4374.679420447916	0.75
508.15488638109485	750	17.561255564308578	0.0	398987	4287.769507523585	0.75
512.5049207872036	750	17.21122115819989	0.0	393804	4350.034406108687	0.75
516.1281720906601	750	17.587969854743363	0.0	331053	3623.2513034565272	0.75
519.4979767656598	750	18.2181651797436	0.0	314107	3369.8046749997648	0.75

