1478.7303176364621	750	4.0	1.8053813737799762	450283	1805.3813737799762	-7.013139907253898
1479.4064645799015	300	7.323853056560677	0.0	155580	676.1469434393231	-0.15000000000000002
1480.8306958533417	750	9.899621783120416	0.0	350812	1424.231273440261	0.3
1483.0078889985712	1200	11.722428637891007	0.0	617681	2177.193145229408	0.75
1485.9099262793702	1850	12.820391357091928	0.0	996749	2902.0372807990784	1.2000000000000002
1488.2341146560516	1850	14.496202980410429	0.0	801058	2324.188376681499	1.85
1492.1353362821956	2850	14.594981354266576	0.0	1388403	3901.2216261438534	1.85
1497.9003443824824	2850	12.829973253979842	0.0	1638769	5765.008100286733	2.85
1500.5567390196318	1850	14.1735786168302	0.0	852833	2656.3946371496418	0.8500000000000001
1505.444764208829	2850	13.285553427633026	0.0	1429765	4888.025189197176	1.85
1510.5932716117284	2850	12.137046024733653	0.0	1354548	5148.507402899372	2.85
1514.1939277958022	1850	12.536389840659876	0.0	917428	3600.6561840737754	0.8500000000000001
1517.9811782323038	1850	12.749139404158354	0.0	946851	3787.2504365015225	1.85
1521.632302028961	1850	13.098015607501104	0.0	1036454	3651.1237966572508	1.85
1526.769721315511	2850	11.960596320951169	0.0	1231445	5137.419286549935	1.85
1531.0098651932615	1850	11.720452443200674	0.0	923170	4240.143877750494	0.8500000000000001
1534.7278424811702	1850	12.002475155291801	0.0	966699	3717.9772879088746	1.85
1537.452307280536	1850	13.27801035592605	0.0	885714	2724.4647993657504	1.85
1542.0581486018566	2850	12.672169034605613	0.0	1537156	4605.841321320436	1.85
1544.9410862586717	1850	13.789231377790486	0.0	923755	2882.9376568151283	0.8500000000000001
1549.3905075671305	2850	13.339810069331811	0.0	1415116	4449.421308458673	1.85
1553.6872528486272	2850	13.043064787835133	0.0	1468126	4296.745281496679	2.85
1558.5769356508356	2850	12.153381985626975	0.0	1505760	4889.682802208159	2.85
1562.175082258679	1850	12.555235377783474	0.0	874175	3598.1466078435005	0.8500000000000001
1565.4453059313314	1850	13.285011705131009	0.0	897976	3270.2236726524657	1.85
1570.5435304894993	2850	12.186787146963216	0.0	1480464	5098.224558167793	1.85
1575.0043288374104	1850	11.725988799052216	0.0	1076599	4460.798347911	0.8500000000000001
1577.719555478399	1850	13.010762158063642	0.0	758197	2715.2266409885724	1.85
1582.3529026440988	2850	12.377414992363853	0.0	1498470	4633.34716569979	1.85
1585.2997061606795	1850	13.430611475783085	0.0	975811	2946.803516580767	0.8500000000000001
1589.5042184879792	2850	13.22609914848329	0.0	1341201	4204.512327299796	1.85
1594.0624012646156	2850	12.667916371846887	0.0	1497683	4558.182776636401	2.85
1597.1648769665112	1850	13.565440669951455	0.0	885062	3102.4757018954333	0.8500000000000001
1602.2401588325176	2850	12.49015880394479	0.0	1587293	5075.281866006664	1.85
1605.3088440544743	1850	13.421473581988117	0.0	1026056	3068.6852219566745	0.8500000000000001
1609.780846372643	2850	12.949471263819468	0.0	1439896	4472.002318168647	1.85
1612.1723679179713	1850	14.557949718491216	0.0	728962	2391.521545328252	0.8500000000000001
1618.4625656326266	2850	12.26775200383574	0.0	1499009	6290.197714655477	1.85
1621.9985080381346	1850	12.731809598327747	0.0	908665	3535.942405507993	0.8500000000000001
1624.9546830326426	1850	13.775634603819611	0.0	930577	2956.174994508135	1.85
1629.4089527957547	2850	13.321364840707517	0.0	1339500	4454.269763112095	1.85
1634.457855478809	2850	12.272462157653262	0.0	1527299	5048.902683054254	2.85
1637.2457134972044	1850	13.484604139257877	0.0	886255	2787.8580183953854	0.8500000000000001
1642.880888530074	2850	11.849429106388492	0.0	1587250	5635.175032869386	1.85
1646.7934498019245	1850	11.936867834538102	0.0	958994	3912.56127185039	0.8500000000000001
1650.058712661423	1850	12.671604975039582	0.0	982064	3265.26285949852	1.85
1653.6748896197919	1850	13.055428016670637	0.0	830730	3616.176958368943	1.85
1659.1846380777197	2850	11.545679558742872	0.0	1364537	5509.748457927765	1.85

