11417.888461584485	750	4.0	6.6250675935242835	450283	6625.067593524283	-27.73779065215442
11419.516341662582	300	6.372119921904585	0.0	155580	1627.8800780954152	-0.15000000000000002
11420.987792132322	300	8.900669452164319	0.0	139857	1471.4504697402651	0.3
11424.54365288409	750	9.344808700398302	0.0	382355	3555.8607517660166	0.3
11430.489254343838	1200	7.3992072406492255	0.0	652874	5945.601459749077	0.75
11433.350182718894	750	8.538278865593632	0.0	318564	2860.9283750555924	0.3
11436.442599985523	750	9.445861598964097	0.0	352642	3092.417266629536	0.75
11443.333518064721	1200	6.55494351976728	0.0	709534	6890.918079196817	0.75
11445.005155709734	300	8.88330587475417	0.0	150710	1671.6376450131095	-0.6000000000000001
11448.602764023512	750	9.285697560977493	0.0	362795	3597.6083137766755	0.3
11454.351800014594	1200	7.5366615698927575	0.0	607410	5749.0359910847355	0.75
11458.390471804125	750	7.497989780362333	0.0	405134	4038.671789530423	0.3
11461.786257523047	750	8.102204061440636	0.0	386351	3395.7857189216966	0.75
11465.603892238973	750	8.284569345514505	0.0	434409	3817.6347159261313	0.75
11468.81856531377	750	9.069896270716859	0.0	337059	3214.673074797645	0.75
11476.726462593613	1200	5.161998990874057	0.0	587876	7907.897279842802	0.75
11478.698480113051	300	7.1899814714361865	0.0	143509	1972.0175194378708	-0.6000000000000001
11482.854904104845	750	7.03355747964388	0.0	372963	4156.423991792306	0.3
11486.295754882447	750	7.592706702040699	0.0	405596	3440.8507776031815	0.75
11489.599985393574	750	8.288476190913313	0.0	350713	3304.2305111273863	0.75
11493.49101368258	750	8.397447901908123	0.0	386472	3891.0282890051894	0.75
11496.951102513729	750	8.93735907075894	0.0	399894	3460.088831149182	0.75
11500.511677184855	750	9.376784399631168	0.0	401853	3560.5746711277743	0.75
11505.057896490995	1200	8.830565093492641	0.0	536667	4546.219306138526	0.75
11507.940369171689	750	9.948092412798804	0.0	359903	2882.472680693838	0.3
11513.519256100444	1200	8.369205484043247	0.0	590335	5578.886928755557	0.75
11516.990926024777	750	8.897535559712008	0.0	425781	3471.6699243312396	0.3
11520.057082852023	750	9.831378732464515	0.0	277716	3066.156827247492	0.75
11529.56885316513	1200	4.3196084193567765	0.0	622896	9511.770313107738	0.75
11530.936581140168	300	6.951880444320014	0.0	149029	1367.7279750367638	-0.6000000000000001
11532.376822606984	300	9.51163897750307	0.0	157421	1440.2414668169445	0.3
11541.617546530404	1200	4.270915054084118	0.0	620283	9240.723923418951	0.29999999999999993
11542.94233722828	300	6.946124356208501	0.0	143881	1324.790697875617	-0.6000000000000001
11544.424252995082	300	9.464208589405338	0.0	163444	1481.915766803162	0.3
11550.437409100457	1200	7.451052484029789	0.0	690253	6013.156105375549	0.29999999999999993
11553.889644177827	750	7.9988174066613045	0.0	365161	3452.235077368485	0.3
11557.478866501999	750	8.409595082489709	0.0	321064	3589.222324171597	0.75
11560.969025613644	750	8.91943597084409	0.0	361565	3490.159111645618	0.75
11564.134397271739	750	9.754064312747458	0.0	378327	3165.3716580966316	0.75
11569.663255986437	1200	8.225205598049701	0.0	587506	5528.858714697757	0.75
11572.82304100868	750	9.065420575808087	0.0	345516	3159.7850222416146	0.3
11578.530340792224	1200	7.358120792263715	0.0	641452	5707.299783544371	0.75
11585.332883195379	750	4.555578389108912	0.0	372093	6802.542403154803	0.3
11590.387163108346	300	4.0	0.49870152385798067	172312	5054.279912966893	-2.2944165525893165
11594.51817149474	300	4.0	0.13100838639380255	167025	4131.0083863938025	-0.2633360614933509
11596.221869471616	300	6.29630202312414	0.0	160064	1703.6979768758601	0.3
11597.507375548535	300	9.010795946203398	0.0	137507	1285.5060769207419	0.3
11604.181484238326	1200	6.336687256413301	0.0	550906	6674.108689790097	0.29999999999999993

