831.9426484835878	750	4.0	5.267585523886687	450283	5267.585523886687	-21.900617752712755
833.7881125711087	300	6.154535912479143	0.0	155580	1845.4640875208565	-0.15000000000000002
835.4551578911268	300	8.487490592461118	0.0	139857	1667.045320018026	0.3
837.3041666077456	300	10.638481875842354	0.0	155432	1849.0087166187632	0.3
839.2707300575843	300	12.67191842600365	0.0	163442	1966.563449838705	0.3
840.8084472387046	300	15.13420124488325	0.0	126289	1537.717181120399	0.3
847.5886764746226	750	12.353972008965382	0.0	352642	6780.229235917869	0.3
852.6704606807567	750	11.272187802831201	0.0	437162	5081.784206134179	0.75
854.4204566833374	300	13.52219180025047	0.0	150710	1749.9960025807316	-0.15000000000000002
856.0418593370366	300	15.90078914655136	0.0	139105	1621.4026536991087	0.3
860.1084189729191	750	15.834229510668807	0.0	353220	4066.559635882553	0.3
864.7837949742038	750	15.15885350938415	0.0	405134	4675.376001284658	0.75
869.268609402793	750	14.674039080794932	0.0	386351	4484.814428589218	0.75
874.4042953086117	750	13.538353174976272	0.0	434409	5135.685905818657	0.75
878.3977415934954	750	13.544906890092475	0.0	337059	3993.4462848837966	0.75
882.6953622703332	750	13.24728621325473	0.0	366214	4297.620676837746	0.75
886.9414698700238	750	13.001178613564203	0.0	360831	4246.107599690528	0.75
891.3624856626724	750	12.580162820915564	0.0	372963	4421.01579264864	0.75
900.541469573339	750	7.40117891024907	0.0	405596	9178.983910666495	0.75
902.1262352851543	300	9.816413198433743	0.0	140881	1584.7657118153256	-0.15000000000000002
903.9411662966291	300	12.001482186958972	0.0	157671	1814.9310114747723	0.3
905.8668386527116	300	14.075809830876553	0.0	157812	1925.6723560824198	0.3
910.6599986166555	750	13.2826498669327	0.0	401853	4793.159963943854	0.3
914.3132235116491	750	13.629424971939077	0.0	343800	3653.224894993622	0.75
916.9472896118402	750	14.995358871747817	0.0	359903	2634.066100191261	0.75
920.3611462064575	750	15.581502277130571	0.0	379700	3413.856594617244	0.75
925.4137184050751	750	14.528930078513003	0.0	425781	5052.572198617569	0.75
928.673000798123	750	15.269647685465236	0.0	277716	3259.282393047767	0.75
933.4582130579302	750	14.484435425658042	0.0	400396	4785.212259807196	0.75
938.0297240075191	750	13.912924476069037	0.0	400508	4571.510949589005	0.75
942.1674527246163	750	13.775195758971797	0.0	358218	4137.72871709724	0.75
946.8877176168152	750	13.054930866772894	0.0	400322	4720.264892198901	0.75
951.1421703835478	750	12.800478100040209	0.0	369834	4254.452766732686	0.75
955.6407158081499	750	12.301932675438085	0.0	412837	4498.5454246021245	0.75
959.9662644862841	750	11.97638399730383	0.0	401088	4325.548678134256	0.75
963.9104577663195	750	12.032190717268444	0.0	365161	3944.193280035387	0.75
967.6060253788087	750	12.336623104779205	0.0	321064	3695.56761248924	0.75
971.8383454410653	750	12.104303042522654	0.0	361565	4232.320062256551	0.75
976.2141349399803	750	11.728513543607516	0.0	378327	4375.789498915137	0.75
980.5542573933209	750	11.388391090266927	0.0	390680	4340.12245334059	0.75
984.2610223087506	750	11.681626174837227	0.0	345516	3706.7649154297005	0.75
988.3688552697041	750	11.573793213883723	0.0	384505	4107.832960953503	0.75
992.2938997065312	750	11.648748777056667	0.0	372093	3925.044436827056	0.75
996.8590685895985	750	11.083579893989466	0.0	438281	4565.168883067201	0.75
998.6490769246412	300	13.293571558946594	0.0	167025	1790.0083350428722	-0.15000000000000002
1002.8943599292868	750	13.048288554301056	0.0	393804	4245.283004645538	0.3
1006.5994538626179	750	13.343194620969888	0.0	331053	3705.0939333311694	0.75
1010.2186707170724	750	13.723977766515388	0.0	314107	3619.2168544545	0.75

