32744.385424607655	750	4.0	2.3160784367766603	450283	2316.07843677666	-9.20913727813964
32745.23802557903	300	7.147399028624859	0.0	155580	852.6009713751415	-0.15000000000000002
32747.060136981334	750	9.325287626323432	0.0	350812	1822.1114023014277	0.3
32750.02670729849	1200	10.358717309165828	0.0	617681	2966.570317157604	0.75
32753.61743324697	1200	10.767991360688379	0.0	652874	3590.7259484774504	1.2
32757.72178560447	1200	10.663639003188438	0.0	520315	4104.35235749994	1.2
32760.52761408001	1200	11.857810527649901	0.0	561791	2805.8284755385366	1.2
32765.660151905067	1850	10.725272702590447	0.0	1060487	5132.537825059455	1.2000000000000002
32768.964450333275	1200	11.420974274386406	0.0	584846	3304.2984282040397	0.5499999999999999
32776.25319601805	1850	8.132228589608731	0.0	913888	7288.745684777676	1.2000000000000002
32779.1153255116	750	9.270099096058676	0.0	353220	2862.1294935500555	-0.3500000000000001
32785.146549202844	1200	7.238875404811165	0.0	594078	6031.22369124751	0.75
32789.2503524204	750	7.135072187257991	0.0	386351	4103.803217553173	0.3
32791.368774639675	750	9.016649967977646	0.0	434409	2118.4222192803463	0.75
32794.41984945876	1200	9.96557514889408	0.0	526950	3051.074819083566	0.75
32798.94667148525	1200	9.438753122401067	0.0	587876	4526.822026493014	1.2
32802.02657300604	1200	10.358851601611109	0.0	617242	3079.901520789958	1.2
32805.85958869009	1200	10.52583591756616	0.0	581493	3833.0156840449486	1.2
32811.03436740161	1200	9.351057206038707	0.0	639204	5174.778711527453	1.2
32814.903993778214	1200	9.481430829439574	0.0	586839	3869.626376599133	1.2
32817.79891086749	1200	10.58651374016633	0.0	601738	2894.9170892732445	1.2
32820.793105411794	1200	11.59231919585735	0.0	616206	2994.194544308981	1.2
32825.43198708204	1850	10.953437525612062	0.0	968026	4638.881670245289	1.2000000000000002
32827.99256807381	1200	12.392856533845583	0.0	536667	2560.580991766479	0.5499999999999999
32832.200037088354	1850	12.185387519297569	0.0	897976	4207.469014548015	1.2000000000000002
32838.04443665997	1850	10.34098794768317	0.0	905935	5844.399571614397	1.85
32842.67437681169	1200	9.711047795967643	0.0	696376	4629.940151715527	0.5499999999999999
32845.44358957987	1200	10.941835027780215	0.0	487160	2769.212768187428	1.2
32848.50883137271	1200	11.876593234941462	0.0	622896	3065.241792838752	1.2
32853.17401498434	1850	11.211409623314053	0.0	975811	4665.183611627409	1.2000000000000002
32857.489040672925	1850	10.896383934724465	0.0	873429	4315.025688589586	1.85
32860.71199884951	1200	11.673425758141478	0.0	620283	3222.9581765829867	0.5499999999999999
32865.41243519452	1850	10.972989413127804	0.0	885062	4700.436345013675	1.2000000000000002
32868.56568395908	1200	11.819740648568153	0.0	670129	3153.248764559651	0.5499999999999999
32873.528455054424	1850	10.856969553227751	0.0	1026056	4962.771095340402	1.2000000000000002
32876.4356967976	1200	11.949727810049863	0.0	598727	2907.241743177889	0.5499999999999999
32879.896292338635	1850	12.489132269016528	0.0	728962	3460.595541033335	1.2000000000000002
32884.441992927714	1850	11.943431679935445	0.0	938587	4545.700589081081	1.85
32888.72134441732	1850	11.66408019033345	0.0	908665	4279.351489601994	1.85
32893.086167968984	1850	11.299256638666096	0.0	930577	4364.823551667354	1.85
32897.177537015545	1850	11.20788759210529	0.0	858450	4091.369046560805	1.85
32903.2711465435	1850	9.114278064150309	0.0	1025005	6093.609527954982	1.85
32907.03458497587	1200	9.350839631785941	0.0	599477	3763.438432364369	0.5499999999999999
32910.06665123241	1200	10.318773375240204	0.0	634861	3032.0662565457365	1.2
32913.1300494052	1200	11.255375202450969	0.0	630203	3063.3981727892356	1.2
32918.195055307064	1850	10.190369300583914	0.0	982064	5065.0059018670545	1.2000000000000002
32921.160551480345	1200	11.224873127303963	0.0	538612	2965.496173279952	0.5499999999999999
32925.18862689737	1850	11.196797710279837	0.0	846370	4028.075417024125	1.2000000000000002

