40631.74787544609	750	4.0	8.129839025422095	450283	8129.839025422095	-34.20830780931501
40634.791866354746	300	4.9560090913431685	0.0	155580	3043.9909086568314	-0.15000000000000002
40637.78034812683	300	5.967527319264911	0.0	139857	2988.481772078257	0.3
40640.753153067686	300	6.994722378409193	0.0	155432	2972.8049408557185	0.3
40643.69644060062	300	8.05143484546587	0.0	163442	2943.2875329433236	0.3
40649.45417704932	750	6.293698396768136	0.0	318564	5757.736448697734	0.3
40652.7278112392	300	7.020064206892786	0.0	153295	3273.6341898753494	-0.15000000000000002
40660.736382019146	750	4.0	0.9885065730554361	437162	8008.5707799482225	-3.9505782641383753
40663.54275352638	300	5.193628492762118	0.0	150710	2806.3715072378827	-0.15000000000000002
40666.39699990902	300	6.3393821101241805	0.0	139105	2854.246382637937	0.3
40669.42725951793	300	7.309122501214537	0.0	141840	3030.2596089096432	0.3
40676.6706540097	750	4.0657280094421235	0.0	405134	7243.394491772413	0.3
40679.56168199499	300	5.174700024153391	0.0	160746	2891.0279852887334	-0.15000000000000002
40682.84663886679	300	5.889743152356382	0.0	179801	3284.9568717970087	0.3
40685.40826226353	300	7.328119755618547	0.0	140051	2561.6233967378353	0.3
40692.19964153722	750	4.536740481929634	0.0	366214	6791.379273688913	0.3
40695.19219883298	300	5.544183186166221	0.0	143509	2992.557295763413	-0.15000000000000002
40697.954313623224	300	6.782068395923471	0.0	150616	2762.1147902427515	0.3
40701.11579635545	300	7.620585663705673	0.0	165384	3161.482732217797	0.3
40708.03542449709	750	4.7009575220671564	0.0	350713	6919.628141638516	0.3
40711.07484695374	300	5.6615350654137275	0.0	157671	3039.4224566534294	-0.15000000000000002
40714.50891758631	300	6.227464432845956	0.0	157812	3434.0706325677706	0.3
40717.61404254782	300	7.122339471338741	0.0	163927	3105.124961507216	0.3
40723.73154700779	750	5.0048350113724265	0.0	343800	6117.504459966314	0.3
40726.434280947775	300	6.302101071385879	0.0	146754	2702.7339399865477	-0.15000000000000002
40729.36473919536	300	7.37164282380905	0.0	153938	2930.458247576829	0.3
40737.7118406152	750	4.0	0.9754585960351269	425781	8347.101419844177	-3.8944719629510454
40740.18592040727	300	5.525920207929885	0.0	111155	2474.079792070115	-0.15000000000000002
40743.13003539631	300	6.581805218884466	0.0	153605	2944.114989045419	0.3
40745.87893586211	300	7.83290475308183	0.0	149029	2748.9004658026365	0.3
40752.25692541134	750	5.454915203849947	0.0	358218	6377.989549231883	0.3
40755.13118007472	300	6.580660540471289	0.0	157488	2874.254663378658	-0.15000000000000002
40757.87006087964	300	7.84177973555562	0.0	143881	2738.880804915669	0.3
40765.46314251278	750	4.248698102412284	0.0	412837	7593.081633143335	0.3
40768.76590293325	300	4.945937681950312	0.0	179328	3302.7604204619715	-0.15000000000000002
40771.73596545329	300	5.975875161910995	0.0	159914	2970.0625200393174	0.3
40774.13304189823	300	7.578798716962247	0.0	131610	2397.0764449487483	0.3
40780.57132228973	750	5.140518325460295	0.0	361565	6438.280391501951	0.3
40783.44982001107	300	6.262020604120642	0.0	144254	2878.4977213396533	-0.15000000000000002
40786.64523353563	300	7.066607079558676	0.0	149991	3195.413524561966	0.3
40793.581955487934	750	4.129885127252396	0.0	345516	6936.72195230628	0.3
40796.52536601001	300	5.186474605182444	0.0	161857	2943.410522069952	-0.15000000000000002
40799.61631129825	300	6.095529316948968	0.0	145210	3090.945288233475	0.3
40803.169909190496	300	6.541931424692505	0.0	172312	3553.5978922564636	0.3
40806.21431239193	300	7.497528223261284	0.0	167025	3044.40320143122	0.3
40813.206428563775	750	4.5054120514204845	0.0	393804	6992.1161718408	0.3
40815.74370814082	300	5.96813247437272	0.0	137507	2537.2795770477646	-0.15000000000000002
40818.0266906557	300	7.685149959495062	0.0	118421	2282.9825148776576	0.3

