41868.69630845921	750	4.0	8.711825687979621	450283	8711.82568797962	-36.71085045831237
41871.738260969105	300	4.958047490108818	0.0	155580	3041.9525098911818	-0.15000000000000002
41874.48346535632	300	6.212843102889344	0.0	139857	2745.2043872194745	0.3
41877.74682022483	300	6.949488234383654	0.0	155432	3263.354868505689	0.3
41881.18118522849	300	7.515123230726101	0.0	163442	3434.365003657553	0.3
41883.69197775657	300	9.00433070264769	0.0	126289	2510.792528078412	0.3
41886.85937265161	300	9.836935807598676	0.0	153295	3167.394895049014	0.3
41890.66916784081	300	10.027140618403866	0.0	173849	3809.795189194811	0.3
41893.66263824348	300	11.033670215738033	0.0	150710	2993.4704026658324	0.3
41896.44140756337	300	12.25490089584944	0.0	139105	2778.769319888593	0.3
41899.30425374166	300	13.392054717554227	0.0	141840	2862.846178295213	0.3
41902.4233677507	300	14.272940708520208	0.0	156148	3119.1140090340195	0.3
41905.605850667314	300	15.09045779190139	0.0	160746	3182.4829166188174	0.3
41914.12490490764	750	10.571403551570048	0.0	434409	8519.054240331341	0.3
41916.93590088491	300	11.760407574300306	0.0	140051	2810.9959772697443	-0.15000000000000002
41919.70302899282	300	12.993279466386213	0.0	138313	2767.128107914092	0.3
41922.57660189244	300	14.119706566767135	0.0	143509	2873.5728996190774	0.3
41925.59586575434	300	15.10044270487054	0.0	150616	3019.263861896595	0.3
41928.90238174114	300	15.793926718060797	0.0	165384	3306.5159868097426	0.3
41935.499035401794	750	13.197273057413886	0.0	350713	6596.653660646911	0.3
41943.00353882004	750	9.692769639160783	0.0	386472	7504.503418253103	0.75
41946.18107736704	300	10.5152310921649	0.0	157812	3177.538546995881	-0.15000000000000002
41949.45835769112	300	11.237950768083005	0.0	163927	3277.2803240818953	0.3
41952.22353278274	300	12.472775676466904	0.0	137654	2765.1750916161004	0.3
41955.19781355384	300	13.498494905356859	0.0	146754	2974.280771110047	0.3
41958.28378205945	300	14.412526399739999	0.0	153938	3085.968505616858	0.3
41966.567929226585	750	10.128379232610689	0.0	425781	8284.147167129311	0.3
41968.77970852429	300	11.916599934901166	0.0	111155	2211.7792977095237	-0.15000000000000002
41971.799557225575	300	12.896751233615047	0.0	153605	3019.8487012861183	0.3
41974.70497104114	300	13.991337418060402	0.0	149029	2905.4138155546443	0.3
41981.701086244386	750	10.995222214806898	0.0	358218	6996.115203253505	0.3
41984.65707676972	300	12.039231689482568	0.0	157488	2955.9905253243305	-0.15000000000000002
41987.303033714714	300	13.393274744489174	0.0	143881	2645.956944993394	0.3
41990.31728582172	300	14.379022637480315	0.0	163444	3014.252107008859	0.3
41997.523755470385	750	11.172552988816685	0.0	401088	7206.4696486636285	0.3
42000.65250753846	300	12.043800920742665	0.0	159914	3128.75206807402	-0.15000000000000002
42003.264534903086	300	13.43177355611529	0.0	131610	2612.027364627375	0.3
42005.75817112739	300	14.938137331816899	0.0	124011	2493.636224298393	0.3
42008.61905586077	300	16.0772525984319	0.0	144254	2860.8847333849976	0.3
42015.966542215574	750	12.729766243632392	0.0	390680	7347.486354799509	0.3
42022.16498249241	750	10.531325966794007	0.0	345516	6198.440276838384	0.75
42025.045797293744	300	11.650511165460554	0.0	161857	2880.8148013334535	-0.15000000000000002
42027.65248544825	300	13.043823010953425	0.0	145210	2606.6881545071283	0.3
42030.69716424657	300	13.999144212629616	0.0	172312	3044.6787983238087	0.3
42033.64023560737	300	15.05607285184247	0.0	167025	2943.0713607871453	0.3
42036.495603489166	300	16.200704970036274	0.0	160064	2855.367881806198	0.3
42042.73627914155	750	13.960029317655131	0.0	331053	6240.675652381142	0.3
42049.23652486355	750	11.459783595657983	0.0	314107	6500.2457219971475	0.75

