8289.509193503394	750	4.0	2.0142359643261103	450283	2014.2359643261104	-7.911214646602273
8291.302558271575	750	6.206635231818803	0.0	398865	1793.364768181197	0.75
8292.917407446203	750	8.591786057190452	0.0	350812	1614.8491746283507	0.75
8294.93636419614	750	10.572829307252258	0.0	382355	2018.956749938196	0.75
8297.103427210777	750	12.405766292615823	0.0	411561	2167.063014636434	0.75
8298.671116963105	750	14.838076540287178	0.0	318564	1567.6897523286436	0.75
8300.262067856516	750	17.24712564687676	0.0	352642	1590.9508934104185	0.75
8302.215158170391	750	19.294035333002956	0.0	437162	1953.0903138738024	0.75
8303.84323415037	750	21.665959353023798	0.0	374758	1628.0759799791613	0.75
8307.509912070931	1850	21.999281432462848	0.0	913888	3666.677920560948	0.75
8311.162350537625	1850	22.34684296576881	0.0	939819	3652.438466694038	1.85
8314.756238216683	1850	22.752955286710357	0.0	917428	3593.887679058453	1.85
8318.568752456276	1850	22.940441047116963	0.0	946851	3812.5142395933954	1.85
8322.854543243187	1850	22.654650260206072	0.0	1036454	4285.790786910889	1.85
8326.38149476386	1850	23.127698739533137	0.0	821631	3526.9515206729334	1.85
8330.589171005004	1850	22.920022498390896	0.0	923170	4207.676241142243	1.85
8335.242201773723	1850	22.266991729671915	0.0	966699	4653.030768718981	1.85
8339.297326911937	1850	22.21186659145512	0.0	885714	4055.125138216795	1.85
8343.256104032993	1850	22.25308947039983	0.0	987708	3958.7771210552924	1.85
8347.074237861163	1850	22.434955642228907	0.0	923755	3818.1338281709204	1.85
8350.80375303991	1850	22.705440463481768	0.0	891604	3729.5151787471373	1.85
8354.766579788142	1850	22.742613715251235	0.0	955231	3962.8267482305337	1.85
8358.505711007849	1850	23.003482495544922	0.0	968026	3739.1312197063116	1.85
8361.930267025644	1850	23.5789264777503	0.0	874175	3424.5560177946218	1.85
8365.653963462395	1850	23.8552300409978	0.0	897976	3723.6964367525024	1.85
8369.875615226401	1850	23.633578276991145	0.0	905935	4221.65176400665	1.85
8374.352684286763	1850	23.156509216630177	0.0	1076599	4477.069060360968	1.85
8377.792125134754	1850	23.717068368639506	0.0	758197	3439.4408479906706	1.85
8382.27361959579	1850	23.23557390760354	0.0	972798	4481.494461035963	1.85
8386.63096281421	1850	22.878230689183948	0.0	975811	4357.343218419596	1.85
8390.296137899439	1850	23.213055603956747	0.0	873429	3665.1750852272007	1.85
8394.013647289019	1850	23.49554621437574	0.0	954453	3717.509389581005	1.85
8397.65061265315	1850	23.858580850245072	0.0	885062	3636.9653641306672	1.85
8401.894342806043	1850	23.61485069735065	0.0	1035329	4243.73015289442	1.85
8405.972234844263	1850	23.536958659130036	0.0	1026056	4077.892038220617	1.85
8409.734383299257	1850	23.774810204135388	0.0	943942	3762.1484549946476	1.85
8412.796267332722	1850	24.712926170671405	0.0	728962	3061.8840334639817	1.85
8416.673892816465	1850	24.83530068692792	0.0	938587	3877.6254837434853	1.85
8420.235099819298	1850	25.27409368409557	0.0	908665	3561.207002832349	1.85
8425.935110008764	1850	23.57408349462708	0.0	930577	5700.010189468494	1.85
8429.420404796887	1850	24.088788706504236	0.0	858450	3485.2947881228415	1.85
8434.022117579123	1850	23.48707592426931	0.0	1025005	4601.712782234923	1.85
8437.926154591516	1850	23.583038911877527	0.0	886255	3904.0370123917824	1.85
8441.903033790784	1850	23.60615971260968	0.0	973972	3976.8791992678466	1.85
8445.645965567775	1850	23.86322793561831	0.0	958994	3742.9317769913737	1.85
8449.559380807103	1850	23.9498126962915	0.0	982064	3913.4152393268137	1.85
8452.983496753293	1850	24.525696750099154	0.0	830730	3424.115946192343	1.85
8456.59282928835	1850	24.916364215044062	0.0	846370	3609.3325350550963	1.85

