43149.54001248189	750	4.0	4.6858260580381055	450283	4685.826058038106	-19.399052049563853
43151.12375500682	300	6.416257475068406	0.0	155580	1583.742524931594	-0.15000000000000002
43152.52958845786	300	9.01042402402604	0.0	139857	1405.833451042365	0.3
43154.08307169404	300	11.456940787846108	0.0	155432	1553.4832361799329	0.3
43155.749534964685	300	13.790477517194471	0.0	163442	1666.4632706516375	0.3
43159.09360861444	750	14.446403867436826	0.0	318564	3344.0736497576454	0.3
43162.73969559446	750	14.800316887418434	0.0	352642	3646.0869800183923	0.75
43167.24890019537	750	14.29111228650092	0.0	437162	4509.204600917514	0.75
43171.300049898746	750	14.2399625831342	0.0	374758	4051.14970336672	0.75
43175.821901458905	750	13.718111022976935	0.0	362795	4521.851560157265	0.75
43179.457608683835	750	14.082403798049535	0.0	353220	3635.7072249273983	0.75
43183.49438008099	750	14.045632400887577	0.0	405134	4036.7713971619596	0.75
43187.35352129882	750	14.186491183062731	0.0	386351	3859.1412178248456	0.75
43191.798809712986	750	13.741202768898615	0.0	434409	4445.288414164117	0.75
43195.289018236785	750	14.250994245097287	0.0	337059	3490.2085238013274	0.75
43199.216793170235	750	14.323219311649645	0.0	366214	3927.7749334476416	0.75
43203.029502626865	750	14.510509855019606	0.0	360831	3812.7094566300407	0.75
43206.83486300266	750	14.705149479225236	0.0	372963	3805.360375794369	0.75
43210.76001130505	750	14.780001176834425	0.0	405596	3925.148302390811	0.75
43214.42120277092	750	15.118809710967808	0.0	350713	3661.191465866618	0.75
43218.457453511684	750	15.082558970201054	0.0	386472	4036.2507407667536	0.75
43222.54342821843	750	14.996584263453569	0.0	399894	4085.9747067474846	0.75
43226.551909568916	750	14.988102912969367	0.0	401853	4008.4813504842014	0.75
43230.185550100534	750	15.354462381348464	0.0	343800	3633.6405316209043	0.75
43233.83341058941	750	15.706601892468568	0.0	359903	3647.8604888798964	0.75
43237.564453134764	750	15.975559347112451	0.0	379700	3731.042545356115	0.75
43241.810547606496	750	15.72946487538394	0.0	425781	4246.094471728514	0.75
43244.28070722107	750	17.25930526081245	0.0	277716	2470.159614571489	0.75
43247.82123808639	750	17.718774395487433	0.0	400396	3540.530865325018	0.75
43251.61248433946	750	17.927528142421863	0.0	400508	3791.246253065568	0.75
43255.09164538021	750	18.448367101666364	0.0	358218	3479.1610407554963	0.75
43259.04508355143	750	18.494928930449014	0.0	400322	3953.4381712173517	0.75
43262.80897640109	750	18.731036080785497	0.0	369834	3763.892849663514	0.75
43267.47693035063	750	18.06308213124652	0.0	412837	4667.9539495389745	0.75
43271.55329631123	750	17.986716170647554	0.0	401088	4076.3659605989687	0.75
43275.27347806137	750	18.266534420506385	0.0	365161	3720.181750141168	0.75
43278.58337522723	750	18.956637254652602	0.0	321064	3309.897165853779	0.75
43282.393946405	750	19.146066076878476	0.0	361565	3810.571177774126	0.75
43286.19255659242	750	19.347455889462093	0.0	378327	3798.610187416382	0.75
43290.0568362106	750	19.483176271280602	0.0	390680	3864.2796181814933	0.75
43293.45759366509	750	20.082418816799294	0.0	345516	3400.757454481306	0.75
43297.18667218391	750	20.35334029797849	0.0	384505	3729.0785188208033	0.75
43300.784507844364	750	20.755504637519607	0.0	372093	3597.8356604588835	0.75
43305.87505268021	750	19.66495980167445	0.0	438281	5090.544835845156	0.75
43310.59803805045	750	18.941974431433184	0.0	398987	4722.985370241266	0.75
43314.444585739235	750	19.095426742647486	0.0	393804	3846.547688785697	0.75
43317.80830051391	750	19.731711967961914	0.0	331053	3363.7147746855712	0.75
43320.974856143184	750	20.565156338696912	0.0	314107	3166.555629265001	0.75

