10407.70029990192	750	4.0	1.8230266382886728	450283	1823.0266382886728	-7.089014544641293
10408.382543567317	300	7.3177563346052334	0.0	155580	682.2436653947667	-0.15000000000000002
10409.820522129758	750	9.87977777216489	0.0	350812	1437.9785624403448	0.3
10411.39145367843	750	12.308846223490512	0.0	382355	1570.9315486743772	0.75
10413.158887689528	750	14.541412212394768	0.0	411561	1767.4340110957455	0.75
10416.518990373575	1850	15.181309528345212	0.0	801058	3360.1026840495556	0.75
10420.215490005392	1850	15.484809896529129	0.0	905515	3696.499631816083	1.85
10424.791085821906	1850	14.909214080015346	0.0	1060487	4575.595816513781	1.85
10428.707655315724	1850	14.992644586198002	0.0	852833	3916.5694938173433	1.85
10437.94170895222	1850	9.758590949702027	0.0	913888	9234.053636495975	1.85
10439.55688699177	750	12.143412910153982	0.0	353220	1615.1780395480457	-0.3500000000000001
10441.397695609272	750	14.302604292651411	0.0	405134	1840.8086175025705	0.75
10443.445091031372	750	16.255208870550717	0.0	386351	2047.3954221006934	0.75
10445.852130845213	750	17.848169056710045	0.0	434409	2407.0398138406717	0.75
10447.642304102019	750	20.057995799904784	0.0	337059	1790.173256805259	0.75
10451.95330321593	1850	19.746996685993793	0.0	923170	4310.999113910991	0.75
10456.48666909362	1850	19.213630808304472	0.0	966699	4533.365877689319	1.85
10460.742646295406	1850	18.957653606518694	0.0	885714	4255.9772017857795	1.85
10465.188954917729	1850	18.511344984196526	0.0	987708	4446.308622322165	1.85
10469.350265152078	1850	18.350034749847683	0.0	923755	4161.310234348841	1.85
10473.467844352072	1850	18.232455549853793	0.0	891604	4117.579199993892	1.85
10477.594033456562	1850	18.106266445363882	0.0	955231	4126.189104489909	1.85
10482.944600653358	1850	16.755699248568668	0.0	968026	5350.567196795216	1.85
10489.115326552126	1850	14.584973349800046	0.0	874175	6170.725898768623	1.85
10492.729183766902	1850	14.971116135024232	0.0	897976	3613.857214775814	1.85
10496.823408953476	1850	14.876890948448823	0.0	905935	4094.225186575409	1.85
10501.568485950611	1850	14.131813951314722	0.0	1076599	4745.076997134102	1.85
10504.921114107005	1850	14.7791857949208	0.0	758197	3352.6281563939237	1.85
10509.400615564677	1850	14.29968433725077	0.0	972798	4479.501457670029	1.85
10514.68874859718	1850	13.011551304747194	0.0	975811	5288.133032503577	1.85
10519.58187392853	1850	12.118425973396922	0.0	873429	4893.125331350271	1.85
10523.876836090507	1850	11.823463811420938	0.0	954453	4294.9621619759855	1.85
10528.047799098716	1850	11.652500803211446	0.0	885062	4170.963008209492	1.85
10532.789389545713	1850	10.910910356215888	0.0	1035329	4741.590446995558	1.85
10537.458069079192	1850	10.242230822737021	0.0	1026056	4668.679533478868	1.85
10541.797588337655	1850	9.902711564274503	0.0	943942	4339.519258462518	1.85
10545.215781819981	1850	10.484518081947265	0.0	728962	3418.193482327238	1.85
10549.601579639724	1850	10.09872026220369	0.0	938587	4385.797819743574	1.85
10553.569764037562	1850	10.130535864363818	0.0	908665	3968.1843978398715	1.85
10557.938255212444	1850	9.762044689482074	0.0	930577	4368.491174881743	1.85
10562.510553020194	1850	9.189746881733488	0.0	858450	4572.297807748587	1.85
10567.333708947106	1850	8.366590954823176	0.0	1025005	4823.155926910314	1.85
10571.261964620442	1850	8.438335281488051	0.0	886255	3928.2556733351244	1.85
10575.738434917997	1850	7.961864983931441	0.0	973972	4476.470297556611	1.85
10580.317182687297	1850	7.383117214632197	0.0	958994	4578.747769299243	1.85
10584.679833412196	1850	7.020466489732356	0.0	982064	4362.650724899841	1.85
10588.960887847883	1850	6.739412054045973	0.0	830730	4281.054435686383	1.85
10593.085415339032	1850	6.614884562896507	0.0	846370	4124.527491149465	1.85

