37960.21815626048	750	4.0	0.9646382649669235	450283	964.6382649669235	-3.3979445393577707
37960.60381297251	300	7.61434328796878	0.0	155580	385.6567120312203	-0.15000000000000002
37961.37302779744	750	10.845128463048503	0.0	350812	769.2148249202755	0.3
37962.66654073962	1200	13.551615520869841	0.0	617681	1293.5129421786617	0.75
37965.70029419993	2850	14.517862060562523	0.0	1472558	3033.753460307318	1.2000000000000002
37968.33363376821	2850	15.88452249227204	0.0	1224260	2633.339568290482	2.85
37972.93918896798	4300	15.278967292510309	0.0	2157535	4605.555199761731	2.8499999999999996
37977.74832573607	4300	14.46983052441166	0.0	2290172	4809.1367680986505	4.3
37980.60815562973	2850	15.610000630753351	0.0	1348011	2859.829893658308	1.4000000000000001
37985.32181505616	4300	14.896341204324395	0.0	2169201	4713.659426428955	2.8499999999999996
37988.25536984166	2850	15.962786418830325	0.0	1354548	2933.5547854940696	1.4000000000000001
37992.75227000723	4300	15.465886253259773	0.0	2102452	4496.9001655705515	2.8499999999999996
37997.31709195388	4300	14.901064306609921	0.0	2209463	4564.821946649852	4.3
38000.48780980829	2850	15.730346452201148	0.0	1578343	3170.717854408772	1.4000000000000001
38004.71755293106	4300	15.500603329426324	0.0	2005399	4229.743122774823	2.8499999999999996
38009.25003291313	4300	14.968123347363147	0.0	2152483	4532.479982063179	4.3
38012.36081852841	2850	15.857337732076438	0.0	1491626	3110.7856152867093	1.4000000000000001
38016.55752483403	4300	15.660631426458727	0.0	2059512	4196.706305617709	2.8499999999999996
38021.022426345844	4300	15.195729914640644	0.0	2220726	4464.901511818083	4.3
38025.415784275945	4300	14.80237198454462	0.0	2156729	4393.357930096022	4.3
38028.29144265869	2850	15.926713601797633	0.0	1415116	2875.6583827469885	1.4000000000000001
38032.68390577214	4300	15.534250488348592	0.0	2176469	4392.463113449041	2.8499999999999996
38037.233773288026	4300	14.984382972454291	0.0	2221506	4549.8675158943	4.3
38040.03412784495	2850	16.18402841552935	0.0	1323990	2800.3545569249404	1.4000000000000001
38044.56966008514	4300	15.648496175347358	0.0	2186790	4535.532240181993	2.8499999999999996
38048.94044673297	4300	15.277709527508671	0.0	2105231	4370.786647838688	4.3
38053.881068310664	4300	14.337087949819386	0.0	2395588	4940.621577689285	4.3
38056.26346673939	2850	15.954689521095005	0.0	1141971	2382.39842872438	1.4000000000000001
38060.73289776531	4300	15.485258495175712	0.0	2134614	4469.431025919294	2.8499999999999996
38065.3568510297	4300	14.861305230790093	0.0	2164140	4623.95326438562	4.3
38069.653323272076	2850	14.564832988404472	0.0	1341201	4296.47224238562	1.4000000000000001
38073.78910690712	2850	14.42904935336447	0.0	1497683	4135.783635040003	2.85
38076.60648667991	2850	15.611669580573091	0.0	1358081	2817.3797727913784	2.85
38081.22613051626	4300	14.99202574422302	0.0	2286761	4619.643836350071	2.8499999999999996
38084.391017951326	2850	15.82713830915618	0.0	1492672	3164.8874350668398	1.4000000000000001
38088.92594781706	4300	15.292208443425388	0.0	2143948	4534.929865730791	2.8499999999999996
38092.93610882007	4300	15.282047440415445	0.0	1919781	4010.1610030099428	4.3
38097.35995671524	4300	14.858199545243036	0.0	2147467	4423.847895172409	4.3
38100.495972174314	2850	15.722184086169317	0.0	1427478	3136.015459073716	1.4000000000000001
38105.07214345574	4300	15.146012804745162	0.0	2146120	4576.1712814241555	2.8499999999999996
38109.47699127881	4300	14.741164981674036	0.0	2108491	4404.847823071125	4.3
38112.66701216848	2850	15.551144092004858	0.0	1527299	3190.0208896691784	1.4000000000000001
38117.053493886924	4300	15.16466237355887	0.0	2121928	4386.481718445986	2.8499999999999996
38121.590320629446	4300	14.627835631038474	0.0	2219102	4536.826742520398	4.3
38125.00907369892	2850	15.209082561562296	0.0	1464921	3418.753069476178	1.4000000000000001
38130.170183597445	4300	14.047972663037294	0.0	2246506	5161.109898525004	2.8499999999999996
38132.77208165824	2850	15.446074602249597	0.0	1231456	2601.898060787697	1.4000000000000001
38137.25204101694	4300	14.96611524355042	0.0	2155012	4479.959358699177	2.8499999999999996

