30100.57879900622	750	4.0	1.4466506072328762	450283	1446.6506072328762	-5.470597611101367
30101.869391221455	750	6.709407784762158	0.0	398865	1290.5922152378419	0.75
30103.014138131344	750	9.56466087487531	0.0	350812	1144.7469098868482	0.75
30104.254620967535	750	12.324178038684455	0.0	382355	1240.4828361908542	0.75
30105.82120467343	750	14.75759433278815	0.0	411561	1566.5837058963034	0.75
30107.086401929362	750	17.492397076852182	0.0	318564	1265.1972559359688	0.75
30110.512608268673	1850	18.066190737540207	0.0	905515	3426.2063393119743	0.75
30114.431837966033	1850	18.146961040182372	0.0	1060487	3919.229697357832	1.85
30117.97747270681	1850	18.601326299406615	0.0	852833	3545.63474077576	1.85
30121.763603965785	1850	18.815195040432116	0.0	913888	3786.131258974499	1.85
30125.58629220277	1850	18.992506803446418	0.0	939819	3822.688236985697	1.85
30129.268891559484	1850	19.30990744673267	0.0	917428	3682.5993567137475	1.85
30133.324920487903	1850	19.25387851831621	0.0	946851	4056.0289284164587	1.85
30137.58079352671	1850	18.998005479504997	0.0	1036454	4255.873038811212	1.85
30140.802425451362	1850	19.77637355485819	0.0	821631	3221.631924646807	1.85
30144.270481130206	1850	20.308317876012776	0.0	923170	3468.0556788454105	1.85
30148.23797174471	1850	20.34082726150458	0.0	966699	3967.4906145081977	1.85
30152.133528055398	1850	20.445270950820298	0.0	885714	3895.556310684282	1.85
30156.698159657233	1850	19.880639348984577	0.0	987708	4564.631601835722	1.85
30161.148745105165	1850	19.43005390105101	0.0	923755	4450.585447933567	1.85
30165.70925136593	1850	18.86954764028644	0.0	891604	4560.5062607645705	1.85
30170.276787606857	1850	18.30201139935796	0.0	955231	4567.536240928481	1.85
30174.748055179665	1850	17.83074382655041	0.0	968026	4471.267572807549	1.85
30178.728274465575	1850	17.850524540641594	0.0	874175	3980.2192859088163	1.85
30182.95461620735	1850	17.624182798866634	0.0	897976	4226.34174177496	1.85
30187.355355245447	1850	17.223443760766713	0.0	905935	4400.739038099921	1.85
30192.235711981535	1850	16.343087024680905	0.0	1076599	4880.356736085806	1.85
30195.52646019639	1850	17.052338809825017	0.0	758197	3290.748214855889	1.85
30199.853353919858	1850	16.725445086359493	0.0	972798	4326.893723465523	1.85
30204.386354462724	1850	16.192444543491455	0.0	975811	4533.000542868038	1.85
30208.40596522742	1850	16.172833778797646	0.0	873429	4019.61076469381	1.85
30212.578467733965	1850	16.000331272251277	0.0	954453	4172.502506546369	1.85
30216.286206824545	1850	16.29259218166893	0.0	885062	3707.739090582347	1.85
30220.783855528294	1850	15.794943477918235	0.0	1035329	4497.648703750697	1.85
30225.17866359683	1850	15.400135409382282	0.0	1026056	4394.808068535953	1.85
30229.17569410296	1850	15.403104903250732	0.0	943942	3997.0305061315485	1.85
30232.290075907888	1850	16.288723098326116	0.0	728962	3114.381804924617	1.85
30236.836055411964	1850	15.742743594248939	0.0	938587	4545.979504077178	1.85
30240.973343900627	1850	15.605455105586305	0.0	908665	4137.288488662635	1.85
30245.433985984546	1850	15.144813021671242	0.0	930577	4460.642083915063	1.85
30249.59433807962	1850	14.984460926597544	0.0	858450	4160.352095073698	1.85
30254.466752078886	1850	14.112046927330839	0.0	1025005	4872.413999266704	1.85
30258.703747917003	1850	13.87505108921486	0.0	886255	4236.9958381159795	1.85
30263.426383050162	1850	13.152415956056446	0.0	973972	4722.635133158414	1.85
30267.93503836763	1850	12.64376063858927	0.0	958994	4508.655317467175	1.85
30271.986984383624	1850	12.591814622594432	0.0	982064	4051.9460159948376	1.85
30275.766989939562	1850	12.811809066655206	0.0	830730	3780.0055559392267	1.85
30279.768130034627	1850	12.810668971594222	0.0	846370	4001.140095060984	1.85

