3226.690698041514	750	4.0	5.95041834428598	450283	5950.41834428598	-24.836798880429715
3228.938768061341	300	5.751929980173405	0.0	155580	2248.070019826595	-0.15000000000000002
3230.9677317376672	300	7.722966303846833	0.0	139857	2028.9636763265723	0.3
3233.0158497109223	300	9.674848330591875	0.0	155432	2048.117973254957	0.3
3235.1641797595375	300	11.526518281976779	0.0	163442	2148.3300486150956	0.3
3236.8713795025856	300	13.819318538928313	0.0	126289	1707.1997430484655	0.3
3238.98184543223	300	15.708852609284332	0.0	153295	2110.4659296439813	0.3
3244.7671064673546	750	13.92359157415976	0.0	437162	5785.261035124571	0.3
3249.69207069819	750	12.998627343324477	0.0	374758	4924.964230835283	0.75
3254.6136097258614	750	12.077088315653356	0.0	362795	4921.539027671121	0.75
3259.582385100439	750	11.108312941075983	0.0	353220	4968.775374577374	0.75
3265.142224346887	750	9.548473694627901	0.0	405134	5559.839246448081	0.75
3267.345418645205	300	11.345279396309564	0.0	160746	2203.194298318337	-0.15000000000000002
3269.7763297244164	300	12.914368317097999	0.0	179801	2430.9110792115666	0.3
3271.6875066786865	300	15.003191362828227	0.0	140051	1911.1769542697712	0.3
3276.699472705989	750	13.991225335525682	0.0	366214	5011.966027302546	0.3
3281.8500240566214	750	12.840673984893597	0.0	360831	5150.551350632086	0.75
3287.141478051688	750	11.549219989827023	0.0	372963	5291.453995066574	0.75
3292.5280369454217	750	10.162661096093492	0.0	405596	5386.558893733531	0.75
3294.4875482265948	300	12.203149814920074	0.0	140881	1959.5112811734189	-0.15000000000000002
3296.6710570263185	300	14.019641015196235	0.0	157671	2183.508799723839	0.3
3299.0014692407644	300	15.689228800750236	0.0	157812	2330.4122144459993	0.3
3304.880073674821	750	13.810624366693967	0.0	401853	5878.60443405627	0.3
3309.608656021907	750	13.082042019608009	0.0	343800	4728.582347085958	0.75
3314.423487196752	750	12.267210844762946	0.0	359903	4814.831174845061	0.75
3319.72457206969	750	10.966125971824873	0.0	379700	5301.084872938073	0.75
3325.673851285404	750	9.016846756110874	0.0	425781	5949.279215713998	0.75
3327.2355541940065	300	11.45514384750827	0.0	111155	1561.7029086026048	-0.15000000000000002
3329.3347690302603	300	13.355929011254519	0.0	153605	2099.2148362537496	0.3
3331.358107926786	300	15.332590114729078	0.0	149029	2023.338896525442	0.3
3336.2225310628532	750	14.468166978661895	0.0	358218	4864.423136067183	0.3
3341.8702321313767	750	12.820465910137868	0.0	400322	5647.701068524027	0.75
3347.0668292599166	750	11.623868781598256	0.0	369834	5196.597128539612	0.75
3352.6715562116465	750	10.019141829868138	0.0	412837	5604.726951730118	0.75
3355.0801255381025	300	11.610572503412543	0.0	179328	2408.569326455595	-0.15000000000000002
3357.2134063348185	300	13.477291706696349	0.0	159914	2133.280796716194	0.3
3359.002649236409	300	15.688048805105542	0.0	131610	1789.2429015908076	0.3
3364.0472960690545	750	14.643401972460156	0.0	361565	5044.646832645385	0.3
3369.364478543783	750	13.326219497731483	0.0	378327	5317.182474728675	0.75
3374.5781201253094	750	12.112577916205147	0.0	390680	5213.641581526334	0.75
3379.520777349984	750	11.169920691530438	0.0	345516	4942.657224674708	0.75
3384.6325167229543	750	10.058181318560495	0.0	384505	5111.739372969942	0.75
3386.62989142093	300	12.060806620584806	0.0	145210	1997.3746979756884	-0.15000000000000002
3388.9851250064794	300	13.705573035035693	0.0	172312	2355.2335855491137	0.3
3391.2656635254084	300	15.425034516106132	0.0	167025	2280.5385189295607	0.3
3396.5770199813414	750	14.113678060173259	0.0	393804	5311.356455932873	0.3
3401.103122119318	750	13.58757592219713	0.0	331053	4526.102137976129	0.75
3405.398200372375	750	13.292497669140005	0.0	314107	4295.078253057128	0.75

