38308.994253054356	750	4.0	3.696382719776279	450283	3696.382719776279	-15.144445695037998
38310.323771298536	300	6.670481755822908	0.0	155580	1329.518244177092	-0.15000000000000002
38311.50949858322	300	9.484754471135112	0.0	139857	1185.7272846877977	0.3
38312.81572499848	300	12.178528055873313	0.0	155432	1306.2264152617981	0.3
38316.16519743743	750	12.829055616918307	0.0	411561	3349.4724389550074	0.3
38318.88614634659	750	14.108106707769629	0.0	318564	2720.948909148677	0.75
38321.890612072646	750	15.103640981710184	0.0	352642	3004.4657260594463	0.75
38325.5982866987	750	15.395966355649563	0.0	437162	3707.6746260606196	0.75
38328.820278906365	750	16.173974147990638	0.0	374758	3221.9922076589264	0.75
38332.08380467066	750	16.910448383699627	0.0	362795	3263.5257642910105	0.75
38335.611570606765	750	17.382682447591936	0.0	353220	3527.7659361076903	0.75
38339.22152299009	750	17.772730064269858	0.0	405134	3609.9523833220774	0.75
38342.525040369685	750	18.469212684679725	0.0	386351	3303.5173795901333	0.75
38346.093287953045	750	18.90096510131914	0.0	434409	3568.2475833605845	0.75
38348.96054260563	750	20.033710448726946	0.0	337059	2867.2546525921953	0.75
38352.06605779453	750	20.92819525982064	0.0	366214	3105.5151889063036	0.75
38355.053625453074	750	21.940627601274166	0.0	360831	2987.567658546476	0.75
38358.17444278587	750	22.819810268476132	0.0	372963	3120.8173327980326	0.75
38361.60551344947	750	23.388739604885718	0.0	405596	3431.0706635904153	0.75
38365.00873214604	750	23.985520908315006	0.0	350713	3403.21869657071	0.75
38368.49993128869	750	24.4943217656629	0.0	386472	3491.1991426521076	0.75
38371.79862721033	750	25.195625844026722	0.0	399894	3298.6959216361747	0.75
38374.93892958529	750	26.055323469064394	0.0	401853	3140.3023749623276	0.75
38377.750749619314	750	27.24350343503947	0.0	343800	2811.8200340249223	0.75
38386.0307339503	1850	22.963519104058225	0.0	897976	8279.984330981246	0.75
38393.85448848694	1850	19.13976456741368	0.0	905935	7823.754536644548	1.85
38402.90592008733	1850	14.088332967023868	0.0	1076599	9051.431600389807	1.85
38405.31062824162	750	15.683624812734335	0.0	277716	2404.7081542895335	-0.3500000000000001
38408.74962953754	750	16.24462351681458	0.0	400396	3439.001295919755	0.75
38412.20415747905	750	16.79009557530186	0.0	400508	3454.527941512721	0.75
38415.24185709282	750	17.752395961526723	0.0	358218	3037.699613775136	0.75
38418.591231073224	750	18.40302198112075	0.0	400322	3349.3739804059755	0.75
38421.62114713238	750	19.37310592196753	0.0	369834	3029.916059153222	0.75
38425.30915438639	750	19.685098667946846	0.0	412837	3688.0072540206825	0.75
38428.961860694275	750	20.032392360063284	0.0	401088	3652.706307883566	0.75
38431.95791175817	750	21.03634129616893	0.0	365161	2996.0510638943524	0.75
38434.604989915766	750	22.38926313857164	0.0	321064	2647.0781575972937	0.75
38437.57913642611	750	23.415116628232827	0.0	361565	2974.146510338811	0.75
38440.84219011571	750	24.152062938627946	0.0	378327	3263.0536896048793	0.75
38444.209236207666	750	24.785016846674946	0.0	390680	3367.0460919530005	0.75
38447.03734903057	750	25.95690402377297	0.0	345516	2828.1128229019746	0.75
38450.2234188546	750	26.77083419974138	0.0	384505	3186.069824031592	0.75
38453.356227238866	750	27.638025815477384	0.0	372093	3132.8083842639985	0.75
38460.84420422623	1850	24.150048828107202	0.0	973972	7487.976987370181	0.75
38468.40881852083	1850	20.58543453351131	0.0	958994	7564.614294595891	1.85
38475.91822432231	1850	17.076028732030885	0.0	982064	7509.405801480423	1.85
38483.37348375272	1850	13.620769301625275	0.0	830730	7455.259430405611	1.85
38490.50380384947	1850	10.490449204875626	0.0	846370	7130.320096749648	1.85

