2842.9987507765236	750	4.0	5.122022743546548	450283	5122.022743546549	-21.274697797250155
2845.030617159364	300	5.968133617159814	0.0	155580	2031.8663828401864	-0.15000000000000002
2846.865226856657	300	8.133523919866589	0.0	139857	1834.6096972932253	0.3
2848.8569618193465	300	10.141788957176773	0.0	155432	1991.7349626898142	0.3
2850.8751059658675	300	12.123644810655627	0.0	163442	2018.1441465211456	0.3
2852.452678720239	300	14.546072056283991	0.0	126289	1577.5727543716362	0.3
2856.508116988344	750	14.490633788178915	0.0	352642	4055.438268105075	0.3
2861.8283737095026	750	13.170377067020269	0.0	437162	5320.2567211586465	0.75
2866.931186465489	750	12.067564311033681	0.0	374758	5102.812755986587	0.75
2871.828712775094	750	11.170038001429107	0.0	362795	4897.526309604574	0.75
2873.7505664455075	300	13.248184331015604	0.0	141840	1921.853670413505	-0.15000000000000002
2875.6067975657984	300	15.3919532107249	0.0	156148	1856.231120290705	0.3
2880.0716529230363	750	14.927097853486767	0.0	386351	4464.855357238132	0.3
2885.194276655472	750	13.804474121051028	0.0	434409	5122.623732435741	0.75
2889.5967890111365	750	13.401961765386055	0.0	337059	4402.512355664973	0.75
2894.5571291506712	750	12.44162162585139	0.0	366214	4960.340139534665	0.75
2899.3920523518073	750	11.606698424715752	0.0	360831	4834.923201135637	0.75
2901.165789983621	300	13.832960792902057	0.0	150616	1773.7376318136953	-0.15000000000000002
2903.1055997282688	300	15.893151048254236	0.0	165384	1939.8097446478205	0.3
2907.52755096771	750	15.471199808812766	0.0	350713	4421.95123944147	0.3
2912.453417713909	750	14.545333062614143	0.0	386472	4925.866746198622	0.75
2917.1886595210003	750	13.810091255522428	0.0	399894	4735.241807091715	0.75
2921.4780226825023	750	13.520728094020301	0.0	401853	4289.363161502127	0.75
2924.8903596457485	750	14.108391130774253	0.0	343800	3412.3369632460494	0.75
2929.0282566375854	750	13.970494138937335	0.0	359903	4137.8969918369185	0.75
2933.383729707094	750	13.615021069428566	0.0	379700	4355.473069508768	0.75
2938.2657560595767	750	12.732994716945715	0.0	425781	4882.026352482852	0.75
2941.8918839591815	750	13.106866817340753	0.0	277716	3626.127899604963	0.75
2947.318311918422	750	11.680438858100562	0.0	400396	5426.42795924019	0.75
2951.992682872306	750	11.006067904215907	0.0	400508	4674.370953884654	0.75
2956.044266114239	750	10.954484662283459	0.0	358218	4051.5832419324493	0.75
2960.601546271632	750	10.397204504890123	0.0	400322	4557.280157393337	0.75
2964.6443201940906	750	10.354430582431414	0.0	369834	4042.7739224587085	0.75
2969.140071729464	750	9.8586790470582	0.0	412837	4495.751535373214	0.75
2971.099130842699	300	11.899619933823008	0.0	179328	1959.0591132351926	-0.15000000000000002
2972.746979714908	300	14.251771061614543	0.0	159914	1647.8488722084635	0.3
2975.9767618225123	750	15.021988954009716	0.0	321064	3229.782107604827	0.3
2979.6521455433244	750	15.346605233198002	0.0	361565	3675.3837208117147	0.75
2983.810459282621	750	15.188291493901016	0.0	378327	4158.313739296986	0.75
2988.178244276969	750	14.820506499552991	0.0	390680	4367.784994348025	0.75
2991.9479088790627	750	15.050841897459378	0.0	345516	3769.664602093611	0.75
2996.039595830177	750	14.959154946344853	0.0	384505	4091.686951114526	0.75
2999.9817585559913	750	15.01699222053054	0.0	372093	3942.1627258143144	0.75
3004.7804017292883	750	14.218349047233131	0.0	438281	4798.643173297409	0.75
3009.1953594741403	750	13.803391302381366	0.0	398987	4414.957744851764	0.75
3013.4849659670494	750	13.513784809472225	0.0	393804	4289.606492909142	0.75
3017.0658749892586	750	13.932875787263148	0.0	331053	3580.909022209076	0.75
3020.5708455046106	750	14.427905271911165	0.0	314107	3504.970515351985	0.75

