12686.900403370571	750	4.0	2.636806704389932	450283	2636.8067043899323	-10.588268828876707
12689.245247271288	750	5.655156099283138	0.0	398865	2344.8439007168613	0.75
12691.517775574595	750	7.382627795977329	0.0	350812	2272.52830330581	0.75
12694.008937275366	750	8.891466095205141	0.0	382355	2491.161700772188	0.75
12696.458871824954	750	10.44153154561782	0.0	411561	2449.9345495873204	0.75
12698.323674579442	750	12.576728791130728	0.0	318564	1864.802754487093	0.75
12700.388260722106	750	14.512142648466217	0.0	352642	2064.5861426645115	0.75
12704.50687387644	1200	14.39352949413249	0.0	709534	4118.613154333728	0.75
12707.961376903862	1200	14.939026466709374	0.0	584846	3454.5030274231162	1.2
12713.409117474439	1850	13.491285896133105	0.0	913888	5447.7405705762685	1.2000000000000002
12718.904805131198	1850	11.995598239372425	0.0	939819	5495.687656760681	1.85
12724.096520833427	1850	10.803882537144437	0.0	917428	5191.715702227988	1.85
12729.477046369115	1850	9.423357001456983	0.0	946851	5380.525535687453	1.85
12735.52149475596	1850	7.378908614612519	0.0	1036454	6044.448386844464	1.85
12740.229593184678	1850	6.670810185894325	0.0	821631	4708.098428718194	1.85
12745.503849335344	1850	5.396554035227648	0.0	923170	5274.256150666677	1.85
12751.138661157525	1850	4.0	0.2382577869536417	966699	5634.81182218129	0.8254915160993408
12754.813469456192	1200	4.325191701333055	0.0	581493	3674.8082986669456	0.5499999999999999
12758.541333571144	1200	4.597327586381209	0.0	639204	3727.8641149518453	1.2
12761.91863332158	1200	5.220027835944988	0.0	586839	3377.299750436222	1.2
12765.445435092586	1200	5.6932260649380515	0.0	601738	3526.8017710069357	1.2
12769.273639250103	1200	5.865021907421003	0.0	616206	3828.2041575170488	1.2
12773.149837109822	1200	5.988824047701235	0.0	656471	3876.197859719767	1.2
12776.185813888507	1200	6.9528472690163525	0.0	536667	3035.976778684882	1.2
12779.572563781956	1200	7.566097375566203	0.0	587236	3386.7498934501496	1.2
12783.131341884098	1200	8.007319273423366	0.0	590335	3558.7781021428373	1.2
12787.509451041056	1200	7.6292101164672514	0.0	696376	4378.109156956115	1.2
12790.607985774366	1200	8.530675383156973	0.0	487160	3098.5347333102786	1.2
12794.261828039536	1200	8.87683311798601	0.0	622896	3653.8422651709616	1.2
12797.944237544667	1200	9.194423612855651	0.0	641447	3682.4095051303593	1.2
12801.245555695876	1200	9.893105461646556	0.0	570392	3301.318151209095	1.2
12804.88492275664	1200	10.253738400883455	0.0	620283	3639.367060763101	1.2
12808.52540698992	1200	10.613254167603491	0.0	584349	3640.484233279963	1.2
12812.936352589257	1200	10.20230856826802	0.0	670129	4410.945599335471	1.2
12817.245120942542	1200	9.893540214981822	0.0	690253	4308.7683532861965	1.2
12820.666715563917	1200	10.471945593607058	0.0	598727	3421.5946213747625	1.2
12823.538998270304	1200	11.599662887221145	0.0	487812	2872.2827063859145	1.2
12827.011275253226	1200	12.127385904299706	0.0	575591	3472.276982921437	1.2
12830.70423337785	1200	12.434427779675433	0.0	605884	3692.958124624275	1.2
12834.138818785943	1200	12.99984237158236	0.0	587506	3434.5854080930712	1.2
12837.320621302671	1200	13.818039854853147	0.0	566904	3181.802516729214	1.2
12843.172874374235	1850	11.96578678328937	0.0	1025005	5852.253071563777	1.2000000000000002
12848.410225063613	1850	10.728436093911784	0.0	886255	5237.3506893775875	1.85
12855.542331064282	1850	7.596330093242101	0.0	973972	7132.106000669682	1.85
12859.195026491429	1200	7.943634666096332	0.0	630203	3652.6954271457703	0.5499999999999999
12862.838507452707	1200	8.300153704815566	0.0	638661	3643.4809612807667	1.2
12867.549077335689	1850	7.589583821834591	0.0	830730	4710.569882980975	1.2000000000000002
12875.492866142284	2850	4.0	0.3542049847597327	1364537	7943.788806594323	0.32691856553314946

