22442.979338530487	750	4.0	10.153665094468437	450283	10153.665094468437	-42.910759906214274
22446.52764906667	300	4.451689463819656	0.0	155580	3548.310536180344	-0.15000000000000002
22449.74826501154	300	5.231073518944847	0.0	139857	3220.615944874807	0.3
22453.34208482368	300	5.637253706808384	0.0	155432	3593.8198121364644	0.3
22457.13806289049	300	5.841275639995944	0.0	163442	3795.978066812441	0.3
22460.08732859007	300	6.892009940418525	0.0	126289	2949.2656995774187	0.3
22463.64784092496	300	7.3314976055291465	0.0	153295	3560.5123348893785	0.3
22467.6634079535	300	7.315930576987066	0.0	173849	4015.56702854208	0.3
22471.18085867571	300	7.798479854777159	0.0	150710	3517.450722209907	0.3
22474.428141026496	300	8.551197503990679	0.0	139105	3247.2823507864787	0.3
22477.699924838504	300	9.279413691987285	0.0	141840	3271.7838120033935	0.3
22481.365681306597	300	9.6136572238931	0.0	156148	3665.756468094185	0.3
22485.19715137667	300	9.78218715382106	0.0	160746	3831.47007007204	0.3
22489.52125552397	300	9.458083006517706	0.0	179801	4324.104147303355	0.3
22492.833009326318	300	10.146329204171904	0.0	140051	3311.753802345803	0.3
22496.054419150954	300	10.924919379531149	0.0	138313	3221.4098246407543	0.3
22499.36594347177	300	11.61339505871502	0.0	143509	3311.5243208161305	0.3
22502.895402160673	300	12.083936369810944	0.0	150616	3529.4586889040747	0.3
22506.58838376792	300	12.39095476256504	0.0	165384	3692.9816072459057	0.3
22509.67665440958	300	13.30268412090777	0.0	140881	3088.2706416572687	0.3
22513.318708841434	300	13.660629689053486	0.0	157671	3642.054431854284	0.3
22516.989160328067	300	13.990178202419962	0.0	157812	3670.451486633525	0.3
22520.80825103313	300	14.171087497357174	0.0	163927	3819.0907050627875	0.3
22524.021302858993	300	14.958035671494256	0.0	137654	3213.0518258629154	0.3
22527.051333067615	300	15.928005462871567	0.0	146754	3030.0302086226893	0.3
22530.15021561832	300	16.829122912165854	0.0	153938	3098.8825507057154	0.3
22534.396264624094	300	16.583073906392336	0.0	181901	4246.04900577352	0.3
22536.969464840913	300	18.00987368957505	0.0	111155	2573.2002168172858	0.3
22540.479598712463	300	18.499739818023794	0.0	153605	3510.133871551253	0.3
22543.94874639682	300	19.03059213366602	0.0	149029	3469.147684357778	0.3
22547.61191736562	300	19.36742116486856	0.0	157421	3663.1709687974567	0.3
22551.214720998163	300	19.764617532321882	0.0	157488	3602.8036325466783	0.3
22554.337670532248	300	20.641667998235924	0.0	143881	3122.9495340859585	0.3
22557.826730392164	300	21.1526081383188	0.0	163444	3489.0598599171262	0.3
22561.623601628937	300	21.355736901548067	0.0	179328	3796.871236770736	0.3
22565.0225193082	300	21.95681922228331	0.0	159914	3398.917679264755	0.3
22567.88828154024	300	23.091056990243327	0.0	131610	2865.7622320399832	0.3
22570.61025434365	300	24.369084186834208	0.0	124011	2721.972803409121	0.3
22573.93182327301	300	25.047515257474608	0.0	144254	3321.568929359599	0.3
22577.335746741428	300	25.643591789055066	0.0	149991	3403.9234684195394	0.3
22580.604474306747	300	26.374864223735994	0.0	147968	3268.727565319075	0.3
22584.204760061817	300	26.77457846866628	0.0	161857	3600.2857550697136	0.3
22587.3768121302	300	27.60252640028193	0.0	145210	3172.052068384348	0.3
22590.984734107744	300	27.994604422735808	0.0	172312	3607.9219775461256	0.3
22599.330088548475	750	23.649249982005372	0.0	398987	8345.354440730438	0.3
22607.60908030246	750	19.3702582280228	0.0	393804	8278.991753982573	0.75
22619.782916674903	1200	11.196421855574892	0.0	538612	12173.836372447906	0.75
22631.55282191711	1200	4.0	0.5734833866290446	550906	11769.905242203937	-1.2659785625048918

