11326.618531895081	750	4.0	2.8523034398516582	450283	2852.3034398516584	-11.51490479136213
11327.65640720721	300	6.96212468786936	0.0	155580	1037.87531213064	-0.15000000000000002
11328.597479115739	300	10.021052779342204	0.0	139857	941.0719085271559	0.3
11330.98012838289	750	11.638403512191935	0.0	382355	2382.6492671502688	0.3
11333.527031488502	750	13.09150040658	0.0	411561	2546.9031056119347	0.75
11335.621282197462	750	14.997249697620202	0.0	318564	2094.2507089597975	0.75
11337.989365862833	750	16.629166032249568	0.0	352642	2368.0836653706356	0.75
11340.633947819435	750	17.984584075649103	0.0	437162	2644.5819566004634	0.75
11342.704650414218	750	19.913881480865495	0.0	374758	2070.7025947836073	0.75
11344.709244930686	750	21.909286964396998	0.0	362795	2004.594516468498	0.75
11346.632530557832	750	23.98600133725125	0.0	353220	1923.2856271457497	0.75
11351.668010135712	1850	22.950521759371	0.0	917428	5035.479577880246	0.75
11357.183231167395	1850	21.43530072768764	0.0	946851	5515.22103168336	1.85
11362.89113202049	1850	19.727399874592734	0.0	1036454	5707.900853094908	1.85
11367.721052545576	1850	18.897479349508195	0.0	821631	4829.920525084541	1.85
11373.450906380423	1850	17.16762551465915	0.0	923170	5729.853834849042	1.85
11379.578595699184	1850	15.039936195899653	0.0	966699	6127.689318759499	1.85
11384.560158536762	1850	14.058373358320969	0.0	885714	4981.562837578685	1.85
11390.268231191565	1850	12.350300703519466	0.0	987708	5708.072654801503	1.85
11395.973265924957	1850	10.645265970126362	0.0	923755	5705.034733393105	1.85
11402.00658669847	1850	8.611945196613448	0.0	891604	6033.320773512915	1.85
11407.482536287976	1850	7.135995607105597	0.0	955231	5475.94958950785	1.85
11413.143007229713	1850	5.47552466536781	0.0	968026	5660.470941737788	1.85
11418.663286476467	1850	4.0	0.0447545813860952	874175	5520.279246753905	1.6575553000397907
11424.532829174483	1850	4.0	1.8695426980162375	897976	5869.542698016237	-6.189033601469822
11429.822110232362	1850	4.0	1.2892810578786649	905935	5289.281057878665	-3.6939085488782584
11435.963287773304	1850	4.0	2.1411775409412668	1076599	6141.177540941267	-7.357063426047446
11440.774232553484	1850	4.0	0.810944780180932	758197	4810.944780180932	-1.6370625547780073
11446.605947039987	1850	4.0	1.8317144865016444	972798	5831.714486501644	-6.02637229195707
11452.00723958861	1850	4.0	1.401292548624846	975811	5401.292548624846	-4.175557959086838
11456.834057138138	1850	4.0	0.826817549525932	873429	4826.817549525932	-1.7053154629615075
11462.142432822	1850	4.0	1.308375683863188	954453	5308.375683863188	-3.7760154406117077
11467.227499042674	1850	4.0	1.0850662206738244	885062	5085.066220673824	-2.815784748897445
11473.72817351654	1850	4.0	2.500674473865137	1035329	6500.674473865137	-8.90290023762009
11479.924679319523	1850	4.0	2.1965058029837756	1026056	6196.5058029837755	-7.594974952830235
11485.248494959254	1850	4.0	1.3238156397311287	943942	5323.815639731129	-3.8424072508438534
11489.734693494405	1850	4.0	0.4861985351509438	728962	4486.198535150944	-0.24065370114905837
11495.21433981158	1850	4.0	1.479646317174849	938587	5479.646317174849	-4.51247916385185
11500.608411095584	1850	4.0	1.394071284002919	908665	5394.071284002919	-4.144506521212552
11506.338146779706	1850	4.0	1.7297356841224236	930577	5729.735684122424	-5.587863441726421
11511.544517746102	1850	4.0	1.2063709663945401	858450	5206.37096639454	-3.3373951554965218
11517.346613313919	1850	4.0	1.8020955678168276	1025005	5802.0955678168275	-5.899010941612358
11522.814121861391	1850	4.0	1.4675085474712979	886255	5467.508547471298	-4.46028675412658
11528.387036568836	1850	4.0	1.5729147074444436	973972	5572.914707444444	-4.913533242011107
11533.907051391154	1850	4.0	1.5200148223197156	958994	5520.014822319716	-4.686063735974777
11539.615043480504	1850	4.0	1.707992089349037	982064	5707.992089349037	-5.49436598420086
11544.690011673709	1850	4.0	1.0749681932059667	830730	5074.968193205967	-2.7723632307856563
11549.71506538941	1850	4.0	1.0250537157008466	846370	5025.053715700847	-2.5577309775136396

