13997.00729439244	750	4.0	1.6554738824205308	450283	1655.4738824205308	-6.368537694408282
13997.631645892778	300	7.375648499661354	0.0	155580	624.3515003386453	-0.15000000000000002
13998.939085400021	750	10.068208992418773	0.0	350812	1307.4395072425814	0.3
14000.356889217426	750	12.650405175013047	0.0	382355	1417.8038174057249	0.75
14001.333037926237	750	15.674256466203527	0.0	411561	976.1487088095201	0.75
14002.860984535037	1850	18.146309857402333	0.0	801058	1527.9466088011973	0.75
14004.5777416406	1850	20.42955275183867	0.0	905515	1716.7571055636618	1.85
14006.56802537543	1850	22.43926901700588	0.0	1060487	1990.2837348327894	1.85
14008.172121566788	1850	24.835172825649142	0.0	852833	1604.0961913567405	1.85
14009.885329029592	1850	27.121965362843845	0.0	913888	1713.207462805296	1.85
14011.638745197246	1850	29.368549195189402	0.0	939819	1753.4161676544413	1.85
14015.42024975896	4300	29.587044633476033	0.0	2102452	3781.5045617133683	1.8499999999999996
14019.422081480467	4300	29.585212911968288	0.0	2209463	4001.8317215077477	4.3
14023.59709956175	4300	29.410194830684826	0.0	2275376	4175.018081283459	4.3
14027.32600045591	4300	29.68129393652344	0.0	2005399	3728.9008941613906	4.3
14031.326535991633	4300	29.68075840080011	0.0	2152483	4000.535535723328	4.3
14035.47564177119	4300	29.53165262124345	0.0	2289689	4149.105779556665	4.3
14039.303147163057	4300	29.704147229377273	0.0	2059512	3827.505391866174	4.3
14043.430154148615	4300	29.577140243818786	0.0	2220726	4127.00698555849	4.3
14047.449765265523	4300	29.55752912690985	0.0	2156729	4019.6111169089386	4.3
14051.865931087477	4300	29.141363304955146	0.0	2039773	4416.165821954703	4.3
14055.863679402184	4300	29.143614990249198	0.0	2176469	3997.7483147059497	4.3
14059.892693886442	4300	29.114600505991213	0.0	2221506	4029.014484257985	4.3
14063.587602280199	4300	29.419692112234912	0.0	2044075	3694.9083937562996	4.3
14067.519185558416	4300	29.488108834016906	0.0	2186790	3931.5832782180073	4.3
14071.33024453653	4300	29.67704985590297	0.0	2105231	3811.058978113936	4.3
14075.687911449086	4300	29.319382943347765	0.0	2395588	4357.6669125552025	4.3
14079.278527838054	4300	29.72876655437791	0.0	1972048	3590.6163889698596	4.3
14083.134605793834	4300	29.872688598600003	0.0	2134614	3856.077955777901	4.3
14087.037046960098	4300	29.970247432335434	0.0	2164140	3902.441166264573	4.3
14090.910632691402	4300	30.096661701031632	0.0	2113193	3873.5857313037986	4.3
14094.84819505986	4300	30.15909933257374	0.0	2147852	3937.5623684578923	4.3
14098.867961689637	4300	30.139332702797148	0.0	2191074	4019.766629776595	4.3
14103.124258305252	4300	29.8830360871808	0.0	2286761	4256.296615616349	4.3
14107.33363523315	4300	29.673659159282852	0.0	2307787	4209.376927897945	4.3
14111.237200769317	4300	29.7700936231136	0.0	2143948	3903.565536169251	4.3
14114.745977296077	4300	30.261317096355647	0.0	1919781	3508.776526757953	4.3
14118.669248703485	4300	30.33804568894754	0.0	2147467	3923.27140740811	4.3
14122.50819171028	4300	30.499102682152493	0.0	2133870	3838.943006795047	4.3
14126.431477249349	4300	30.575817143083942	0.0	2146120	3923.285539068549	4.3
14130.272369432725	4300	30.734924959707403	0.0	2108491	3840.892183376542	4.3
14134.203994022979	4300	30.803300369454174	0.0	2184571	3931.624590253227	4.3
14138.040704258281	4300	30.966590134151673	0.0	2121928	3836.710235302501	4.3
14142.06962254262	4300	30.937671849813476	0.0	2219102	4028.918284338197	4.3
14145.940981976019	4300	31.066312416413034	0.0	2124950	3871.359433400443	4.3
14150.497048111909	4300	30.51024628052461	0.0	2246506	4556.066135888427	4.3
14155.37087149606	4300	29.63642289637292	0.0	1961140	4873.823384151686	4.3
14159.814017741728	4300	29.19327665070366	0.0	2155012	4443.146245669265	4.3

