31539.81939351234	750	4.0	2.8286425470739207	450283	2828.642547073921	-11.413162952417858
31540.849093606445	300	6.970299905895268	0.0	155580	1029.7000941047313	-0.15000000000000002
31541.782816488958	300	10.036577023383343	0.0	139857	933.7228825119256	0.3
31544.25319262411	750	11.566200888232283	0.0	382355	2470.37613515106	0.3
31546.920570277245	750	12.898823235099634	0.0	411561	2667.377653132648	0.75
31549.111558052704	750	14.707835459641581	0.0	318564	2190.987775458055	0.75
31551.565132399213	750	16.254261113133932	0.0	352642	2453.574346507649	0.75
31554.44037818967	750	17.37901532267742	0.0	437162	2875.245790456513	0.75
31556.8530424719	750	18.96635104044383	0.0	374758	2412.664282233593	0.75
31559.174288111695	750	20.645105400649864	0.0	362795	2321.245639793963	0.75
31561.426272043183	750	22.39312146916187	0.0	353220	2251.9839314879946	0.75
31563.987231010087	750	23.832162502259713	0.0	405134	2560.9589669021566	0.75
31569.8854829936	1850	21.933910518746597	0.0	946851	5898.251983513119	0.75
31576.272147679018	1850	19.54724583332964	0.0	1036454	6386.664685416956	1.85
31581.637814926617	1850	18.18157858572955	0.0	821631	5365.667247600091	1.85
31587.567381958397	1850	16.25201155394646	0.0	923170	5929.56703178309	1.85
31595.463314981283	1850	12.356078531063416	0.0	966699	7895.933022883043	1.85
31598.004043539706	750	13.815349972638368	0.0	372963	2540.7285584250503	-0.3500000000000001
31600.910952072325	750	14.908441440017064	0.0	405596	2906.9085326213017	0.75
31603.460087700958	750	16.359305811383262	0.0	350713	2549.1356286338005	0.75
31605.845280140828	750	17.97411337151419	0.0	386472	2385.1924398690758	0.75
31608.288832831327	750	19.530560681015466	0.0	399894	2443.552690498726	0.75
31610.78580195616	750	21.033591556178617	0.0	401853	2496.9691248368463	0.75
31612.942249720563	750	22.87714379177994	0.0	343800	2156.4477643986747	0.75
31615.14231941246	750	24.677074099879064	0.0	359903	2200.069691900878	0.75
31617.41353452694	750	26.405858985400048	0.0	379700	2271.215114479015	0.75
31624.208662723668	1850	23.61073078867224	0.0	1076599	6795.128196727811	0.75
31629.000920289775	1850	22.8184732225657	0.0	758197	4792.257566106539	1.85
31635.054086371423	1850	20.765307140916498	0.0	972798	6053.166081649201	1.85
31640.976980662872	1850	18.842412849465674	0.0	975811	5922.894291450826	1.85
31646.415288216893	1850	17.40410529544429	0.0	873429	5438.307554021384	1.85
31652.355636316326	1850	15.46375719601229	0.0	954453	5940.348099432	1.85
31659.44498026232	1850	12.374413250018717	0.0	885062	7089.343945993573	1.85
31667.194191404877	1850	8.625202107464903	0.0	1035329	7749.211142553814	1.85
31670.351081002278	750	9.468312510062677	0.0	401088	3156.8895974022257	-0.3500000000000001
31672.60221956783	750	11.217173944506442	0.0	365161	2251.1385655562353	0.75
31674.591170502932	750	13.228223009407275	0.0	321064	1988.9509350991673	0.75
31676.923452802104	750	14.895940710233763	0.0	361565	2332.282299173512	0.75
31679.38169803163	750	16.437695480705553	0.0	378327	2458.245229528211	0.75
31681.830698191523	750	17.98869532081064	0.0	390680	2449.000159894914	0.75
31683.97338715221	750	19.846006360125656	0.0	345516	2142.688960684984	0.75
31686.420908401127	750	21.39848511120665	0.0	384505	2447.5212489190053	0.75
31692.07781524577	1850	19.74157826656512	0.0	886255	5656.906844641528	0.75
31698.17578099995	1850	17.64361251238441	0.0	973972	6097.965754180712	1.85
31704.247092677004	1850	15.572300835332422	0.0	958994	6071.311677051987	1.85
31710.649144188585	1850	13.17024932375589	0.0	982064	6402.051511576532	1.85
31716.24877275293	1850	11.570620759410879	0.0	830730	5599.628564345011	1.85
31722.003739433658	1850	9.815654078684242	0.0	846370	5754.966680726637	1.85

