13831.652192517719	750	4.0	1.4524976281191886	450283	1452.4976281191887	-5.495739800912511
13833.594833252711	1200	6.057359265007849	0.0	611087	1942.6407349921508	0.75
13836.601311254948	1850	7.050881262771183	0.0	877771	3006.4780022366663	1.2000000000000002
13840.309969762788	1850	7.342222754931585	0.0	933276	3708.6585078395988	1.85
13843.834275780726	1850	7.817916736992185	0.0	996749	3524.3060179394	1.85
13847.547763206605	1850	8.104429311114398	0.0	801058	3713.487425877787	1.85
13852.217918403147	1850	7.434274114572737	0.0	905515	4670.15519654166	1.85
13855.929302619727	1850	7.722889897992478	0.0	1060487	3711.3842165802594	1.85
13858.767627648975	1850	8.884564868746244	0.0	852833	2838.325029246235	1.85
13861.749434584139	1850	9.902757933581222	0.0	913888	2981.8069351650206	1.85
13864.664915988304	1850	10.987276529417247	0.0	939819	2915.481404163975	1.85
13867.799822702496	1850	11.852369815224598	0.0	917428	3134.9067141926503	1.85
13871.335773026694	1850	12.316419491028984	0.0	946851	3535.950324195614	1.85
13874.962200114422	1850	12.689992403301359	0.0	1036454	3626.4270877276244	1.85
13877.557221411515	1850	14.094971106206993	0.0	821631	2595.0212970943667	1.85
13881.78595055159	2850	13.866241966131142	0.0	1471065	4228.729140075851	1.85
13889.081917625754	2850	10.570274891967863	0.0	1491626	7295.967074163277	2.85
13892.681656558514	1850	10.970535959207105	0.0	885714	3599.7389327607575	0.8500000000000001
13895.855830222969	1850	11.796362294752045	0.0	987708	3174.17366445506	1.85
13898.806832467522	1850	12.845360050198389	0.0	923755	2951.002244553655	1.85
13901.648534268796	1850	14.003658248924722	0.0	891604	2841.7018012736653	1.85
13906.301118109182	1850	13.35107440853949	0.0	955231	4652.583840385232	1.85
13909.770727584406	1850	13.881464933314659	0.0	968026	3469.609475224831	1.85
13912.79266981979	1850	14.859522697932183	0.0	874175	3021.9422353824752	1.85
13916.213039941204	1850	15.43915257651876	0.0	897976	3420.3701214134235	1.85
13919.583861657416	1850	16.068330860305377	0.0	905935	3370.8217162133847	1.85
13923.92630233847	1850	15.725890179252557	0.0	1076599	4342.440681052818	1.85
13928.549075785808	2850	15.103116731913145	0.0	1141971	4622.773447339411	1.85
13936.074468602374	2850	11.577723915347592	0.0	1498470	7525.392816565552	2.85
13940.610699826906	1850	11.041492690816598	0.0	975811	4536.231224530995	0.8500000000000001
13943.505047266222	1850	12.147145251498793	0.0	873429	2894.347439317804	1.85
13947.000129694477	1850	12.652062823244885	0.0	954453	3495.082428253909	1.85
13950.488164152053	1850	13.164028365668102	0.0	885062	3488.034457576783	1.85
13954.2887762864	1850	13.363416231323251	0.0	1035329	3800.61213434485	1.85
13957.576113999494	1850	14.076078518227943	0.0	1026056	3287.337713095309	1.85
13962.025653595305	2850	13.626538922417865	0.0	1439896	4449.539595810079	1.85
13965.674690770826	2850	13.97750174689593	0.0	1139291	3649.0371755219358	2.85
13970.244207950616	2850	13.40798456710474	0.0	1499009	4569.517179791191	2.85
13974.459930655048	2850	13.192261862673282	0.0	1427478	4215.722704431459	2.85
13978.993474672836	2850	12.658717844884647	0.0	1402287	4533.544017788637	2.85
13983.048807871308	2850	12.603384646411907	0.0	1339500	4055.3331984727392	2.85
13989.37994073651	2850	10.27225178120935	0.0	1527299	6331.132865202557	2.85
13995.137373065412	2850	8.51481945230643	0.0	1343002	5757.432328902919	2.85
14001.65454902421	2850	5.997643493509414	0.0	1587250	6517.175958797016	2.85
14005.833366712306	1850	5.818825805412328	0.0	958994	4178.817688097086	0.8500000000000001
14010.11048954919	1850	5.541702968529036	0.0	982064	4277.122836883292	1.85
14014.817130669497	1850	4.835061848221577	0.0	830730	4706.6411203074595	1.85
14017.57467016423	1850	6.077522353489828	0.0	846370	2757.539494731749	1.85

