29019.617936884188	750	4.0	1.8460364408296137	450283	1846.0364408296136	-7.187956695567339
29021.262308901278	750	6.3556279829096285	0.0	398865	1644.3720170903716	0.75
29022.718214222776	750	8.899722661411108	0.0	350812	1455.9053214985206	0.75
29024.26581675075	750	11.35212013343434	0.0	382355	1547.6025279767669	0.75
29025.917128732075	750	13.700808152109374	0.0	411561	1651.3119813249668	0.75
29027.213384475497	750	16.404552408686634	0.0	318564	1296.2557434227408	0.75
29028.644074095697	750	18.9738627884871	0.0	352642	1430.6896201995364	0.75
29032.829842979794	1850	18.788093904392525	0.0	1060487	4185.768884094572	0.75
29036.201691973223	1850	19.416244910959907	0.0	852833	3371.8489934326176	1.85
29039.81912750076	1850	19.79880938342514	0.0	913888	3617.4355275347657	1.85
29043.560213717585	1850	20.057723166597526	0.0	939819	3741.0862168276158	1.85
29048.361853854618	1850	19.256083029560497	0.0	917428	4801.640137037028	1.85
29052.094811944553	1850	19.523124939628556	0.0	946851	3732.9580899319426	1.85
29057.03804707203	1850	18.57988981215058	0.0	1036454	4943.235127477975	1.85
29061.5498343034	1850	18.068102580781183	0.0	821631	4511.787231369398	1.85
29066.5608409552	1850	17.057095928979198	0.0	923170	5011.006651801984	1.85
29071.189115353376	1850	16.428821530805628	0.0	966699	4628.274398173568	1.85
29075.25423561937	1850	16.363701264811212	0.0	885714	4065.120265994418	1.85
29080.812374092286	1850	14.805562791895362	0.0	987708	5558.138472915848	1.85
29085.05171931428	1850	14.566217569899448	0.0	923755	4239.345221995913	1.85
29088.84981309085	1850	14.768123793331236	0.0	891604	3798.093776568212	1.85
29092.61161767022	1850	15.006319213960817	0.0	955231	3761.804579370421	1.85
29096.424735913173	1850	15.193200971006844	0.0	968026	3813.1182429539726	1.85
29099.930390377907	1850	15.687546506271874	0.0	874175	3505.6544647349688	1.85
29103.51235448435	1850	16.105582399828428	0.0	897976	3581.9641064434454	1.85
29108.049051308008	1850	15.56888557617745	0.0	905935	4536.696823650978	1.85
29113.926421187753	1850	13.69151569643119	0.0	1076599	5877.369879746259	1.85
29118.173485774114	1850	13.444451110068488	0.0	758197	4247.064586362701	1.85
29123.5929163471	1850	12.025020537081247	0.0	972798	5419.430572987241	1.85
29129.103579196784	1850	10.51435768739614	0.0	975811	5510.662849685106	1.85
29133.104676332427	1850	10.513260551753941	0.0	873429	4001.0971356422	1.85
29137.591321213007	1850	10.026615671170742	0.0	954453	4486.6448805832	1.85
29141.812581508522	1850	9.805355375658127	0.0	885062	4221.260295512614	1.85
29146.300182928655	1850	9.317753955525397	0.0	1035329	4487.601420132731	1.85
29152.518453721525	1850	7.099483162655666	0.0	1026056	6218.270792869731	1.85
29157.321164480814	1850	6.296772403367113	0.0	943942	4802.710759288553	1.85
29160.276372848144	1850	7.341564036035166	0.0	728962	2955.208367331946	1.85
29163.92535300847	1850	7.692583875711184	0.0	938587	3648.980160323982	1.85
29168.02381392972	1850	7.594122954461258	0.0	908665	4098.460921249926	1.85
29172.400814970246	1850	7.21712191393486	0.0	930577	4377.001040526398	1.85
29175.716486243648	1850	7.901450640534065	0.0	858450	3315.6712734007947	1.85
29180.864794748817	1850	6.7531421353633245	0.0	1025005	5148.308505170741	1.85
29185.739785302623	1850	5.878151581555245	0.0	886255	4874.990553808079	1.85
29189.81628632052	1850	5.801650563655654	0.0	973972	4076.501017899591	1.85
29193.74375966782	1850	5.8741772163568395	0.0	958994	3927.4733472988146	1.85
29197.79221111624	1850	5.8257257679388585	0.0	982064	4048.451448417981	1.85
29201.236211787844	1850	6.3817250963373615	0.0	830730	3444.000671601497	1.85
29204.730370515023	1850	6.8875663691584705	0.0	846370	3494.158727178891	1.85

