28298.912051874104	750	4.0	5.511173091912129	450283	5511.173091912129	-22.948044295222154
28300.857290538603	300	6.054761335501532	0.0	155580	1945.2386644984676	-0.15000000000000002
28302.61402716221	300	8.298024711894628	0.0	139857	1756.7366236069042	0.3
28304.604139148174	300	10.307912725926204	0.0	155432	1990.1119859684238	0.3
28306.75289199906	300	12.159159875041759	0.0	163442	2148.752850884445	0.3
28308.431383994906	300	14.480667879194025	0.0	126289	1678.4919958477358	0.3
28310.3596130853	300	16.552438788801002	0.0	153295	1928.2290903930239	0.3
28319.54009768099	750	11.371954193112687	0.0	437162	9180.484595688315	0.3
28321.646909465104	300	13.265142408999544	0.0	150710	2106.8117841131434	-0.15000000000000002
28323.59765230386	300	15.314399570242603	0.0	139105	1950.7428387569423	0.3
28327.989369647465	750	14.922682226635203	0.0	353220	4391.7173436074	0.3
28333.8696582205	750	13.04239365360235	0.0	405134	5880.2885730328535	0.75
28338.748814828836	750	12.163237045267811	0.0	386351	4879.156608334539	0.75
28344.603142264787	750	10.308909609316833	0.0	434409	5854.327435950977	0.75
28346.43891980353	300	12.47313207057216	0.0	140051	1835.7775387446752	-0.15000000000000002
28348.2529085556	300	14.65914331850047	0.0	138313	1813.98875207169	0.3
28350.145167789968	300	16.76688408413554	0.0	143509	1892.2592343649303	0.3
28355.05722569593	750	15.85482617816982	0.0	372963	4912.057905965721	0.3
28360.202692125	750	14.709359749101361	0.0	405596	5145.466429068459	0.75
28364.856813009632	750	14.055238864471523	0.0	350713	4654.120884629838	0.75
28369.45375160959	750	13.458300264511006	0.0	386472	4596.938599960517	0.75
28374.43771055542	750	12.474341318682978	0.0	399894	4983.958945828028	0.75
28379.460302609918	750	11.45174926418468	0.0	401853	5022.592054498299	0.75
28383.806328313058	750	11.105723561046686	0.0	343800	4346.025703137994	0.75
28387.94999623639	750	10.96205563771218	0.0	359903	4143.667923334506	0.75
28392.434418660025	750	10.477633214077919	0.0	379700	4484.42242363426	0.75
28397.965867959017	750	8.946183915086735	0.0	425781	5531.449298991186	0.75
28399.44792197351	300	11.464129900594767	0.0	111155	1482.0540144919698	-0.15000000000000002
28401.43713882777	300	13.474913046338376	0.0	153605	1989.2168542563902	0.3
28403.325515777935	300	15.586536096170246	0.0	149029	1888.37695016813	0.3
28407.81697691001	750	15.095074964095836	0.0	358218	4491.46113207441	0.3
28412.92158107612	750	13.990470797985356	0.0	400322	5104.60416611048	0.75
28417.789160733177	750	13.12289114092703	0.0	369834	4867.579657058327	0.75
28423.120004323227	750	11.79204755087536	0.0	412837	5330.843590051671	0.75
28427.707924447135	750	11.204127426971732	0.0	401088	4587.920123903627	0.75
28431.969599508753	750	10.942452365349283	0.0	365161	4261.675061622448	0.75
28436.764815008897	750	10.147236865205148	0.0	321064	4795.215500144135	0.75
28438.38484438173	300	12.527207492371495	0.0	124011	1620.0293728336528	-0.15000000000000002
28440.25626124918	300	14.655790624926304	0.0	144254	1871.4168674451923	0.3
28442.191570984054	300	16.720480890047945	0.0	149991	1935.3097348783588	0.3
28446.50960954382	750	16.402442330282636	0.0	345516	4318.038559765307	0.3
28451.91108932589	750	15.000962548211934	0.0	384505	5401.479782070704	0.75
28456.232804978827	750	14.679246895277098	0.0	372093	4321.715652934837	0.75
28461.202201240732	750	13.709850633367557	0.0	438281	4969.396261909539	0.75
28465.779134754222	750	13.132917119878726	0.0	398987	4576.933513488832	0.75
28470.853120284606	750	12.058931589493922	0.0	393804	5073.985530384805	0.75
28475.071730529187	750	11.840321344910636	0.0	331053	4218.610244583285	0.75
28478.995464817883	750	11.91658705621971	0.0	314107	3923.7342886909278	0.75

