34713.404828353436	750	4.0	3.4870753772950676	450283	3487.0753772950675	-14.24442412236879
34716.09565371471	750	5.3091746387259455	0.0	398865	2690.8253612740546	0.75
34718.0716265721	750	7.333201781340463	0.0	350812	1975.972857385482	0.75
34720.21807441848	750	9.186753934956572	0.0	382355	2146.447846383892	0.75
34722.61316400259	750	10.791664350841518	0.0	411561	2395.089584115053	0.75
34725.63358267135	1200	11.771245682087883	0.0	520315	3020.418668753635	0.75
34729.05249506324	1200	12.352333290196228	0.0	561791	3418.912391891656	1.2
34732.842752140656	1200	12.562076212778727	0.0	709534	3790.257077417501	1.2
34735.7687056298	1200	13.636122723628931	0.0	584846	2925.9534891497965	1.2
34740.326845866424	1850	13.077982487005677	0.0	913888	4558.140236623255	1.2000000000000002
34746.391449125804	1850	11.013379227628981	0.0	939819	6064.603259376696	1.85
34752.05955356699	1850	9.3452747864378	0.0	917428	5668.10444119118	1.85
34757.3795881704	1850	8.025240183031967	0.0	946851	5320.034603405833	1.85
34762.918276893804	1850	6.486551459632715	0.0	1036454	5538.688723399251	1.85
34766.080455153606	1200	7.324373199824888	0.0	526950	3162.1782598078285	0.5499999999999999
34774.651207623974	1200	4.0	1.246379270542946	587876	8570.752470367834	-4.159430863334667
34776.68525718305	300	5.965950440919931	0.0	143509	2034.0495590800697	-0.6000000000000001
34777.608479905546	300	9.042727718425645	0.0	150616	923.2227224942857	0.3
34778.61438118255	300	12.036826441423237	0.0	165384	1005.9012770024098	0.3
34779.483102569175	300	15.168105054799522	0.0	140881	868.721386623715	0.3
34780.44582266451	300	18.205384959468372	0.0	157671	962.7200953311502	0.3
34786.51122915754	750	16.13997846643154	0.0	399894	6065.406493036829	0.3
34789.14112458837	750	17.51008303560369	0.0	401853	2629.895430827851	0.75
34791.29469908884	750	19.356508535141838	0.0	343800	2153.5745004618498	0.75
34793.156246548046	750	21.494961075925847	0.0	359903	1861.5474592159924	0.75
34794.978811190624	750	23.67239643335181	0.0	379700	1822.5646425740392	0.75
34797.01285626853	750	25.63835135544868	0.0	425781	2034.0450779031262	0.75
34799.68956137606	1200	26.96164624791416	0.0	487160	2676.705107534524	0.75
34804.986828567344	1850	25.66437905662909	0.0	972798	5297.267191285066	1.2000000000000002
34810.31455538019	1850	24.336652243781874	0.0	975811	5327.726812847218	1.85
34814.86316616036	1850	23.78804146360788	0.0	873429	4548.610780173998	1.85
34820.02918474373	1850	22.622022880232166	0.0	954453	5166.018583375713	1.85
34825.31127416092	1850	21.339933463039273	0.0	885062	5282.089417192893	1.85
34831.95681385877	1850	18.694393765190227	0.0	1035329	6645.539697849047	1.85
34838.87964107361	1850	15.771566550353025	0.0	1026056	6922.827214837201	1.85
34843.53353299041	1850	15.117674633546718	0.0	943942	4653.891916806308	1.85
34847.22612655834	1850	15.425081065624157	0.0	728962	3692.593567922561	1.85
34851.66514851937	1850	14.986059104581763	0.0	938587	4439.021961042395	1.85
34856.112379612256	1850	14.538828011702021	0.0	908665	4447.231092879743	1.85
34860.91336990936	1850	13.737837714592853	0.0	930577	4800.990297109167	1.85
34865.54761922615	1850	13.103588397800747	0.0	858450	4634.249316792107	1.85
34871.38361434793	1850	11.267593276023584	0.0	1025005	5835.995121777163	1.85
34876.339162489756	1850	10.312045134190976	0.0	886255	4955.54814183261	1.85
34881.77015335883	1850	8.881054265115868	0.0	973972	5430.990869075108	1.85
34887.31998966837	1850	7.331217955580564	0.0	958994	5549.836309535305	1.85
34893.70883195655	1850	4.94237566739895	0.0	982064	6388.842288181614	1.85
34899.412028194216	1200	4.0	0.7608205702694458	538612	5703.196237668395	-2.721528452158617
34901.1241683234	750	6.287859870824262	0.0	314107	1712.1401291757384	0.3

