38125.33243139117	750	4.0	3.118921496457073	450283	3118.921496457073	-12.661362434765413
38126.46242751898	300	6.870003872189731	0.0	155580	1129.9961278102692	-0.15000000000000002
38127.48932952686	300	9.843101864302705	0.0	139857	1026.9020078870262	0.3
38128.71487970613	300	12.61755168503411	0.0	155432	1225.5501792685948	0.3
38131.8281275401	750	13.504303851061943	0.0	411561	3113.247833972168	0.3
38134.16156737934	750	15.170864011822715	0.0	318564	2333.4398392392263	0.75
38136.68353387001	750	16.64889752115498	0.0	352642	2521.9664906677403	0.75
38139.85034540297	750	17.48208598819739	0.0	437162	3166.811532957585	0.75
38142.6052491937	750	18.727182197472118	0.0	374758	2754.903790725277	0.75
38145.14937575739	750	20.18305563378332	0.0	362795	2544.1265636888	0.75
38147.61074629607	750	21.721685095102902	0.0	353220	2461.3705386804168	0.75
38150.43675227236	750	22.895679118812886	0.0	405134	2826.0059762900178	0.75
38153.138443496326	750	24.193987894848103	0.0	386351	2701.6912239647813	0.75
38160.267641292965	1850	21.06479009820415	0.0	1036454	7129.197796643951	0.75
38166.03232898289	1850	19.300102408284246	0.0	821631	5764.687689919904	1.85
38172.68654554859	1850	16.645885842588125	0.0	923170	6654.216565696117	1.85
38180.1086901862	1850	13.223741204975596	0.0	966699	7422.14463761253	1.85
38186.54575292056	1850	10.786678470620512	0.0	885714	6437.062734355086	1.85
38189.60151085611	750	11.730920535064104	0.0	405596	3055.757935556406	-0.3500000000000001
38192.20999239323	750	13.12243899794562	0.0	350713	2608.481537118483	0.75
38194.979744462966	750	14.352686928208437	0.0	386472	2769.7520697371842	0.75
38197.70748886407	750	15.624942527106551	0.0	399894	2727.744401101886	0.75
38200.52083370257	750	16.811597688605914	0.0	401853	2813.344838500637	0.75
38202.99571521802	750	18.336716173157214	0.0	343800	2474.8815154487015	0.75
38205.704084397265	750	19.628346993917308	0.0	359903	2708.3691792399063	0.75
38208.66338396233	750	20.669047428845477	0.0	379700	2959.299565071829	0.75
38211.68591571395	750	21.646515677229335	0.0	425781	3022.531751616146	0.75
38213.639917919674	750	23.692513471506686	0.0	277716	1954.0022057226483	0.75
38216.532049163725	750	24.800382227460005	0.0	400396	2892.1312440466777	0.75
38223.51603311658	1850	21.816398274602633	0.0	975811	6983.983952857372	0.75
38229.45905718914	1850	19.87337420204159	0.0	873429	5943.024072561045	1.85
38237.06220428306	1850	16.270227108118554	0.0	954453	7603.147093923033	1.85
38245.56870528234	1850	11.763726108837925	0.0	885062	8506.50099928063	1.85
38248.40700043055	750	12.925430960627091	0.0	412837	2838.295148210835	-0.3500000000000001
38251.25806786382	750	14.07436352734829	0.0	401088	2851.067433278802	0.75
38253.970906772134	750	15.361524619033249	0.0	365161	2712.838908315039	0.75
38256.459933458704	750	16.872497932470864	0.0	321064	2489.026686562383	0.75
38259.352658420445	750	17.97977297072804	0.0	361565	2892.7249617428297	0.75
38262.08949950463	750	19.242931886538287	0.0	378327	2736.84108418975	0.75
38264.7826883728	750	20.549743018376386	0.0	390680	2693.188868161903	0.75
38267.178983069	750	22.153448322170142	0.0	345516	2396.2946962062456	0.75
38269.838827416505	750	23.493603974668957	0.0	384505	2659.844347501186	0.75
38272.53745507765	750	24.794976313522778	0.0	372093	2698.6276611461794	0.75
38279.240994075095	1850	22.091437316073037	0.0	973972	6703.53899744974	0.75
38285.88127198075	1850	19.45115941042556	0.0	958994	6640.277905647476	1.85
38292.98558241903	1850	16.34684897213938	0.0	982064	7104.310438286179	1.85
38299.024767540475	1850	14.307663850689783	0.0	830730	6039.185121449598	1.85
38305.29787033458	1850	12.034561056588846	0.0	846370	6273.102794100939	1.85

