32621.201052136836	750	4.0	2.4983161468909967	450283	2498.3161468909966	-9.992759431631285
32622.116619160537	300	7.08443297629868	0.0	155580	915.5670237013195	-0.15000000000000002
32622.947743323246	300	10.253308813592707	0.0	139857	831.124162705974	0.3
32625.56559496963	750	11.635457167207857	0.0	382355	2617.8516463848496	0.3
32628.867367637	750	12.33368449983848	0.0	411561	3301.7726673693764	0.75
32631.24583701477	750	13.955215122070433	0.0	318564	2378.4693777680477	0.75
32633.847650408858	750	15.353401727980504	0.0	352642	2601.813394089927	0.75
32636.525475639944	750	16.67557649689306	0.0	437162	2677.8252310874445	0.75
32638.76311402776	750	18.43793810907944	0.0	374758	2237.6383878136194	0.75
32641.12933563465	750	20.07171650218921	0.0	362795	2366.2216068902308	0.75
32643.523950828727	750	21.677101308111983	0.0	353220	2394.615194077227	0.75
32646.193098640542	750	23.0079534962971	0.0	405134	2669.1478118148816	0.75
32651.82059639627	1850	21.380455740571453	0.0	946851	5627.497755725651	0.75
32657.309879871347	1850	19.89117226549294	0.0	1036454	5489.283475078513	1.85
32661.79268904003	1850	19.40836309680953	0.0	821631	4482.809168683407	1.85
32667.23886605877	1850	17.962186078070037	0.0	923170	5446.177018739496	1.85
32673.009457045435	1850	16.191595091404654	0.0	966699	5770.590986665382	1.85
32678.04355152333	1850	15.157500613514305	0.0	885714	5034.09447789035	1.85
32683.762052273603	1850	13.438999863235386	0.0	987708	5718.5007502789185	1.85
32688.901750755114	1850	12.299301381727563	0.0	923755	5139.698481507823	1.85
32693.998892191732	1850	11.202159945109965	0.0	891604	5097.141436617598	1.85
32699.474348784395	1850	9.726703352446243	0.0	955231	5475.456592663721	1.85
32704.806204014178	1850	8.394848122661465	0.0	968026	5331.855229784781	1.85
32709.530430267685	1850	7.67062186915722	0.0	874175	4724.226253504245	1.85
32714.4704675974	1850	6.730584539441948	0.0	897976	4940.037329715271	1.85
32721.74599790253	1850	4.0	0.5449457656921495	905935	7275.530305134098	-0.4932667924762426
32724.20264521226	750	5.54335269027214	0.0	425781	2456.6473097278595	-0.3500000000000001
32724.90309617581	300	8.842901726718578	0.0	111155	700.4509635535644	-0.15000000000000002
32725.840496834862	300	11.905501067669094	0.0	153605	937.4006590494828	0.3
32726.68631642961	300	15.059681472924016	0.0	149029	845.8195947450783	0.3
32728.562571110877	750	17.183426791651687	0.0	358218	1876.2546812723283	0.3
32730.64995283518	750	19.096045067348886	0.0	400322	2087.3817243028016	0.75
32732.764241542824	750	20.981756359704868	0.0	369834	2114.2887076440156	0.75
32735.21411062331	750	22.531887279218342	0.0	412837	2449.8690804865264	0.75
32737.68022631509	750	24.065771587440423	0.0	401088	2466.115691777917	0.75
32743.388882646854	1850	22.357115255674	0.0	943942	5708.656331766426	0.75
32747.495632089333	1850	22.250365813198034	0.0	728962	4106.7494424759625	1.85
32752.752435949187	1850	20.993561953343264	0.0	938587	5256.803859854773	1.85
32758.408940512025	1850	19.33705739050811	0.0	908665	5656.504562835151	1.85
32764.46074953718	1850	17.285248365352757	0.0	930577	6051.809025155356	1.85
32769.60866142766	1850	16.13733647487602	0.0	858450	5147.911890476738	1.85
32775.54200754396	1850	14.203990358573014	0.0	1025005	5933.346116303004	1.85
32780.69620744331	1850	13.049790459222775	0.0	886255	5154.199899350238	1.85
32786.20011809723	1850	11.545879805303354	0.0	973972	5503.910653919421	1.85
32791.790143194885	1850	9.95585470764112	0.0	958994	5590.025097662235	1.85
32797.04409851711	1850	8.70189938542451	0.0	982064	5253.955322216611	1.85
32801.84904790747	1850	7.896949995057932	0.0	830730	4804.949390366577	1.85
32806.539830739275	1850	7.206167163250566	0.0	846370	4690.782831807366	1.85

