22174.87589530334	750	4.0	7.357430335422453	450283	7357.430335422453	-30.886950442316547
22177.482571628967	300	5.393323674374954	0.0	155580	2606.676325625046	-0.15000000000000002
22179.828495298803	300	7.047400004536379	0.0	139857	2345.9236698385753	0.3
22182.426193715037	300	8.449701588302675	0.0	155432	2597.6984162337053	0.3
22185.141222560465	300	9.734672742873414	0.0	163442	2715.0288454292604	0.3
22187.25549735807	300	11.620397945271586	0.0	126289	2114.2747976018277	0.3
22189.81610823392	300	13.059787069418645	0.0	153295	2560.610875852941	0.3
22192.714848301744	300	14.161047001592575	0.0	173849	2898.74006782607	0.3
22195.224522850458	300	15.651372452882173	0.0	150710	2509.6745487104026	0.3
22201.46435365415	750	13.411541649190953	0.0	362795	6239.830803691219	0.3
22207.4156155799	750	11.46027972344208	0.0	353220	5951.261925748872	0.75
22214.463673748753	750	8.412221554586903	0.0	405134	7048.058168855176	0.75
22217.225752532504	300	9.650142770837702	0.0	160746	2762.0787837492016	-0.15000000000000002
22220.15479620491	300	10.72109909842974	0.0	179801	2929.0436724079614	0.3
22222.359983323986	300	12.515911979354103	0.0	140051	2205.187119075638	0.3
22224.589185591507	300	14.286709711835261	0.0	138313	2229.2022675188414	0.3
22226.99506078898	300	15.880834514360988	0.0	143509	2405.875197474274	0.3
22233.20918715256	750	13.666708150783656	0.0	372963	6214.126363577333	0.3
22239.79928193391	750	11.076613369435483	0.0	405596	6590.094781348173	0.75
22245.57980990527	750	9.296085398075729	0.0	350713	5780.527971359754	0.75
22248.280911660375	300	10.594983642969398	0.0	157671	2701.1017551063323	-0.15000000000000002
22250.918511284333	300	11.957384019009673	0.0	157812	2637.599623959724	0.3
22253.618425224184	300	13.257470079155881	0.0	163927	2699.9139398537914	0.3
22255.921959568022	300	14.953935735318435	0.0	137654	2303.534343837445	0.3
22261.852844875644	750	13.02305042769685	0.0	359903	5930.885307621585	0.3
22268.056357143265	750	10.819538160078308	0.0	379700	6203.512267618542	0.75
22274.92366438809	750	7.952230915251974	0.0	425781	6867.307244826334	0.75
22276.795461742746	300	10.080433560593208	0.0	111155	1871.7973546587657	-0.15000000000000002
22279.35154498383	300	11.524350319512198	0.0	153605	2556.0832410810103	0.3
22281.716419617576	300	13.15947568576752	0.0	149029	2364.8746337446773	0.3
22284.178421109533	300	14.69747419381062	0.0	157421	2462.0014919569	0.3
22286.75800543778	300	16.117889865563185	0.0	157488	2579.584328247436	0.3
22292.890315454402	750	13.98557984894064	0.0	369834	6132.310016622542	0.3
22299.65815153054	750	11.217743772801489	0.0	412837	6767.836076139152	0.75
22306.158000696752	750	8.717894606591301	0.0	401088	6499.849166210189	0.75
22308.67841353908	300	10.19748176426094	0.0	159914	2520.41284233036	-0.15000000000000002
22310.767443436853	300	12.108451866488176	0.0	131610	2089.0298977727643	0.3
22312.743611453017	300	14.13228385032325	0.0	124011	1976.1680161649274	0.3
22315.029301440227	300	15.8465938631136	0.0	144254	2285.6899872096465	0.3
22321.40234654183	750	13.473548761511093	0.0	390680	6373.045101602507	0.3
22327.05311488308	750	11.822780420259994	0.0	345516	5650.768341251099	0.75
22333.374674897146	750	9.50122040619361	0.0	384505	6321.5600140663855	0.75
22335.830099452553	300	11.045795850788236	0.0	145210	2455.424555405375	-0.15000000000000002
22338.70510677306	300	12.17078853028114	0.0	172312	2875.0073205070967	0.3
22341.484190966323	300	13.391704337019268	0.0	167025	2779.0841932618714	0.3
22344.09669942755	300	14.779195875791006	0.0	160064	2612.508461228262	0.3
22346.352992158703	300	16.522903144638786	0.0	137507	2256.292731152219	0.3
22351.44999275874	750	15.425902544604208	0.0	314107	5097.000600034579	0.3

