30341.43869622404	750	4.0	1.6657004076078286	450283	1665.7004076078285	-6.412511752713662
30342.06658115288	300	7.372115071153861	0.0	155580	627.8849288461388	-0.15000000000000002
30343.381988066743	750	10.056708157293649	0.0	350812	1315.4069138602113	0.3
30345.878067098827	1200	11.560629125213104	0.0	617681	2496.0790320805454	0.75
30350.71462916387	1850	10.724067060166796	0.0	996749	4836.562065046309	1.2000000000000002
30352.481280612592	1200	12.957415611446526	0.0	520315	1766.6514487202685	0.5499999999999999
30355.49521909215	1850	13.943477131888567	0.0	905515	3013.938479557959	1.2000000000000002
30360.988831904677	2850	12.449864319363387	0.0	1638769	5493.61281252518	1.85
30364.74180601138	1850	12.696890212656593	0.0	852833	3752.9741067067944	0.8500000000000001
30368.199300840075	1850	13.23939538396185	0.0	913888	3457.494828694741	1.85
30373.32116213248	2850	12.117534091559781	0.0	1354548	5121.86129240207	1.85
30377.829864561405	1850	11.608831662633397	0.0	917428	4508.702428926382	0.8500000000000001
30382.699799873488	1850	10.738896350552773	0.0	946851	4869.9353120806245	1.85
30385.338042568717	1200	12.100653655322573	0.0	687371	2638.242695230201	0.5499999999999999
30390.317371913137	1850	11.121324310899588	0.0	821631	4979.329344422983	1.2000000000000002
30396.604960499084	1850	8.833735724952781	0.0	923170	6287.588585946808	1.85
30399.269500807117	750	10.169195416920738	0.0	360831	2664.5403080320425	-0.3500000000000001
30402.42828889495	1200	11.010407329091212	0.0	581493	3158.7880878295273	0.75
30406.243893829844	1850	11.194802394195474	0.0	987708	3815.604934895736	1.2000000000000002
30412.83878889709	1850	8.599907326948887	0.0	923755	6594.895067246588	1.85
30414.673620980357	750	10.765075243683452	0.0	386472	1834.8320832654365	-0.3500000000000001
30417.36001996986	1200	12.078676254182332	0.0	616206	2686.39898950112	0.75
30421.008802112345	1850	12.429894111696818	0.0	968026	3648.782142485514	1.2000000000000002
30426.599133673506	1850	10.839562550534476	0.0	874175	5590.331561162343	1.85
30429.46215686913	1200	11.976539354912962	0.0	587236	2863.023195621514	0.5499999999999999
30433.592157205363	1850	11.846539018680115	0.0	905935	4130.000336232846	1.2000000000000002
30438.016907620036	1850	11.42178860400835	0.0	1076599	4424.750414671766	1.85
30440.815801618923	1850	12.6228946051201	0.0	758197	2798.8939988882503	1.85
30444.65448633576	1850	12.784209888283616	0.0	972798	3838.684716836484	1.85
30448.528578617825	1850	12.91011760621454	0.0	975811	3874.0922820690785	1.85
30451.82999312093	1850	13.608703103110864	0.0	873429	3301.414503103676	1.85
30461.12619358424	2850	8.312502639799812	0.0	1497683	9296.200463311052	1.85
30463.396983194074	750	10.04171302996633	0.0	369834	2270.789609833483	-1.35
30465.98464928141	1200	11.45404694263365	0.0	670129	2587.666087332681	0.75
30470.949123785016	1850	10.489572439027022	0.0	1026056	4964.474503606626	1.2000000000000002
30474.03619394686	1200	11.402502277180025	0.0	598727	3087.0701618469966	0.5499999999999999
30477.487491620155	1850	11.951204603884008	0.0	728962	3451.297673296017	1.2000000000000002
30482.13931683363	1850	11.299379390409966	0.0	938587	4651.825213474044	1.85
30485.781755539818	1850	11.65694068421981	0.0	908665	3642.438706190156	1.85
30489.504731599638	1850	11.933964624403828	0.0	930577	3722.9760598159805	1.85
30493.166992622857	1850	12.271703601185013	0.0	858450	3662.2610232188154	1.85
30497.593747698556	1850	11.844948525485318	0.0	1025005	4426.755075699696	1.85
30501.125279699303	1850	12.313416524739456	0.0	886255	3531.5320007458613	1.85
30504.901845736436	1850	12.536850487605317	0.0	973972	3776.566037134138	1.85
30508.669281747112	1850	12.769414476928448	0.0	958994	3767.436010676869	1.85
30514.568639012617	1850	10.87005721142642	0.0	982064	5899.357265502029	1.85
30518.739462454654	1200	10.699233769387938	0.0	538612	4170.823442038482	0.5499999999999999
30521.018199870683	1200	12.420496353358194	0.0	550906	2278.737416029745	1.2

