28508.135127581765	750	4.0	2.367608105693212	450283	2367.608105693212	-9.430714854480811
28509.005532880397	300	7.129594701368362	0.0	155580	870.4052986316381	-0.15000000000000002
28510.867790648896	750	9.267336932866227	0.0	350812	1862.2577685021356	0.3
28513.990283244773	1200	10.144844336987234	0.0	617681	3122.4925958789936	0.75
28517.28533381693	1200	10.849793764831604	0.0	652874	3295.050572155629	1.2
28519.933479109153	1200	12.201648472609538	0.0	520315	2648.1452922220647	1.2
28524.795113499098	1850	11.340014082664773	0.0	905515	4861.634389944766	1.2000000000000002
28530.232618977345	1850	9.90250860441802	0.0	1060487	5437.505478246752	1.85
28533.29426198097	1200	10.840865600793242	0.0	584846	3061.643003624778	0.5499999999999999
28536.30370962343	1200	11.8314179583344	0.0	560821	3009.447642458842	1.2
28541.343984748055	1850	10.791142833710774	0.0	939819	5040.275124623628	1.2000000000000002
28544.226345389063	1200	11.908782192702313	0.0	594078	2882.360641008461	0.5499999999999999
28549.035662518967	1850	11.099465062798545	0.0	946851	4809.317129903768	1.2000000000000002
28554.915444340724	1850	9.219683241042715	0.0	1036454	5879.781821755831	1.85
28558.048709313996	1200	10.0864182677726	0.0	526950	3133.264973270114	0.5499999999999999
28561.584999807113	1200	10.550127774657133	0.0	587876	3536.290493115468	1.2
28565.313018891036	1200	10.822108690731689	0.0	617242	3728.019083925442	1.2
28568.75511664374	1200	11.380010938027517	0.0	581493	3442.0977527041723	1.2
28574.304781156818	1850	9.830346424949546	0.0	987708	5549.664513077971	1.2000000000000002
28577.549980235668	1200	10.585147346097374	0.0	586839	3245.199078852172	0.5499999999999999
28581.002568977543	1200	11.132558604224869	0.0	601738	3452.588741872505	1.2
28588.249664152445	1850	7.885463429325515	0.0	955231	7247.095174899354	1.2000000000000002
28590.61085623032	750	9.524271351448805	0.0	401853	2361.1920778767108	-0.3500000000000001
28593.681029622836	1200	10.45409795893485	0.0	536667	3070.1733925139547	0.75
28596.915762836034	1200	11.219364745732252	0.0	587236	3234.733213202598	1.2
28601.96823216558	1850	10.166895416187993	0.0	905935	5052.469329544259	1.2000000000000002
28606.05752262854	1200	10.07760495322893	0.0	696376	4089.290462959063	0.5499999999999999
28608.93546587267	1200	11.19966170909487	0.0	487160	2877.943244134057	1.2
28614.535826976575	1850	9.599300605190649	0.0	972798	5600.3611039042235	1.2000000000000002
28618.42283596296	1200	9.712291618808731	0.0	641447	3887.008986381917	0.5499999999999999
28621.63633368271	1200	10.498793899059095	0.0	570392	3213.497719749635	1.2
28625.387683217505	1200	10.747444364263192	0.0	620283	3751.3495347959024	1.2
28629.025436267046	1200	11.109691314723024	0.0	584349	3637.7530495401684	1.2
28634.52674437724	1850	9.60838320452598	0.0	1035329	5501.308110197044	1.2000000000000002
28638.185243819535	1200	9.949883762230296	0.0	690253	3658.499442295684	0.5499999999999999
28641.533865828398	1200	10.601261753367405	0.0	598727	3348.622008862891	1.2
28644.28959477707	1200	11.84553280469517	0.0	487812	2755.728948672237	1.2
28649.50148046346	1850	10.6336471183046	0.0	938587	5211.885686390569	1.2000000000000002
28653.014962014455	1200	11.120165567309195	0.0	605884	3513.481550995405	0.5499999999999999
28658.2949661598	1850	9.840161421966075	0.0	930577	5280.00414534312	1.2000000000000002
28661.37631752961	1200	10.758810052152526	0.0	566904	3081.351369813549	0.5499999999999999
28664.90290603648	1200	11.23222154528182	0.0	641452	3526.5885068707057	1.2
28670.290294714672	1850	9.844832867091627	0.0	886255	5387.388678190193	1.2000000000000002
28674.19063386958	1200	9.944493712182222	0.0	634861	3900.339154909406	0.5499999999999999
28678.199212263098	1200	9.935915318663374	0.0	630203	4008.5783935188474	1.2
28682.049502288162	1200	10.085625293599952	0.0	638661	3850.2900250634234	1.2
28685.293771852233	1200	10.841355729530282	0.0	538612	3244.2695640696697	1.2
28688.81748749906	1200	11.31764008270451	0.0	550906	3523.7156468257717	1.2

