3632.504984073641	750	4.0	8.956917401179666	450283	8956.917401179666	-37.76474482507256
3635.73839744944	300	4.766586624201566	0.0	155580	3233.4133757984337	-0.15000000000000002
3638.69450530477	300	5.810478768871701	0.0	139857	2956.107855329865	0.3
3641.8935509330677	300	6.61143314057363	0.0	155432	3199.045628298071	0.3
3645.320370646575	300	7.184613427066161	0.0	163442	3426.81971350747	0.3
3648.0677821977056	300	8.437201875935791	0.0	126289	2747.4115511303694	0.3
3651.2804511665227	300	9.224532907118682	0.0	153295	3212.6689688171086	0.3
3654.853123573914	300	9.651860499727029	0.0	173849	3572.6724073916535	0.3
3657.925509826231	300	10.579474247409857	0.0	150710	3072.386252317171	0.3
3660.817527005942	300	11.687457067699189	0.0	139105	2892.017179710669	0.3
3663.813104450711	300	12.691879622930253	0.0	141840	2995.5774447689346	0.3
3667.119861480195	300	13.385122593446223	0.0	156148	3306.75702948403	0.3
3670.5112383521505	300	13.993745721490622	0.0	160746	3391.376871955601	0.3
3674.2536664133636	300	14.251317660277694	0.0	179801	3742.4280612129282	0.3
3677.1857998904998	300	15.31918418314175	0.0	140051	2932.1334771359434	0.3
3680.0829835441227	300	16.422000529518453	0.0	138313	2897.1836536233	0.3
3683.0917214622423	300	17.413262611399094	0.0	143509	3008.7379181193583	0.3
3686.211578308837	300	18.293405764804387	0.0	150616	3119.856846594709	0.3
3689.5756923276667	300	18.929291745975004	0.0	165384	3364.114018829385	0.3
3692.4347534198796	300	20.07023065376156	0.0	140881	2859.0610922134447	0.3
3695.6235831672325	300	20.881400906408736	0.0	157671	3188.8297473528214	0.3
3698.8358293781953	300	21.66915469544626	0.0	157812	3212.246210962475	0.3
3710.8272764004128	750	13.677707673228667	0.0	401853	11991.447022217593	0.3
3713.637664147844	300	14.867319925797569	0.0	137654	2810.3877474311	-0.15000000000000002
3716.6238689831166	300	15.88111509052498	0.0	146754	2986.204835272586	0.3
3719.7440190769253	300	16.76096499671635	0.0	153938	3120.15009380863	0.3
3723.438895020259	300	17.066089053382367	0.0	181901	3694.8759433339833	0.3
3725.732336116675	300	18.77264795696685	0.0	111155	2293.4410964155168	0.3
3728.882865657209	300	19.6221184164327	0.0	153605	3150.5295405341485	0.3
3731.922798506166	300	20.582185567475232	0.0	149029	3039.9328489574646	0.3
3735.088620296777	300	21.416363776864124	0.0	157421	3165.8217906111104	0.3
3738.231163551046	300	22.27382052259551	0.0	157488	3142.543254268613	0.3
3741.0992747268847	300	23.40570934675684	0.0	143881	2868.1111758386696	0.3
3749.1903810552553	750	19.314603018386492	0.0	412837	8091.106328370346	0.3
3756.774684539644	750	15.730299533997943	0.0	401088	7584.303484388551	0.75
3763.643450521428	750	12.861533552214354	0.0	365161	6868.765981783589	0.75
3769.693219512707	750	10.811764560934757	0.0	321064	6049.768991279598	0.75
3776.4711660508506	750	8.03381802279132	0.0	361565	6777.946538143437	0.75
3783.5973652276266	750	4.907618846014977	0.0	378327	7126.199176776342	0.75
3786.43557184441	300	6.069412229231938	0.0	149991	2838.20661678304	-0.15000000000000002
3789.419533156042	300	7.085450917599712	0.0	147968	2983.9613116322266	0.3
3792.6599390108045	300	7.845045062837108	0.0	161857	3240.4058547626037	0.3
3795.4607170772597	300	9.044266996381715	0.0	145210	2800.778066455393	0.3
3798.7675165039486	300	9.737467569692896	0.0	172312	3306.79942668882	0.3
3801.973755786893	300	10.531228286748586	0.0	167025	3206.2392829443083	0.3
3805.04896483412	300	11.456019239521414	0.0	160064	3075.209047227172	0.3
3811.3133990277925	750	9.191585045849193	0.0	331053	6264.434193672221	0.3
3821.7545337374836	1200	4.0	1.2495496638418644	550906	10441.134709691058	-4.623063554520017

