12288.161473567836	750	4.0	2.8523034398516582	450283	2852.3034398516584	-11.51490479136213
12290.691177231642	750	5.470296336193773	0.0	398865	2529.7036638062277	0.75
12292.873949876002	750	7.287523691832586	0.0	350812	2182.772644361186	0.75
12295.245791758363	750	8.915681809471888	0.0	382355	2371.8418823606985	0.75
12297.964544533615	750	10.196929034219853	0.0	411561	2718.752775252035	0.75
12300.111516376945	750	12.04995719089112	0.0	318564	2146.9718433287326	0.75
12302.18760728584	750	13.973866281996361	0.0	352642	2076.0909088947583	0.75
12306.035090776342	1200	14.126382791492297	0.0	709534	3847.4834905040643	0.75
12309.167121312252	1200	14.994352255583562	0.0	584846	3132.0305359087342	1.2
12312.274519040964	1200	15.88695452687081	0.0	560821	3107.397728712752	1.2
12317.7403694446	1850	14.421104123236109	0.0	939819	5465.850403634699	1.2000000000000002
12322.922358815924	1850	13.239114751911693	0.0	917428	5181.9893713244155	1.85
12328.237813748967	1850	11.923659818867675	0.0	946851	5315.454933044019	1.85
12334.693298209386	1850	9.468175358448171	0.0	1036454	6455.484460419505	1.85
12339.889865534555	1850	8.27160803327823	0.0	821631	5196.567325169939	1.85
12345.22929644633	1850	6.932177121502922	0.0	923170	5339.430911775309	1.85
12350.779255582289	1850	5.38221798554319	0.0	966699	5549.9591359597325	1.85
12354.299094790458	1200	5.862378777374974	0.0	581493	3519.8392081682164	0.5499999999999999
12358.473152031835	1200	5.688321535997831	0.0	639204	4174.057241377142	1.2
12362.571850373488	1200	5.5896231943458154	0.0	586839	4098.698341652016	1.2
12366.029582758427	1200	6.131890809406592	0.0	601738	3457.7323849392233	1.2
12369.612677747426	1200	6.548795820408448	0.0	616206	3583.0949889981443	1.2
12373.469100292172	1200	6.692373275660853	0.0	656471	3856.4225447475947	1.2
12376.6772677419	1200	7.484205825932755	0.0	536667	3208.167449728098	1.2
12380.556294521197	1200	7.60517904663532	0.0	587236	3879.0267792974346	1.2
12384.456521156695	1200	7.704952411138125	0.0	590335	3900.226635497195	1.2
12388.787089879806	1200	7.374383688025741	0.0	696376	4330.568723112384	1.2
12391.586032207	1200	8.57544136083274	0.0	487160	2798.9423271930023	1.2
12395.167185322858	1200	8.9942882449751	0.0	622896	3581.153115857637	1.2
12398.985876661067	1200	9.17559690676825	0.0	641447	3818.69133820685	1.2
12402.624968895745	1200	9.536504672089189	0.0	570392	3639.092234679064	1.2
12406.403054808172	1200	9.758418759661883	0.0	620283	3778.0859124273056	1.2
12409.793440690531	1200	10.368032877301548	0.0	584349	3390.385882360335	1.2
12413.528188329767	1200	10.633285238066158	0.0	670129	3734.747639235391	1.2
12417.35620997073	1200	10.805263597102265	0.0	690253	3828.0216409638933	1.2
12420.7050745393	1200	11.45639902853379	0.0	598727	3348.864568568476	1.2
12423.454753588316	1200	12.706719979518928	0.0	487812	2749.679049014861	1.2
12428.782727407033	1850	11.378746160802107	0.0	938587	5327.9738187168205	1.2000000000000002
12434.574526214665	1850	9.586947353169856	0.0	908665	5791.79880763225	1.85
12440.157584278548	1850	8.003889289285897	0.0	930577	5583.05806388396	1.85
12445.219466994886	1850	6.9420065729483404	0.0	858450	5061.882716337556	1.85
12451.213888106658	1850	4.9475854611755565	0.0	1025005	5994.421111772784	1.85
12454.928246590722	1200	5.2332269771118645	0.0	599477	3714.358484063692	0.5499999999999999
12458.449285670582	1200	5.712187897252048	0.0	634861	3521.039079859816	1.2
12462.299358358874	1200	5.862115208959949	0.0	630203	3850.0726882920994	1.2
12466.25390203052	1200	5.907571537314344	0.0	638661	3954.543671645605	1.2
12471.33653327088	1850	4.824940296954378	0.0	830730	5082.631240359966	1.2000000000000002
12476.291205355681	1850	4.0	0.12973178784648007	846370	4954.672084800858	1.2921533122601359

