699.5376787212173	750	4.0	1.1951975645028106	450283	1195.1975645028106	-4.389349527362085
700.6055314195546	750	6.932147301662702	0.0	398865	1067.852698337298	0.75
701.5543732101582	750	9.983305511059104	0.0	350812	948.8417906035982	0.75
703.9580159723237	1850	11.579662748893577	0.0	933276	2403.642762165527	0.75
706.6132465952116	1850	12.924432126005573	0.0	996749	2655.230622888004	1.85
708.7628840789807	1850	14.774794642236422	0.0	801058	2149.637483769152	1.85
710.6928505604235	1850	16.844828160793725	0.0	905515	1929.9664814427001	1.85
712.9244378281762	1850	18.613240893041002	0.0	1060487	2231.5872677527213	1.85
714.7102969793523	1850	20.827381741864915	0.0	852833	1785.859151176086	1.85
716.5770839958543	1850	22.960594725362824	0.0	913888	1866.787016502091	1.85
718.4945699756047	1850	25.043108745612592	0.0	939819	1917.4859797502309	1.85
720.418517955798	1850	27.119160765419227	0.0	917428	1923.9479801933653	1.85
722.4370163765664	1850	29.100662344650914	0.0	946851	2018.4984207683117	1.85
724.6711781423189	1850	30.866500578898307	0.0	1036454	2234.1617657526062	1.85
729.5946250353834	4300	29.943053685833924	0.0	2005399	4923.4468930643825	1.8499999999999996
733.9266287153463	4300	29.61105000587099	0.0	2152483	4332.003679962933	4.3
739.010593543194	4300	28.52708517802329	0.0	2289689	5083.964827847699	4.3
743.2100727881767	4300	28.32760593304053	0.0	2059512	4199.479244982761	4.3
747.6775325720199	4300	27.860146149197238	0.0	2220726	4467.459783843294	4.3
752.1856572489636	4300	27.352021472253625	0.0	2156729	4508.124676943611	4.3
756.9118594017398	4300	26.625819319477465	0.0	2039773	4726.20215277616	4.3
762.4654935364488	4300	25.072185184768458	0.0	2176469	5553.634134709006	4.3
768.0074798188684	4300	23.5301989023488	0.0	2221506	5541.986282419657	4.3
772.5623687114771	4300	22.975310009740085	0.0	2044075	4554.8888926087175	4.3
777.0018493001409	4300	22.535829421076315	0.0	2186790	4439.480588663769	4.3
781.2720096927216	4300	22.265669028495633	0.0	2105231	4270.160392580682	4.3
786.1181950273266	4300	21.419483693890566	0.0	2395588	4846.18533460507	4.3
790.2539027867612	4300	21.283775934455946	0.0	1972048	4135.707759434618	4.3
794.8019147547204	4300	20.735763966496677	0.0	2134614	4548.011967959266	4.3
799.379597093626	4300	20.15808162759108	0.0	2164140	4577.682338905597	4.3
803.6417753153404	4300	19.895903405876716	0.0	2113193	4262.178221714364	4.3
807.9913709419012	4300	19.54630777931581	0.0	2147852	4349.595626560907	4.3
812.4742795782773	4300	19.06339914293964	0.0	2191074	4482.908636376172	4.3
817.0330269126677	4300	18.504651808549387	0.0	2286761	4558.747334390253	4.3
821.9219431606576	4300	17.61573556055941	0.0	2307787	4888.916247989977	4.3
827.4736984137672	4300	16.063980307449768	0.0	2143948	5551.755253109646	4.3
832.2444536840823	4300	15.29322503713477	0.0	1919781	4770.755270314998	4.3
836.6756450847137	4300	14.86203363650332	0.0	2147467	4431.191400631449	4.3
841.0142179742475	4300	14.523460746969652	0.0	2133870	4338.572889533667	4.3
845.3205703470672	4300	14.217108374149836	0.0	2146120	4306.352372819816	4.3
849.5424285508584	4300	13.995250170358585	0.0	2108491	4221.858203791253	4.3
853.9293091712188	4300	13.608369549998107	0.0	2184571	4386.880620360475	4.3
858.253922925412	4300	13.283755795805021	0.0	2121928	4324.613754193086	4.3
863.1021456003494	4300	12.43553312086755	0.0	2219102	4848.222674937471	4.3
868.2003061897406	4300	11.33737253147642	0.0	2124950	5098.160589391131	4.3
870.2250109646252	1850	13.312667756591775	0.0	982064	2024.704774884646	-0.6000000000000001
871.95004081771	1850	15.587637903506922	0.0	830730	1725.0298530848518	1.85
873.729931858959	1850	17.807746862257925	0.0	846370	1779.891041248998	1.85

