14092.324999678576	750	4.0	1.6554738824205308	450283	1655.4738824205308	-6.368537694408282
14093.80056955377	750	6.5244301248067	0.0	398865	1475.5698751933007	0.75
14095.108009061012	750	9.21699061756412	0.0	350812	1307.4395072425814	0.75
14096.266577142573	750	12.058422536004505	0.0	382355	1158.568081559614	0.75
14098.148243606644	1850	14.17675607193326	0.0	996749	1881.6664640712463	0.75
14099.676190215445	1850	16.648809463132064	0.0	801058	1527.9466088011973	1.85
14101.391098894575	1850	18.933900784000645	0.0	905515	1714.9086791314205	1.85
14103.366293144427	1850	20.95870653414946	0.0	1060487	1975.194249851185	1.85
14104.970389335784	1850	23.354610342792718	0.0	852833	1604.0961913567405	1.85
14106.680418551658	1850	25.6445811269189	0.0	913888	1710.0292158738193	1.85
14108.415031506285	1850	27.909968172290256	0.0	939819	1734.6129546286415	1.85
14110.110223637683	1850	30.2147760408915	0.0	917428	1695.1921313987534	1.85
14111.85878955439	1850	32.46621012418571	0.0	946851	1748.5659167057959	1.85
14115.987394860183	4300	32.33760481839103	0.0	2275376	4128.605305794674	1.8499999999999996
14119.697382651537	4300	32.627617027036294	0.0	2005399	3709.9877913547375	4.3
14123.695095533241	4300	32.62990414533254	0.0	2152483	3997.712881703757	4.3
14127.921522197244	4300	32.40347748132924	0.0	2289689	4226.426664003296	4.3
14131.654371083518	4300	32.670628595055895	0.0	2059512	3732.8488862733498	4.3
14135.809604215307	4300	32.51539546326677	0.0	2220726	4155.2331317891185	4.3
14139.790216449137	4300	32.53478322943651	0.0	2156729	3980.6122338302594	4.3
14143.741606666994	4300	32.58339301158115	0.0	2039773	3951.3902178553667	4.3
14148.28642882436	4300	32.038570854215344	0.0	2176469	4544.822157365805	4.3
14152.338333951599	4300	31.98666572697616	0.0	2221506	4051.9051272391853	4.3
14156.043728920358	4300	32.28127075821592	0.0	2044075	3705.3949687602417	4.3
14159.984785005016	4300	32.340214673559274	0.0	2186790	3941.056084656645	4.3
14163.77833948149	4300	32.54666019708638	0.0	2105231	3793.5544764728925	4.3
14168.10678709596	4300	32.21821258261566	0.0	2395588	4328.447614470731	4.3
14171.71739593056	4300	32.60760374801472	0.0	1972048	3610.608834600933	4.3
14175.588248393367	4300	32.736751285207085	0.0	2134614	3870.852462807633	4.3
14179.494883981668	4300	32.83011569690818	0.0	2164140	3906.6355882989133	4.3
14183.310536220728	4300	33.014463457848116	0.0	2113193	3815.6522390600658	4.3
14187.261058422002	4300	33.06394125657389	0.0	2147852	3950.5222012742206	4.3
14191.269656871702	4300	33.05534280687235	0.0	2191074	4008.598449701537	4.3
14195.485217232392	4300	32.83978244618344	0.0	2286761	4215.560360688908	4.3
14199.754134522938	4300	32.57086515563608	0.0	2307787	4268.917290547362	4.3
14203.669844067173	4300	32.65515561140186	0.0	2143948	3915.7095442342215	4.3
14207.170554143268	4300	33.15444553530821	0.0	1919781	3500.7100760936455	4.3
14211.090351400064	4300	33.23464827851104	0.0	2147467	3919.7972567971797	4.3
14214.97364196884	4300	33.35135770973678	0.0	2133870	3883.2905687742496	4.3
14218.834164102682	4300	33.49083557589405	0.0	2146120	3860.52213384273	4.3
14222.710369716455	4300	33.614629962120105	0.0	2108491	3876.205613773954	4.3
14226.666344047853	4300	33.658655630721604	0.0	2184571	3955.9743313985	4.3
14230.491806052352	4300	33.83319362622262	0.0	2121928	3825.4620044989865	4.3
14234.502529532741	4300	33.82247014583365	0.0	2219102	4010.7234803889637	4.3
14238.36846840309	4300	33.9565312754864	0.0	2124950	3865.93887034725	4.3
14242.459453468546	4300	33.86554621003057	0.0	2246506	4090.985065455827	4.3
14246.787607516273	4300	33.537392162302304	0.0	1961140	4328.154047728267	4.3
14251.879555864021	4300	32.445443814555766	0.0	2155012	5091.9483477465365	4.3

