8115.154330807624	750	4.0	4.260510546601734	450283	4260.510546601734	-17.570195350387454
8116.674225277425	300	6.480105530199368	0.0	155580	1519.8944698006317	-0.15000000000000002
8118.043252755562	300	9.111078052062084	0.0	139857	1369.027478137285	0.3
8119.555831167667	300	11.598499639956616	0.0	155432	1512.578412105468	0.3
8121.142235774385	300	14.01209503323894	0.0	163442	1586.4046067176769	0.3
8124.169136963825	750	14.985193843798585	0.0	318564	3026.9011894403534	0.3
8127.50507010044	750	15.649260707182272	0.0	352642	3335.933136616313	0.75
8131.602794986233	750	15.55153582138961	0.0	437162	4097.724885792661	0.75
8135.085159976622	750	16.06917083100069	0.0	374758	3482.3649903889213	0.75
8138.488904313246	750	16.66542649437664	0.0	362795	3403.74433662405	0.75
8141.830914573287	750	17.32341623433449	0.0	353220	3342.0102600421487	0.75
8145.698006450466	750	17.456324357156465	0.0	405134	3867.091877178026	0.75
8149.332460014321	750	17.821870793300096	0.0	386351	3634.453563856369	0.75
8153.349234851594	750	17.805095956028243	0.0	434409	4016.7748372718543	0.75
8156.439992294127	750	18.714338513495896	0.0	337059	3090.7574425323455	0.75
8159.953544365634	750	19.200786441988168	0.0	366214	3513.5520715077305	0.75
8163.414554195267	750	19.739776612356444	0.0	360831	3461.0098296317215	0.75
8166.909034102023	750	20.245296705600218	0.0	372963	3494.479906756226	0.75
8170.681939405625	750	20.47239140199795	0.0	405596	3772.9053036022656	0.75
8174.062325845582	750	21.092004962041557	0.0	350713	3380.386439956394	0.75
8177.904956261252	750	21.249374546371293	0.0	386472	3842.6304156702627	0.75
8181.700652887585	750	21.453677920037975	0.0	399894	3795.696626333316	0.75
8185.421527375226	750	21.732803432397557	0.0	401853	3720.8744876404207	0.75
8188.6228613559815	750	22.531469451642035	0.0	343800	3201.333980755522	0.75
8192.075643842025	750	23.07868696559922	0.0	359903	3452.782486042816	0.75
8196.26747692716	750	22.886853880464024	0.0	379700	4191.8330851351975	0.75
8200.648903850712	750	22.505426956912174	0.0	425781	4381.426923551848	0.75
8203.343489084386	750	23.810841723238706	0.0	277716	2694.5852336734697	0.75
8206.99340369401	750	24.160927113613972	0.0	400396	3649.914609624734	0.75
8210.68077993601	750	24.473550871613888	0.0	400508	3687.3762420000867	0.75
8214.003525121776	750	25.15080568584786	0.0	358218	3322.745185766027	0.75
8217.704365380992	750	25.449965426632374	0.0	400322	3700.840259215484	0.75
8221.11154500749	750	26.04278580013382	0.0	369834	3407.1796264985537	0.75
8230.361661777211	1850	20.792669030412622	0.0	1035329	9250.1167697212	0.75
8239.685541606797	1850	15.468789200826603	0.0	1026056	9323.879829586018	1.85
8248.213475780321	1850	10.940855027300922	0.0	943942	8527.93417352568	1.85
8251.101596538128	750	12.052734269494918	0.0	321064	2888.1207578060043	-0.3500000000000001
8252.260348563192	300	14.893982244431816	0.0	124011	1158.7520250631019	-0.15000000000000002
8255.692314310076	750	15.462016497546745	0.0	378327	3431.965746885071	0.3
8259.296331323078	750	15.857999484546342	0.0	390680	3604.0170130004026	0.75
8262.45682064796	750	16.69751015966383	0.0	345516	3160.489324882514	0.75
8266.001891360947	750	17.152439446675555	0.0	384505	3545.070712988273	0.75
8269.48350347975	750	17.670827327872473	0.0	372093	3481.612118803081	0.75
8273.919072661198	750	17.235258146425537	0.0	438281	4435.5691814469355	0.75
8277.725650501528	750	17.428680306095156	0.0	398987	3806.577840330381	0.75
8281.430793809852	750	17.723536997770797	0.0	393804	3705.1433083243587	0.75
8284.542866237305	750	18.611464570317942	0.0	331053	3112.0724274528525	0.75
8287.494957539067	750	19.659373268555267	0.0	314107	2952.0913017626717	0.75

