7744.755425115007	750	4.0	2.0967584713464094	450283	2096.7584713464094	-8.26606142678956
7745.532247519966	300	7.223177595041176	0.0	155580	776.8224049588244	-0.15000000000000002
7747.183488434791	750	9.57193668021655	0.0	350812	1651.2409148246247	0.3
7748.929148838714	750	11.826276276292338	0.0	382355	1745.660403924215	0.75
7750.765872486217	750	13.989552628790399	0.0	411561	1836.723647501938	0.75
7752.205643970986	750	16.5497811440219	0.0	318564	1439.771484768497	0.75
7753.81800703953	750	18.937418075477748	0.0	352642	1612.3630685441537	0.75
7755.8524846974715	750	20.90294041753626	0.0	437162	2034.4776579414852	0.75
7759.764069148284	1850	20.99135596672415	0.0	852833	3911.5844508121136	0.75
7763.9726423631755	1850	20.782782751832098	0.0	913888	4208.573214892052	1.85
7768.205242012865	1850	20.55018310214262	0.0	939819	4232.599649689481	1.85
7772.335135458754	1850	20.42028965625325	0.0	917428	4129.893445889369	1.85
7777.169205468785	1850	19.58621964622271	0.0	946851	4834.07001003054	1.85
7782.077734401944	1850	18.67769071306377	0.0	1036454	4908.528933158938	1.85
7785.768021663993	1850	18.987403451015258	0.0	821631	3690.2872620485123	1.85
7790.061207427912	1850	18.694217687095065	0.0	923170	4293.185763920191	1.85
7793.3357067625775	1200	19.419718352430305	0.0	617242	3274.4993346647584	0.5499999999999999
7797.79332603908	1850	18.962099075926847	0.0	885714	4457.619276503456	1.2000000000000002
7802.321825991459	1850	18.433599123548575	0.0	987708	4528.499952378271	1.85
7806.443439519847	1850	18.311985595161175	0.0	923755	4121.613528387399	1.85
7810.485591578444	1850	18.269833536564125	0.0	891604	4042.152058597049	1.85
7814.927941641322	1850	17.82748347368558	0.0	955231	4442.350062878549	1.85
7819.336516837173	1850	17.418908277834547	0.0	968026	4408.575195851029	1.85
7823.333271892817	1850	17.42215322219133	0.0	874175	3996.7550556432197	1.85
7827.36037493305	1850	17.39505018195823	0.0	897976	4027.103040233103	1.85
7831.40638552073	1850	17.349039594278707	0.0	905935	4046.010587679522	1.85
7836.236478418147	1850	16.518946696861107	0.0	1076599	4830.0928974176	1.85
7839.672002206054	1850	17.083422908954553	0.0	758197	3435.5237879065576	1.85
7844.1328029881715	1850	16.622622126836664	0.0	972798	4460.800782117887	1.85
7849.181868852584	1850	15.573556262424958	0.0	975811	5049.0658644117075	1.85
7853.2116886430795	1850	15.543736471929266	0.0	873429	4029.819790495693	1.85
7857.462237533802	1850	15.29318758120613	0.0	954453	4250.5488907231365	1.85
7861.420083191021	1850	15.335341923987041	0.0	885062	3957.8456572190876	1.85
7866.134516482352	1850	14.620908632655759	0.0	1035329	4714.433291331282	1.85
7871.282387412862	1850	13.473037702145763	0.0	1026056	5147.870930509994	1.85
7875.493996889623	1850	13.261428225384542	0.0	943942	4211.609476761223	1.85
7878.734409278667	1850	14.02101583634125	0.0	728962	3240.4123890432916	1.85
7882.880413205352	1850	13.875011909656202	0.0	938587	4146.003926685049	1.85
7887.118490177072	1850	13.63693493793641	0.0	908665	4238.076971719792	1.85
7891.832996007845	1850	12.922429107162204	0.0	930577	4714.5058307742065	1.85
7895.605979763524	1850	13.149445351483331	0.0	858450	3772.9837556788716	1.85
7900.186821774057	1850	12.5686033409517	0.0	1025005	4580.842010531632	1.85
7904.120504820871	1850	12.6349202941365	0.0	886255	3933.6830468151993	1.85
7908.429420855911	1850	12.326004259095983	0.0	973972	4308.916035040516	1.85
7912.659273613526	1850	12.096151501480936	0.0	958994	4229.852757615048	1.85
7916.949643797332	1850	11.805781317675132	0.0	982064	4290.370183805804	1.85
7920.594167957835	1850	12.161257157171352	0.0	830730	3644.524160503778	1.85
7924.286428435168	1850	12.468996679839154	0.0	846370	3692.260477332198	1.85

