15084.30570380655	750	4.0	4.988056975613159	450283	4988.056975613159	-20.698644995136586
15086.11175420857	300	6.193949597980147	0.0	155580	1806.0504020198532	-0.15000000000000002
15087.744927246958	300	8.560776559592401	0.0	139857	1633.173038387746	0.3
15089.55106745948	300	10.754636347070438	0.0	155432	1806.1402125219627	0.3
15091.470400396433	300	12.835303410117813	0.0	163442	1919.3329369526252	0.3
15092.972561407978	300	15.333142398572587	0.0	126289	1502.1610115452258	0.3
15096.96798161159	750	15.337722194962135	0.0	352642	3995.4202036104525	0.3
15101.884048102267	750	14.421655704284197	0.0	437162	4916.066490677939	0.75
15106.170879002731	750	14.134824803819328	0.0	374758	4286.830900464868	0.75
15110.340459695079	750	13.965244111471408	0.0	362795	4169.5806923479195	0.75
15114.382349971682	750	13.923353834868442	0.0	353220	4041.890276602967	0.75
15118.90418680652	750	13.401517000029413	0.0	405134	4521.836834839029	0.75
15123.233152789688	750	13.072551016861606	0.0	386351	4328.965983167807	0.75
15128.093190874491	750	12.212512932058562	0.0	434409	4860.038084803043	0.75
15131.865413670599	750	12.440290135949894	0.0	337059	3772.222796108668	0.75
15135.973992183053	750	12.331711623494808	0.0	366214	4108.578512455087	0.75
15140.329390434534	750	11.97631337201564	0.0	360831	4355.398251479169	0.75
15144.55549491422	750	11.750208892327635	0.0	372963	4226.104479688006	0.75
15149.109184741315	750	11.19651906523465	0.0	405596	4553.689827092984	0.75
15153.241837613441	750	11.06386619310735	0.0	350713	4132.652872127301	0.75
15157.790213810005	750	10.515489996542652	0.0	386472	4548.376196564698	0.75
15162.258017889579	750	10.047685916971503	0.0	399894	4467.80407957115	0.75
15164.133396509418	300	12.172307297131786	0.0	163927	1875.3786198397186	-0.15000000000000002
15165.721025201063	300	14.584678605486014	0.0	137654	1587.628691645773	0.3
15170.645454152354	750	13.660249654195148	0.0	359903	4924.428951290865	0.3
15175.049819305346	750	13.255884501205134	0.0	379700	4404.365152990012	0.75
15179.931880880582	750	12.373822925969678	0.0	425781	4882.061575235458	0.75
15183.241564912609	750	13.064138893943205	0.0	277716	3309.684032026473	0.75
15187.984574982649	750	12.321128823902752	0.0	400396	4743.010070040452	0.75
15192.565895374608	750	11.739808431944347	0.0	400508	4581.320391958404	0.75
15196.848768384385	750	11.456935422166117	0.0	358218	4282.873009778233	0.75
15201.457255533685	750	10.848448272866321	0.0	400322	4608.4871492997945	0.75
15205.623215953297	750	10.682487853254228	0.0	369834	4165.960419612093	0.75
15210.2062877215	750	10.099416085052312	0.0	412837	4583.071768201917	0.75
15212.238111426712	300	12.067592379841765	0.0	179328	2031.8237052105462	-0.15000000000000002
15214.115333618496	300	14.190370188057631	0.0	159914	1877.2221917841323	0.3
15217.80707752578	750	14.498626280772925	0.0	321064	3691.743907284707	0.3
15221.976921407231	750	14.328782399320879	0.0	361565	4169.843881452047	0.75
15226.400609261593	750	13.905094544959786	0.0	378327	4423.687854361093	0.75
15230.863246067149	750	13.442457739402204	0.0	390680	4462.636805557581	0.75
15234.764568234865	750	13.54113557168624	0.0	345516	3901.3221677159654	0.75
15239.09734042884	750	13.208363377710835	0.0	384505	4332.772193975405	0.75
15243.317366169953	750	12.98833763659713	0.0	372093	4220.025741113705	0.75
15248.138742712894	750	12.166961093655567	0.0	438281	4821.3765429415635	0.75
15252.500712644223	750	11.804991162327617	0.0	398987	4361.969931327951	0.75
15257.16953710564	750	11.136166700912046	0.0	393804	4668.824461415569	0.75
15260.894848443884	750	11.410855362666338	0.0	331053	3725.3113382457095	0.75
15264.423329155263	750	11.882374651287831	0.0	314107	3528.4807113785064	0.75

