42384.040143982864	750	4.0	1.7000140996556756	450283	1700.0140996556756	-6.5600606285194045
42385.55516800966	750	6.484975973200941	0.0	398865	1515.0240267990598	0.75
42386.8973084554	750	9.142835527462578	0.0	350812	1342.1404457383621	0.75
42388.36478947897	750	11.675354503898223	0.0	382355	1467.4810235643574	0.75
42392.09223142985	1850	11.947912553013406	0.0	996749	3727.441950884817	0.75
42395.24261410903	1850	12.79752987383366	0.0	801058	3150.3826791797464	1.85
42398.72701989791	1850	13.313124084956902	0.0	905515	3484.4057888767584	1.85
42402.436957822814	1850	13.603186160052354	0.0	1060487	3709.9379249045464	1.85
42405.66225895612	1850	14.377885026748604	0.0	852833	3225.30113330375	1.85
42409.11021876531	1850	14.929925217554839	0.0	913888	3447.959809193766	1.85
42412.514819508666	1850	15.525324474204282	0.0	939819	3404.600743350557	1.85
42415.84597021634	1850	16.194173766526713	0.0	917428	3331.1507076775692	1.85
42419.36093613548	1850	16.679207847383356	0.0	946851	3514.965919143357	1.85
42423.43272650886	1850	16.60741747401404	0.0	1036454	4071.790373369321	1.85
42426.542049674084	1850	17.49809430878721	0.0	821631	3109.32316522683	1.85
42430.02270719906	1850	18.0174367838155	0.0	923170	3480.6575249717084	1.85
42433.66116333107	1850	18.378980651808313	0.0	966699	3638.4561320071903	1.85
42436.9882555896	1850	19.051888393284106	0.0	885714	3327.0922585242074	1.85
42440.690565431505	1850	19.349578551372616	0.0	987708	3702.3098419114904	1.85
42444.16396152919	1850	19.876182453683274	0.0	923755	3473.396097689339	1.85
42447.57877132087	1850	20.46137266200603	0.0	891604	3414.8097916772444	1.85
42451.25561978272	1850	20.784524200156916	0.0	955231	3676.8484618491134	1.85
42454.96948205748	1850	21.070661925397253	0.0	968026	3713.862274759665	1.85
42458.244097467286	1850	21.796046515587353	0.0	874175	3274.6154098099005	1.85
42461.60162708165	1850	22.43851690122573	0.0	897976	3357.5296143616256	1.85
42464.98367109617	1850	23.05647288670809	0.0	905935	3382.04401451764	1.85
42468.97227339652	1850	23.067870586363163	0.0	1076599	3988.6023003449254	1.85
42471.98041763853	1850	24.05972634434151	0.0	758197	3008.144242021653	1.85
42475.72481109194	1850	24.31533289093372	0.0	972798	3744.39345340779	1.85
42479.166146482596	1850	24.87399750027826	0.0	975811	3441.3353906554603	1.85
42482.28766532049	1850	25.752478662385823	0.0	873429	3121.518837892436	1.85
42485.76327628469	1850	26.2768676981755	0.0	954453	3475.610964210323	1.85
42489.178438490344	1850	26.86170549252534	0.0	885062	3415.1622056501606	1.85
42493.00078872732	1850	27.039355255555794	0.0	1035329	3822.350236969546	1.85
42496.83473325725	1850	27.205410725616485	0.0	1026056	3833.9445299393083	1.85
42500.46773409242	1850	27.57240989045356	0.0	943942	3633.000835162926	1.85
42503.27453681362	1850	28.765607169250615	0.0	728962	2806.8027212029456	1.85
42506.89230061631	1850	29.14784336655744	0.0	938587	3617.7638026931795	1.85
42510.43269547716	1850	29.607448505710217	0.0	908665	3540.39486084722	1.85
42513.84734243379	1850	30.192801549072502	0.0	930577	3414.646956637717	1.85
42517.14678764559	1850	30.893356337276302	0.0	858450	3299.445211796198	1.85
42521.25377621442	1850	30.7863677684497	0.0	1025005	4106.988568826601	1.85
42524.66701724555	1850	31.37312673732093	0.0	886255	3413.24103112877	1.85
42528.430278786866	1850	31.609865195998832	0.0	973972	3763.2615413220983	1.85
42532.05198110664	1850	31.988162876231154	0.0	958994	3621.7023197676745	1.85
42535.565747154	1850	32.474396828868116	0.0	982064	3513.7660473630413	1.85
42538.53560909532	1850	33.50453488755261	0.0	830730	2969.8619413155025	1.85
42546.320719851974	4300	29.719424130902233	0.0	2155012	7785.110756650377	1.8499999999999996

