4342.951305615131	750	4.0	10.478976926179792	450283	10478.976926179792	-44.309600782573106
4344.560094213775	300	6.391211401355156	0.0	155580	1608.7885986448434	-0.15000000000000002
4346.014382599433	300	8.936923015697154	0.0	139857	1454.2883856580017	0.3
4347.621716893459	300	11.329588721671152	0.0	155432	1607.3342940260015	0.3
4349.262992315273	300	13.688313299857505	0.0	163442	1641.2754218136477	0.3
4350.545253200526	300	16.406052414605117	0.0	126289	1282.260885252386	0.3
4354.008601342797	750	16.942704272332954	0.0	352642	3463.348142272163	0.3
4358.366891982267	750	16.58441363286392	0.0	437162	4358.290639469033	0.75
4362.13714119309	750	16.814164422040964	0.0	374758	3770.2492108229576	0.75
4368.926028159183	750	14.025277455947451	0.0	362795	6788.886966093514	0.75
4374.976581166063	750	11.97472444906815	0.0	353220	6050.553006879301	0.75
4379.689188888256	750	11.262116726875574	0.0	405134	4712.607722192576	0.75
4385.502550147644	750	9.448755467487066	0.0	386351	5813.361259388508	0.75
4387.380498792647	300	11.570806822484577	0.0	179801	1877.9486450024892	-0.15000000000000002
4388.868639690034	300	14.08266592509658	0.0	140051	1488.140897387998	0.3
4392.759725002606	750	14.19158061252499	0.0	366214	3891.085312571587	0.3
4399.905380152734	750	11.045925462396397	0.0	360831	7145.655150128595	0.75
4403.780975222805	750	11.170330392325482	0.0	372963	3875.595070070914	0.75
4407.849681090047	750	11.1016245250834	0.0	405596	4068.7058672420817	0.75
4411.340966816689	750	11.61033879844109	0.0	350713	3491.2857266423102	0.75
4415.897305885552	750	11.05399972957858	0.0	386472	4556.3390688625095	0.75
4422.947212820433	750	8.00409279469739	0.0	399894	7049.90693488119	0.75
4425.216139307859	300	9.735166307272452	0.0	163927	2268.9264874249366	-0.15000000000000002
4426.635666008391	300	12.315639606739078	0.0	137654	1419.5267005333747	0.3
4428.1437458419605	300	14.807559773170313	0.0	146754	1508.0798335687655	0.3
4432.197860367566	750	14.753445247564226	0.0	379700	4054.1145256060863	0.3
4439.315830641723	750	11.635474973408167	0.0	425781	7117.970274156059	0.75
4442.373965801115	750	12.577339814015566	0.0	277716	3058.1351593926	0.75
4446.378678584308	750	12.572627030822831	0.0	400396	4004.7127831927355	0.75
4450.252362177615	750	12.698943437514849	0.0	400508	3873.683593307981	0.75
4453.993660079297	750	12.95764553583293	0.0	358218	3741.29790168192	0.75
4458.109528029392	750	12.841777585737216	0.0	400322	4115.867950095713	0.75
4461.853053876805	750	13.098251738325791	0.0	369834	3743.5258474114253	0.75
4465.970636893386	750	12.980668721744355	0.0	412837	4117.583016581437	0.75
4470.002403892756	750	12.948901722375291	0.0	401088	4031.7669993690633	0.75
4475.746844332071	750	11.204461283060049	0.0	365161	5744.440439315243	0.75
4478.93150142892	750	12.019804186210912	0.0	321064	3184.6570968491355	0.75
4482.554594005926	750	12.396711609203821	0.0	361565	3623.092577007092	0.75
4486.453913747303	750	12.497391867827272	0.0	378327	3899.31974137655	0.75
4490.826062134546	750	12.12524348058446	0.0	390680	4372.14838724281	0.75
4496.373475044167	750	10.577830570962943	0.0	345516	5547.4129096215165	0.75
4498.070296451815	300	12.881009163315316	0.0	161857	1696.821407647629	-0.15000000000000002
4499.600827702268	300	15.35047791286268	0.0	145210	1530.5312504526355	0.3
4519.042965979352	750	4.0	4.091660364221181	438281	19442.13827708386	-17.294139566151078
4520.782740725982	300	6.26022525336967	0.0	167025	1739.7747466303294	-0.15000000000000002
4523.650764452443	300	7.392201526909272	0.0	160064	2868.0237264603984	0.3
4526.29368376108	300	8.74928221827217	0.0	137507	2642.919308637103	0.3
4527.505307083819	300	11.537658895532783	0.0	118421	1211.6233227393855	0.3

