38874.40915243841	750	4.0	1.641506763533678	450283	1641.506763533678	-6.308479083194815
38875.02867807511	300	7.3804743632991485	0.0	155580	619.5256367008517	-0.15000000000000002
38876.32523590814	750	10.083916530272415	0.0	350812	1296.5578330267335	0.3
38878.54825382546	1200	11.860898612948791	0.0	617681	2223.017917323623	0.75
38882.092354709	1850	12.316797729402344	0.0	996749	3544.100883546447	1.2000000000000002
38884.954445094285	1850	13.4547073441111	0.0	801058	2862.090385291245	1.85
38889.8589179378	2850	12.550234500599327	0.0	1388403	4904.472843511773	1.85
38893.6307185252	1850	12.77843391319998	0.0	1060487	3771.8005873993475	0.8500000000000001
38896.66968364221	1850	13.739468796185642	0.0	852833	3038.9651170143366	1.85
38901.723858932666	2850	12.685293505734563	0.0	1429765	5054.175290451079	1.85
38905.0857198697	1850	13.32343256870208	0.0	939819	3361.8609370324843	0.8500000000000001
38910.458929512526	2850	11.950222925877206	0.0	1519951	5373.209642824872	1.85
38913.79947795541	1850	12.609674482993196	0.0	946851	3340.5484428840095	0.8500000000000001
38917.50003424042	1850	12.909118197983876	0.0	1036454	3700.5562850093183	1.85
38920.44696092591	1850	13.962191512490689	0.0	821631	2946.926685493188	1.85
38925.65140269772	2850	12.757749740680028	0.0	1471065	5204.441771810659	1.85
38929.09452388058	1850	13.314628557821736	0.0	966699	3443.1211828582927	0.8500000000000001
38933.8842575066	2850	12.524894931799345	0.0	1358801	4789.733626022391	1.85
38937.38542389155	1850	13.023728546852618	0.0	987708	3501.1663849467254	0.8500000000000001
38942.07345139933	2850	12.335701039073836	0.0	1336050	4688.027507778782	1.85
38945.22242928016	1850	13.186723158244217	0.0	891604	3148.97788082962	0.8500000000000001
38950.37498833886	2850	12.034164099549605	0.0	1468126	5152.55905869461	1.85
38953.816432498716	1850	12.592719939693616	0.0	968026	3441.4441598559893	0.8500000000000001
38956.941360424404	1850	13.467792014000686	0.0	874175	3124.927925692929	1.85
38961.84425545467	2850	12.564896983734467	0.0	1383735	4902.895030266221	1.85
38965.07940031989	1850	13.329752118521233	0.0	905935	3235.144865213233	0.8500000000000001
38970.53091595162	2850	11.878236486791339	0.0	1547572	5451.515631729896	1.85
38973.217233848285	1850	13.191918590117453	0.0	758197	2686.317896673885	0.8500000000000001
38978.491934996404	2850	11.91721744199983	0.0	1498470	5274.701148117624	1.85
38981.96593005154	1850	12.443222386864408	0.0	975811	3473.9950551354227	0.8500000000000001
38985.080678179766	1850	13.328474258643606	0.0	873429	3114.7481282208005	1.85
38990.40576106341	2850	12.003391374992473	0.0	1497683	5325.082883651132	1.85
38993.576924526395	1850	12.832227912010799	0.0	885062	3171.1634629816754	0.8500000000000001
38997.28869947008	1850	13.120452968323665	0.0	1035329	3711.7749436871345	1.85
39002.6171413066	2850	11.792011131810636	0.0	1492672	5328.44183651303	1.85
39006.003915857415	1850	12.405236580995554	0.0	943942	3386.7745508150824	0.8500000000000001
39008.6280934726	1850	13.781058965803892	0.0	728962	2624.177615191661	1.85
39013.907361492806	2850	12.501790945599469	0.0	1499009	5279.268020204423	1.85
39017.13318169471	1850	13.275970743684995	0.0	908665	3225.8202019144737	0.8500000000000001
39022.08800712666	2850	12.321145311744836	0.0	1402287	4954.825431940158	1.85
39025.15780105264	1850	13.251351385759607	0.0	858450	3069.7939259852305	0.8500000000000001
39030.54374278728	2850	11.865409651122311	0.0	1527299	5385.941734637297	1.85
39033.7272815465	1850	12.681870891907286	0.0	886255	3183.538759215025	0.8500000000000001
39037.21442498619	1850	13.194727452211804	0.0	973972	3487.1434396954814	1.85
39042.385072015546	2850	12.024080422854228	0.0	1464921	5170.647029357577	1.85
39045.89694859416	1850	12.512203844243645	0.0	982064	3511.8765786105805	0.8500000000000001
39048.87267195349	1850	13.536480484910896	0.0	830730	2975.7233593327487	1.85
39053.68581460104	2850	12.723337837361383	0.0	1364537	4813.142647549514	1.85

