31699.329110762636	750	4.0	2.0558083779653944	450283	2055.8083779653944	-8.089976025251195
31701.159300773536	750	6.1698099891020375	0.0	398865	1830.190010897962	0.75
31702.770404172807	750	8.558706589827507	0.0	350812	1611.1033992745297	0.75
31704.476087464525	750	10.853023298107429	0.0	382355	1705.6832917200772	0.75
31706.305947780787	750	13.023162981847392	0.0	411561	1829.860316260038	0.75
31707.740406783923	750	15.588703978712832	0.0	318564	1434.4590031345601	0.75
31709.410281962388	750	17.918828800249894	0.0	352642	1669.8751784629367	0.75
31711.462186421806	750	19.866924340830195	0.0	437162	2051.904459419701	0.75
31715.290522895444	1850	20.03858786719213	0.0	852833	3828.336473638063	0.75
31719.380828585538	1850	19.948282177095983	0.0	913888	4090.3056900961487	1.85
31723.692826405295	1850	19.636284357341882	0.0	939819	4311.997819754099	1.85
31727.774345793496	1850	19.554764969140432	0.0	917428	4081.5193882014505	1.85
31731.9928930713	1850	19.336217691334852	0.0	946851	4218.54727780558	1.85
31736.56529167006	1850	18.763819092575602	0.0	1036454	4572.39859875925	1.85
31740.189377942566	1850	19.139732820072915	0.0	821631	3624.086272502688	1.85
31744.242629902794	1850	19.08648085984437	0.0	923170	4053.251960228541	1.85
31748.465980465462	1850	18.863130297178326	0.0	966699	4223.350562666045	1.85
31752.478579949053	1850	18.850530813588158	0.0	885714	4012.59948359017	1.85
31757.298922726022	1850	18.030188036615062	0.0	987708	4820.342776973094	1.85
31761.6052092897	1850	17.723901472940817	0.0	923755	4306.286563674246	1.85
31765.62079110908	1850	17.708319653563194	0.0	891604	4015.581819377621	1.85
31769.966121069498	1850	17.362989693143334	0.0	955231	4345.329960419862	1.85
31774.45735324592	1850	16.8717575167191	0.0	968026	4491.232176424232	1.85
31778.32974570686	1850	16.99936505577883	0.0	874175	3872.392460940267	1.85
31782.463202190796	1850	16.865908571840244	0.0	897976	4133.456483938588	1.85
31786.63525525177	1850	16.693855510864747	0.0	905935	4172.053060975495	1.85
31791.505536137927	1850	15.823574624710139	0.0	1076599	4870.280886154611	1.85
31794.92119302401	1850	16.40791773862666	0.0	758197	3415.6568860834795	1.85
31799.21087549752	1850	16.11823526511722	0.0	972798	4289.682473509438	1.85
31803.4346690012	1850	15.894441761436143	0.0	975811	4223.7935036810795	1.85
31807.284087549877	1850	16.045023212759165	0.0	873429	3849.418548676979	1.85
31811.536237152966	1850	15.79287360966693	0.0	954453	4252.149603092233	1.85
31815.503207597212	1850	15.825903165425174	0.0	885062	3966.970444241756	1.85
31820.104792632934	1850	15.22431812970091	0.0	1035329	4601.585035724263	1.85
31824.588123682646	1850	14.740987079988095	0.0	1026056	4483.331049712815	1.85
31828.667780569645	1850	14.661330192990718	0.0	943942	4079.6568869973776	1.85
31831.83133640889	1850	15.49777435374746	0.0	728962	3163.5558392432586	1.85
31835.893145945265	1850	15.43596481737415	0.0	938587	4061.8095363733073	1.85
31839.89341773881	1850	15.43569302382818	0.0	908665	4000.2717935459714	1.85
31844.290930769614	1850	15.038179993024409	0.0	930577	4397.513030803771	1.85
31848.15242515506	1850	15.176685607575452	0.0	858450	3861.4943854489566	1.85
31852.659617084995	1850	14.6694936776425	0.0	1025005	4507.191929932951	1.85
31856.71156730258	1850	14.617543460054636	0.0	886255	4051.950217587864	1.85
31861.566439463928	1850	13.762671298705456	0.0	973972	4854.87216134918	1.85
31866.29916212359	1850	13.029948639047555	0.0	958994	4732.7226596579	1.85
31870.640996364553	1850	12.688114398081163	0.0	982064	4341.834240966393	1.85
31874.24422606444	1850	13.084884698192932	0.0	830730	3603.229699888233	1.85
31877.93958524077	1850	13.38952552186233	0.0	846370	3695.3591763306013	1.85

