14181.249084794454	750	4.0	4.613089505723078	450283	4613.089505723078	-19.086284874609234
14184.096209431755	300	5.152875362699341	0.0	155580	2847.1246373006593	-0.15000000000000002
14186.988255714814	300	6.260829079640991	0.0	139857	2892.0462830583497	0.3
14188.561262408906	300	8.687822385547335	0.0	155432	1573.006694093656	0.3
14190.211209395988	300	11.037875398465813	0.0	163442	1649.946987081523	0.3
14191.504282137703	300	13.744802656749862	0.0	126289	1293.072741715951	0.3
14197.485743372603	750	11.763341421849956	0.0	352642	5981.461234899906	0.3
14201.781235761793	750	11.467849032658783	0.0	437162	4295.492389191173	0.75
14209.718499100074	750	7.530585694378456	0.0	374758	7937.263338280327	0.75
14211.231410163893	300	10.017674630560066	0.0	139105	1512.9110638183906	-0.15000000000000002
14212.745631845213	300	12.50345294923912	0.0	141840	1514.2216813209445	0.3
14214.265651082605	300	14.983433711848125	0.0	156148	1520.0192373909956	0.3
14218.054647705663	750	15.19443708879076	0.0	386351	3788.9966230573646	0.3
14224.048377940539	750	13.200706853915163	0.0	434409	5993.730234875599	0.75
14227.57112270672	750	13.677962087733137	0.0	337059	3522.744766182026	0.75
14231.326432956479	750	13.922651837973325	0.0	366214	3755.310249759811	0.75
14234.797115968922	750	14.451968825530852	0.0	360831	3470.683012442472	0.75
14238.23860221035	750	15.010482584104851	0.0	372963	3441.4862414259997	0.75
14243.100296722369	750	14.148788072084772	0.0	405596	4861.69451202008	0.75
14246.612619077274	750	14.636465717178968	0.0	350713	3512.3223549058034	0.75
14251.567300942403	750	13.681783852050662	0.0	386472	4954.681865128306	0.75
14258.943307819047	750	10.305776975406852	0.0	399894	7376.006876643811	0.75
14260.618780304418	300	12.630304490036806	0.0	163927	1675.4724853700461	-0.15000000000000002
14264.52444554806	750	12.724639246393123	0.0	343800	3905.6652436436843	0.3
14270.11605070008	750	11.133034094374178	0.0	359903	5591.605152018945	0.75
14271.707106896096	300	13.541977898358372	0.0	153938	1591.0561960158063	-0.15000000000000002
14273.572648043255	300	15.676436751198661	0.0	181901	1865.5411471597085	0.3
14276.515131812643	750	16.733952981809765	0.0	277716	2942.4837693888944	0.3
14280.709776955391	750	16.5393078390634	0.0	400396	4194.645142746364	0.75
14285.513982154453	750	15.735102640001111	0.0	400508	4804.2051990622895	0.75
14290.79050163059	750	14.458583163862649	0.0	358218	5276.519476138461	0.75
14295.476074079646	750	13.773010714807954	0.0	400322	4685.5724490546945	0.75
14300.818005884083	750	12.431078910371545	0.0	369834	5341.93180443641	0.75
14305.079115111696	750	12.169969682759598	0.0	412837	4261.109227611948	0.75
14309.2241041812	750	12.024980613255428	0.0	401088	4144.98906950417	0.75
14312.970287894323	750	12.278796900132544	0.0	365161	3746.183713122885	0.75
14316.23774144889	750	13.01134334556701	0.0	321064	3267.4535545655344	0.75
14319.879415876747	750	13.369668917710017	0.0	361565	3641.674427856991	0.75
14323.822662814859	750	13.426421979597206	0.0	378327	3943.2469381128117	0.75
14328.244097246323	750	13.00498754813289	0.0	390680	4421.434431464315	0.75
14332.101487390664	750	13.147597403792984	0.0	345516	3857.3901443399072	0.75
14336.227380727049	750	13.021704067408063	0.0	384505	4125.893336384921	0.75
14340.142333403768	750	13.106751390689038	0.0	372093	3914.9526767190264	0.75
14344.945900341785	750	12.303184452672241	0.0	438281	4803.566938016797	0.75
14349.121619434818	750	12.127465359638354	0.0	398987	4175.7190930338875	0.75
14354.74211271501	750	10.506972079447216	0.0	393804	5620.493280191137	0.75
14356.430961646207	300	12.8181231482503	0.0	137507	1688.8489311969151	-0.15000000000000002
14357.729770584956	300	15.519314209501571	0.0	118421	1298.8089387487298	0.3

