43823.881634173944	750	4.0	0.9988998671774274	450283	998.8998671774274	-3.5452694288629374
43824.775604489325	750	7.106029684616731	0.0	398865	893.9703153832692	0.75
43825.571512263334	750	10.310121910607391	0.0	350812	795.9077740093401	0.75
43826.43179035225	750	13.449843821684148	0.0	382355	860.2780889232444	0.75
43827.35166960205	750	16.52996457188922	0.0	411561	919.8792497949272	0.75
43829.11363794618	1850	18.767996227761245	0.0	801058	1761.9683441279794	0.75
43831.16558407451	1850	20.7160500994353	0.0	905515	2051.9461283259434	1.85
43833.553000604705	1850	22.32863356923867	0.0	1060487	2387.41653019663	1.85
43835.37439181126	1850	24.507242362684057	0.0	852833	1821.39120655461	1.85
43839.9531905557	4300	23.92844361824516	0.0	2169201	4578.798744438896	1.8499999999999996
43844.67932840225	4300	23.20230577169343	0.0	2173522	4726.137846551733	4.3
43849.070066679255	4300	22.811567494689488	0.0	2102452	4390.7382770039385	4.3
43853.66602573673	4300	22.21560843720912	0.0	2209463	4595.959057480364	4.3
43858.46747501049	4300	21.414159163454368	0.0	2275376	4801.4492737547525	4.3
43862.73267748757	4300	21.148956686382707	0.0	2005399	4265.2024770716625	4.3
43867.31461520267	4300	20.567018971286338	0.0	2152483	4581.9377150963655	4.3
43872.145195254605	4300	19.736438919352157	0.0	2289689	4830.580051934185	4.3
43876.50527198289	4300	19.376362191067916	0.0	2059512	4360.076728284243	4.3
43881.25805158248	4300	18.623582591476666	0.0	2220726	4752.77959959125	4.3
43885.905146869874	4300	17.976487304078823	0.0	2156729	4647.095287397842	4.3
43890.370523850375	4300	17.511110323577586	0.0	2039773	4465.3769805012325	4.3
43895.49143336087	4300	16.390200813083283	0.0	2176469	5120.909510494305	4.3
43897.63242263364	1850	18.24921154031884	0.0	968026	2140.9892727644446	-0.6000000000000001
43899.57359712432	1850	20.30803704963485	0.0	874175	1941.1744906839879	1.85
43901.53272910717	1850	22.348905066778837	0.0	897976	1959.1319828560167	1.85
43903.50402181681	1850	24.377612357141935	0.0	905935	1971.2927096369035	1.85
43905.81573258255	1850	26.06590159139238	0.0	1076599	2311.7107657495562	1.85
43909.929883642646	4300	25.951750531301535	0.0	1972048	4114.151060090844	1.8499999999999996
43914.50195125317	4300	25.37968292077037	0.0	2134614	4572.067610531163	4.3
43919.160866468024	4300	24.72076770592032	0.0	2164140	4658.915214850052	4.3
43923.677836570765	4300	24.20379760318814	0.0	2113193	4516.970102732177	4.3
43928.86273419155	4300	23.018899982398686	0.0	2147852	5184.897620789455	4.3
43933.682739011856	4300	22.19889516209538	0.0	2191074	4820.004820303308	4.3
43938.41419016203	4300	21.467444011915163	0.0	2286761	4731.451150180214	4.3
43943.25809072138	4300	20.623543452571536	0.0	2307787	4843.900559343628	4.3
43947.93594583984	4300	19.94568833410884	0.0	2143948	4677.855118462697	4.3
43952.1661232204	4300	19.715510953543966	0.0	1919781	4230.177380564874	4.3
43956.67001285972	4300	19.211621314216504	0.0	2147467	4503.889639327463	4.3
43961.357844450744	4300	18.52378972319638	0.0	2133870	4687.831591020124	4.3
43965.799064228515	4300	18.082569945428848	0.0	2146120	4441.219777767532	4.3
43970.27754165695	4300	17.60409251699077	0.0	2108491	4478.477428438078	4.3
43974.96417145472	4300	16.91746271922097	0.0	2184571	4686.629797769802	4.3
43976.907218745786	1850	18.974415428160178	0.0	886255	1943.0472910607923	-0.6000000000000001
43979.01144805391	1850	20.870186120031093	0.0	973972	2104.2293081290836	1.85
43981.08454822632	1850	22.79708594762373	0.0	958994	2073.1001724073612	1.85
43983.16265180862	1850	24.718982365320787	0.0	982064	2078.103582302945	1.85
43987.23346002202	4300	24.64817415192661	0.0	1961140	4070.808213394174	1.8499999999999996
43991.84111207106	4300	24.040522102886325	0.0	2155012	4607.652049040289	4.3

