14166.990412303385	750	4.0	7.176394561655279	450283	7176.394561655279	-30.108496615117698
14168.642470926681	300	6.347941376703209	0.0	155580	1652.0586232967914	-0.15000000000000002
14170.113072523513	300	8.877339779872134	0.0	139857	1470.601596831075	0.3
14171.329166817468	300	11.661245485916908	0.0	155432	1216.0942939552253	0.3
14172.603808355841	300	14.386603947542378	0.0	163442	1274.6415383745302	0.3
14175.01227831479	750	15.978133988592147	0.0	318564	2408.469958950232	0.3
14180.700658743186	750	14.289753560198086	0.0	352642	5688.380428394059	0.75
14183.869471325539	750	15.120940977845187	0.0	437162	3168.8125823529003	0.75
14186.624102061665	750	16.36631024171921	0.0	374758	2754.6307361259783	0.75
14189.331928084219	750	17.6584842191649	0.0	362795	2707.8260225543086	0.75
14192.11502541645	750	18.875386886934884	0.0	353220	2783.097332230017	0.75
14195.462030247396	750	19.528382055987795	0.0	405134	3347.004830947092	0.75
14198.392380018518	750	20.59803228486425	0.0	386351	2930.349771123543	0.75
14201.673936237215	750	21.31647606616787	0.0	434409	3281.5562186963784	0.75
14204.3182813795	750	22.67213092388589	0.0	337059	2644.345142281978	0.75
14207.107226977192	750	23.88318532619204	0.0	366214	2788.9455976938516	0.75
14209.738046343373	750	25.25236596001054	0.0	360831	2630.819366181501	0.75
14216.063211039473	1850	22.927201263910778	0.0	885714	6325.164696099759	0.75
14226.116505924865	1850	16.873906378518463	0.0	987708	10053.294885392317	1.85
14228.855735542053	750	18.134676761330493	0.0	350713	2739.2296171879725	-0.3500000000000001
14231.744878235439	750	19.245534067944643	0.0	386472	2889.1426933858497	0.75
14234.747922673198	750	20.2424896301864	0.0	399894	3003.0444377582385	0.75
14237.731834820032	750	21.258577483352212	0.0	401853	2983.91214683419	0.75
14240.249209817495	750	22.741202485888927	0.0	343800	2517.3749974632833	0.75
14242.90283681016	750	24.087575493223188	0.0	359903	2653.6269926657405	0.75
14249.568591050378	1850	21.42182125300559	0.0	905935	6665.754240217595	0.75
14257.457870752653	1850	17.532541550730013	0.0	1076599	7889.2797022755785	1.85
14263.033442735543	1850	15.95696956784023	0.0	758197	5575.571982889782	1.85
14270.076452792748	1850	12.913959510637262	0.0	972798	7043.01005720297	1.85
14277.125376900402	1850	9.865035402983095	0.0	975811	7048.9241076541675	1.85
14279.727787223874	750	11.262625079510403	0.0	358218	2602.41032347269	-0.3500000000000001
14282.637829830268	750	12.352582473115435	0.0	400322	2910.042606394968	0.75
14285.45358232143	750	13.53682998195468	0.0	369834	2815.752491160755	0.75
14288.597362029668	750	14.393050273715577	0.0	412837	3143.7797082391044	0.75
14291.672257450668	750	15.318154852716146	0.0	401088	3074.8954209994295	0.75
14294.389420547563	750	16.600991755823383	0.0	365161	2717.1630968927634	0.75
14296.746612921232	750	18.243799382152442	0.0	321064	2357.1923736709387	0.75
14302.472564335989	750	16.51784796739648	0.0	361565	5725.951414755963	0.75
14305.465011443186	750	17.52540086019827	0.0	378327	2992.44710719821	0.75
14308.298071444993	750	18.69234085839156	0.0	390680	2833.0600018067125	0.75
14310.889537199919	750	20.1008751034671	0.0	345516	2591.4657549244575	0.75
14314.385043354609	750	20.60536894877696	0.0	384505	3495.506154690142	0.75
14319.122512921012	750	19.867899382372304	0.0	372093	4737.469566404655	0.75
14322.429160011987	750	20.561252291399345	0.0	438281	3306.647090972957	0.75
14325.387660846403	750	21.60275145698368	0.0	398987	2958.5008344156677	0.75
14328.282904327103	750	22.707507976282876	0.0	393804	2895.2434807008017	0.75
14334.207247199436	1850	20.783165103949596	0.0	830730	5924.342872333281	0.75
14340.393883535766	1850	18.59652876762134	0.0	846370	6186.636336328254	1.85

