767.4853134098227	750	4.0	1.1951975645028106	450283	1195.1975645028106	-4.389349527362085
769.0787676910176	1200	6.406545718804999	0.0	611087	1593.4542811950018	0.75
771.332707372043	1850	8.152606037779519	0.0	877771	2253.9396810254802	1.2000000000000002
773.8154208709387	1850	9.669892538883857	0.0	933276	2482.7134988956595	1.85
776.4706514938266	1850	11.014661915995854	0.0	996749	2655.230622888004	1.85
778.2230156557246	1850	13.262297754097911	0.0	801058	1752.3641618979425	1.85
780.1401853190577	1850	15.345128090764835	0.0	905515	1917.1696633330776	1.85
784.7599422364166	4300	14.725371173405893	0.0	2290172	4619.756917358943	1.8499999999999996
788.9458283877121	4300	14.539485022110357	0.0	2055469	4185.8861512955355	4.3
793.7181965584653	4300	13.767116851357288	0.0	2169201	4772.368170753069	4.3
798.7124698896961	4300	12.772843520126454	0.0	2173522	4994.273331230835	4.3
803.0330426266581	4300	12.452270783164444	0.0	2102452	4320.57273696201	4.3
807.9436930425344	4300	11.541620367288203	0.0	2209463	4910.65041587624	4.3
812.4853862166215	4300	10.999927193201106	0.0	2275376	4541.693174087098	4.3
816.5446886348764	4300	10.940624774946231	0.0	2005399	4059.3024182548756	4.3
821.1316898594805	4300	10.353623550342176	0.0	2152483	4587.001224604055	4.3
826.7543168394868	4300	8.730996570335881	0.0	2289689	5622.626980006295	4.3
831.9589770390407	4300	7.526336370781982	0.0	2059512	5204.6601995538995	4.3
837.4730819877269	4300	6.0122314220957325	0.0	2220726	5514.104948686249	4.3
841.9152198003386	4300	5.570093609484094	0.0	2156729	4442.137812611638	4.3
844.8159877707798	2850	6.669325639042937	0.0	1415116	2900.767970441157	1.4000000000000001
847.8219759893068	2850	7.663337420515887	0.0	1468126	3005.9882185270512	2.85
850.8848627220389	2850	8.600450687783772	0.0	1505760	3062.8867327321145	2.85
853.6009120550015	2850	9.884401354821138	0.0	1323990	2716.049332962634	2.85
858.1782575411428	4300	9.307055868679813	0.0	2186790	4577.345486141327	2.8499999999999996
862.6688409811371	4300	8.816472428685392	0.0	2105231	4490.583439994419	4.3
867.7249020766271	4300	7.7604113331954245	0.0	2395588	5056.061095489968	4.3
871.6713955966114	4300	7.813917813211112	0.0	1972048	3946.4935199843126	4.3
876.0119806599823	4300	7.473332749840217	0.0	2134614	4340.585063370895	4.3
880.4270988637844	4300	7.058214546038028	0.0	2164140	4415.118203802189	4.3
884.6451528498776	4300	6.840160559944892	0.0	2113193	4218.053986093136	4.3
889.1017463485066	4300	6.383567061315924	0.0	2147852	4456.593498628968	4.3
894.7685618595085	4300	4.716751550313925	0.0	2191074	5666.815511002	4.3
898.9370786512889	2850	4.5482347585335985	0.0	1587293	4168.5167917803265	1.4000000000000001
902.0603886065917	2850	5.424924803230723	0.0	1492672	3123.309955302876	2.85
905.0467477854894	2850	6.438565624333014	0.0	1439896	2986.3591788977087	2.85
907.4004353887126	2850	8.084878021109901	0.0	1139291	2353.6876032231116	2.85
910.4551393169826	2850	9.03017409283986	0.0	1499009	3054.7039282700403	2.85
913.3418645505686	2850	10.143448859253803	0.0	1427478	2886.725233586057	2.85
917.6374070133952	4300	9.847906396427188	0.0	2146120	4295.5424628266155	2.8499999999999996
921.8755055956786	4300	9.609807814143707	0.0	2108491	4238.098582283481	4.3
926.330541797977	4300	9.154771611845351	0.0	2184571	4455.036202298355	4.3
930.9828249844218	4300	8.502488425400635	0.0	2121928	4652.283186444716	4.3
936.2646165310953	4300	7.220696878727157	0.0	2219102	5281.7915466734785	4.3
940.5628758405499	4300	6.922437569272535	0.0	2124950	4298.259309454622	4.3
945.1599222837349	4300	6.325391126087499	0.0	2246506	4597.046443185036	4.3
949.1576600585588	4300	6.32765335126363	0.0	1961140	3997.737774823869	4.3
953.6572573277823	4300	5.828056082040105	0.0	2155012	4499.597269223526	4.3

