19883.545805179303	750	4.0	1.5014349545645693	450283	1501.4349545645694	-5.706170304627648
19884.884925894836	750	6.660879284466887	0.0	398865	1339.1207155331133	0.75
19886.072354865682	750	9.473450313618098	0.0	350812	1187.4289708487897	0.75
19887.359357488593	750	12.186447690706427	0.0	382355	1287.0026229116709	0.75
19888.849967173835	750	14.695838005458924	0.0	411561	1490.6096852475046	0.75
19891.676402937177	1850	15.869402242117348	0.0	801058	2826.4357633415775	0.75
19894.74260354958	1850	16.803201629715687	0.0	905515	3066.20061240166	1.85
19898.253948036883	1850	17.291857142412177	0.0	1060487	3511.3444873035096	1.85
19901.038843448852	1850	18.506961730442818	0.0	852833	2784.895411969357	1.85
19904.033516907068	1850	19.512288272227707	0.0	913888	2994.6734582151125	1.85
19907.135296842705	1850	20.410508336587135	0.0	939819	3101.7799356405717	1.85
19910.209676728933	1850	21.336128450357492	0.0	917428	3074.3798862296444	1.85
19913.385697223774	1850	22.16010795551817	0.0	946851	3176.020494839322	1.85
19916.74507102068	1850	22.800734158616685	0.0	1036454	3359.373796901487	1.85
19919.510221494493	1850	24.035583684802454	0.0	821631	2765.150473814229	1.85
19922.722698806134	1850	24.82310637316067	0.0	923170	3212.477311641784	1.85
19926.35699872717	1850	25.188806452125664	0.0	966699	3634.2999210350054	1.85
19929.797117915215	1850	25.748687264079198	0.0	885714	3440.119188046464	1.85
19933.697187133814	1850	25.848618045479107	0.0	987708	3900.0692186000924	1.85
19937.062727305263	1850	26.483077874032634	0.0	923755	3365.5401714464724	1.85
19940.25325192309	1850	27.292553256203483	0.0	891604	3190.5246178291513	1.85
19943.601081684334	1850	27.94472349496164	0.0	955231	3347.8297612418446	1.85
19946.94975046464	1850	28.59605471465169	0.0	968026	3348.668780309949	1.85
19950.006183180678	1850	29.539621998613995	0.0	874175	3056.4327160376947	1.85
19953.196930476282	1850	30.348874703009933	0.0	897976	3190.7472956040638	1.85
19956.397892577483	1850	31.14791260180651	0.0	905935	3200.962101203421	1.85
19960.18412177112	1850	31.361683408170634	0.0	1076599	3786.2291936358783	1.85
19962.884004581694	1850	32.66180059759574	0.0	758197	2699.8828105748903	1.85
19966.16052103597	1850	33.38528414332184	0.0	972798	3276.516454273904	1.85
19969.32881908027	1850	34.21698609901881	0.0	975811	3168.298044303032	1.85
19972.3041132353	1850	35.24169194399068	0.0	873429	2975.294155028135	1.85
19975.729393735783	1850	35.81641144350608	0.0	954453	3425.280500484601	1.85
19979.291118298046	1850	36.25468688124203	0.0	885062	3561.7245622640444	1.85
19982.9833887798	1850	36.56241639948847	0.0	1035329	3692.270481753552	1.85
19986.558041866163	1850	36.98776331312558	0.0	1026056	3574.6530863628905	1.85
19989.818870132796	1850	37.72693504649497	0.0	943942	3260.8282666306104	1.85
19992.503514971308	1850	39.04229020798332	0.0	728962	2684.6448385116546	1.85
19995.94181857389	1850	39.603986605401104	0.0	938587	3438.3036025822184	1.85
19999.262055110998	1850	40.28375006829437	0.0	908665	3320.236537106742	1.85
20002.44115285413	1850	41.10465232516405	0.0	930577	3179.0977431303204	1.85
20005.304501639028	1850	42.241303540265044	0.0	858450	2863.3487848990076	1.85
20008.74262301027	1850	42.803182169027416	0.0	1025005	3438.12137123763	1.85
20011.758964394478	1850	43.78684078481831	0.0	886255	3016.3413842091063	1.85
20015.113882829137	1850	44.431922350158324	0.0	973972	3354.91843465999	1.85
20018.497889929877	1850	45.04791524941858	0.0	958994	3384.0071007397482	1.85
20021.87553446752	1850	45.67027071177572	0.0	982064	3377.6445376428564	1.85
20024.601155928252	1850	46.94464925104144	0.0	830730	2725.6214607342863	1.85
20027.77426112035	1850	47.771544058945295	0.0	846370	3173.105192096148	1.85

