3414.355117773555	750	4.0	8.956917401179666	450283	8956.917401179666	-37.76474482507256
3417.5885311493535	300	4.766586624201566	0.0	155580	3233.4133757984337	-0.15000000000000002
3420.544639004683	300	5.810478768871701	0.0	139857	2956.107855329865	0.3
3423.743684632981	300	6.61143314057363	0.0	155432	3199.045628298071	0.3
3427.1705043464885	300	7.184613427066161	0.0	163442	3426.81971350747	0.3
3429.917915897619	300	8.437201875935791	0.0	126289	2747.4115511303694	0.3
3433.130584866436	300	9.224532907118682	0.0	153295	3212.6689688171086	0.3
3436.7032572738276	300	9.651860499727029	0.0	173849	3572.6724073916535	0.3
3439.775643526145	300	10.579474247409857	0.0	150710	3072.386252317171	0.3
3442.6676607058557	300	11.687457067699189	0.0	139105	2892.017179710669	0.3
3445.6632381506247	300	12.691879622930253	0.0	141840	2995.5774447689346	0.3
3448.9699951801085	300	13.385122593446223	0.0	156148	3306.75702948403	0.3
3452.3613720520643	300	13.993745721490622	0.0	160746	3391.376871955601	0.3
3456.103800113277	300	14.251317660277694	0.0	179801	3742.4280612129282	0.3
3459.035933590413	300	15.31918418314175	0.0	140051	2932.1334771359434	0.3
3466.5841307712526	750	11.770987002301903	0.0	366214	7548.197180839848	0.3
3469.5163994751633	300	12.838718298391496	0.0	143509	2932.268703910406	-0.15000000000000002
3472.581251374414	300	13.773866399140646	0.0	150616	3064.8518992508502	0.3
3475.9190311471893	300	14.436086626365192	0.0	165384	3337.7797727754555	0.3
3478.7876390745564	300	15.567478698998052	0.0	140881	2868.6079273671403	0.3
3486.517227255971	750	11.837890517583391	0.0	386472	7729.58818141466	0.3
3493.685348246394	300	8.669769527160636	0.0	157812	7168.120990422755	-0.15000000000000002
3497.0168648915555	300	9.338252881998576	0.0	163927	3331.5166451620585	0.3
3499.8163785100264	300	10.538739263527841	0.0	137654	2799.513618470736	0.3
3502.7979410041926	300	11.557176769361758	0.0	146754	2981.5624941660826	0.3
3505.9433244372362	300	12.411793336317704	0.0	153938	3145.383433044054	0.3
3509.6537240680673	300	12.70139370548669	0.0	181901	3710.3996308310125	0.3
3511.9558457789844	300	14.399271994569922	0.0	111155	2302.1217109167687	0.3
3515.060137422853	300	15.294980350701403	0.0	153605	3104.291643868521	0.3
3522.934636462388	750	11.420481311166483	0.0	400508	7874.49903953492	0.3
3526.1351211037577	300	12.21999666979718	0.0	157421	3200.484641369302	-0.15000000000000002
3529.2609965479273	300	13.09412122562743	0.0	157488	3125.875444169749	0.3
3532.035997868446	300	14.319119905108439	0.0	143881	2775.0013205189916	0.3
3535.17584559672	300	15.17927217683482	0.0	163444	3139.8477282736185	0.3
3542.7182294982354	750	11.6368882753192	0.0	401088	7542.383901515621	0.3
3545.7857518963974	300	12.56936587715757	0.0	159914	3067.5223981616305	-0.15000000000000002
3548.3282679203626	300	14.026849853191962	0.0	131610	2542.516023965608	0.3
3550.7019035678745	300	15.653214205680205	0.0	124011	2373.6356475117555	0.3
3557.7883587261317	750	12.566759047422915	0.0	378327	7086.455158257291	0.3
3565.1466045161856	750	9.20851325736917	0.0	390680	7358.245790053744	0.75
3567.9476098876553	300	10.407507885899197	0.0	147968	2801.005371469974	-0.15000000000000002
3571.174619857953	300	11.180497915601569	0.0	161857	3227.009970297628	0.3
3574.1123954431314	300	12.242722330423456	0.0	145210	2937.775585178113	0.3
3577.4209796328364	300	12.934138140718465	0.0	172312	3308.584189704991	0.3
3580.628789648125	300	13.726328125429772	0.0	167025	3207.810015288693	0.3
3583.7047385455066	300	14.650379228047957	0.0	160064	3075.9488973818156	0.3
3586.357906776608	300	15.997210996946567	0.0	137507	2653.168231101391	0.3
3592.3076549071397	750	14.047462866414598	0.0	314107	5949.748130531969	0.3

