2587.062418686817	750	4.0	4.384271790182965	450283	4384.271790182966	-18.10236869778675
2588.4112557331678	300	6.651162953649745	0.0	155580	1348.8370463502554	-0.15000000000000002
2589.459316852595	300	9.60310183422287	0.0	139857	1048.0611194268756	0.3
2593.6652412186754	1200	9.397177468142072	0.0	617681	4205.924366080798	0.29999999999999993
2597.4368023662314	1200	9.625616320585701	0.0	652874	3771.561147556371	1.2
2600.813090143229	1200	10.249328543587737	0.0	520315	3376.287776997963	1.2
2604.262733738407	1200	10.799684948409919	0.0	561791	3449.6435951778185	1.2
2607.9346369034147	1200	11.127781783402591	0.0	709534	3671.903165007326	1.2
2613.8422432327743	1850	9.220175454042995	0.0	852833	5907.606329359598	1.2000000000000002
2618.0900378762476	1200	8.972380810569593	0.0	560821	4247.794643473401	0.5499999999999999
2620.842390321066	750	10.220028365750876	0.0	353220	2752.3524448187186	0.3
2625.380459971828	1200	9.681958714988934	0.0	594078	4538.0696507619405	0.75
2629.911061195171	1200	9.151357491645966	0.0	624282	4530.601223342969	1.2
2634.6281437602	1200	8.434274926616636	0.0	687371	4717.082565029329	1.2
2637.382813457629	750	9.679605229188253	0.0	337059	2754.6696974283823	0.3
2641.6078234115794	1200	9.454595275237741	0.0	587876	4225.009953950512	0.75
2646.4297619137756	1200	8.632656773041742	0.0	617242	4821.938502196001	1.2
2649.643231038889	750	9.419187647928357	0.0	372963	3213.4691251133836	0.3
2653.617011955233	1200	9.445406731584347	0.0	639204	3973.7809163440083	0.75
2658.002284082933	1200	9.060134603884308	0.0	586839	4385.272127700039	1.2
2662.193133852564	1200	8.869284834252813	0.0	601738	4190.849769631494	1.2
2664.8601867290395	750	10.202231957777519	0.0	399894	2667.0528764752935	0.3
2668.9592175121043	1200	10.103201174712988	0.0	656471	4099.0307830645315	0.75
2672.500156745309	1200	10.562261941508247	0.0	536667	3540.939233204741	1.2
2676.7604382967256	1200	10.301980390091575	0.0	587236	4260.281551416671	1.2
2681.0638893866085	1200	9.998529300209045	0.0	590335	4303.451089882531	1.2
2685.3020512007392	1200	9.760367486078387	0.0	696376	4238.161814130656	1.2
2688.288866458118	1200	10.773552228699394	0.0	487160	2986.815257378991	1.2
2692.6885311994156	1200	10.373887487401818	0.0	622896	4399.664741297576	1.2
2697.5016874105113	1200	9.560731276306575	0.0	641447	4813.156211095244	1.2
2701.729424579708	1200	9.33299410710957	0.0	570392	4227.737169197004	1.2
2706.2719444672703	1200	8.790474219547104	0.0	620283	4542.519887562466	1.2
2708.642083092909	750	10.420335593908007	0.0	369834	2370.138625639098	0.3
2713.385927985033	1200	9.676490701784326	0.0	670129	4743.844892123682	0.75
2717.729267520523	1200	9.3331511662944	0.0	690253	4343.339535489926	1.2
2721.0090900237146	1200	10.053328663102755	0.0	598727	3279.822503191645	1.2
2723.6964964016943	1200	11.365922285122984	0.0	487812	2687.4063779797707	1.2
2728.878821778687	1850	10.183596908130543	0.0	938587	5182.325376992441	1.2000000000000002
2732.5345877634472	1200	10.527830923370177	0.0	605884	3655.7659847603672	0.5499999999999999
2736.3542713610223	1200	10.708147325795185	0.0	587506	3819.6835975749905	1.2
2739.8933941342257	1200	11.169024552591665	0.0	566904	3539.1227732035204	1.2
2745.6499143679307	1850	9.412504318887173	0.0	1025005	5756.520233704492	1.2000000000000002
2749.5839397761765	1200	9.478478910641162	0.0	599477	3934.0254082460124	0.5499999999999999
2753.8097559629928	1200	9.25266272382524	0.0	634861	4225.81618681592	1.2
2757.838009822172	1200	9.22440886464568	0.0	630203	4028.2538591795596	1.2
2761.6797309951967	1200	9.382687691620722	0.0	638661	3841.7211730249574	1.2
2764.748280668845	1200	10.314138017972812	0.0	538612	3068.549673647909	1.2
2768.084888158823	1200	10.977530527994931	0.0	550906	3336.6074899778805	1.2

