29782.10899735049	750	4.0	2.000623801897429	450283	2000.6238018974288	-7.852682348158945
29782.852603684947	300	7.256393665541	0.0	155580	743.6063344590002	-0.15000000000000002
29784.428946822907	750	9.68005052757834	0.0	350812	1576.3431379626609	0.3
29786.07108353348	750	12.037913817004876	0.0	382355	1642.1367105734635	0.75
29787.736911759795	750	14.372085590691215	0.0	411561	1665.8282263136607	0.75
29789.044403633627	750	17.064593716856265	0.0	318564	1307.491873834948	0.75
29792.73572998282	1850	17.37326736766237	0.0	905515	3691.3263491938987	0.75
29797.191759483674	1850	16.917237866812968	0.0	1060487	4456.029500849399	1.85
29800.84614997437	1850	17.262847376113395	0.0	852833	3654.390490699572	1.85
29804.744223026424	1850	17.364774324061486	0.0	913888	3898.0730520519046	1.85
29809.304212922623	1850	16.80478442786346	0.0	939819	4559.989896198031	1.85
29813.483902462707	1850	16.625094887780328	0.0	917428	4179.689540083131	1.85
29817.58126474114	1850	16.527732609344643	0.0	946851	4097.362278435685	1.85
29822.257496595466	1850	15.851500755022755	0.0	1036454	4676.231854321888	1.85
29826.038417731284	1850	16.070579619201293	0.0	821631	3780.9211358214625	1.85
29830.221633714435	1850	15.887363636052475	0.0	923170	4183.215983148818	1.85
29834.461007467813	1850	15.64798988267291	0.0	966699	4239.373753379567	1.85
29838.26888022169	1850	15.840117128797091	0.0	885714	3807.872753875818	1.85
29842.478218032473	1850	15.630779318014643	0.0	987708	4209.33781078245	1.85
29846.49367098894	1850	15.615326361546906	0.0	923755	4015.452956467736	1.85
29850.326758467392	1850	15.78223888309588	0.0	891604	3833.0874784510243	1.85
29854.382671746454	1850	15.72632560403196	0.0	955231	4055.913279063921	1.85
29858.469905548445	1850	15.639091802039554	0.0	968026	4087.233801992407	1.85
29862.173925969557	1850	15.935071380929886	0.0	874175	3704.020421109668	1.85
29866.01805565295	1850	16.0909416975376	0.0	897976	3844.1296833922884	1.85
29870.008435182983	1850	16.100562167505302	0.0	905935	3990.3795300322954	1.85
29874.664946264995	1850	15.444051085491463	0.0	1076599	4656.511082013838	1.85
29877.907059055917	1850	16.201938294567213	0.0	758197	3242.1127909242473	1.85
29882.135969993877	1850	15.973027356606153	0.0	972798	4228.910937961062	1.85
29886.57937943488	1850	15.529617915603675	0.0	975811	4443.40944100248	1.85
29890.41567575424	1850	15.693321596243074	0.0	873429	3836.2963193606	1.85
29894.57380766253	1850	15.535189687954542	0.0	954453	4158.131908288531	1.85
29898.40533908011	1850	15.703658270376454	0.0	885062	3831.531417578087	1.85
29902.566614820502	1850	15.542382529984717	0.0	1035329	4161.275740391737	1.85
29906.763371403977	1850	15.345625946511817	0.0	1026056	4196.756583472902	1.85
29910.62942392755	1850	15.47957342293995	0.0	943942	3866.0525235718665	1.85
29913.680788486643	1850	16.42820886384314	0.0	728962	3051.3645590968135	1.85
29917.853833283072	1850	16.255164067418082	0.0	938587	4173.044796425056	1.85
29921.549302354513	1850	16.55969499597353	0.0	908665	3695.469071444552	1.85
29925.334472464838	1850	16.774524885652085	0.0	930577	3785.170110321443	1.85
29928.91347880742	1850	17.19551854306787	0.0	858450	3579.0063425842186	1.85
29933.58584274819	1850	16.523154602296227	0.0	1025005	4672.363940771641	1.85
29937.145842263253	1850	16.963155087235595	0.0	886255	3559.999515060632	1.85
29941.14710334359	1850	16.96189400690145	0.0	973972	4001.2610803341445	1.85
29945.148442964128	1850	16.960554386358325	0.0	958994	4001.3396205431227	1.85
29949.2635362628	1850	16.84546108768992	0.0	982064	4115.093298668405	1.85
29952.823331887168	1850	17.285665463321486	0.0	830730	3559.795624368434	1.85
29956.379439157456	1850	17.72955819303152	0.0	846370	3556.107270289966	1.85

