1.6819728170206167	750	4.0	1.6819728170206167	450283	1681.9728170206167	-6.482483113188652
3.181015702630174	750	6.500957114390443	0.0	398865	1499.042885609557	0.75
4.509100324711479	750	9.172872492309137	0.0	350812	1328.0846220813055	0.75
5.946214935502395	750	11.735757881518222	0.0	382355	1437.114610790915	0.75
7.48300395991433	750	14.198968857106287	0.0	411561	1536.7890244119353	0.75
8.690614541997578	750	16.99135827502304	0.0	318564	1207.6105820832481	0.75
10.018849907220895	750	19.66312290979972	0.0	352642	1328.2353652233173	0.75
13.860138644135764	1850	19.821834172884852	0.0	1060487	3841.288736914869	0.75
17.098398254579653	1850	20.583574562440965	0.0	852833	3238.2596104438894	1.85
20.76551418080436	1850	20.91645863621626	0.0	913888	3667.115926224707	1.85
24.305069403706383	1850	21.376903413314235	0.0	939819	3539.555222902024	1.85
27.71234914603123	1850	21.96962367098939	0.0	917428	3407.2797423248453	1.85
31.207756987467036	1850	22.47421582955358	0.0	946851	3495.40784143581	1.85
35.63511042385065	1850	22.046862393169974	0.0	1036454	4427.353436383605	1.85
38.79710772520741	1850	22.884865091813207	0.0	821631	3161.997301356765	1.85
42.244184441067155	1850	23.43778837595346	0.0	923170	3447.0767158597473	1.85
45.77709198144261	1850	23.904880835578005	0.0	966699	3532.9075403754546	1.85
49.02967415909397	1850	24.652298657926643	0.0	885714	3252.582177651363	1.85
52.648067302131295	1850	25.033905514889316	0.0	987708	3618.3931430373286	1.85
56.033805105937134	1850	25.648167711083477	0.0	923755	3385.737803805837	1.85
59.37529076684751	1850	26.306682050173098	0.0	891604	3341.485660910379	1.85
62.95507363806424	1850	26.726899178956376	0.0	955231	3579.7828712167216	1.85
66.56078833300228	1850	27.12118448401834	0.0	968026	3605.714694938036	1.85
70.65469147636226	1850	27.02728134065836	0.0	874175	4093.9031433599826	1.85
74.33298063084537	1850	27.348992186175256	0.0	897976	3678.2891544831045	1.85
77.75349427453158	1850	27.928478542489053	0.0	905935	3420.5136436862012	1.85
81.68479669501713	1850	27.997176122003513	0.0	1076599	3931.3024204855424	1.85
84.47876555851387	1850	29.203207258506758	0.0	758197	2793.9688634967533	1.85
88.04227398122401	1850	29.63969883579661	0.0	972798	3563.5084227101484	1.85
91.62008982005209	1850	30.061882996968542	0.0	975811	3577.8158388280694	1.85
94.81715059154007	1850	30.864822225480566	0.0	873429	3197.060771487978	1.85
98.29622527828722	1850	31.38574753873341	0.0	954453	3479.074686747158	1.85
101.5209840166842	1850	32.16098880033645	0.0	885062	3224.758738396964	1.85
105.29393459464188	1850	32.38803822237875	0.0	1035329	3772.9505779576893	1.85
109.04487117823781	1850	32.637101638782816	0.0	1026056	3750.936583595939	1.85
112.51080980065272	1850	33.17116301636789	0.0	943942	3465.938622414919	1.85
115.23550320298041	1850	34.44646961404021	0.0	728962	2724.69340232768	1.85
118.72399250588701	1850	34.95798031113361	0.0	938587	3488.4893029066034	1.85
122.09208433862464	1850	35.58988847839598	0.0	908665	3368.0918327376226	1.85
125.55390489812751	1850	36.1280679188931	0.0	930577	3461.8205595028767	1.85
128.74400251546047	1850	36.93797030156016	0.0	858450	3190.0976173329427	1.85
132.43565615498537	1850	37.24631666203526	0.0	1025005	3691.653639524899	1.85
135.65952501361144	1850	38.022447803409186	0.0	886255	3223.8688586260723	1.85
139.20847713788922	1850	38.47349567913142	0.0	973972	3548.9521242777714	1.85
142.7207495947415	1850	38.96122322227914	0.0	958994	3512.272456852281	1.85
148.12803460121293	2850	37.55393821580768	0.0	1483527	5407.285006471451	1.85
155.3231425258868	4300	34.35883029113384	0.0	1961140	7195.107924673844	2.8499999999999996
163.3210864821171	4300	30.360886334903544	0.0	2155012	7997.943956230295	4.3

