18404.583098730243	750	4.0	5.208185851472101	450283	5208.185851472101	-21.645199161330034
18406.66034766682	300	5.922751063421447	0.0	155580	2077.248936578553	-0.15000000000000002
18408.53575353212	300	8.047345198123422	0.0	139857	1875.4058652980245	0.3
18410.416817295314	300	10.166281434927795	0.0	155432	1881.0637631956267	0.3
18412.15005924829	300	12.433039481948368	0.0	163442	1733.2419529794267	0.3
18413.507492668097	300	15.075606062143063	0.0	126289	1357.433419805306	0.3
18417.219352906806	750	15.363745823436348	0.0	352642	3711.860238706714	0.3
18421.88030427438	750	14.702794455862026	0.0	437162	4660.951367574322	0.75
18428.163508276466	1200	12.419590453777662	0.0	584846	6283.204002084362	0.75
18434.402197444473	1200	10.1809012857701	0.0	560821	6238.689168007562	1.2
18441.072920117575	1200	7.510178612666958	0.0	607410	6670.722673103142	1.2
18445.59392766073	750	6.989171069512596	0.0	405134	4521.007543154361	0.3
18449.731458116086	750	6.851640614154834	0.0	386351	4137.530455357763	0.75
18454.51707507684	750	6.0660236534011105	0.0	434409	4785.616960753724	0.75
18458.327079340015	750	6.256019390227429	0.0	337059	3810.00426317368	0.75
18462.397421104983	750	6.185677625260085	0.0	366214	4070.341764967345	0.75
18466.316479218032	750	6.266619512210586	0.0	360831	3919.0581130494984	0.75
18470.43067321522	750	6.152425515021552	0.0	372963	4114.193997189035	0.75
18474.80529583328	750	5.777802896961763	0.0	405596	4374.622618059789	0.75
18478.683895792623	750	5.899202937622234	0.0	350713	3878.599959339529	0.75
18483.125570961332	750	5.457527768910451	0.0	386472	4441.675168711783	0.75
18487.705165731884	750	4.877932998358421	0.0	399894	4579.594770552029	0.75
18492.062048134267	750	4.521050595974292	0.0	401853	4356.882402384129	0.75
18495.995774124316	750	4.587324605924427	0.0	343800	3933.725990049866	0.75
18499.804840352746	750	4.778258377494778	0.0	359903	3809.066228429648	0.75
18501.470417240904	300	7.112681489341138	0.0	153938	1665.5768881536405	-0.15000000000000002
18506.245416796388	750	6.3376819338587875	0.0	425781	4774.99955548235	0.3
18509.173675665454	750	7.4094230647937565	0.0	277716	2928.2588690650305	0.75
18513.275831054616	750	7.307267675628294	0.0	400396	4102.155389165462	0.75
18517.339894301396	750	7.24320442884751	0.0	400508	4064.063246780785	0.75
18521.20799748448	750	7.37510124576347	0.0	358218	3868.1031830840398	0.75
18525.40974179976	750	7.173356930486571	0.0	400322	4201.744315276898	0.75
18529.30722919315	750	7.275869537093431	0.0	369834	3897.4873933931403	0.75
18533.74516441827	750	6.837934311976466	0.0	412837	4437.935225116966	0.75
18538.17511054204	750	6.4079881882044525	0.0	401088	4429.9461237720125	0.75
18542.1858888388	750	6.397209891442861	0.0	365161	4010.778296761592	0.75
18545.862746614657	750	6.720352115586078	0.0	321064	3676.8577758567826	0.75
18549.87750777184	750	6.705590958405511	0.0	361565	4014.761157180566	0.75
18553.93528028799	750	6.647818442251048	0.0	378327	4057.772516154463	0.75
18558.0269540777	750	6.556144652542382	0.0	390680	4091.6737897086664	0.75
18561.82169556974	750	6.761403160505725	0.0	345516	3794.741492036657	0.75
18566.220033208978	750	6.363065521265893	0.0	384505	4398.337639239831	0.75
18570.377857057563	750	6.205241672680982	0.0	372093	4157.823848584911	0.75
18575.059850878115	750	5.523247852130465	0.0	438281	4681.993820550517	0.75
18579.351247166393	750	5.231851563856104	0.0	398987	4291.396288274362	0.75
18583.851643498165	750	4.731455232085071	0.0	393804	4500.396331771033	0.75
18587.592489457755	750	4.990609272490856	0.0	331053	3740.8459595942145	0.75
18593.706363095556	1200	4.0	1.1232643653077403	550906	6113.873637798596	-4.080036770823283

