13557.414507037724	750	4.0	3.30335939272852	450283	3303.3593927285197	-13.454445388732635
13558.608229417474	300	6.806277620250591	0.0	155580	1193.722379749409	-0.15000000000000002
13559.8677279808	300	9.546779056923697	0.0	139857	1259.4985633268946	0.3
13561.646999215678	300	11.767507822046175	0.0	155432	1779.2712348775226	0.3
13563.51384033701	300	13.900666700714327	0.0	163442	1866.8411213318493	0.3
13564.98345115481	300	16.431055882912403	0.0	126289	1469.6108178019235	0.3
13569.008716281747	750	16.405790755976362	0.0	352642	4025.2651269360376	0.3
13571.955747172651	750	17.458759865072082	0.0	437162	2947.030890904282	0.75
13574.221718943594	750	19.192788094129327	0.0	374758	2265.971770942756	0.75
13577.555326740992	750	19.859180296730162	0.0	362795	3333.6077973991637	0.75
13581.319886511392	750	20.094620526331752	0.0	353220	3764.5597703984076	0.75
13585.787000225428	750	19.627506812294907	0.0	405134	4467.113714036846	0.75
13590.116473992131	750	19.2980330455919	0.0	386351	4329.4737667030095	0.75
13594.914081853622	750	18.500425184102493	0.0	434409	4797.607861489407	0.75
13598.920623161142	750	18.493883876579982	0.0	337059	4006.541307522511	0.75
13603.05466750537	750	18.35983953235152	0.0	366214	4134.044344228463	0.75
13607.023622485824	750	18.390884551898775	0.0	360831	3968.9549804527414	0.75
13611.150450386664	750	18.264056651059065	0.0	372963	4126.827900839711	0.75
13615.726417398757	750	17.688089638966606	0.0	405596	4575.96701209246	0.75
13619.577774828758	750	17.836732208964857	0.0	350713	3851.3574300017463	0.75
13624.048573687338	750	17.36593335038521	0.0	386472	4470.798858579648	0.75
13627.602314824411	750	17.812192213310354	0.0	399894	3553.741137074857	0.75
13630.470237592903	750	18.944269444819994	0.0	401853	2867.9227684903603	0.75
13632.95366988924	750	20.460837148480998	0.0	343800	2483.4322963389973	0.75
13635.554502790283	750	21.860004247438184	0.0	359903	2600.832901042812	0.75
13639.487849373027	750	21.92665766469623	0.0	379700	3933.3465827419564	0.75
13643.011121337762	750	22.40338569995998	0.0	425781	3523.2719647362483	0.75
13644.876432375493	750	24.538074662228976	0.0	277716	1865.3110377310052	0.75
13651.499219609943	1850	21.915287427779486	0.0	972798	6622.787234449491	0.75
13659.995084273021	1850	17.41942276470077	0.0	975811	8495.864663078719	1.85
13668.682402400427	1850	12.732104637296313	0.0	873429	8687.318127404455	1.85
13673.007705787744	750	12.406801249978571	0.0	400322	4325.303387317743	-0.3500000000000001
13676.822479807171	750	12.592027230551565	0.0	369834	3814.774019427007	0.75
13681.23585814461	750	12.178648893113412	0.0	412837	4413.378337438154	0.75
13685.516896236986	750	11.897610800736071	0.0	401088	4281.038092377342	0.75
13689.373983841177	750	12.04052319654442	0.0	365161	3857.0876041916513	0.75
13692.51206382088	750	12.90244321684223	0.0	321064	3138.0799797021905	0.75
13694.998423988569	750	14.41608304915274	0.0	361565	2486.360167689491	0.75
13697.580169905614	750	15.834337132109006	0.0	378327	2581.745917043734	0.75
13700.145159105981	750	17.269347931743077	0.0	390680	2564.9892003659297	0.75
13702.443295694018	750	18.97121134370642	0.0	345516	2298.136588036656	0.75
13706.543180535486	750	18.87132650223889	0.0	384505	4099.884841467527	0.75
13710.417380952389	750	18.997126085334692	0.0	372093	3874.2004169042034	0.75
13714.938823361135	750	18.475683676589494	0.0	438281	4521.442408745196	0.75
13719.003854566052	750	18.410652471672073	0.0	398987	4065.031204917419	0.75
13722.908779354271	750	18.505727683453202	0.0	393804	3904.9247882188724	0.75
13726.781786501111	750	18.632720536612567	0.0	331053	3873.007146840636	0.75
13730.477499767807	750	18.93700726991722	0.0	314107	3695.7132666953485	0.75

