11557.49163752944	750	4.0	7.776572140031211	450283	7776.572140031211	-32.68926020213421
11560.257592507145	300	5.2340450222949775	0.0	155580	2765.9549777050224	-0.15000000000000002
11562.713818523607	300	6.777819005833831	0.0	139857	2456.2260164611466	0.3
11565.44095108852	300	8.050686440919733	0.0	155432	2727.1325649140986	0.3
11568.341544499148	300	9.150093030291684	0.0	163442	2900.593410628049	0.3
11570.59681711361	300	10.89482041582849	0.0	126289	2255.272614463194	0.3
11573.295222473233	300	12.196415056206625	0.0	153295	2698.405359621865	0.3
11576.35589669845	300	13.135740830989374	0.0	173849	3060.6742252172508	0.3
11579.03925432328	300	14.452383206158064	0.0	150710	2683.3576248313093	0.3
11581.539492576236	300	15.952144953202424	0.0	139105	2500.23825295564	0.3
11591.27915729042	750	10.21248023901763	0.0	353220	9739.664714184793	0.3
11595.073062792137	300	10.418574737300982	0.0	156148	3793.9055017166484	-0.15000000000000002
11599.11949470808	300	10.372142821358555	0.0	160746	4046.4319159424263	0.3
11604.848815426829	300	8.642822102609548	0.0	179801	5729.320718749007	0.3
11608.366860438498	300	9.124777090940057	0.0	140051	3518.045011669492	0.3
11613.343789055149	300	8.147848474289047	0.0	138313	4976.92861665101	0.3
11618.130059384473	300	7.361578144964853	0.0	143509	4786.270329324194	0.3
11620.814635584877	300	8.677001944561757	0.0	150616	2684.5762004030958	0.3
11631.841581269262	300	4.0	2.349943739823968	165384	11026.945684385726	-9.804758081243062
11634.96049168697	300	4.881089582292994	0.0	140881	3118.9104177070067	0.3
11642.039134625744	300	4.0	2.1975533564817287	157671	7078.642938774722	-9.149479432871432
11652.123782800536	300	4.0	6.084648174792199	157812	10084.648174792199	-25.863987151606455
11655.737857614	300	4.3859251865378015	0.0	163927	3614.074813462198	0.3
11658.850714730266	300	5.273068070269816	0.0	137654	3112.8571162679855	0.3
11662.18509804532	300	5.938684755217435	0.0	146754	3334.3833150523815	0.3
11665.64572059393	300	6.478062206606903	0.0	153938	3460.622548610532	0.3
11669.685230579851	300	6.438552220684279	0.0	181901	4039.509985922623	0.3
11672.633148498378	300	7.490634302157185	0.0	111155	2947.9179185270946	0.3
11683.027723741101	300	4.0	2.9039409405647385	153605	10394.575242721923	-12.186946044428375
11690.332499625209	300	4.0	3.304775884106265	149029	7304.775884106265	-13.910536301656938
11698.347743263075	300	4.0	4.015243637867373	157421	8015.243637867373	-16.9655476428297
11704.583249095384	300	4.0	2.2355058323095838	157488	6235.505832309584	-9.312675078931209
11710.476819353245	300	4.0	1.8935702578618283	143881	5893.570257861828	-7.842352108805861
11715.176278074588	300	4.0	0.6994587213442073	163444	4699.458721344207	-2.7076725017800913
11723.060379220491	300	4.0	3.8841011459021604	179328	7884.10114590216	-16.401634927379288
11725.957956615597	300	5.102422604894473	0.0	159914	2897.577395105527	0.3
11728.35239791286	300	6.707981307632345	0.0	131610	2394.441297262128	0.3
11730.603163359267	300	8.457215861227334	0.0	124011	2250.7654464050106	0.3
11733.213649721723	300	9.846729498770046	0.0	144254	2610.4863624572886	0.3
11735.956997657737	300	11.103381562755493	0.0	149991	2743.3479360145534	0.3
11740.761528066238	300	10.298851154252953	0.0	147968	4804.53040850254	0.3
11745.369197463453	300	9.691181757038047	0.0	161857	4607.669397214906	0.3
11747.984003920654	300	11.07637529983636	0.0	145210	2614.8064572016847	0.3
11751.039663973277	300	12.020715247212314	0.0	172312	3055.6600526240477	0.3
11753.988159178462	300	13.072220042028322	0.0	167025	2948.4952051839923	0.3
11756.774300550782	300	14.286078669709449	0.0	160064	2786.141372318874	0.3
11760.635441964792	300	14.424937255698122	0.0	137507	3861.141414011326	0.3
11765.311120102753	300	13.749259117735434	0.0	118421	4675.678137962689	0.3

