19897.88614540688	750	4.0	1.964813674812264	450283	1964.813674812264	-7.698698801692736
19898.617378767958	300	7.268766638919764	0.0	155580	731.2333610802363	-0.15000000000000002
19900.16582251309	750	9.720322893790057	0.0	350812	1548.4437451297072	0.3
19903.118144574917	1200	10.768000831960926	0.0	617681	2952.3220618291307	0.75
19906.401027632677	1200	11.485117774200873	0.0	652874	3282.883057760054	1.2
19909.555694552284	1850	12.330450854593034	0.0	801058	3154.6669196078396	1.2000000000000002
19913.063767421016	1850	12.82237798586034	0.0	905515	3508.0728687326914	1.85
19917.25980267404	1850	12.626342732834756	0.0	1060487	4196.035253025586	1.85
19921.49521634291	1850	12.390929063962801	0.0	852833	4235.413668871953	1.85
19925.168312762653	1850	12.717832644222016	0.0	913888	3673.0964197407866	1.85
19928.90735123048	1850	12.97879417639241	0.0	939819	3739.038467829605	1.85
19932.524973528645	1850	13.361171878226948	0.0	917428	3617.622298165463	1.85
19938.05739193293	2850	11.828753473941827	0.0	1422919	5532.41840428512	1.85
19942.603183970183	1850	11.282961436688675	0.0	1036454	4545.792037253153	0.8500000000000001
19945.888370590357	1850	11.997774816511585	0.0	821631	3285.18662017709	1.85
19950.009966441365	1850	11.876178965509096	0.0	923170	4121.595851002488	1.85
19954.806520065547	1850	11.079625341324734	0.0	966699	4796.553624184362	1.85
19958.920191910685	1850	10.965953496185344	0.0	885714	4113.67184513939	1.85
19961.475604823445	1200	12.410540583426886	0.0	639204	2555.4129127584574	0.5499999999999999
19965.119755802578	1850	12.766389604291719	0.0	923755	3644.150979135168	1.2000000000000002
19968.64865854741	1850	13.237486859461605	0.0	891604	3528.902744830113	1.85
19974.43284432159	2850	11.453301085280128	0.0	1468126	5784.185774181477	1.85
19978.243861961724	1850	11.64228344514877	0.0	968026	3811.017640131357	0.8500000000000001
19981.74766944283	1850	12.138475964040811	0.0	874175	3503.8074811079596	1.85
19985.620486396914	1850	12.265659009955383	0.0	897976	3872.816954085429	1.85
19990.120160436843	1850	11.765984970026869	0.0	905935	4499.674039928514	1.85
19995.30606535434	1850	10.580080052529619	0.0	1076599	5185.904917497251	1.85
19997.314831158616	1200	12.57131424825346	0.0	487160	2008.765804276158	0.5499999999999999
20001.564329480963	1850	12.321815925903527	0.0	972798	4249.498322349932	1.2000000000000002
20005.586395604816	1850	12.299749802051572	0.0	975811	4022.0661238519547	1.85
20009.269543939867	1850	12.616601467001434	0.0	873429	3683.148335050139	1.85
20014.44804832683	1850	11.438097080036808	0.0	954453	5178.504386964624	1.85
20018.69580029038	1850	11.190345116490068	0.0	885062	4247.751963546741	1.85
20022.88774671306	1850	10.998398693814034	0.0	1035329	4191.9464226760365	1.85
20025.982519037956	1200	11.903626368916948	0.0	690253	3094.7723248970856	0.5499999999999999
20030.155612866984	1850	11.730532539889351	0.0	943942	4173.093829027598	1.2000000000000002
20033.158896824385	1850	12.727248582486908	0.0	728962	3003.2839574024447	1.85
20037.592262587605	1850	12.293882819268212	0.0	938587	4433.365763218695	1.85
20041.81375687861	1850	12.072388528260948	0.0	908665	4221.494291007264	1.85
20045.959487354525	1850	11.926658052347065	0.0	930577	4145.730475913882	1.85
20049.64867957661	1850	12.237465830263655	0.0	858450	3689.1922220834094	1.85
20053.603034481945	1850	12.283110924926678	0.0	1025005	3954.354905336978	1.85
20057.35170103101	1850	12.534444375861499	0.0	886255	3748.666549065177	1.85
20062.333262713833	1850	11.55288269303571	0.0	973972	4981.56168282579	1.85
20066.855907997775	1850	11.030237409093209	0.0	958994	4522.645283942502	1.85
20070.666269577916	1850	11.219875828953644	0.0	982064	3810.361580139565	1.85
20073.671410617255	1850	12.214734789614479	0.0	830730	3005.1410393391643	1.85
20076.969884757716	1850	12.916260649152521	0.0	846370	3298.474140461956	1.85

