1411.361297450622	750	4.0	1.8053813737799762	450283	1805.3813737799762	-7.013139907253898
1412.0374443940614	300	7.323853056560677	0.0	155580	676.1469434393231	-0.15000000000000002
1413.4616756675016	750	9.899621783120416	0.0	350812	1424.231273440261	0.3
1414.9726040408161	750	12.388693409805827	0.0	382355	1510.928373314589	0.75
1416.2178326844596	750	15.143464766162394	0.0	411561	1245.2286436434342	0.75
1418.5658214560383	1850	16.79547599458364	0.0	801058	2347.988771578751	0.75
1421.1790378277553	1850	18.182259622866653	0.0	905515	2613.216371716989	1.85
1424.1777551300402	1850	19.18354232058164	0.0	1060487	2998.717302285011	1.85
1426.9996531285271	1850	20.36164432209487	0.0	852833	2821.897998486767	1.85
1430.3418630281112	1850	21.0194344225107	0.0	913888	3342.209899584174	1.85
1433.2632007713296	1850	22.09809667929206	0.0	939819	2921.3377432186385	1.85
1436.24590893325	1850	23.115388517371688	0.0	917428	2982.7081619203695	1.85
1439.8129134242574	1850	23.548384026364335	0.0	946851	3567.0044910073516	1.85
1443.7995925098346	1850	23.561704940787187	0.0	1036454	3986.6790855771474	1.85
1447.036096859015	1850	24.32520059160667	0.0	821631	3236.504349180518	1.85
1450.7327981034473	1850	24.62849934717439	0.0	923170	3696.701244432278	1.85
1454.1560078034959	1850	25.205289647125706	0.0	966699	3423.209700048684	1.85
1457.659489695823	1850	25.701807754798814	0.0	885714	3503.481892326893	1.85
1462.1463865265064	1850	25.21491092411522	0.0	987708	4486.896830683598	1.85
1466.3301232640397	1850	25.031174186581907	0.0	923755	4183.7367375333115	1.85
1469.0721737599938	1850	26.289123690627566	0.0	891604	2742.050495954338	1.85
1471.9922843302882	1850	27.369013120333314	0.0	955231	2920.1105702942514	1.85
1474.912493482015	1850	28.448803968606626	0.0	968026	2920.20915172669	1.85
1477.6330199343581	1850	29.728277516263503	0.0	874175	2720.526452343121	1.85
1480.532075817356	1850	30.829221633265615	0.0	897976	2899.055882997892	1.85
1483.3011318863405	1850	32.06016556428101	0.0	905935	2769.056068984607	1.85
1486.473163643311	1850	32.888133807310446	0.0	1076599	3172.0317569705585	1.85
1488.9477593018678	1850	34.41353814875375	0.0	758197	2474.595658556701	1.85
1492.207289304505	1850	35.15400814611679	0.0	972798	3259.530002636971	1.85
1500.1297784615772	4300	31.231518989044513	0.0	2164140	7922.489157072272	1.8499999999999996
1508.2615341819144	4300	27.099763268707285	0.0	2113193	8131.75572033723	4.3
1515.1644309187338	4300	24.196866531887867	0.0	2147852	6902.896736819418	4.3
1521.8468064013464	4300	21.514491049275456	0.0	2191074	6682.3754826124095	4.3
1529.0276864411658	4300	18.333611009455907	0.0	2286761	7180.88003981955	4.3
1536.327989928778	4300	15.033307521843643	0.0	2307787	7300.3034876122665	4.3
1542.9052934548024	4300	12.456003995819417	0.0	2143948	6577.303526024224	4.3
1550.1861296640543	4300	9.175167786567334	0.0	1919781	7280.836209252083	4.3
1554.171153007458	1850	9.190144443163536	0.0	938587	3985.0233434037973	-0.6000000000000001
1557.0596036261438	1850	10.301693824477779	0.0	908665	2888.450618685756	1.85
1560.1491107988404	1850	11.212186651781366	0.0	930577	3089.5071726964143	1.85
1563.0374482266652	1850	12.323849223956659	0.0	858450	2888.337427824706	1.85
1566.4483662500043	1850	12.912931200617761	0.0	1025005	3410.918023338898	1.85
1569.2899369715965	1850	14.071360479025525	0.0	886255	2841.5707215922357	1.85
1572.2695769585878	1850	15.091720492034089	0.0	973972	2979.639986991436	1.85
1576.2629273391742	1850	15.098370111447522	0.0	958994	3993.3503805865653	1.85
1580.0613212875533	1850	15.29997616306845	0.0	982064	3798.3939483790728	1.85
1582.835741829668	1850	16.525555620953877	0.0	830730	2774.420542114572	1.85
1586.5484043080567	1850	16.812893142565024	0.0	846370	3712.662478388853	1.85

