42893.42429402553	750	4.0	2.557230337617211	450283	2557.2303376172113	-10.246090451754007
42894.360216847235	300	7.064077178293461	0.0	155580	935.9228217065396	-0.15000000000000002
42895.209639639856	300	10.214654385676084	0.0	139857	849.4227926173769	0.3
42897.37115775267	750	12.053136272862961	0.0	382355	2161.5181128131217	0.3
42899.67404641258	750	13.75024761295138	0.0	411561	2302.8886599115813	0.75
42901.47977150921	750	15.944522516315107	0.0	318564	1805.7250966362712	0.75
42903.54092665308	750	17.883367372449168	0.0	352642	2061.1551438659417	0.75
42906.076918126026	750	19.347375899502882	0.0	437162	2535.9914729462816	0.75
42908.155311924085	750	21.26898210144558	0.0	374758	2078.393798057303	0.75
42913.09580370047	1850	20.32849032505921	0.0	913888	4940.491776386369	0.75
42918.26043541447	1850	19.16385861105969	0.0	939819	5164.631713999519	1.85
42923.17728781571	1850	18.247006209818018	0.0	917428	4916.852401241675	1.85
42928.321000383905	1850	17.103293641622667	0.0	946851	5143.712568195351	1.85
42934.225396387425	1850	15.198897638101933	0.0	1036454	5904.396003520733	1.85
42938.8842230265	1850	14.5400709990293	0.0	821631	4658.826639072633	1.85
42944.15104391397	1850	13.273250111561302	0.0	923170	5266.820887467999	1.85
42949.65525060372	1850	11.769043421805204	0.0	966699	5504.206689756097	1.85
42954.4744909311	1850	10.949803094421444	0.0	885714	4819.24032738376	1.85
42956.69648145589	750	12.727812569627929	0.0	405596	2221.9905247935144	-0.3500000000000001
42958.803021787215	750	14.621272238308965	0.0	350713	2106.5403313189654	0.75
42961.23044207999	750	16.193851945531343	0.0	386472	2427.420292777622	0.75
42963.996486965494	750	17.42780706003126	0.0	399894	2766.0448855000805	0.75
42967.08150173574	750	18.342792289785393	0.0	401853	3085.014770245865	0.75
42969.174954179376	750	20.249339846150026	0.0	343800	2093.4524436353668	0.75
42971.17505870389	750	22.24923532163135	0.0	359903	2000.1045245186742	0.75
42973.27390678725	750	24.15038723826774	0.0	379700	2098.8480833636104	0.75
42978.950270564164	1850	22.474023461359362	0.0	1076599	5676.363776908375	0.75
42982.87116851312	1850	22.5531255124004	0.0	758197	3920.8979489589656	1.85
42988.6014344302	1850	20.82285959531655	0.0	972798	5730.265917083848	1.85
42993.75657563492	1850	19.66771839060029	0.0	975811	5155.141204716259	1.85
42998.65552802121	1850	18.768766004307835	0.0	873429	4898.9523862924525	1.85
43003.81685205599	1850	17.607441969526256	0.0	954453	5161.324034781583	1.85
43008.50707358241	1850	16.917220443106626	0.0	885062	4690.221526419631	1.85
43018.01947166162	1850	11.404822363899505	0.0	1035329	9512.398079207118	1.85
43021.78830609695	750	11.63598792857125	0.0	401088	3768.834435328256	-0.3500000000000001
43024.781509902285	750	12.642784123235147	0.0	365161	2993.2038053361034	0.75
43026.90971543223	750	14.514578593289462	0.0	321064	2128.2055299456856	0.75
43029.231156211965	750	16.193137813549637	0.0	361565	2321.440779739824	0.75
43031.32076397998	750	18.10353004553308	0.0	378327	2089.607768016557	0.75
43036.640662298785	1850	16.783631726725506	0.0	930577	5319.898318807572	0.75
43041.68545011969	1850	15.7388439058234	0.0	858450	5044.787820902108	1.85
43047.4525316514	1850	13.971762374110481	0.0	1025005	5767.081531712918	1.85
43052.3860889536	1850	13.038205071907703	0.0	886255	4933.557302202778	1.85
43057.713478886595	1850	11.710815138906746	0.0	973972	5327.389933000957	1.85
43062.74943932048	1850	10.67485470502412	0.0	958994	5035.960433882626	1.85
43068.11694389898	1850	9.307350126522598	0.0	982064	5367.504578501523	1.85
43073.02931951261	1850	8.394974512897635	0.0	830730	4912.375613624963	1.85
43074.941057515076	750	10.483236510425893	0.0	314107	1911.7380024717431	-0.3500000000000001

