8965.447708065667	750	4.0	5.244460976357943	450283	5244.460976357943	-21.801182198339156
8967.361528545627	300	6.08617952003951	0.0	155580	1913.8204799604903	-0.15000000000000002
8969.090022123632	300	8.35768594203569	0.0	139857	1728.4935780038197	0.3
8970.991021137243	300	10.456686928424068	0.0	155432	1900.9990136116235	0.3
8972.952946558053	300	12.49476150761482	0.0	163442	1961.9254208092475	0.3
8974.48708000887	300	14.96062805679692	0.0	126289	1534.1334508178988	0.3
8978.636734435344	750	14.810973630323476	0.0	352642	4149.654426473445	0.3
8983.793399743445	750	13.654308322221853	0.0	437162	5156.665308101621	0.75
8988.206607888358	750	13.241100177310118	0.0	374758	4413.208144911736	0.75
8992.465068148518	750	12.982639917149243	0.0	362795	4258.460260160875	0.75
8996.642044752136	750	12.80566331353143	0.0	353220	4176.976603617814	0.75
9001.55457100528	750	11.893137060388035	0.0	405134	4912.526253143395	0.75
9007.41637883742	750	10.03132922824522	0.0	386351	5861.807832142815	0.75
9009.573449214107	300	11.874258851560263	0.0	179801	2157.070376684957	-0.15000000000000002
9011.271325551419	300	14.176382514247875	0.0	140051	1697.8763373123893	0.3
9012.935134665013	300	16.512573400654322	0.0	138313	1663.8091135935513	0.3
9017.146062792188	750	16.30164527347911	0.0	360831	4210.92812717521	0.3
9021.51086250819	750	15.93684555747578	0.0	372963	4364.799716003333	0.75
9026.255378086822	750	15.192329978845118	0.0	405596	4744.5155786306605	0.75
9030.352272050453	750	15.095436015214398	0.0	350713	4096.8939636307205	0.75
9034.896312101719	750	14.551395963948975	0.0	386472	4544.040051265423	0.75
9039.598337094563	750	13.849370971102159	0.0	399894	4702.024992846817	0.75
9044.306237851268	750	13.141470214399316	0.0	401853	4707.900756702843	0.75
9048.351098491703	750	13.096609573964766	0.0	343800	4044.8606404345505	0.75
9052.595447642925	750	12.852260422742722	0.0	359903	4244.3491512220435	0.75
9056.997596264166	750	12.45011180150187	0.0	379700	4402.148621240851	0.75
9061.952638477842	750	11.495069587824554	0.0	425781	4955.042213677316	0.75
9065.22180820332	750	12.225899862346115	0.0	277716	3269.1697254784413	0.75
9069.91933554572	750	11.528372519947046	0.0	400396	4697.527342399067	0.75
9074.632442844772	750	10.815265220895585	0.0	400508	4713.107299051463	0.75
9078.847372998282	750	10.600335067384824	0.0	358218	4214.930153510761	0.75
9083.546234384083	750	9.901473681584248	0.0	400322	4698.861385800575	0.75
9087.966939338223	750	9.480768727444596	0.0	369834	4420.704954139653	0.75
9092.922669122638	750	8.52503894302838	0.0	412837	4955.729784416218	0.75
9095.069859759942	300	10.377848305724326	0.0	179328	2147.1906373040533	-0.15000000000000002
9096.993244559055	300	12.454463506611472	0.0	159914	1923.384799112855	0.3
9100.778048895667	750	12.66965916999961	0.0	321064	3784.8043366118623	0.3
9105.029561112045	750	12.418146953620079	0.0	361565	4251.512216379532	0.75
9109.463382781698	750	11.98432528396934	0.0	378327	4433.821669650737	0.75
9114.025306109088	750	11.422401956578305	0.0	390680	4561.923327391035	0.75
9118.11479847632	750	11.3329095893467	0.0	345516	4089.492367231606	0.75
9122.645101045116	750	10.80260702054964	0.0	384505	4530.302568797061	0.75
9127.01304427764	750	10.434663788025913	0.0	372093	4367.943232523727	0.75
9129.075645704126	300	12.372062361540756	0.0	172312	2062.6014264851574	-0.15000000000000002
9131.073498398055	300	14.37420966761222	0.0	167025	1997.8526939285366	0.3
9132.991421904122	300	16.4562861615444	0.0	160064	1917.923506067818	0.3
9136.897222052292	750	16.550486013375032	0.0	331053	3905.800148169367	0.3
9140.60725173588	750	16.84045632978454	0.0	314107	3710.0296835904924	0.75

