37796.1671307843	750	4.0	5.014769106170859	450283	5014.769106170859	-20.813507156534694
37798.21361921591	300	5.953511568393422	0.0	155580	2046.4884316065777	-0.15000000000000002
37800.07072241583	300	8.096408368465342	0.0	139857	1857.1031999280808	0.3
37802.00211075696	300	10.165020027338105	0.0	155432	1931.388341127237	0.3
37803.76596275823	300	12.401168026062662	0.0	163442	1763.8520012754427	0.3
37805.147048069164	300	15.020082715132336	0.0	126289	1381.0853109303262	0.3
37808.92621986264	750	15.240910921654358	0.0	352642	3779.171793477978	0.3
37813.742151565355	750	14.424979218939766	0.0	437162	4815.931702714592	0.75
37820.283953819235	1200	11.883176965061097	0.0	584846	6541.80225387867	0.75
37826.282621184866	1200	9.884509599432295	0.0	560821	5998.667365628801	1.2
37832.684833952466	1200	7.482296831828086	0.0	607410	6402.212767604208	1.2
37837.220875261715	750	6.946255522576524	0.0	405134	4536.041309251562	0.3
37841.50792792324	750	6.6592028610522815	0.0	386351	4287.052661524243	0.75
37846.156285238794	750	6.010845545497198	0.0	434409	4648.357315555083	0.75
37850.01687757575	750	6.150253208544051	0.0	337059	3860.592336953147	0.75
37854.2986159288	750	5.868514855490614	0.0	366214	4281.738353053437	0.75
37858.530364850056	750	5.636765934231273	0.0	360831	4231.74892125934	0.75
37863.04360957556	750	5.1235212087346635	0.0	372963	4513.24472549661	0.75
37867.576465418824	750	4.590665365463341	0.0	405596	4532.855843271323	0.75
37869.28768636408	300	6.879444420208569	0.0	140881	1711.2209452547727	-0.15000000000000002
37871.19956889987	300	8.967561884414499	0.0	157671	1911.8825357940689	0.3
37875.776592891685	750	8.390537892598049	0.0	399894	4577.02399181645	0.3
37880.26638654426	750	7.900744240029066	0.0	401853	4489.793652568983	0.75
37884.185092663196	750	7.9820381210862195	0.0	343800	3918.706118942847	0.75
37888.52193479778	750	7.6451959864964065	0.0	359903	4336.842134589813	0.75
37893.01161076732	750	7.155520016965792	0.0	379700	4489.675969530614	0.75
37897.9744202259	750	6.192710558381582	0.0	425781	4962.809458584211	0.75
37901.17917855125	750	6.987952233034846	0.0	277716	3204.7583253467365	0.75
37905.58797855512	750	6.579152229166348	0.0	400396	4408.800003868498	0.75
37909.845391589035	750	6.321739195249433	0.0	400508	4257.413033916915	0.75
37913.679579838325	750	6.487550945961777	0.0	358218	3834.1882492876553	0.75
37917.975645821454	750	6.191484962836699	0.0	400322	4296.065983125078	0.75
37922.01676376916	750	6.150367015127542	0.0	369834	4041.1179477091578	0.75
37926.55995760934	750	5.607173174949868	0.0	412837	4543.193840177673	0.75
37931.198467581766	750	4.968663202523321	0.0	401088	4638.509972426547	0.75
37935.55609236033	750	4.611038423951123	0.0	365161	4357.624778572198	0.75
37939.27073104252	750	4.896399741761765	0.0	321064	3714.638682189359	0.75
37943.51220339794	750	4.654927386335781	0.0	361565	4241.472355425984	0.75
37945.167981554514	300	6.999149229761473	0.0	144254	1655.7781565743076	-0.15000000000000002
37946.82543813702	300	9.341692647258041	0.0	149991	1657.456582503432	0.3
37950.57539489853	750	9.591735885751612	0.0	345516	3749.95676150643	0.3
37954.86169048119	750	9.305440303085911	0.0	384505	4286.295582665702	0.75
37959.36719248511	750	8.799938299173531	0.0	372093	4505.502003912379	0.75
37964.13052970236	750	8.036601081926477	0.0	438281	4763.337217247054	0.75
37968.462700289085	750	7.704430495202519	0.0	398987	4332.170586723958	0.75
37972.7571362461	750	7.409994538188027	0.0	393804	4294.4359570144925	0.75
37978.805919676	1200	5.361211108290432	0.0	538612	6048.783429897595	0.75
37985.27134861916	1200	4.0	1.1042178348659464	550906	6465.428943156378	-3.5481366899235693

