22806.043726001804	750	4.0	2.8286943514121394	450283	2828.6943514121394	-11.413385711072198
22807.073443995137	300	6.970282006665363	0.0	155580	1029.7179933346376	-0.15000000000000002
22808.007182967973	300	10.036543033829506	0.0	139857	933.7389728358556	0.3
22810.403034013278	750	11.640691988522354	0.0	382355	2395.8510453071513	0.3
22812.971132471153	750	13.072593530650265	0.0	411561	2568.0984578720886	0.75
22815.12133128889	750	14.922394712913157	0.0	318564	2150.1988177371077	0.75
22817.573225936107	750	16.47050006569593	0.0	352642	2451.8946472172274	0.75
22820.397074236047	750	17.646651765758165	0.0	437162	2823.848299937766	0.75
22822.71278117379	750	19.33094482801844	0.0	374758	2315.706937739725	0.75
22825.50316937869	750	20.54055662311438	0.0	362795	2790.388204904057	0.75
22828.91176265648	750	21.131963345323566	0.0	353220	3408.593277790814	0.75
22830.462949934248	750	23.580776067554304	0.0	405134	1551.187277769263	0.75
22833.704761660305	1850	24.338964341497775	0.0	946851	3241.811726056527	0.75
22842.051492925042	1850	19.992233076759607	0.0	1036454	8346.731264738171	1.85
22847.863521488143	1850	18.18020451365478	0.0	821631	5812.028563104828	1.85
22851.98949408881	1850	18.054231912988186	0.0	923170	4125.97260066659	1.85
22856.081051128385	1850	17.962674873413977	0.0	966699	4091.5570395742093	1.85
22860.729363124272	1850	17.314362877524356	0.0	885714	4648.311995889622	1.85
22864.628231455867	1850	17.415494545930414	0.0	987708	3898.8683315939397	1.85
22869.77810795168	1850	16.265618050119237	0.0	923755	5149.876495811179	1.85
22873.120658664837	1850	16.923067336960475	0.0	891604	3342.5507131587624	1.85
22878.369482218455	1850	15.674243783343181	0.0	955231	5248.823553617292	1.85
22885.10333117768	1850	12.940394824115467	0.0	968026	6733.848959227715	1.85
22892.863658452105	1850	9.180067549692088	0.0	874175	7760.327274423378	1.85
22895.42859090146	750	10.615135100337378	0.0	359903	2564.9324493547097	-0.3500000000000001
22897.731874897447	750	12.311851104351819	0.0	379700	2303.2839959855582	0.75
22900.304980199253	750	13.738745802548483	0.0	425781	2573.1053018033367	0.75
22902.296851893112	750	15.746874108689077	0.0	277716	1991.8716938594052	0.75
22905.151831638468	750	16.891894363332742	0.0	400396	2854.9797453563333	0.75
22908.759741705235	750	17.28398429656345	0.0	400508	3607.9100667692956	0.75
22911.574093459083	750	18.469632542712535	0.0	358218	2814.3517538509127	0.75
22913.931079601545	750	20.112646400252874	0.0	400322	2356.9861424596616	0.75
22916.132156694395	750	21.9115693074043	0.0	369834	2201.077092848573	0.75
22918.71863615694	750	23.32508984485875	0.0	412837	2586.479462545553	0.75
22925.341072921983	1850	20.702653079814176	0.0	1026056	6622.436765044572	0.75
22931.386530658066	1850	18.657195343730457	0.0	943942	6045.4577360837175	1.85
22935.74172187875	1850	18.302004123049887	0.0	728962	4355.191220680571	1.85
22943.61538985426	1850	14.428336147539529	0.0	938587	7873.667975510357	1.85
22958.47882169901	1850	4.0	0.43509569720877517	908665	14863.431844748304	-0.020911497997732953
22959.14287403986	300	7.335947659150549	0.0	149991	664.052340849451	-1.25
22960.56828428848	750	9.910537410529372	0.0	345516	1425.4102486211766	0.3
22962.55811040895	750	11.920711290059403	0.0	384505	1989.826120469969	0.75
22965.13491092469	750	13.343910774317136	0.0	372093	2576.800515742268	0.75
22968.311685137043	750	14.16713656196254	0.0	438281	3176.774212354595	0.75
22971.362605008297	750	15.116216690710319	0.0	398987	3050.919871252221	0.75
22973.081346336523	750	17.39747536248701	0.0	393804	1718.7413282233088	0.75
22976.120434203112	1850	18.35838749589869	0.0	830730	3039.08786658832	0.75
22979.28665980605	1850	19.19216189295728	0.0	846370	3166.2256029414098	1.85

