17212.918871855767	750	4.0	5.208185851472101	450283	5208.185851472101	-21.645199161330034
17214.996120792344	300	5.922751063421447	0.0	155580	2077.248936578553	-0.15000000000000002
17216.87152665764	300	8.047345198123422	0.0	139857	1875.4058652980245	0.3
17218.752590420834	300	10.166281434927795	0.0	155432	1881.0637631956267	0.3
17220.48583237381	300	12.433039481948368	0.0	163442	1733.2419529794267	0.3
17221.843265793617	300	15.075606062143063	0.0	126289	1357.433419805306	0.3
17225.555126032326	750	15.363745823436348	0.0	352642	3711.860238706714	0.3
17230.216077399902	750	14.702794455862026	0.0	437162	4660.951367574322	0.75
17234.265197500485	750	14.653674355278817	0.0	374758	4049.1201005832086	0.75
17238.20317353455	750	14.71569832121161	0.0	362795	3937.9760340672065	0.75
17242.20601156737	750	14.712860288396433	0.0	353220	4002.8380328151784	0.75
17246.70002687991	750	14.21884497585574	0.0	405134	4494.015312540693	0.75
17250.988601509798	750	13.930270345966875	0.0	386351	4288.574629888864	0.75
17255.75383533187	750	13.165036523894312	0.0	434409	4765.233822072564	0.75
17259.390806157873	750	13.528065697895942	0.0	337059	3636.9708259983718	0.75
17263.45901623115	750	13.459855624620012	0.0	366214	4068.2100732759304	0.75
17267.54343360737	750	13.375438248398323	0.0	360831	4084.4173762216888	0.75
17271.651594355262	750	13.26727750050438	0.0	372963	4108.160747893944	0.75
17276.069736928202	750	12.849134927564895	0.0	405596	4418.142572939483	0.75
17279.928635988195	750	12.990235867572833	0.0	350713	3858.8990599920617	0.75
17284.092300648015	750	12.826571207752744	0.0	386472	4163.66465982009	0.75
17288.53706391279	750	12.381807942976614	0.0	399894	4444.763264776128	0.75
17293.251903079778	750	11.666968775990497	0.0	401853	4714.839166986118	0.75
17297.077081104777	750	11.841790750989803	0.0	343800	3825.1780250006946	0.75
17301.02187129546	750	11.897000560307992	0.0	359903	3944.790190681811	0.75
17305.311656944865	750	11.607214910903494	0.0	379700	4289.785649404497	0.75
17309.774391873427	750	11.144479982341633	0.0	425781	4462.734928561861	0.75
17312.909848271156	750	12.009023584611265	0.0	277716	3135.4563977303683	0.75
17317.221643740064	750	11.697228115702618	0.0	400396	4311.795468908647	0.75
17321.336634734736	750	11.582237121032863	0.0	400508	4114.9909946697535	0.75
17324.94542545444	750	11.973446401325516	0.0	358218	3608.7907197073478	0.75
17329.240749384688	750	11.678122471082421	0.0	400322	4295.323930243096	0.75
17333.142039021834	750	11.77683283393438	0.0	369834	3901.2896371480397	0.75
17334.896651295672	300	14.022220560097303	0.0	163444	1754.6122738370777	-0.15000000000000002
17339.130721450943	750	13.788150404825675	0.0	401088	4234.070155271627	0.3
17343.113930275467	750	13.804941580303469	0.0	365161	3983.2088245222085	0.75
17346.67400537472	750	14.244866481050456	0.0	321064	3560.075099253011	0.75
17350.64607450277	750	14.272797352998431	0.0	361565	3972.069128052024	0.75
17354.96347835579	750	13.955393499982359	0.0	378327	4317.403853016075	0.75
17359.261720366463	750	13.657151489306703	0.0	390680	4298.242010675655	0.75
17362.94422866561	750	13.97464319016102	0.0	345516	3682.508299145683	0.75
17366.996708418043	750	13.922163437727646	0.0	384505	4052.4797524333726	0.75
17371.077186850285	750	13.841685005480239	0.0	372093	4080.478432247409	0.75
17376.128434524886	750	12.79043733088252	0.0	438281	5051.247674597717	0.75
17380.498870143674	750	12.420001712094926	0.0	398987	4370.435618787592	0.75
17384.65015741839	750	12.268714437381801	0.0	393804	4151.287274713125	0.75
17388.285367137996	750	12.63350471777529	0.0	331053	3635.209719606512	0.75
17391.896519051385	750	13.022352804384534	0.0	314107	3611.1519133907555	0.75

