10473.41478720493	750	4.0	2.0533714086122092	450283	2053.371408612209	-8.0794970570325
10474.176618683694	300	7.238168521236894	0.0	155580	761.8314787631057	-0.15000000000000002
10475.794057073768	750	9.62073013116206	0.0	350812	1617.4383900748337	0.3
10477.569226456366	750	11.845560748563981	0.0	382355	1775.1693825980808	0.75
10479.493389852583	750	13.921397352347014	0.0	411561	1924.1633962169672	0.75
10481.00084305673	750	16.413944148198752	0.0	318564	1507.4532041482596	0.75
10482.618127904254	750	18.796659300675994	0.0	352642	1617.2848475227593	0.75
10487.175646834232	1850	18.239140370696376	0.0	1060487	4557.51892997962	0.75
10490.876817336126	1850	18.53796986880386	0.0	852833	3701.170501892517	1.85
10494.857304731253	1850	18.557482473676444	0.0	913888	3980.487395127412	1.85
10498.935006816617	1850	18.479780388314445	0.0	939819	4077.7020853620015	1.85
10502.881545923816	1850	18.533241281113842	0.0	917428	3946.539107200604	1.85
10506.91531648375	1850	18.49947072118154	0.0	946851	4033.770559932303	1.85
10511.404713292135	1850	18.010073912796514	0.0	1036454	4489.396808385026	1.85
10516.060287004118	1850	17.35450020081301	0.0	821631	4655.573711983505	1.85
10520.562947458111	1850	16.85183974682083	0.0	923170	4502.660453992183	1.85
10524.831995848359	1850	16.582791356571345	0.0	966699	4269.0483902494825	1.85
10528.744298277936	1850	16.670488926995052	0.0	885714	3912.3024295762953	1.85
10532.990464923894	1850	16.424322281035597	0.0	987708	4246.166645959453	1.85
10537.007268226018	1850	16.407518978911874	0.0	923755	4016.803302123726	1.85
10541.012850238752	1850	16.401936966177995	0.0	891604	4005.5820127338766	1.85
10545.309418370152	1850	16.10536883477697	0.0	955231	4296.5681314010235	1.85
10549.627323435772	1850	15.787463769156952	0.0	968026	4317.905065620022	1.85
10553.533633157876	1850	15.881154047051073	0.0	874175	3906.309722105879	1.85
10557.622441387806	1850	15.792345817122811	0.0	897976	4088.8082299282605	1.85
10561.707668595862	1850	15.707118609067477	0.0	905935	4085.227208055336	1.85
10566.484602500926	1850	14.930184704002706	0.0	1076599	4776.933905064771	1.85
10569.958622156231	1850	15.456165048698553	0.0	758197	3474.019655304154	1.85
10574.522216810554	1850	14.892570394374834	0.0	972798	4563.59465432372	1.85
10578.72632712609	1850	14.688460078837252	0.0	975811	4204.110315537583	1.85
10584.669871597549	1850	12.7449156073795	0.0	873429	5943.544471457752	1.85
10588.785267077588	1850	12.629520127340127	0.0	954453	4115.395480039373	1.85
10592.627385260581	1850	12.787401944348357	0.0	885062	3842.118182991769	1.85
10597.03962966033	1850	12.375157544597984	0.0	1035329	4412.244399750373	1.85
10601.403652419769	1850	12.01113478516112	0.0	1026056	4364.022759436863	1.85
10605.433882139787	1850	11.980905065142856	0.0	943942	4030.229720018264	1.85
10608.547763127937	1850	12.867024076992934	0.0	728962	3113.8809881499237	1.85
10612.67669026072	1850	12.73809694421085	0.0	938587	4128.9271327820825	1.85
10616.636428534217	1850	12.778358670713219	0.0	908665	3959.738273497632	1.85
10620.664177361476	1850	12.750609843455841	0.0	930577	4027.748827257379	1.85
10624.46753365847	1850	12.94725354646152	0.0	858450	3803.356296994321	1.85
10628.966878874578	1850	12.447908330353718	0.0	1025005	4499.345216107802	1.85
10632.842233504774	1850	12.572553700157519	0.0	886255	3875.3546301961983	1.85
10637.052721622465	1850	12.362065582466432	0.0	973972	4210.488117691087	1.85
10641.27462951714	1850	12.140157687791124	0.0	958994	4221.907894675306	1.85
10645.790945900018	1850	11.623841304912505	0.0	982064	4516.316382878621	1.85
10649.40798931186	1850	12.006797893072587	0.0	830730	3617.043411839918	1.85
10652.980371127298	1850	12.43441607763442	0.0	846370	3572.3818154381675	1.85

