6874.219414959878	750	4.0	1.5546009996341603	450283	1554.6009996341604	-5.934784298426889
6875.605630668041	750	6.613784291836291	0.0	398865	1386.2157081637092	0.75
6876.834480893086	750	9.38493406679191	0.0	350812	1228.8502250443812	0.75
6878.163244466466	750	12.05617049341147	0.0	382355	1328.7635733804395	0.75
6879.565946969041	750	14.653467990837163	0.0	411561	1402.702502574308	0.75
6880.6697694401455	750	17.549645519733044	0.0	318564	1103.8224711041178	0.75
6883.658136635268	1850	18.561278324610033	0.0	905515	2988.3671951230094	0.75
6887.132005777927	1850	19.087409181951333	0.0	1060487	3473.8691426587015	1.85
6890.396277025902	1850	19.823137933976216	0.0	852833	3264.271247975118	1.85
6894.100291606154	1850	20.119123353724298	0.0	913888	3704.0145802519182	1.85
6897.302735625047	1850	20.916679334831702	0.0	939819	3202.4440188925973	1.85
6900.545259935215	1850	21.674155024664078	0.0	917428	3242.5243101676224	1.85
6903.9565814152165	1850	22.26283354466259	0.0	946851	3411.321480001487	1.85
6907.506986340966	1850	22.712428618913172	0.0	1036454	3550.4049257494175	1.85
6910.306821978277	1850	23.9125929816019	0.0	821631	2799.83563731127	1.85
6913.412309639765	1850	24.807105320114896	0.0	923170	3105.4876614870054	1.85
6916.929592675583	1850	25.28982228429683	0.0	966699	3517.2830358180695	1.85
6920.917353652635	1850	25.302061307245673	0.0	885714	3987.7609770511563	1.85
6925.662606008129	1850	24.556808951751155	0.0	987708	4745.252355494516	1.85
6928.774615194861	1850	25.444799765018185	0.0	923755	3112.0091867329684	1.85
6932.006692021626	1850	26.21272293825387	0.0	891604	3232.076826764319	1.85
6935.427313820885	1850	26.792101138995104	0.0	955231	3420.6217992587613	1.85
6938.707432962616	1850	27.51198199726351	0.0	968026	3280.119141731594	1.85
6941.590793046043	1850	28.62862191383706	0.0	874175	2883.3600834264557	1.85
6944.516617946123	1850	29.702797013756545	0.0	897976	2925.824900080512	1.85
6947.50745275871	1850	30.711962201168998	0.0	905935	2990.8348125875505	1.85
6951.051150679213	1850	31.168264280666303	0.0	1076599	3543.697920502695	1.85
6953.572955594669	1850	32.64645936521015	0.0	758197	2521.8049154561554	1.85
6956.81861685462	1850	33.40079810525924	0.0	972798	3245.6612599509026	1.85
6960.098205728953	1850	34.1212092309266	0.0	975811	3279.588874332639	1.85
6963.029289453254	1850	35.19012550662547	0.0	873429	2931.083724301132	1.85
6966.233045141709	1850	35.98636981817077	0.0	954453	3203.755688454698	1.85
6969.225762226773	1850	36.993652733105975	0.0	885062	2992.717085064798	1.85
6976.87881711403	4300	33.340597845849636	0.0	2286761	7653.05488725634	1.8499999999999996
6984.522033512923	4300	29.697381446956477	0.0	2307787	7643.216398893162	4.3
6991.640660287821	4300	26.578754672057528	0.0	2143948	7118.626774898952	4.3
6998.00350530147	4300	24.215909658409416	0.0	1919781	6362.845013648113	4.3
7005.011646331067	4300	21.207768628812417	0.0	2147467	7008.141029596997	4.3
7011.989545449341	4300	18.22986951053924	0.0	2133870	6977.899118273179	4.3
7019.211283189034	4300	15.0081317708465	0.0	2146120	7221.737739692741	4.3
7026.199768882295	4300	12.019646077584952	0.0	2108491	6988.4856932615485	4.3
7029.656426303416	1850	12.562988656463181	0.0	1025005	3456.6574211217708	-0.6000000000000001
7032.6532807913345	1850	13.566134168544984	0.0	886255	2996.8544879181977	1.85
7035.936192696845	1850	14.283222263034258	0.0	973972	3282.911905510725	1.85
7039.150529784778	1850	15.068885175101316	0.0	958994	3214.337087932941	1.85
7042.44954880002	1850	15.769866159858699	0.0	982064	3299.019015242619	1.85
7045.270468151909	1850	16.94894680797017	0.0	830730	2820.9193518885313	1.85
7048.138313069336	1850	18.081101890542982	0.0	846370	2867.8449174271873	1.85

