33852.98582437352	750	4.0	2.573422194731831	450283	2573.422194731831	-10.315715437346872
33853.92734174161	300	7.058482631908426	0.0	155580	941.5173680915741	-0.15000000000000002
33854.781793692695	300	10.204030680827419	0.0	139857	854.4519510810084	0.3
33856.892327773676	750	12.093496599847372	0.0	382355	2110.5340809800455	0.3
33859.092761506836	750	13.893062866686044	0.0	411561	2200.4337331613283	0.75
33860.81405854851	750	16.171765825006183	0.0	318564	1721.2970416798612	0.75
33863.01476417766	750	17.97106019585504	0.0	352642	2200.7056291511435	0.75
33865.74072634761	750	19.245098025901804	0.0	437162	2725.962169953236	0.75
33868.28550367392	750	20.700320699595423	0.0	374758	2544.777326306381	0.75
33870.78190626492	750	22.203918108587356	0.0	362795	2496.402591008068	0.75
33872.825388922196	750	24.160435451314722	0.0	353220	2043.482657272635	0.75
33875.0574858753	750	25.928338498213922	0.0	405134	2232.0969531008004	0.75
33879.933737312895	1850	25.052087060619918	0.0	946851	4876.2514375940045	0.75
33885.57861368873	1850	23.40721068478781	0.0	1036454	5644.876375832108	1.85
33890.062056034374	1850	22.92376833914908	0.0	821631	4483.442345638727	1.85
33899.168655624606	1850	17.817168748910937	0.0	923170	9106.599590238146	1.85
33904.670216851446	1850	16.315607522070948	0.0	966699	5501.561226839991	1.85
33911.06405879371	1850	13.921765579805891	0.0	885714	6393.841942265057	1.85
33917.8616860067	1850	11.124138366820153	0.0	987708	6797.627212985738	1.85
33919.81778426015	750	13.168040113360355	0.0	350713	1956.0982534597972	-0.3500000000000001
33921.965171109834	750	15.020653263682373	0.0	386472	2147.3868496779837	0.75
33924.179525119216	750	16.806299254300907	0.0	399894	2214.3540093814668	0.75
33926.404027820834	750	18.581796552679933	0.0	401853	2224.5027016209724	0.75
33928.39876242415	750	20.587061949361125	0.0	343800	1994.7346033188073	0.75
33930.55524413533	750	22.430580238179065	0.0	359903	2156.4817111820626	0.75
33932.807624645626	750	24.178199727875217	0.0	379700	2252.3805103038467	0.75
33938.897373731386	1850	22.08845064211343	0.0	1076599	6089.7490857617895	0.75
33943.711148610135	1850	21.274675763364133	0.0	758197	4813.774878749295	1.85
33949.73295255617	1850	19.252871817327925	0.0	972798	6021.803946036204	1.85
33955.216531939885	1850	17.76929243361318	0.0	975811	5483.579383714747	1.85
33961.05672913549	1850	15.92909523800898	0.0	873429	5840.197195604201	1.85
33968.13048674701	1850	12.855337626491346	0.0	954453	7073.757611517634	1.85
33972.97173526604	1850	12.014089107468768	0.0	885062	4841.248519022579	1.85
33979.398960183644	1850	9.58686418986453	0.0	1035329	6427.224917604238	1.85
33982.42425119817	750	10.561573175336177	0.0	401088	3025.291014528352	-0.3500000000000001
33984.84883328904	750	12.13699108446853	0.0	365161	2424.5820908676474	0.75
33986.86697834084	750	14.118846032665177	0.0	321064	2018.1450518033532	0.75
33989.08069756372	750	15.905126809788166	0.0	361565	2213.7192228770105	0.75
33991.27955618081	750	17.70626819269279	0.0	378327	2198.858617095373	0.75
33993.547599023455	750	19.43822535005449	0.0	390680	2268.0428426383005	0.75
33995.48871709885	750	21.497107274650357	0.0	345516	1941.1180754041327	0.75
33997.63699646006	750	23.3488279134499	0.0	384505	2148.279361200458	0.75
33999.7764911869	750	25.209333186608614	0.0	372093	2139.4947268412852	0.75
34005.4855470477	1850	23.5002773258136	0.0	973972	5709.055860795013	0.75
34011.511052430316	1850	21.474771943191204	0.0	958994	6025.505382622395	1.85
34017.28896397243	1850	19.696860401070865	0.0	982064	5777.911542120339	1.85
34021.78440068952	1850	19.201423683985855	0.0	830730	4495.436717085012	1.85
34026.636862837666	1850	18.348961535841003	0.0	846370	4852.46214814485	1.85

