44857.222843160234	750	4.0	3.9717982204052706	450283	3971.7982204052705	-16.328732347742662
44858.64729298192	300	6.575550178309678	0.0	155580	1424.4498216903219	-0.15000000000000002
44859.93490769742	300	9.287935462812401	0.0	139857	1287.6147154972775	0.3
44861.35700691633	300	11.86583624390185	0.0	155432	1422.0992189105505	0.3
44864.36862819242	750	12.854214967814844	0.0	411561	3011.621276087006	0.3
44865.9220402118	750	15.300802948425446	0.0	318564	1553.412019389398	0.75
44867.63306870636	750	17.58977445386386	0.0	352642	1711.028494561583	0.75
44869.754314898426	750	19.468528261800895	0.0	437162	2121.2461920629685	0.75
44873.86900679671	1850	19.353836363515853	0.0	852833	4114.691898285038	0.75
44881.95533260578	1850	15.26751055444814	0.0	913888	8086.325809067711	1.85
44885.175214690185	750	16.04762847004413	0.0	353220	3219.882084404011	-0.3500000000000001
44888.83789211666	750	16.38495104357195	0.0	405134	3662.6774264721817	0.75
44890.88635310614	750	18.336490054092277	0.0	386351	2048.460989479673	0.75
44892.980031488754	750	20.24281167147732	0.0	434409	2093.678382614955	0.75
44899.05741652608	1850	18.16542663414933	0.0	821631	6077.385037327989	0.75
44907.816894590316	1850	13.405948569911445	0.0	923170	8759.478064237886	1.85
44918.47624460075	1850	6.746598559478274	0.0	966699	10659.35001043317	1.85
44921.87332944347	750	7.349513716755975	0.0	372963	3397.0848427222986	-0.3500000000000001
44923.432214395834	300	9.790628764390693	0.0	165384	1558.8849523652823	-0.15000000000000002
44924.77199037764	300	12.450852782589713	0.0	140881	1339.7759818009804	0.3
44926.235831899256	300	14.987011260970892	0.0	157671	1463.8415216188203	0.3
44929.821680053385	750	15.401163106845393	0.0	399894	3585.848154125499	0.3
44933.41448197039	750	15.808361189842344	0.0	401853	3592.80191700305	0.75
44936.50442565105	750	16.718417509175293	0.0	343800	3089.9436806670506	0.75
44939.74210104578	750	17.480742114447224	0.0	359903	3237.6753947280686	0.75
44943.17129520944	750	18.05154795078667	0.0	379700	3429.194163660554	0.75
44946.98780663765	750	18.23503652257982	0.0	425781	3816.51142820685	0.75
44949.48491244205	750	19.737930718171988	0.0	277716	2497.1058044078304	0.75
44953.08496668367	750	20.13787647655519	0.0	400396	3600.054241616797	0.75
44957.50807776797	750	19.71476539226051	0.0	400508	4423.111084294682	0.75
44961.40249135905	750	19.82035180117918	0.0	358218	3894.4135910813316	0.75
44963.194129344636	750	22.02871381559326	0.0	400322	1791.6379855859186	0.75
44968.247559835625	1850	20.97528332460003	0.0	885062	5053.430490993228	0.75
44977.28752330162	1850	15.935319858612813	0.0	1035329	9039.963465987217	1.85
44985.78269878196	1850	11.440144378271693	0.0	1026056	8495.17548034112	1.85
44988.765898362384	750	12.456944797848916	0.0	365161	2983.1995804227763	-0.3500000000000001
44991.3937943903	750	13.82904876993273	0.0	321064	2627.896027916186	0.75
44994.31006907785	750	14.912774082379197	0.0	361565	2916.274687553532	0.75
44996.89784336979	750	16.32499979044209	0.0	378327	2587.7742919371085	0.75
44998.61392134313	750	18.608921817096615	0.0	390680	1716.0779733454726	0.75
45004.24766866784	1850	16.975174492380457	0.0	858450	5633.74732471616	0.75
45013.952044321035	1850	11.270798839191732	0.0	1025005	9704.375653188727	1.85
45016.915331798955	750	12.3075113612724	0.0	372093	2963.287477919331	-0.3500000000000001
45018.869836541824	750	14.353006618405145	0.0	438281	1954.5047428672547	0.75
45020.656282917196	750	16.566560243037795	0.0	398987	1786.4463753673497	0.75
45029.169761675716	1850	12.053081484518575	0.0	982064	8513.478758519219	0.75
45032.07217482469	750	13.150668335550042	0.0	331053	2902.4131489685324	-0.3500000000000001
45034.950997759195	750	14.271845401039347	0.0	314107	2878.822934510696	0.75

