21094.738078229748	750	4.0	5.640787400295933	450283	5640.7874002959325	-23.50538582127251
21096.422443778734	300	6.315634451012286	0.0	155580	1684.3655489877135	-0.15000000000000002
21097.944671266745	300	8.793406963001136	0.0	139857	1522.2274880111495	0.3
21099.661620430586	300	11.076457799162116	0.0	155432	1716.9491638390214	0.3
21104.657269510782	750	10.08080871896413	0.0	411561	4995.649080197984	0.3
21108.187287400433	750	10.550790829314636	0.0	318564	3530.0178896494945	0.75
21111.96524275873	750	10.772835471014162	0.0	352642	3777.955358300474	0.75
21116.606621503382	750	10.131456726364185	0.0	437162	4641.3787446499755	0.75
21120.676367862652	750	10.061710367094392	0.0	374758	4069.7463592697936	0.75
21124.615094303175	750	10.122983926569974	0.0	362795	3938.726440524419	0.75
21129.257133778232	750	9.480944451511325	0.0	353220	4642.039475058649	0.75
21133.96981213228	750	8.76826609746344	0.0	405134	4712.678354047885	0.75
21138.132110812425	750	8.605967417317855	0.0	386351	4162.2986801455845	0.75
21142.74785388617	750	7.990224343576627	0.0	434409	4615.743073741229	0.75
21146.369474333158	750	8.36860389658523	0.0	337059	3621.6204469913973	0.75
21150.299555567348	750	8.438522662398562	0.0	366214	3930.081234186668	0.75
21153.81687689927	750	8.921201330474887	0.0	360831	3517.3213319236756	0.75
21157.926510076697	750	8.811568153046009	0.0	372963	4109.633177428878	0.75
21162.641181284558	750	8.096896945186002	0.0	405596	4714.6712078600085	0.75
21166.58167894307	750	8.156399286674835	0.0	350713	3940.4976585111654	0.75
21171.11109548574	750	7.6269827440049935	0.0	386472	4529.416542669842	0.75
21175.430553168382	750	7.307525061363482	0.0	399894	4319.457682641511	0.75
21179.284115345617	750	7.453962884129129	0.0	401853	3853.562177234354	0.75
21182.766176444493	750	7.9719017852515135	0.0	343800	3482.061098877615	0.75
21186.639562794902	750	8.098515434843543	0.0	359903	3873.386350407971	0.75
21190.617152771414	750	8.120925458332245	0.0	379700	3977.589976511298	0.75
21195.104015863388	750	7.634062366358457	0.0	425781	4486.863091973788	0.75
21198.060955749916	750	8.677122479833134	0.0	277716	2956.939886525324	0.75
21202.20336988571	750	8.534708344039908	0.0	400396	4142.414135793227	0.75
21206.028757358996	750	8.709320870754777	0.0	400508	3825.387473285131	0.75
21209.97503617692	750	8.763042052827377	0.0	358218	3946.278817927399	0.75
21214.02847740802	750	8.709600821726283	0.0	400322	4053.4412311010924	0.75
21217.67106421997	750	9.067014009778477	0.0	369834	3642.5868119478073	0.75
21222.177921528564	750	8.560156701186337	0.0	412837	4506.857308592139	0.75
21226.569373891085	750	8.168704338664686	0.0	401088	4391.452362521652	0.75
21230.39084757809	750	8.347230651655233	0.0	365161	3821.4736870094534	0.75
21233.86015500415	750	8.877923225596298	0.0	321064	3469.307426058935	0.75
21237.78313535995	750	8.954942869798177	0.0	361565	3922.980355798121	0.75
21241.455663662266	750	9.282414567481384	0.0	378327	3672.528302316792	0.75
21245.211612434454	750	9.526465795292255	0.0	390680	3755.9487721891296	0.75
21248.523056380163	750	10.21502184958159	0.0	345516	3311.4439457106646	0.75
21252.175463402105	750	10.562614827640026	0.0	384505	3652.4070219415644	0.75
21256.00612489546	750	10.731953334285597	0.0	372093	3830.661493354427	0.75
21260.441821892156	750	10.296256337584325	0.0	438281	4435.696996701274	0.75
21264.47742496356	750	10.260653266180352	0.0	398987	4035.603071403971	0.75
21271.450503714557	1200	7.287574515183195	0.0	638661	6973.078750997157	0.75
21277.02481679455	1200	5.7132614351886835	0.0	538612	5574.313079994512	1.2
21282.589281936427	1200	4.148796293314653	0.0	550906	5564.4651418740295	1.2

