14018.971417883657	750	4.0	1.3967477194281321	450283	1396.747719428132	-5.256015193540968
14021.851944529522	1850	5.119473354133889	0.0	957685	2880.5266458661117	0.75
14024.485270143095	1850	6.486147740560507	0.0	877771	2633.3256135733814	1.85
14027.272523152664	1850	7.69889473099198	0.0	933276	2787.2530095685274	1.85
14030.177361620103	1850	8.794056263554387	0.0	996749	2904.838467437594	1.85
14032.512940782593	1850	10.458477101062655	0.0	801058	2335.5791624917306	1.85
14035.332880179078	1850	11.638537704578507	0.0	905515	2819.93939648415	1.85
14038.650921604496	1850	12.32049627916026	0.0	1060487	3318.0414254182465	1.85
14041.18577312184	1850	13.785644761814241	0.0	852833	2534.851517346019	1.85
14046.264452053012	2850	12.70696583064397	0.0	1429765	5078.67893117027	1.85
14051.16791086335	2850	11.803507020305194	0.0	1354548	4903.458810338776	2.85
14056.144342687881	2850	10.827075195775635	0.0	1519951	4976.43182452956	2.85
14060.577362695638	2850	10.394055188018989	0.0	1422919	4433.020007756647	2.85
14065.301714081132	2850	9.669703802525975	0.0	1578343	4724.351385493014	2.85
14069.203907564677	2850	9.767510318980376	0.0	1231445	3902.193483545599	2.85
14074.04801465765	2850	8.923403226008135	0.0	1471065	4844.107092972241	2.85
14078.536075763317	2850	8.435342120340964	0.0	1491626	4488.061105667171	2.85
14082.821805068508	2850	8.1496128151501	0.0	1358801	4285.729305190864	2.85
14087.48480456144	2850	7.486613322218821	0.0	1537156	4662.999492931279	2.85
14091.559715364483	2850	7.4117025191758295	0.0	1336050	4074.910803042991	2.85
14095.877540023486	2850	7.093877860171719	0.0	1415116	4317.824659004111	2.85
14100.300067393877	2850	6.6713504897821325	0.0	1468126	4422.527370389586	2.85
14104.919222532137	2850	6.052195351522156	0.0	1505760	4619.155138259976	2.85
14109.137015032073	2850	5.83440285158554	0.0	1323990	4217.792499936616	2.85
14113.598683778348	2850	5.372734105310825	0.0	1383735	4461.668746274714	2.85
14118.269642090294	2850	4.701775793364639	0.0	1480464	4670.958311946187	2.85
14123.032573630002	2850	4.0	0.061155746342245035	1547572	4762.931539706884	2.5870302907283467
14125.400772829013	1850	5.6318008009880876	0.0	758197	2368.1991990119122	0.8500000000000001
14128.460490612892	1850	6.572083017108737	0.0	972798	3059.717783879351	1.85
14131.54046926819	1850	7.492104361811958	0.0	975811	3079.978655296779	1.85
14135.76407938011	2850	7.268494249892575	0.0	1341201	4223.610111919383	1.85
14140.48249740291	2850	6.550076227091506	0.0	1497683	4718.418022801068	2.85
14144.526689282873	2850	6.505884347128719	0.0	1358081	4044.191879962789	2.85
14149.237147131227	2850	5.795426498774516	0.0	1587293	4710.457848354203	2.85
14154.17310791349	2850	4.859465716511528	0.0	1492672	4935.960782262988	2.85
14159.000684829409	2850	4.031888800593604	0.0	1439896	4827.5769159179235	2.85
14161.512003265176	1850	5.520570364825338	0.0	728962	2511.3184357682653	0.8500000000000001
14164.80906275975	1850	6.223510870251031	0.0	938587	3297.0594945743073	1.85
14167.685243644202	1850	7.347329985799084	0.0	908665	2876.180884451948	1.85
14170.51510833243	1850	8.517465297570961	0.0	930577	2829.864688228122	1.85
14173.171145686849	1850	9.861427943153116	0.0	858450	2656.037354417845	1.85
14177.780475649546	2850	9.252097980453712	0.0	1527299	4609.329962699402	1.85
14181.818014844643	2850	9.214558785358188	0.0	1343002	4037.5391950955254	2.85
14186.873155328843	2850	8.159418301157103	0.0	1587250	5055.140484201084	2.85
14191.739550937064	2850	7.293022692936515	0.0	1464921	4866.395608220588	2.85
14196.38254850749	2850	6.650025122508837	0.0	1483527	4642.9975704276785	2.85
14200.051282263948	2850	6.98129136605261	0.0	1231456	3668.7337564562267	2.85
14204.342870124268	2850	6.6897035057335446	0.0	1364537	4291.587860319066	2.85

