46050.34336033021	750	4.0	0.9988998671774274	450283	998.8998671774274	-3.5452694288629374
46050.74085497543	300	7.602505354775855	0.0	155580	397.49464522414604	-0.15000000000000002
46051.53676274944	750	10.806597580766514	0.0	350812	795.9077740093401	0.3
46052.877274447324	1200	13.466085882883137	0.0	617681	1340.5116978833769	0.75
46056.044102649474	2850	14.299257680729362	0.0	1472558	3166.828202153776	1.2000000000000002
46058.79018191603	2850	15.553178414163572	0.0	1224260	2746.079266565788	2.85
46063.34013583487	4300	15.00322449532947	0.0	2157535	4549.953918834104	2.8499999999999996
46068.27658480128	4300	14.06677552892289	0.0	2290172	4936.448966406579	4.3
46071.20745152739	2850	15.135908802808425	0.0	1348011	2930.866726114466	1.4000000000000001
46075.73387069383	4300	14.60948963637116	0.0	2169201	4526.419166437265	2.8499999999999996
46078.58245442182	2850	15.760905908382997	0.0	1354548	2848.5837279881634	1.4000000000000001
46083.00245715956	4300	15.340903170645415	0.0	2102452	4420.00273773758	2.8499999999999996
46087.68395014746	4300	14.659410182741343	0.0	2209463	4681.492987904073	4.3
46091.061501308475	2850	15.281859021716956	0.0	1578343	3377.551161024387	1.4000000000000001
46095.33843477672	4300	15.004925553473651	0.0	2005399	4276.9334682433055	2.8499999999999996
46099.86284904018	4300	14.480511290017201	0.0	2152483	4524.4142634564505	4.3
46103.05344429549	2850	15.289916034710258	0.0	1491626	3190.5952553069433	1.4000000000000001
46107.46646707301	4300	14.876893257179127	0.0	2059512	4413.022777531131	2.8499999999999996
46110.8083226391	2850	15.535037691098122	0.0	1537156	3341.8555660810043	1.4000000000000001
46115.43493038955	4300	14.908429940643288	0.0	2156729	4626.607750454833	2.8499999999999996
46118.791363574375	2850	15.55199675581725	0.0	1415116	3356.433184826037	1.4000000000000001
46123.72204121402	4300	14.621319116172463	0.0	2176469	4930.677639644788	2.8499999999999996
46126.99189071301	2850	15.351469617188151	0.0	1505760	3269.8494989843107	1.4000000000000001
46131.33773876744	4300	15.005621562764302	0.0	2044075	4345.848054423849	2.8499999999999996
46135.89118018301	4300	14.45218014719224	0.0	2186790	4553.441415572063	4.3
46139.077061884	2850	15.26629844619722	0.0	1480464	3185.88170099502	1.4000000000000001
46144.2180049118	4300	14.125355418398788	0.0	2395588	5140.943027798432	2.8499999999999996
46146.7145360574	2850	15.628824272802406	0.0	1141971	2496.5311455963824	1.4000000000000001
46151.26380998756	4300	15.079550342637912	0.0	2134614	4549.273930164494	2.8499999999999996
46156.76290693486	4300	13.580453395332537	0.0	2164140	5499.096947305376	4.3
46159.5414148444	2850	14.801945485799886	0.0	1341201	2778.5079095326505	1.4000000000000001
46162.648115218144	2850	15.695245112051943	0.0	1497683	3106.7003737479417	2.85
46167.22043221542	4300	15.122928114774451	0.0	2191074	4572.316997277491	2.8499999999999996
46172.05144652769	4300	14.291913802510072	0.0	2286761	4831.01431226438	4.3
46175.45106569844	2850	14.892294631757013	0.0	1492672	3399.619170753057	1.4000000000000001
46178.60821366451	2850	15.735146665689534	0.0	1439896	3157.1479660674795	2.85
46182.62176144095	4300	15.7215988892514	0.0	1919781	4013.547776438133	2.8499999999999996
46187.3633257237	4300	14.980034606499576	0.0	2147467	4741.564282751825	4.3
46190.34551248242	2850	15.99784784778113	0.0	1427478	2982.186758718444	1.4000000000000001
46194.85046566688	4300	15.4928946633205	0.0	2146120	4504.953184460632	2.8499999999999996
46199.35612593417	4300	14.987234396029615	0.0	2108491	4505.660267290885	4.3
46202.663668152985	2850	15.67969217721968	0.0	1527299	3307.542218809934	1.4000000000000001
46207.15439578247	4300	15.18896454773539	0.0	2121928	4490.72762948429	2.8499999999999996
46211.7423225285	4300	14.601037801705035	0.0	2219102	4587.926746030354	4.3
46214.856809153825	2850	15.486551176380418	0.0	1464921	3114.4866253246164	1.4000000000000001
46219.675290396524	4300	14.668069933678668	0.0	2246506	4818.481242701752	2.8499999999999996
46222.37362650036	2850	15.969733829847248	0.0	1231456	2698.33610383142	1.4000000000000001
46228.66350916401	4300	13.679851166198421	0.0	2155012	6289.882663648827	2.8499999999999996

