37123.253819296486	750	4.0	1.5059110614959634	450283	1505.9110614959634	-5.725417564432642
37124.596904990474	750	6.656914306017356	0.0	398865	1343.085693982645	0.75
37125.78782126158	750	9.465998034904475	0.0	350812	1190.916271112882	0.75
37127.08039166354	750	12.173427632944193	0.0	382355	1292.5704019602822	0.75
37128.678566180795	750	14.57525311569202	0.0	411561	1598.174517252174	0.75
37131.713525087114	1850	15.540294209379244	0.0	801058	3034.958906312775	0.75
37134.98581063251	1850	16.268008663977934	0.0	905515	3272.2855454013106	1.85
37138.80981721205	1850	16.444002084439195	0.0	1060487	3824.0065795387377	1.85
37141.95051052396	1850	17.303308772533715	0.0	852833	3140.6933119054816	1.85
37145.01413783845	1850	18.239681458044103	0.0	913888	3063.627314489612	1.85
37148.131894434315	1850	19.121924862175725	0.0	939819	3117.7565958683767	1.85
37151.31465629087	1850	19.93916300561972	0.0	917428	3182.7618565560097	1.85
37154.51280729204	1850	20.741012004447114	0.0	946851	3198.1510011726023	1.85
37157.94413157159	1850	21.309687724898012	0.0	1036454	3431.3242795491033	1.85
37161.02896340464	1850	22.224855891851522	0.0	821631	3084.831833046491	1.85
37164.45664165748	1850	22.79717763901177	0.0	923170	3427.678252839753	1.85
37168.002872406425	1850	23.250946890067425	0.0	966699	3546.230748944344	1.85
37171.36248634458	1850	23.89133295191031	0.0	885714	3359.6139381571156	1.85
37174.84421009572	1850	24.409609200772486	0.0	987708	3481.7237511378235	1.85
37177.86434209141	1850	25.38947720507659	0.0	923755	3020.1319956958932	1.85
37181.02793062615	1850	26.225888670333337	0.0	891604	3163.588534743255	1.85
37184.473937932635	1850	26.779881363850905	0.0	955231	3446.0073064824305	1.85
37187.98605423287	1850	27.26776506361545	0.0	968026	3512.116300235455	1.85
37191.01224518971	1850	28.241574106770273	0.0	874175	3026.1909568451783	1.85
37194.11495840189	1850	29.138860894584287	0.0	897976	3102.7132121859877	1.85
37197.519969893234	1850	29.73384940324863	0.0	905935	3405.0114913356547	1.85
37201.22928906456	1850	30.024530231914294	0.0	1076599	3709.3191713343376	1.85
37203.75301734102	1850	31.500801955461846	0.0	758197	2523.728276452448	1.85
37206.955206816514	1850	32.29861247996307	0.0	972798	3202.189475498775	1.85
37210.16659072661	1850	33.08722856987268	0.0	975811	3211.3839100903892	1.85
37213.05054031513	1850	34.203278981344	0.0	873429	2883.949588528683	1.85
37216.205838753594	1850	35.04798054288229	0.0	954453	3155.2984384617016	1.85
37219.144059538914	1850	36.10975975756445	0.0	885062	2938.220785317848	1.85
37222.83398964165	1850	36.419829654827396	0.0	1035329	3689.930102737058	1.85
37226.404092625075	1850	36.849726671407964	0.0	1026056	3570.1029834194246	1.85
37229.61204301817	1850	37.64177627831493	0.0	943942	3207.950393093035	1.85
37232.046678020786	1850	39.20714127570068	0.0	728962	2434.6350026142563	1.85
37235.19769743844	1850	40.05612185804425	0.0	938587	3151.0194176564264	1.85
37238.52787362162	1850	40.72594567486274	0.0	908665	3330.176183181506	1.85
37241.70639218493	1850	41.547427111545275	0.0	930577	3178.518563317471	1.85
37244.50174961171	1850	42.752069684772266	0.0	858450	2795.357426773007	1.85
37247.80521898381	1850	43.448600312662585	0.0	1025005	3303.469372109674	1.85
37250.700681539805	1850	44.5531377566733	0.0	886255	2895.462555989291	1.85
37254.040288820295	1850	45.21353047617799	0.0	973972	3339.607280495304	1.85
37257.52763801445	1850	45.72618128202499	0.0	958994	3487.3491941530015	1.85
37261.14526976492	1850	46.10854953154985	0.0	982064	3617.6317504751455	1.85
37263.98596609028	1850	47.26785320619325	0.0	830730	2840.696325356601	1.85
37266.85020552602	1850	48.40361377045165	0.0	846370	2864.2394357415997	1.85

