5636.844208924933	750	4.0	3.1594205745100625	450283	3159.4205745100626	-12.835508470393268
5637.988198133902	300	6.856010791030806	0.0	155580	1143.989208969194	-0.15000000000000002
5639.026187059554	300	9.818021865379157	0.0	139857	1037.988925651649	0.3
5640.185417155473	300	12.658791769460109	0.0	155432	1159.2300959190466	0.3
5643.123059195122	750	13.721149729812296	0.0	411561	2937.6420396478125	0.3
5645.386287609817	750	15.457921315116124	0.0	318564	2263.2284146961715	0.75
5647.858627944486	750	16.985580980447153	0.0	352642	2472.340334668971	0.75
5650.935125317988	750	17.909083606944957	0.0	437162	3076.4973735021977	0.75
5653.607026034575	750	19.23718289035763	0.0	374758	2671.9007165873263	0.75
5656.155841467385	750	20.68836745754868	0.0	362795	2548.815432808951	0.75
5658.621188016514	750	22.22302090841941	0.0	353220	2465.3465491292704	0.75
5661.708791890405	750	23.13541703452739	0.0	405134	3087.603873892023	0.75
5664.839402722914	750	24.00480620201855	0.0	386351	3130.6108325088403	0.75
5670.225886156316	750	22.61832276861664	0.0	434409	5386.48343340191	0.75
5672.727581466612	750	24.11662745832119	0.0	337059	2501.695310295451	0.75
5681.630127003207	1850	19.214081921726226	0.0	923170	8902.545536594962	0.75
5688.650824132809	1850	16.193384792123723	0.0	966699	7020.697129602501	1.85
5696.903634937532	1850	11.94057398740106	0.0	885714	8252.810804722665	1.85
5699.716477795076	750	13.12773112985754	0.0	405596	2812.842857543518	-0.3500000000000001
5702.1937037198	750	14.650505205132632	0.0	350713	2477.2259247249085	0.75
5704.925162329222	750	15.919046595710746	0.0	386472	2731.458609421885	0.75
5706.096322302456	300	18.747886622477107	0.0	157812	1171.1599732336379	-0.15000000000000002
5708.969588520165	750	19.87462040476749	0.0	401853	2873.266217709617	0.3
5711.477956055098	750	21.366252869834753	0.0	343800	2508.367534932737	0.75
5714.175416000122	750	22.668792924810774	0.0	359903	2697.459945023981	0.75
5717.6077158711905	750	23.236493053741874	0.0	379700	3432.2998710689003	0.75
5721.795503595148	750	23.04870532978408	0.0	425781	4187.787723957794	0.75
5723.893177018245	750	24.951031906686282	0.0	277716	2097.6734230977963	0.75
5730.939103764037	1850	21.905105160895506	0.0	972798	7045.926745790778	0.75
5739.742993660295	1850	17.101215264637876	0.0	975811	8803.889896257631	1.85
5745.992556432262	1850	14.851652492669942	0.0	873429	6249.562771967932	1.85
5754.370295392598	1850	10.47391353233361	0.0	954453	8377.738960336332	1.85
5759.479936303926	750	9.364272621006043	0.0	369834	5109.640911327567	-0.3500000000000001
5763.3494130478175	750	9.494795877114473	0.0	412837	3869.47674389157	0.75
5764.6783300791885	300	12.1658788457439	0.0	179328	1328.9170313705717	-0.15000000000000002
5765.872039695951	300	14.972169228982471	0.0	159914	1193.7096167614293	0.3
5768.402607311149	750	16.441601613783142	0.0	321064	2530.567615199329	0.3
5771.350756077452	750	17.49345284748017	0.0	361565	2948.1487663029707	0.75
5774.805524205348	750	18.03868471958526	0.0	378327	3454.7681278949112	0.75
5778.09457852103	750	18.749630403902607	0.0	390680	3289.0543156826534	0.75
5780.632956568268	750	20.211252356664446	0.0	345516	2538.3780472381613	0.75
5783.590983926739	750	21.253224998193602	0.0	384505	2958.0273584708434	0.75
5786.5866833850305	750	22.25752553990212	0.0	372093	2995.6994582914804	0.75
5793.117481959583	750	19.726726965350007	0.0	438281	6530.79857455211	0.75
5795.928056883242	750	20.916152041690115	0.0	398987	2810.5749236598936	0.75
5798.7516599751825	750	22.09254894974984	0.0	393804	2823.603091940274	0.75
5804.719661999066	1850	20.124546925865648	0.0	830730	5968.002023884193	0.75
5810.679055815339	1850	18.165153109592975	0.0	846370	5959.393816272675	1.85

