10093.228082953206	750	4.0	2.5728353536483834	450283	2572.8353536483833	-10.313192020688048
10094.169397558291	300	7.05868539491694	0.0	155580	941.31460508306	-0.15000000000000002
10096.20455885699	750	9.023524096217036	0.0	350812	2035.1612986999035	0.3
10099.854312829255	1200	9.373770123952541	0.0	617681	3649.7539722644933	0.75
10103.509706999925	1200	9.718375953283074	0.0	652874	3655.394170669468	1.2
10106.365426819251	1200	10.862656133955413	0.0	520315	2855.71981932766	1.2
10109.359928493672	1200	11.868154459536225	0.0	561791	2994.50167441919	1.2
10114.939820098829	1850	10.288262854378543	0.0	1060487	5579.891605157682	1.2000000000000002
10118.023473211642	1200	11.204609741565399	0.0	584846	3083.6531128131446	0.5499999999999999
10123.172314776479	1850	10.055768176729464	0.0	913888	5148.841564835935	1.2000000000000002
10127.15347165128	1200	10.07461130192824	0.0	607410	3981.1568748012237	0.5499999999999999
10130.353855786316	1200	10.874227166893224	0.0	594078	3200.3841350350153	1.2
10134.209543620549	1200	11.018539332659827	0.0	624282	3855.6878342333957	1.2
10140.88974162115	1850	8.338341332058608	0.0	1036454	6680.19800060122	1.2000000000000002
10143.010229628964	750	10.217853324244846	0.0	337059	2120.488007813762	-0.3500000000000001
10146.559254746788	1200	10.668828206421374	0.0	587876	3549.025117823471	0.75
10149.97103188817	1200	11.257051065038898	0.0	617242	3411.7771413824785	1.2
10155.118660162138	1850	10.109422791072031	0.0	885714	5147.628273966866	1.2000000000000002
10158.849176566433	1200	10.378906386776695	0.0	639204	3730.516404295336	0.5499999999999999
10162.093586545714	1200	11.13449640749592	0.0	586839	3244.409979280774	1.2
10166.897868602986	1850	10.33021435022406	0.0	891604	4804.282057271861	1.2000000000000002
10170.525821839545	1200	10.702261113664386	0.0	616206	3627.9532365596738	0.5499999999999999
10174.294777609482	1200	10.933305343726065	0.0	656471	3768.9557699383204	1.2
10177.280632045216	1200	11.947450907991659	0.0	536667	2985.854435734407	1.2
10184.118943953996	1850	9.10913899921118	0.0	897976	6838.311908780479	1.2000000000000002
10187.35118123296	1200	9.87690172024818	0.0	590335	3232.237278963001	0.5499999999999999
10191.511043553981	1200	9.717039399226605	0.0	696376	4159.862321021574	1.2
10198.472995902082	1200	6.755087051124342	0.0	487160	6961.952348102263	1.2
10199.357813542943	300	9.870269410263573	0.0	153605	884.8176408607706	-0.6000000000000001
10202.798692819511	1200	10.42939013369563	0.0	641447	3440.879276567942	0.29999999999999993
10205.881064495117	1200	11.3470184580909	0.0	570392	3082.371675604728	1.2
10211.010935591583	1850	10.217147361625635	0.0	954453	5129.8710964652655	1.2000000000000002
10214.206311980675	1200	11.021770972531796	0.0	584349	3195.376389093839	0.5499999999999999
10219.858319627023	1850	9.369763326185062	0.0	1035329	5652.007646346734	1.2000000000000002
10223.651953431254	1200	9.57612952195281	0.0	690253	3793.6338042322536	0.5499999999999999
10226.910800161088	1200	10.317282792119567	0.0	598727	3258.8467298332425	1.2
10229.584379639486	1200	11.643703313721709	0.0	487812	2673.5794783978604	1.2
10234.614925997708	1850	10.613156955500163	0.0	938587	5030.546358221544	1.2000000000000002
10237.752889217523	1200	11.475193735683693	0.0	605884	3137.9632198164686	0.5499999999999999
10242.693289913697	1850	10.534793039511126	0.0	930577	4940.400696172567	1.2000000000000002
10246.121507352265	1200	11.106575600943637	0.0	566904	3428.217438567488	0.5499999999999999
10252.527595351936	1850	8.700487601272153	0.0	1025005	6406.087999671485	1.2000000000000002
10254.86626560775	750	10.361817345458661	0.0	372093	2338.670255813491	-0.3500000000000001
10258.805550500456	1200	10.422532452753174	0.0	634861	3939.284892705487	0.75
10262.39386727681	1200	10.834215676399161	0.0	630203	3588.3167763540137	1.2
10265.941852165392	1200	11.286230787817093	0.0	638661	3547.984888582068	1.2
10270.450212345504	1850	10.77787060770566	0.0	830730	4508.360180111433	1.2000000000000002
10273.454007033028	1200	11.774075920181156	0.0	550906	3003.7946875245043	0.5499999999999999

