29739.99144745001	750	4.0	1.3674447135379186	450283	1367.4447135379187	-5.13001226821305
29741.211878324964	750	6.7795691250495755	0.0	398865	1220.4308749504244	0.75
29742.294916536146	750	9.696530913867576	0.0	350812	1083.0382111819995	0.75
29744.145198244507	1200	11.846249205505229	0.0	617681	1850.2817083623468	0.75
29748.525598658805	2850	11.465848791208268	0.0	1472558	4380.400414296962	1.2000000000000002
29752.081062646288	2850	11.910384803723277	0.0	1224260	3555.4639874849904	2.85
29756.3059645277	2850	11.685482922311301	0.0	1388403	4224.9018814119745	2.85
29761.359498098893	2850	10.631949351118587	0.0	1638769	5053.533571192715	2.85
29765.368568947983	2850	10.622878502026724	0.0	1348011	4009.070849091863	2.85
29769.736845280815	2850	10.254602169192395	0.0	1429765	4368.276332834327	2.85
29773.758251063806	2850	10.23319638620274	0.0	1354548	4021.4057829896547	2.85
29778.37268838388	2850	9.618759066128971	0.0	1519951	4614.437320073769	2.85
29782.610441777666	2850	9.381005672340118	0.0	1422919	4237.753393788855	2.85
29787.312863003863	2850	8.678584446144836	0.0	1578343	4702.421226195282	2.85
29791.063404025404	2850	8.92804342460036	0.0	1231445	3750.5410215444763	2.85
29795.596438929693	2850	8.39500852031461	0.0	1471065	4533.034904285751	2.85
29800.214624050503	2850	7.77682339950362	0.0	1491626	4618.18512081099	2.85
29804.461370126413	2850	7.5300773235916525	0.0	1358801	4246.746075911968	2.85
29809.308980996204	2850	6.68246645380382	0.0	1537156	4847.610869787832	2.85
29813.54899940297	2850	6.442448047036362	0.0	1336050	4240.018406767458	2.85
29817.96539170309	2850	6.0260557469169065	0.0	1415116	4416.392300119456	2.85
29822.468790147173	2850	5.522657302830746	0.0	1468126	4503.39844408616	2.85
29827.053040853734	2850	4.938406596268571	0.0	1505760	4584.250706562175	2.85
29831.07474688531	2850	4.9167005646937305	0.0	1323990	4021.7060315748404	2.85
29833.74302151493	1850	6.248425935074776	0.0	897976	2668.2746296189544	0.8500000000000001
29838.25506000408	2850	5.7363874459217765	0.0	1480464	4512.038489152999	1.85
29843.157033384465	2850	4.834414065540464	0.0	1547572	4901.973380381312	2.85
29846.76444423095	2850	5.227003219052925	0.0	1141971	3607.41084648754	2.85
29851.23652422285	2850	4.754923227153884	0.0	1498470	4472.079991899041	2.85
29856.18725218983	2850	4.0	0.1958047398266408	1561263	4950.727966980525	2.008039618745445
29858.842566919386	1850	5.3446852704421905	0.0	873429	2655.3147295578096	0.8500000000000001
29862.56346097072	1850	5.623791219111262	0.0	954453	3720.894051330929	1.85
29867.400625069597	1850	4.786627120232774	0.0	885062	4837.1640988784875	1.85
29869.41871795853	1200	6.768534231295716	0.0	670129	2018.092888937059	0.5499999999999999
29871.493495001854	1200	8.693757187974933	0.0	690253	2074.7770433207816	1.2
29873.268095704625	1200	10.919156485201626	0.0	598727	1774.6007027733083	1.2
29874.728769297133	1200	13.4584828926941	0.0	487812	1460.6735925075252	1.2
29877.427402474834	1850	14.759849714993859	0.0	938587	2698.6331777002406	1.2000000000000002
29881.35661743523	2850	14.830634754597229	0.0	1427478	3929.21496039663	1.85
29885.28026675168	2850	14.906985438149169	0.0	1402287	3923.64931644806	2.85
29889.098421804316	2850	15.088830385512003	0.0	1339500	3818.1550526371657	2.85
29893.48546324617	2850	14.701788943663251	0.0	1527299	4387.041441848752	2.85
29899.622209158188	4300	12.56504303164311	0.0	2121928	6136.74591202014	2.8499999999999996
29906.0764299114	4300	10.110822278428047	0.0	2219102	6454.220753215063	4.3
29912.28640368815	4300	7.900848501677176	0.0	2124950	6209.973776750871	4.3
29918.983355301923	4300	5.203896887906177	0.0	2246506	6696.951613770999	4.3
29922.52436641317	2850	5.662885776660189	0.0	1231456	3541.0111112459886	1.4000000000000001
29926.478393811478	2850	5.7088583783479	0.0	1364537	3954.027398312289	2.85

