2659.3847941266918	750	4.0	4.0250839008128345	450283	4025.083900812834	-16.557860773495186
2660.7997060387875	300	6.585088087904174	0.0	155580	1414.9119120958258	-0.15000000000000002
2661.9930026806765	300	9.39179144601511	0.0	139857	1193.2966418890628	0.3
2663.310280211598	300	12.07451391509352	0.0	155432	1317.27753092159	0.3
2664.6913193425935	300	14.69347478409806	0.0	163442	1381.0391309954612	0.3
2667.3275331252526	750	16.057261001439365	0.0	318564	2636.2137826586973	0.3
2670.253607567949	750	17.131186558742677	0.0	352642	2926.0744426966858	0.75
2673.7963712628093	750	17.58842286388261	0.0	437162	3542.763694860068	0.75
2676.8291905942256	750	18.555603532466243	0.0	374758	3032.819331416365	0.75
2679.7604206265482	750	19.624373500143868	0.0	362795	2931.2300323223762	0.75
2683.0026685360385	750	20.38212559065324	0.0	353220	3242.2479094906284	0.75
2686.977243436797	750	20.40755068989462	0.0	405134	3974.574900758619	0.75
2690.09987711353	750	21.2849170131617	0.0	386351	3122.6336767329203	0.75
2693.6282730072166	750	21.756521119474705	0.0	434409	3528.3958936869926	0.75
2696.396866889423	750	22.987927237268348	0.0	337059	2768.593882206359	0.75
2699.52603034735	750	23.858763779341615	0.0	366214	3129.1634579267325	0.75
2707.5013983278163	1850	19.88339579887553	0.0	966699	7975.367980466086	0.75
2718.399427951561	1850	12.985366175131016	0.0	885714	10898.029623744513	1.85
2724.3059548472274	750	11.078839279464352	0.0	405596	5906.526895666662	-0.3500000000000001
2728.1881790047364	750	11.196615121955496	0.0	350713	3882.2241575088565	0.75
2732.0775148118373	750	11.307279314854462	0.0	386472	3889.3358071010334	0.75
2735.411196896739	750	11.97359722995255	0.0	399894	3333.6820849019136	0.75
2738.726493914385	750	12.65830021230627	0.0	401853	3315.29701764628	0.75
2741.5422709127515	750	13.842523213940236	0.0	343800	2815.7769983660337	0.75
2745.1628645174196	750	14.22192960927229	0.0	359903	3620.5936046679444	0.75
2748.754603902051	750	14.630190224641318	0.0	379700	3591.7393846309737	0.75
2752.1226518395733	750	15.26214228711856	0.0	425781	3368.0479375227574	0.75
2754.3882682896324	750	16.996525837059647	0.0	277716	2265.6164500589143	0.75
2757.632798014596	750	17.75199611209551	0.0	400396	3244.5297249641326	0.75
2761.0943764063113	750	18.290417720380052	0.0	400508	3461.5783917154577	0.75
2764.552949215135	750	18.831844911556427	0.0	358218	3458.5728088236287	0.75
2768.6454484948126	750	18.739345631879235	0.0	400322	4092.4992796771917	0.75
2771.6707614388924	750	19.714032687799694	0.0	369834	3025.3129440795383	0.75
2775.0648393079287	750	20.319954818763257	0.0	412837	3394.0778690364386	0.75
2778.3742007607716	750	21.010593365920283	0.0	401088	3309.361452842974	0.75
2781.2987945303134	750	22.08599959637841	0.0	365161	2924.593769541874	0.75
2783.8922027705034	750	23.492591356188555	0.0	321064	2593.408240189856	0.75
2786.850774936928	750	24.53401918976375	0.0	361565	2958.5721664248053	0.75
2789.9247359206765	750	25.460058206015365	0.0	378327	3073.960983748384	0.75
2797.6537000088983	1850	21.73109411779345	0.0	930577	7728.9640882219155	0.75
2804.806541420472	1850	18.578252706220297	0.0	858450	7152.841411573155	1.85
2813.6629348992706	1850	13.721859227421774	0.0	1025005	8856.393478798524	1.85
2820.947644448407	1850	10.437149678285408	0.0	886255	7284.709549136366	1.85
2824.5769854750597	750	10.807808651632707	0.0	438281	3629.3410266527017	-0.3500000000000001
2827.8275070865634	750	11.55728704012882	0.0	398987	3250.521611503885	0.75
2831.905852586738	750	11.478941539954139	0.0	393804	4078.34550017468	0.75
2835.275206319304	750	12.10958780738856	0.0	331053	3369.353732565579	0.75
2837.876728032977	750	13.50806609371518	0.0	314107	2601.521713673382	0.75

