17369.576733857062	750	4.0	2.262192842520104	450283	2262.192842520104	-8.977429222836447
17370.41071649118	300	7.166017365880396	0.0	155580	833.9826341196043	-0.15000000000000002
17371.168501227392	300	10.408232629667095	0.0	139857	757.7847362133018	0.3
17372.0017666136	300	13.574967243457566	0.0	155432	833.2653862095278	0.3
17373.97391496042	750	15.60281889663995	0.0	411561	1972.1483468176154	0.3
17375.481684210466	750	18.095049646594276	0.0	318564	1507.7692500456733	0.75
17377.14218735544	750	20.434546501623075	0.0	352642	1660.5031449712033	0.75
17381.66123625011	1850	19.915497606953217	0.0	1060487	4519.048894669857	0.75
17385.76038185423	1850	19.816352002834527	0.0	852833	4099.145604118689	1.85
17390.244569000777	1850	19.33216485628804	0.0	913888	4484.1871465464865	1.85
17394.50435947572	1850	19.07237438134482	0.0	939819	4259.79047494322	1.85
17398.39627889601	1850	19.180454961056263	0.0	917428	3891.919420288556	1.85
17402.431139814773	1850	19.145594042290853	0.0	946851	4034.8609187654106	1.85
17407.357390674282	1850	18.219343182780644	0.0	1036454	4926.250859510208	1.85
17411.025005633546	1850	18.551728223516125	0.0	821631	3667.61495926452	1.85
17414.961204732415	1850	18.615529124650376	0.0	923170	3936.19909886575	1.85
17419.04555806657	1850	18.53117579049495	0.0	966699	4084.3533341554303	1.85
17422.847785606144	1850	18.728948250922215	0.0	885714	3802.2275395727324	1.85
17427.054760665767	1850	18.521973191298297	0.0	987708	4206.975059623918	1.85
17431.011054911145	1850	18.565678945921277	0.0	923755	3956.2942453770197	1.85
17434.858461649117	1850	18.718272207947948	0.0	891604	3847.4067379733315	1.85
17439.000698999807	1850	18.576034857255546	0.0	955231	4142.2373506924	1.85
17443.40587462622	1850	18.170859230843828	0.0	968026	4405.1756264117175	1.85
17447.2310748138	1850	18.34565904326031	0.0	874175	3825.2001875835203	1.85
17451.177715660553	1850	18.39901819650714	0.0	897976	3946.640846753171	1.85
17455.19636178039	1850	18.380372076668657	0.0	905935	4018.646119838482	1.85
17459.837777367968	1850	17.7389564890897	0.0	1076599	4641.415587578958	1.85
17463.21506253844	1850	18.361671318619933	0.0	758197	3377.2851704697637	1.85
17469.07537192538	1850	16.50136193167749	0.0	972798	5860.309386942444	1.85
17473.587010595904	1850	15.989723261152935	0.0	975811	4511.638670524553	1.85
17477.347785573093	1850	16.228948283965533	0.0	873429	3760.774977187405	1.85
17481.608868274074	1850	15.967865582982988	0.0	954453	4261.082700982543	1.85
17485.76119508088	1850	15.81553877617779	0.0	885062	4152.326806805197	1.85
17490.121433155677	1850	15.455300701378277	0.0	1035329	4360.238074799515	1.85
17494.53434705121	1850	15.042386805846267	0.0	1026056	4412.91389553201	1.85
17498.938546372337	1850	14.638187484717516	0.0	943942	4404.19932112875	1.85
17502.192949762983	1850	15.38378409407565	0.0	728962	3254.4033906418663	1.85
17506.2049772652	1850	15.371756591858137	0.0	938587	4012.0275022175138	1.85
17510.105571046268	1850	15.471162810789915	0.0	908665	3900.593781068222	1.85
17514.34684825082	1850	15.229885606234403	0.0	930577	4241.277204555512	1.85
17518.067000496605	1850	15.509733360452177	0.0	858450	3720.1522457822252	1.85
17522.367819133546	1850	15.208914723510057	0.0	1025005	4300.81863694212	1.85
17526.1125052881	1850	15.464228568957017	0.0	886255	3744.68615455304	1.85
17530.557049783365	1850	15.01968407368976	0.0	973972	4444.544495267257	1.85
17534.70227346008	1850	14.874460396975177	0.0	958994	4145.223676714582	1.85
17539.09855863397	1850	14.478175223083603	0.0	982064	4396.285173891573	1.85
17542.725019565845	1850	14.851714291210083	0.0	830730	3626.46093187352	1.85
17546.242798184132	1850	15.333935672926376	0.0	846370	3517.7786182837062	1.85

