37409.577225015484	750	4.0	4.5457995898013674	450283	4545.799589801368	-18.79693823614588
37411.80946490274	300	5.767760112736862	0.0	155580	2232.239887263138	-0.15000000000000002
37414.11420754305	300	7.463017472432779	0.0	139857	2304.742640304083	0.3
37416.30348973047	300	9.273735285009066	0.0	155432	2189.282187423715	0.3
37418.265435737165	300	11.311789278316574	0.0	163442	1961.9460066924908	0.3
37419.79958509436	300	13.777639921118375	0.0	126289	1534.1493571981985	0.3
37421.48139638503	300	16.09582863045524	0.0	153295	1681.8112906631327	0.3
37423.2528201919	300	18.32440482358903	0.0	173849	1771.4238068662132	0.3
37426.93065744385	750	18.646567571635376	0.0	374758	3677.837251953653	0.3
37430.401545777946	750	19.17567923754322	0.0	362795	3470.888334092158	0.75
37434.0840401206	750	19.49318489488536	0.0	353220	3682.4943426578607	0.75
37438.11324441694	750	19.463980598541333	0.0	405134	4029.204296344027	0.75
37441.81083686137	750	19.766388154115823	0.0	386351	3697.5924444255097	0.75
37448.63410205681	1200	16.943122958677105	0.0	687371	6823.265195438718	0.75
37453.93844728443	1200	15.63877773105914	0.0	526950	5304.345227617965	1.2
37459.72452212515	1200	13.852702890342316	0.0	587876	5786.074840716823	1.2
37465.708677505456	1200	11.8685475100357	0.0	617242	5984.155380306616	1.2
37471.5139943309	1200	10.06323068459155	0.0	581493	5805.31682544415	1.2
37477.60780327884	1200	7.969421736644858	0.0	639204	6093.808947946693	1.2
37483.16248237489	1200	6.4147426405906005	0.0	586839	5554.679096054257	1.2
37488.85361810877	1200	4.7236069067075945	0.0	601738	5691.135733883007	1.2
37492.62709175972	750	4.950133255757053	0.0	399894	3773.4736509505406	0.3
37496.486951493964	750	5.0902735215092605	0.0	401853	3859.8597342477924	0.75
37499.80004758632	750	5.7771774291526325	0.0	343800	3313.0960923566277	0.75
37503.28021412365	750	6.29701089182664	0.0	359903	3480.166537325992	0.75
37506.97638221404	750	6.6008428014386284	0.0	379700	3696.1680903880124	0.75
37511.03877626217	750	6.538448753307974	0.0	425781	4062.394048130655	0.75
37514.97504034606	750	6.602184669425837	0.0	277716	3936.2640838821376	0.75
37519.93952110233	750	5.6377039131486875	0.0	400396	4964.480756277149	0.75
37521.45202032344	300	8.125204692038718	0.0	149029	1512.4992211099686	-0.15000000000000002
37523.027150630274	300	10.55007438520775	0.0	157421	1575.130306830967	0.3
37524.569811112895	300	13.007413902583565	0.0	157488	1542.660482624185	0.3
37525.98609738804	300	15.591127627435931	0.0	143881	1416.2862751476328	0.3
37529.978079725995	750	15.599145289486673	0.0	412837	3991.9823379492595	0.3
37534.37712147532	750	15.200103540155924	0.0	401088	4399.041749330748	0.75
37539.03424438408	750	14.542980631397599	0.0	365161	4657.122908758325	0.75
37542.30906125482	750	15.268163760654174	0.0	321064	3274.8168707434256	0.75
37547.75756164127	1200	13.81966337420365	0.0	575591	5448.500386450523	0.75
37553.43679915527	1200	12.140425860208168	0.0	605884	5679.237513995481	1.2
37557.218281624206	750	12.358943391277295	0.0	390680	3781.4824689308734	0.3
37560.53472351722	750	13.042501498258288	0.0	345516	3316.441893019008	0.75
37564.21123490258	750	13.365990112908019	0.0	384505	3676.5113853502676	0.75
37567.81624276259	750	13.760982252897325	0.0	372093	3605.0078600106935	0.75
37573.87561800236	1200	11.701607013123715	0.0	634861	6059.375239773612	0.75
37579.8676694177	1200	9.709555597795308	0.0	630203	5992.051415328406	1.2
37587.207653533755	1200	6.369571481729183	0.0	638661	7339.984116066124	1.2
37590.992115456516	750	6.585109558974198	0.0	331053	3784.461922754985	0.3
37596.212479529495	1200	5.364745485997471	0.0	550906	5220.364072976728	0.75

