9217.188626208626	750	4.0	2.448859344981454	450283	2448.8593449814543	-9.780095183420253
9219.366984535802	750	5.821641672823475	0.0	398865	2178.358327176526	0.75
9222.050942761018	1200	7.137683447607902	0.0	571051	2683.958225215572	0.75
9224.854202537548	1200	8.334423671076824	0.0	617681	2803.2597765310793	1.2
9228.835244814654	1200	8.353381393969586	0.0	652874	3981.0422771072363	1.2
9231.705115649203	1200	9.483510559422065	0.0	520315	2869.8708345475216	1.2
9234.509368189229	1200	10.67925801939654	0.0	561791	2804.2525400255263	1.2
9238.124199680586	1200	11.064426528039803	0.0	709534	3614.831491356737	1.2
9241.121385780258	1200	12.067240428367235	0.0	584846	2997.186099672568	1.2
9243.936495584123	1200	13.252130624502087	0.0	560821	2815.1098038651485	1.2
9247.467212254129	1200	13.72141395449583	0.0	607410	3530.7166700062558	1.2
9253.058702650898	1850	12.129923557725778	0.0	917428	5591.490396770051	1.2000000000000002
9257.742277664282	1850	11.446348544344124	0.0	946851	4683.575013381655	1.85
9262.507275699345	1850	10.681350509280536	0.0	1036454	4764.99803506359	1.85
9266.556538889137	1850	10.632087319487422	0.0	821631	4049.2631897931133	1.85
9270.809098738582	1850	10.37952747004254	0.0	923170	4252.559849444881	1.85
9276.414742236424	1850	8.773883972201256	0.0	966699	5605.643497841284	1.85
9279.998012335287	1850	9.190613873337389	0.0	885714	3583.270098863868	1.85
9284.642078877214	1850	8.5465473314101	0.0	987708	4644.066541927287	1.85
9288.980428371073	1850	8.208197837550323	0.0	923755	4338.349493859778	1.85
9293.115455682248	1850	8.07317052637687	0.0	891604	4135.027311173451	1.85
9297.66814403816	1850	7.520482170464755	0.0	955231	4552.688355912116	1.85
9302.260802831506	1850	6.927823377117002	0.0	968026	4592.658793347753	1.85
9306.587432849985	1850	6.601193358639479	0.0	874175	4326.630018477523	1.85
9311.043463966947	1850	6.14516224167743	0.0	897976	4456.031116962049	1.85
9315.894522644157	1850	5.294103564468333	0.0	905935	4851.0586772090965	1.85
9321.318073562003	1850	4.0	0.12944735337638213	1076599	5423.5509178447155	1.2933763804815568
9324.539174437787	1200	4.778899124214681	0.0	487160	3221.1008757853187	0.5499999999999999
9328.649775545508	1200	4.6682980164938455	0.0	622896	4110.601107720836	1.2
9332.37902065294	1200	4.9390529090623945	0.0	641447	3729.2451074314513	1.2
9334.786929995025	1200	6.53114356697588	0.0	570392	2407.9093420865147	1.2
9337.40954359554	1200	7.908529966459156	0.0	620283	2622.6136005167236	1.2
9340.142332748663	1200	9.175740813336928	0.0	584349	2732.7891531222276	1.2
9343.32264692067	1200	9.995426641330036	0.0	670129	3180.3141720068934	1.2
9346.762463181745	1200	10.555610380255072	0.0	690253	3439.8162610749637	1.2
9352.803214338202	1850	8.514859223797478	0.0	943942	6040.751156457594	1.2000000000000002
9356.12645319245	1850	9.191620369550234	0.0	728962	3323.2388542472436	1.85
9360.349534097344	1850	8.968539464655924	0.0	938587	4223.08090489431	1.85
9364.54925048734	1850	8.768823074659359	0.0	908665	4199.716389996566	1.85
9369.175037603753	1850	8.143035958247713	0.0	930577	4625.787116411644	1.85
9372.247041938934	1200	9.071031623065107	0.0	566904	3072.0043351826075	0.5499999999999999
9377.62138127176	1850	7.69669229024059	0.0	1025005	5374.339332824516	1.2000000000000002
9381.77842947703	1850	7.539644084968956	0.0	886255	4157.048205271634	1.85
9386.236085897697	1850	7.081987664303152	0.0	973972	4457.656420665804	1.85
9390.483789693013	1850	6.834283868987474	0.0	958994	4247.703795315678	1.85
9396.224727875193	1850	5.093345686806661	0.0	982064	5740.938182180814	1.85
9401.433842597959	1850	4.0	0.11576903595811837	830730	5209.114722764779	1.352193145380091
9405.710003169952	1850	4.0	0.27616057199446004	846370	4276.16057199446	0.6625095404238219

