34332.64877547085	750	4.0	4.679189340570291	450283	4679.189340570291	-19.370514164452253
34334.31579446748	300	6.332981003370912	0.0	155580	1667.0189966290882	-0.15000000000000002
34335.82179937592	300	8.826976094937564	0.0	139857	1506.0049084333493	0.3
34337.48660953864	300	11.16216593221698	0.0	155432	1664.8101627205815	0.3
34339.61476220294	300	13.034013267911535	0.0	163442	2128.1526643054485	0.3
34341.55157587281	300	15.09719959804368	0.0	126289	1936.813669867854	0.3
34343.89522325556	300	16.753552215294885	0.0	153295	2343.647382748798	0.3
34346.60146207774	300	18.047313393113498	0.0	173849	2706.2388221813844	0.3
34348.88206811824	300	19.766707352620774	0.0	150710	2280.6060404927225	0.3
34350.46812820879	300	22.18064726206283	0.0	139105	1586.0600905579463	0.3
34352.083799559536	300	24.56497591132246	0.0	141840	1615.6713507403697	0.3
34353.85438056684	300	26.794394904022635	0.0	156148	1770.5810072998254	0.3
34358.568370233435	750	26.08040523741858	0.0	386351	4713.989666604056	0.3
34363.500904775356	750	25.14787069549995	0.0	434409	4932.53454191863	0.75
34367.30874462138	750	25.3400308494792	0.0	337059	3807.8398460207527	0.75
34371.30812662394	750	25.34064884692272	0.0	366214	3999.382002556478	0.75
34378.011852343494	1200	22.636923127365694	0.0	617242	6703.725719557024	0.75
34384.96033585602	1200	19.688439614840878	0.0	581493	6948.4835125248155	1.2
34391.6992132596	1200	16.949562211264354	0.0	639204	6738.877403576522	1.2
34397.808996293206	1200	14.83977917765631	0.0	586839	6109.783033608044	1.2
34404.10042954656	1200	12.548345924308734	0.0	601738	6291.433253347576	1.2
34410.54556542681	1200	10.103210044053558	0.0	616206	6445.135880255178	1.2
34418.06534617485	1200	6.5834292960142875	0.0	656471	7519.78074803927	1.2
34425.642455147354	750	4.0	0.9936796764920582	343800	7577.108972506346	-3.97282260891585
34427.23425049963	300	6.408204647729735	0.0	146754	1591.7953522702646	-0.15000000000000002
34428.90005226951	300	8.742402877844212	0.0	153938	1665.8017698855226	0.3
34430.87929154683	300	10.763163600525127	0.0	181901	1979.239277319083	0.3
34432.14447602119	300	13.497979126169849	0.0	111155	1265.1844743552783	0.3
34433.86228143869	300	15.780173708659682	0.0	153605	1717.8054175101663	0.3
34440.605500590595	1200	13.036954556759152	0.0	641447	6743.219151900531	0.29999999999999993
34446.78768627671	1200	10.85476887063657	0.0	570392	6182.185686122581	1.2
34454.33184916886	1200	7.310605978486161	0.0	620283	7544.162892150411	1.2
34458.47721367299	750	7.165241474354859	0.0	369834	4145.364504131301	0.3
34462.923795539835	750	6.718659607512401	0.0	412837	4446.581866842459	0.75
34467.15102102243	750	6.491434124917767	0.0	401088	4227.225482594634	0.75
34471.10224020758	750	6.540214939767935	0.0	365161	3951.2191851498314	0.75
34474.549796988045	750	7.092658159302373	0.0	321064	3447.5567804655616	0.75
34478.436376813464	750	7.206078333888804	0.0	361565	3886.579825413569	0.75
34486.45163557932	750	4.0	0.8091804319632719	378327	8015.258765852076	-2.729475857442069
34488.155773228915	300	6.295862350406256	0.0	149991	1704.137649593745	-0.15000000000000002
34489.838005361074	300	8.61363021824441	0.0	147968	1682.2321321618447	0.3
34491.65989456079	300	10.79174101852912	0.0	161857	1821.8891997152919	0.3
34493.262763418774	300	13.18887216054705	0.0	145210	1602.8688579820705	0.3
34495.149860579135	300	15.301775000182015	0.0	172312	1887.0971603650335	0.3
34500.94142499584	750	13.510210583471958	0.0	398987	5791.564416710058	0.3
34505.287297664814	750	13.164337914494805	0.0	393804	4345.872668977151	0.75
34511.33234431226	1200	11.11929126704964	0.0	538612	6045.046647445166	0.75
34520.37233291576	1850	6.079302663544533	0.0	846370	9039.988603505106	1.2000000000000002

