27844.415181359083	750	4.0	0.7227459921961153	450283	722.7459921961154	-2.3578077664432957
27845.367463279857	1200	7.047718079223183	0.0	611087	952.2819207768171	0.75
27847.30435704084	2850	9.110824318241365	0.0	1300868	1936.8937609818183	1.2000000000000002
27849.555583262987	2850	10.85959809609322	0.0	1520281	2251.2262221481424	2.85
27851.741959287436	2850	12.673222071644487	0.0	1472558	2186.3760244487344	2.85
27853.573164952468	2850	14.842016406610169	0.0	1224260	1831.2056650343193	2.85
27864.763604799453	4300	7.651576559625355	0.0	2157535	11190.439846984813	2.8499999999999996
27868.649148425076	1200	7.766032934001034	0.0	709534	3885.5436256243215	-1.9000000000000001
27870.571327368907	1200	9.843853990169787	0.0	584846	1922.178943831246	1.2
27872.072100283625	1200	12.343081075451382	0.0	560821	1500.7729147184048	1.2
27873.69090085659	1200	14.72428050248941	0.0	607410	1618.8005729619724	1.2
27875.0044465182	1200	17.41073484087574	0.0	594078	1313.5456616136685	1.2
27875.977355975494	1200	20.437825383582744	0.0	624282	972.9094572929926	1.2
27877.53979432651	1850	22.875387032566458	0.0	1036454	1562.4383510162895	1.2000000000000002
27880.48748014114	4300	23.927701217935184	0.0	2005399	2947.685814631272	1.8499999999999996
27883.64290184649	4300	24.772279512583946	0.0	2152483	3155.4217053512352	4.3
27887.046865118788	4300	25.368316240286738	0.0	2289689	3403.9632722972106	4.3
27890.148762438537	4300	26.26641892053804	0.0	2059512	3101.8973197486985	4.3
27893.43847822277	4300	26.97670313630012	0.0	2220726	3289.7157842379215	4.3
27896.62700303053	4300	27.788178328542767	0.0	2156729	3188.524807757352	4.3
27899.636099466527	4300	28.779081892549502	0.0	2039773	3009.0964359932605	4.3
27902.842923426102	4300	29.572257932973198	0.0	2176469	3206.8239595763075	4.3
27906.16425605389	4300	30.25092530518599	0.0	2221506	3321.3326277872034	4.3
27909.43016165086	4300	30.98501970821776	0.0	2044075	3265.9055969682327	4.3
27913.216306772327	4300	31.19887458675116	0.0	2186790	3786.145121466596	4.3
27918.47354662832	4300	29.94163473075776	0.0	2105231	5257.239855993399	4.3
27923.424310128248	4300	28.990871230826272	0.0	2395588	4950.763499931487	4.3
27926.33362164265	4300	30.0815597164267	0.0	1972048	2909.3115143995738	4.3
27929.51601206341	4300	30.899169295666486	0.0	2134614	3182.390420760213	4.3
27932.71928961527	4300	31.69589174380644	0.0	2164140	3203.2775518600483	4.3
27935.82952253365	4300	32.58565882542629	0.0	2113193	3110.232918380144	4.3
27938.950674502903	4300	33.46450685617435	0.0	2147852	3121.1519692519423	4.3
27942.580469254553	4300	33.8347121045216	0.0	2191074	3629.7947516527584	4.3
27949.14145100204	4300	31.273730357036676	0.0	2286761	6560.9817474849215	4.3
27954.06314193886	4300	30.352039420217917	0.0	2307787	4921.690936818759	4.3
27957.180000238335	4300	31.23518112073884	0.0	2143948	3116.858299479074	4.3
27959.96746525358	4300	32.44771610549457	0.0	1919781	2787.465015244273	4.3
27963.092687249617	4300	33.322494109457715	0.0	2147467	3125.221996036851	4.3
27966.219378133286	4300	34.195803225786435	0.0	2133870	3126.6908836712837	4.3
27972.747060477734	4300	31.668120881337845	0.0	2146120	6527.682344448584	4.3
27975.809197211514	4300	32.60598414755738	0.0	2108491	3062.13673378047	4.3
27978.982928735233	4300	33.432252623837364	0.0	2184571	3173.731523720017	4.3
27982.0702877849	4300	34.34489357417239	0.0	2121928	3087.3590496649713	4.3
27986.44335527164	4300	33.97182608743327	0.0	2219102	4373.06748673912	4.3
27994.495781514444	4300	29.919399844632164	0.0	2124950	8052.426242801108	4.3
27997.74581905202	4300	30.66936230705884	0.0	2246506	3250.0375375733233	4.3
28000.59946657197	4300	31.815714787105755	0.0	1961140	2853.647519953085	4.3
28008.10771268928	4300	28.307468669797778	0.0	2155012	7508.246117307975	4.3

