9866.41662427005	750	4.0	6.88290595244879	450283	6882.90595244879	-28.846495595529795
9867.620614181376	300	6.796010088672784	0.0	155580	1203.9899113272165	-0.15000000000000002
9868.711013056736	300	9.7056112133129	0.0	139857	1090.3988753598824	0.3
9870.067802699834	300	12.34882157021575	0.0	155432	1356.7896430971518	0.3
9876.760319583771	750	9.656304686278897	0.0	411561	6692.516883936852	0.3
9877.864503852436	300	12.552120417615127	0.0	126289	1104.1842686637704	-0.15000000000000002
9879.187702606601	300	15.228921663449583	0.0	153295	1323.1987541655462	0.3
9882.516435680494	750	15.900188589557107	0.0	437162	3328.7330738924766	0.3
9885.396283135588	750	17.020341134463404	0.0	374758	2879.847455093702	0.75
9894.650410946035	750	11.766213324016716	0.0	362795	9254.127810446687	0.75
9898.364200626098	300	12.052423643953343	0.0	141840	3713.7896800633735	-0.15000000000000002
9902.407048469331	300	12.00957580072002	0.0	156148	4042.8478432333222	0.3
9906.513162168025	300	11.90346210202682	0.0	160746	4106.1136986932	0.3
9911.117424475147	300	11.299199794903853	0.0	179801	4604.262307122969	0.3
9914.753920748217	300	11.66270352183393	0.0	140051	3636.4962730699226	0.3
9918.840956123462	300	11.575668146589763	0.0	138313	4087.0353752441656	0.3
9922.934223388453	300	11.482400881599828	0.0	143509	4093.267264989935	0.3
9926.90841371141	300	11.508210558642235	0.0	150616	3974.1903229575923	0.3
9931.19060880247	300	11.226015467582048	0.0	165384	4282.195091060185	0.3
9934.708574467593	300	11.708049802458588	0.0	140881	3517.9656651234613	0.3
9936.945350283015	300	13.471273987036271	0.0	157671	2236.775815422315	0.3
9938.188427061526	300	16.228197208525025	0.0	157812	1243.076778511248	0.3
9941.23008962632	750	17.18653464373223	0.0	401853	3041.662564792795	0.3
9944.023123362047	750	18.39350090800526	0.0	343800	2793.0337357269696	0.75
9947.915868965489	750	18.50075530456489	0.0	359903	3892.745603440373	0.75
9957.031278948589	750	13.385345321464206	0.0	379700	9115.409983100684	0.75
9966.930471566764	750	7.48615270328752	0.0	425781	9899.192618176685	0.75
9967.688997973204	300	10.727626296848799	0.0	111155	758.5264064387216	-0.15000000000000002
9968.706653037403	300	13.709971232649979	0.0	153605	1017.6550641988198	0.3
9971.23148461484	750	15.185139655213431	0.0	400508	2524.831577436548	0.3
9978.15805914044	750	12.25856512961365	0.0	358218	6926.574525599781	0.75
9987.278207193645	750	7.138417076408592	0.0	400322	9120.14805320506	0.75
9988.274403629432	300	10.142220640622291	0.0	143881	996.1964357863026	-0.15000000000000002
9989.395172113462	300	13.021452156592735	0.0	163444	1120.7684840295553	0.3
9992.02919520224	750	14.38742906781342	0.0	401088	2634.023088779314	0.3
9994.520971521039	750	15.895652749015017	0.0	365161	2491.7763187984033	0.75
9996.732965618054	750	17.683658652000567	0.0	321064	2211.9940970144503	0.75
10003.805305046888	750	14.611319223166044	0.0	361565	7072.3394288345235	0.75
10009.213815436855	750	13.202808833199215	0.0	378327	5408.5103899668275	0.75
10012.02251363381	750	14.39411063624375	0.0	390680	2808.698196955463	0.75
10014.422595744414	750	15.994028525639914	0.0	345516	2400.082110603837	0.75
10017.041158537128	750	17.375465732927047	0.0	384505	2618.562792712868	0.75
10023.629828757486	750	14.786795512567393	0.0	372093	6588.670220359656	0.75
10033.95120442521	750	8.465419844844268	0.0	438281	10321.375667723125	0.75
10038.842131226873	300	7.57449304318187	0.0	167025	4890.926801662397	-0.15000000000000002
10043.863382168112	300	6.553242101942071	0.0	160064	5021.250941239799	0.3
10047.440315990101	300	6.976308279953008	0.0	137507	3576.933821989063	0.3
10050.409657109922	300	8.006967160132776	0.0	118421	2969.3411198202316	0.3

