3643.8345912924824	750	4.0	1.5801332613721926	450283	1580.1332613721925	-6.044573023900428
3645.24342372297	750	6.591167569512463	0.0	398865	1408.8324304875368	0.75
3646.4921659355086	750	9.342425356973902	0.0	350812	1248.7422125385624	0.75
3647.8717757243035	750	11.962815568178845	0.0	382355	1379.6097887950555	0.75
3649.453086896972	750	14.381504395510332	0.0	411561	1581.3111726685133	0.75
3652.4552231668213	1850	15.37936812566092	0.0	801058	3002.1362698494127	0.75
3655.816319920161	1850	16.018271372321372	0.0	905515	3361.0967533395497	1.85
3659.740438653181	1850	16.094152639300766	0.0	1060487	3924.118733020603	1.85
3662.915220855606	1850	16.919370436875806	0.0	852833	3174.782202424963	1.85
3667.9184899125	1850	15.916101379982168	0.0	913888	5003.269056893636	1.85
3671.7387504503545	1850	16.095840842127362	0.0	939819	3820.2605378548055	1.85
3675.2618053275737	1850	16.572785964908334	0.0	917428	3523.0548772190314	1.85
3678.7533054028845	1850	17.081285889597407	0.0	946851	3491.5000753109257	1.85
3682.366713421767	1850	17.46787787071491	0.0	1036454	3613.408018882498	1.85
3685.2147918316223	1850	18.61979946085981	0.0	821631	2848.0784098551007	1.85
3688.3841386224453	1850	19.450452670036878	0.0	923170	3169.3467908229327	1.85
3691.6634222067405	1850	20.171169085742026	0.0	966699	3279.2835842948502	1.85
3694.66782042996	1850	21.166770862522036	0.0	885714	3004.3982232199883	1.85
3697.997258467529	1850	21.83733282495353	0.0	987708	3329.438037568506	1.85
3701.374321327448	1850	22.460269965034666	0.0	923755	3377.0628599188626	1.85
3704.684082308003	1850	23.15050898448004	0.0	891604	3309.760980554625	1.85
3708.095735684994	1850	23.73885560748877	0.0	955231	3411.6533769912717	1.85
3711.451332253341	1850	24.383259039141624	0.0	968026	3355.596568347147	1.85
3714.492557226862	1850	25.34203406562023	0.0	874175	3041.2249735213945	1.85
3717.973865032471	1850	25.860726260011493	0.0	897976	3481.307805608738	1.85
3721.2294500820117	1850	26.60514121047126	0.0	905935	3255.5850495402324	1.85
3724.9012452048737	1850	26.933346087608886	0.0	1076599	3671.7951228623697	1.85
3727.506377354784	1850	28.32821393769864	0.0	758197	2605.1321499102487	1.85
3730.8830351747106	1850	28.951556117771723	0.0	972798	3376.657819926912	1.85
3734.360408428645	1850	29.47418286383778	0.0	975811	3477.373253933946	1.85
3737.4481336738063	1850	30.386457618676342	0.0	873429	3087.725245161437	1.85
3741.271235666685	1850	30.56335562579752	0.0	954453	3823.101992878821	1.85
3745.494883397575	1850	30.33970789490732	0.0	885062	4223.647730890199	1.85
3749.021319620859	1850	30.813271671623593	0.0	1035329	3526.436223283731	1.85
3752.7289749280517	1850	31.105616364430904	0.0	1026056	3707.6553071926846	1.85
3756.1672081792403	1850	31.667383113242263	0.0	943942	3438.233251188642	1.85
3758.750391835106	1850	33.084199457376876	0.0	728962	2583.1836558653868	1.85
3762.152521346688	1850	33.68206994579451	0.0	938587	3402.129511582366	1.85
3765.514986470704	1850	34.31960482177821	0.0	908665	3362.4651240162916	1.85
3768.6722361595944	1850	35.16235513288788	0.0	930577	3157.249688890337	1.85
3771.5902717507774	1850	36.244319541704755	0.0	858450	2918.0355911831243	1.85
3775.0575218565873	1850	36.777069435895015	0.0	1025005	3467.250105809742	1.85
3778.062616975928	1850	37.771974316554314	0.0	886255	3005.0951193407027	1.85
3781.3596937733582	1850	38.47489751912457	0.0	973972	3297.0767974297437	1.85
3784.622484294109	1850	39.21210699837372	0.0	958994	3262.7905207508497	1.85
3787.9582761136276	1850	39.87631517885509	0.0	982064	3335.7918195186317	1.85
3790.7905245551283	1850	41.04406673735433	0.0	830730	2832.248441500765	1.85
3793.8915815444916	1850	41.94300974799093	0.0	846370	3101.056989363391	1.85

