32802.76764461941	750	4.0	3.4870753772950676	450283	3487.0753772950675	-14.24442412236879
32804.024843819025	300	6.742800800386498	0.0	155580	1257.1991996135023	-0.15000000000000002
32804.97949058233	300	9.788154037075106	0.0	139857	954.646763311392	0.3
32805.89952699263	300	12.868117626778023	0.0	155432	920.0364102970827	0.3
32808.20381944887	750	14.56382517053814	0.0	411561	2304.2924562398844	0.3
32810.01559490421	750	16.752049715200222	0.0	318564	1811.77545533792	0.75
32812.07995110943	750	18.68769350997577	0.0	352642	2064.3562052244506	0.75
32814.619910862915	750	20.147733756491125	0.0	437162	2539.9597534846425	0.75
32819.7516876107	1850	19.01595700871094	0.0	852833	5131.776747780182	0.75
32824.32250220349	1850	18.44514241592019	0.0	913888	4570.81459279075	1.85
32829.00216477263	1850	17.76547984677193	0.0	939819	4679.662569148263	1.85
32834.69711744135	1850	16.070527178060896	0.0	917428	5694.952668711035	1.85
32840.6405282318	1850	14.127116387605685	0.0	946851	5943.41079045521	1.85
32846.52214660171	1850	12.245498017698722	0.0	1036454	5881.6183699069625	1.85
32850.753663644966	1850	12.013980974436029	0.0	821631	4231.517043262694	1.85
32856.91836019073	1850	9.849284428678933	0.0	923170	6164.696545757096	1.85
32868.04515131526	1850	4.0	1.277506695852333	966699	11126.791124531266	-3.6432787921650314
32868.96837403775	300	7.076777277505714	0.0	150616	923.2227224942857	-1.25
32869.97427531475	300	10.070876000503304	0.0	165384	1005.9012770024098	0.3
32875.89441455876	750	8.150736756497553	0.0	350713	5920.139244005752	0.3
32876.92538188006	300	11.119769435199354	0.0	157671	1030.9673212981975	-0.15000000000000002
32879.417278335226	750	12.627872980028641	0.0	399894	2491.8964551707127	0.3
32881.72961927705	750	14.31553203820547	0.0	401853	2312.340941823172	0.75
32883.38742734689	750	16.657723968368874	0.0	343800	1657.8080698365939	0.75
32885.11913722984	750	18.926014085418323	0.0	359903	1731.7098829505517	0.75
32887.03833408853	750	21.006817226724053	0.0	379700	1919.1968586942721	0.75
32889.397302766374	750	22.647848548887954	0.0	425781	2358.968677836101	0.75
32893.54317641574	1850	22.501974899518924	0.0	758197	4145.873649369028	0.75
32898.85350376324	1850	21.191647552020253	0.0	972798	5310.327347498672	1.85
32903.969668647536	1850	20.07548266772618	0.0	975811	5116.164884294072	1.85
32908.633080255364	1850	19.41207105989955	0.0	873429	4663.411607826631	1.85
32914.3120942	1850	17.733057115262177	0.0	954453	5679.0139446373705	1.85
32919.939919998316	1850	16.1052313169473	0.0	885062	5627.825798314875	1.85
32927.253101113696	1850	12.792050201561459	0.0	1035329	7313.181115385844	1.85
32932.28926965348	1850	11.755881661784606	0.0	1026056	5036.168539776853	1.85
32937.04726219313	1850	10.997889122129648	0.0	943942	4757.992539654959	1.85
32940.48401869537	1850	11.561132619889246	0.0	728962	3436.7565022404006	1.85
32945.04679237839	1850	10.998358936878686	0.0	938587	4562.773683010559	1.85
32949.71277351309	1850	10.332377802173058	0.0	908665	4665.981134705629	1.85
32951.823719076594	750	12.22143223866728	0.0	390680	2110.9455635057775	-0.3500000000000001
32953.746096442	750	14.29905487326462	0.0	345516	1922.3773654026584	0.75
32955.90602483281	750	16.139126482455755	0.0	384505	2159.9283908088646	0.75
32958.01913059024	750	18.026020725022086	0.0	372093	2113.105757433668	0.75
32963.673763078914	1850	16.37138823635101	0.0	973972	5654.632488671075	0.75
32968.911073996176	1850	15.134077319090636	0.0	958994	5237.310917260374	1.85
32974.53288090427	1850	13.512270410992455	0.0	982064	5621.806908098182	1.85
32979.57424153643	1850	12.470909778834898	0.0	830730	5041.360632157557	1.85
32987.011769830315	1850	9.033381484951027	0.0	846370	7437.52829388387	1.85

