38370.87334900017	750	4.0	1.5737615146908888	450283	1573.7615146908888	-6.017174513170821
38372.98055909411	1200	5.892789906063717	0.0	611087	2107.2100939362826	0.75
38374.95694579209	1200	7.916403208084625	0.0	571051	1976.386697979093	1.2
38377.095854577696	1200	9.777494422474428	0.0	617681	2138.908785610195	1.2
38380.497469319365	1850	10.375879680806058	0.0	996749	3401.6147416683716	1.2000000000000002
38383.244828583476	1850	11.628520416690845	0.0	801058	2747.3592641152113	1.85
38388.00454573893	2850	10.868803261245423	0.0	1388403	4759.7171554454235	1.85
38393.63121948023	2850	9.242129519938393	0.0	1638769	5626.67374130703	2.85
38398.26081989765	2850	8.612529102518526	0.0	1348011	4629.600417419868	2.85
38403.13297083105	2850	7.7403781691206355	0.0	1429765	4872.150933397889	2.85
38407.752589942116	2850	7.120759058061614	0.0	1354548	4619.6191110590225	2.85
38412.93761064047	2850	5.935738359710205	0.0	1519951	5185.020698351408	2.85
38417.7804850741	2850	5.092863926076282	0.0	1422919	4842.874433633923	2.85
38423.289143685535	2850	4.0	0.4157946853591575	1578343	5508.6586114354395	1.062082852955623
38426.352858498554	1850	4.936285186985021	0.0	821631	3063.714813014979	0.8500000000000001
38430.029108121715	1850	5.260035563818063	0.0	923170	3676.249623166958	1.85
38437.2819702579	1850	4.0	1.9928265723679615	966699	7252.862136186024	-6.719154261182235
38438.61082847939	750	6.671141778514536	0.0	372963	1328.8582214854641	-0.3500000000000001
38440.04895756779	750	9.233012690101964	0.0	405596	1438.1290884125726	0.75
38441.30262496751	750	11.979345290392226	0.0	350713	1253.667399709737	0.75
38443.39410147628	1200	13.887868781617914	0.0	601738	2091.4765087743117	0.75
38445.53394129621	1200	15.748028961686678	0.0	616206	2139.8398199312383	1.2
38450.63669811278	2850	14.645272145122366	0.0	1505760	5102.756816564312	1.2000000000000002
38455.25585576843	2850	14.026114489467883	0.0	1323990	4619.157655654482	2.85
38460.24520094258	2850	13.036769315316885	0.0	1383735	4989.345174150998	2.85
38465.326248913436	2850	11.955721344463388	0.0	1480464	5081.047970853496	2.85
38470.593996763775	2850	10.687973494124266	0.0	1547572	5267.747850339123	2.85
38474.668527466914	2850	10.613442790978349	0.0	1141971	4074.530703145918	2.85
38479.92060995346	2850	9.361360304435976	0.0	1498470	5252.082486542372	2.85
38485.738298680764	2850	7.543671577127209	0.0	1561263	5817.688727308768	2.85
38490.442794216855	2850	6.839176041039139	0.0	1341201	4704.49553608807	2.85
38495.923447533416	2850	5.358522724480893	0.0	1497683	5480.653316558246	2.85
38499.065135903315	1850	6.216834354580351	0.0	885062	3141.688369900542	0.8500000000000001
38502.62621985158	1850	6.6557504063087345	0.0	1035329	3561.083948271617	1.85
38506.140200245165	1850	7.141770012731133	0.0	1026056	3513.980393577602	1.85
38509.3737406144	1850	7.908229643494026	0.0	943942	3233.540369237107	1.85
38511.887177716366	1850	9.394792541524858	0.0	728962	2513.437101969167	1.85
38516.98038275932	2850	8.301587498574602	0.0	1499009	5093.205042950257	1.85
38522.13577441456	2850	7.146195843341462	0.0	1427478	5155.391655233139	2.85
38526.96241295719	2850	6.319557300704174	0.0	1402287	4826.638542637288	2.85
38531.70993603624	2850	5.572034221652632	0.0	1339500	4747.5230790515425	2.85
38537.211539430136	2850	4.0704308277615775	0.0	1527299	5501.603393891054	2.85
38540.306280649995	1850	4.97568960789458	0.0	886255	3094.741219866997	0.8500000000000001
38543.82644167499	1850	5.455528582904619	0.0	973972	3520.161024989961	1.85
38547.72134529187	1850	5.560624966013242	0.0	958994	3894.9036168913776	1.85
38551.29018371708	1850	5.99178654080788	0.0	982064	3568.8384252053625	1.85
38555.59445574718	2850	5.687514510705077	0.0	1231456	4304.272030102803	1.85
38560.2659267641	2850	5.016043493780886	0.0	1364537	4671.471016924191	2.85

