24207.404066873725	750	4.0	1.0067386518144827	450283	1006.7386518144828	-3.5789762028022754
24207.80426994479	300	7.599796928932921	0.0	155580	400.2030710670783	-0.15000000000000002
24208.606284855236	750	10.797782018486952	0.0	350812	802.0149104459692	0.3
24209.957549498118	1200	13.446517375603651	0.0	617681	1351.2646428833011	0.75
24213.068712684064	2850	14.33535418965668	0.0	1472558	3111.1631859469708	1.2000000000000002
24215.669294544077	2850	15.734772329642539	0.0	1224260	2600.5818600141415	2.85
24220.138725406512	4300	15.265341467206861	0.0	2157535	4469.430862435677	2.8499999999999996
24224.881508828465	4300	14.522558045254057	0.0	2290172	4742.783421952804	4.3
24227.706327937183	2850	15.697738936537913	0.0	1348011	2824.819108716143	1.4000000000000001
24232.151150206377	4300	15.252916667342474	0.0	2169201	4444.822269195441	2.8499999999999996
24236.883153435305	4300	14.520913438414095	0.0	2173522	4732.003228928379	4.3
24240.041902805282	2850	15.362164068433497	0.0	1519951	3158.7493699805987	1.4000000000000001
24244.575266981534	4300	14.828799892181797	0.0	2209463	4533.3641762517	2.8499999999999996
24247.84997085424	2850	15.55409601947429	0.0	1578343	3274.7038727075073	1.4000000000000001
24252.022744657865	4300	15.381322215852016	0.0	2005399	4172.773803622273	2.8499999999999996
24256.472207789408	4300	14.931859084309487	0.0	2152483	4449.4631315425295	4.3
24259.599849858296	2850	15.804217015418642	0.0	1491626	3127.642068890844	1.4000000000000001
24263.922312787912	4300	15.481754085799414	0.0	2059512	4322.462929619228	2.8499999999999996
24268.623191425162	4300	14.78087544854713	0.0	2220726	4700.878637252283	4.3
24271.486162994846	2850	15.917903878865397	0.0	1336050	2862.9715696817325	1.4000000000000001
24275.75870719695	4300	15.645359676760956	0.0	2039773	4272.544202104441	2.8499999999999996
24280.27229086505	4300	15.131776008661529	0.0	2176469	4513.583668099427	4.3
24284.853636061995	4300	14.550430811714639	0.0	2221506	4581.345196946891	4.3
24287.59909339912	2850	15.804973474591556	0.0	1323990	2745.4573371230827	1.4000000000000001
24292.130971937782	4300	15.273094935926343	0.0	2186790	4531.878538665212	2.8499999999999996
24296.483981447866	4300	14.920085425844693	0.0	2105231	4353.009510081651	4.3
24299.714624033684	2850	15.689442840024645	0.0	1547572	3230.642585820047	1.4000000000000001
24303.841046805763	4300	15.563020067950415	0.0	1972048	4126.422772074231	2.8499999999999996
24308.206962662032	4300	15.197104211676633	0.0	2134614	4365.915856273781	4.3
24316.929905257613	4300	10.47416161609861	0.0	2164140	8722.942595578023	4.3
24318.18151868323	1200	13.222548190481625	0.0	570392	1251.6134256169864	-1.9000000000000001
24321.331828778293	2850	14.072238095418742	0.0	1497683	3150.3100950628827	1.2000000000000002
24324.190262743574	2850	15.213804130136687	0.0	1358081	2858.4339652820545	2.85
24328.833357387848	4300	14.570709485863048	0.0	2286761	4643.094644273639	2.8499999999999996
24331.892732955883	2850	15.511333917827235	0.0	1492672	3059.3755680358136	1.4000000000000001
24336.313147274723	4300	15.09091959898999	0.0	2143948	4420.414318837246	2.8499999999999996
24340.31334504402	4300	15.090721829693916	0.0	1919781	4000.197769296074	4.3
24344.679711388217	4300	14.724355485496751	0.0	2147467	4366.366344197163	4.3
24347.636177602566	2850	15.767889271145835	0.0	1427478	2956.4662143509167	1.4000000000000001
24352.130243814776	4300	15.27382305893457	0.0	2146120	4494.066212211267	2.8499999999999996
24356.552137551986	4300	14.851929321725034	0.0	2108491	4421.893737209535	4.3
24359.719595131446	2850	15.684471742266172	0.0	1527299	3167.457579458862	1.4000000000000001
24364.140313715885	4300	15.263753157823954	0.0	2121928	4420.718584442217	2.8499999999999996
24368.79275882971	4300	14.611308044000765	0.0	2219102	4652.445113823188	4.3
24371.896113041617	2850	15.507953832091784	0.0	1464921	3103.3542119089816	1.4000000000000001
24376.6138869438	4300	14.790179929909193	0.0	2246506	4717.773902182591	2.8499999999999996
24379.23664255052	2850	16.16742432318698	0.0	1231456	2622.7556067222104	1.4000000000000001
24383.729493564217	4300	15.674573309487853	0.0	2155012	4492.851013699131	2.8499999999999996

