10367.998921343446	750	4.0	2.5728353536483834	450283	2572.8353536483833	-10.313192020688048
10370.287098808136	750	5.7118225353101	0.0	398865	2288.1774646899003	0.75
10372.381410375596	750	7.61751096785083	0.0	350812	2094.31156745927	0.75
10374.671148541518	750	9.327772801928306	0.0	382355	2289.7381659225234	0.75
10377.032480082193	750	10.966441261252353	0.0	411561	2361.3315406759534	0.75
10378.816280646006	750	13.182640697439757	0.0	318564	1783.8005638125965	0.75
10383.656693647581	1850	12.342227695864505	0.0	905515	4840.413001575252	0.75
10389.236817033136	1850	10.762104310307633	0.0	1060487	5580.123385556871	1.85
10393.69425485413	1850	10.304666489314869	0.0	852833	4457.437820992765	1.85
10399.12709302515	1850	8.87182831829463	0.0	913888	5432.8381710202375	1.85
10404.597902281079	1850	7.401019062365675	0.0	939819	5470.809255928955	1.85
10410.262373167592	1850	5.736548175852939	0.0	917428	5664.470886512736	1.85
10414.301863032757	1200	5.697058310690398	0.0	624282	4039.4898651625413	0.5499999999999999
10418.563922192197	1200	5.434999151250027	0.0	687371	4262.05915944037	1.2
10421.741319736679	1200	6.257601606768401	0.0	526950	3177.397544481626	1.2
10424.960538058627	1200	7.038383284818248	0.0	587876	3219.218321950154	1.2
10428.53170447125	1200	7.467216872194049	0.0	617242	3571.166412624198	1.2
10432.082735999884	1200	7.916185343561413	0.0	581493	3551.031528632636	1.2
10435.609513593732	1200	8.389407749713376	0.0	639204	3526.7775938480363	1.2
10438.821069377878	1200	9.177851965566397	0.0	586839	3211.5557841469795	1.2
10442.08749691165	1200	9.911424431794654	0.0	601738	3266.427533771742	1.2
10445.757676844982	1200	10.241244498462002	0.0	616206	3670.1799333326526	1.2
10449.493837604372	1200	10.505083739072727	0.0	656471	3736.1607593892745	1.2
10452.562741889522	1200	11.436179453923835	0.0	536667	3068.9042851488916	1.2
10457.65280948201	1200	10.346111861434988	0.0	587236	5090.0675924888465	1.2
10460.885046760972	1200	11.113874582471986	0.0	590335	3232.237278963001	1.2
10464.910841963394	1200	11.08807938005072	0.0	696376	4025.795202421267	1.2
10468.788695496509	1200	11.210225846935629	0.0	487160	3877.85353311509	1.2
10475.373757559437	1200	8.625163784006403	0.0	622896	6585.062062929225	1.2
10477.55223028953	750	10.446691053913858	0.0	400508	2178.472730092546	0.3
10480.634514657017	1200	11.364406686426188	0.0	570392	3082.2843674876694	0.75
10483.9894296532	1200	12.00949169024404	0.0	620283	3354.914996182147	1.2
10487.172960067823	1200	12.825961275620482	0.0	584349	3183.530414623557	1.2
10490.84719659957	1200	13.151724743872386	0.0	670129	3674.2365317480962	1.2
10494.6422926452	1200	13.35662869824483	0.0	690253	3795.0960456275575	1.2
10499.783776895669	1850	12.215144447775645	0.0	943942	5141.484250469185	1.2000000000000002
10503.735390057605	1850	12.263531285839111	0.0	728962	3951.613161936533	1.85
10508.798750160455	1850	11.200171182987914	0.0	938587	5063.3601028511985	1.85
10513.464882405464	1850	10.53403893797974	0.0	908665	4666.1322450081725	1.85
10518.447207235618	1850	9.551714107826704	0.0	930577	4982.324830153036	1.85
10523.900618343932	1850	8.098302999511896	0.0	858450	5453.411108314809	1.85
10530.201028370138	1850	5.797892973305357	0.0	1025005	6300.4100262065385	1.85
10533.919703922063	1200	6.079217421379795	0.0	599477	3718.675551925562	0.5499999999999999
10537.499234517103	1200	6.499686826339674	0.0	634861	3579.530595040121	1.2
10540.988956333216	1200	7.009965010226846	0.0	630203	3489.721816112827	1.2
10544.4759145909	1200	7.523006752544694	0.0	638661	3486.9582576821526	1.2
10548.964804602565	1850	7.034116740878036	0.0	830730	4488.890011666657	1.2000000000000002
10556.6529224618	2850	4.0	0.654001118357357	1364537	7688.117859235394	-0.9622048089366348

