34611.38679562009	750	4.0	2.616233552389556	450283	2616.2335523895563	-10.49980427527509
34612.34310499903	300	7.043690621052167	0.0	155580	956.3093789478332	-0.15000000000000002
34614.36826874548	750	9.01852687460746	0.0	350812	2025.1637464447072	0.3
34617.65159196495	1200	9.735203655147853	0.0	617681	3283.3232194596076	0.75
34621.154342584094	1200	10.232453035995851	0.0	652874	3502.750619152	1.2
34623.98388543558	1200	11.402910184518605	0.0	520315	2829.542851477246	1.2
34629.03854092378	1850	10.348254696312043	0.0	905515	5054.65548820656	1.2000000000000002
34632.86915190953	1200	10.517643710560607	0.0	709534	3830.610985751436	0.5499999999999999
34636.10627170558	1200	11.280523914508805	0.0	584846	3237.119796051801	1.2
34641.230888845515	1850	10.155906774570072	0.0	913888	5124.617139938733	1.2000000000000002
34644.653456645414	1200	10.733338974673444	0.0	607410	3422.567799896627	0.5499999999999999
34648.00733563719	1200	11.379459982901292	0.0	594078	3353.878991772153	1.2
34653.12986507645	1850	10.256930543636038	0.0	946851	5122.529439265255	1.2000000000000002
34656.847852994935	1200	10.538942625157643	0.0	687371	3717.9879184783927	0.5499999999999999
34659.743769751316	1200	11.643025868776325	0.0	526950	2895.9167563813185	1.2
34664.545754283376	1850	10.841041336715397	0.0	923170	4801.984532060927	1.2000000000000002
34667.97428165763	1200	11.412513962458723	0.0	617242	3428.5273742566756	0.5499999999999999
34672.98988048775	1850	10.396915132341759	0.0	885714	5015.598830116964	1.2000000000000002
34676.635706004105	1200	10.751089615992973	0.0	639204	3645.825516348787	0.5499999999999999
34679.93043822822	1200	11.456357391882193	0.0	586839	3294.7322241107795	1.2
34684.83463208274	1850	10.552163537360292	0.0	891604	4904.193854521902	1.2000000000000002
34688.29529316338	1200	11.091502456725374	0.0	616206	3460.6610806349163	0.5499999999999999
34693.5435586532	1850	9.843236966904959	0.0	968026	5248.2654898204155	1.2000000000000002
34696.449486609454	1200	10.937309010653667	0.0	536667	2905.927956251291	0.5499999999999999
34699.69880953067	1200	11.68798608942624	0.0	587236	3249.3229212274277	1.2
34704.421059475375	1850	10.965736144725852	0.0	905935	4722.249944700388	1.2000000000000002
34708.13466155332	1200	11.252134066784016	0.0	696376	3713.6020779418363	0.5499999999999999
34712.31789630059	1850	11.068899319509532	0.0	758197	4183.234747274484	1.2000000000000002
34717.82489080783	1850	9.561904812270956	0.0	972798	5506.9945072385735	1.85
34726.42734928279	1200	4.959446337306537	0.0	641447	8602.45847496442	0.5499999999999999
34727.350237352795	300	8.0365582673069	0.0	157421	922.8880699996373	-0.6000000000000001
34729.573703840484	750	9.813091779618507	0.0	400322	2223.466487688395	0.3
34732.76350336066	1200	10.623292259444984	0.0	584349	3189.799520173521	0.75
34736.38188727071	1200	11.004908349392398	0.0	670129	3618.383910052587	1.2
34742.28296684099	1850	9.10382877911282	0.0	1026056	5901.079570279578	1.2000000000000002
34748.56380885818	1200	6.822986761915473	0.0	598727	6280.842017197348	0.5499999999999999
34749.334762230515	300	10.05203338958684	0.0	131610	770.9533723286327	-0.6000000000000001
34752.440864276345	1200	10.945931343758383	0.0	575591	3106.1020458284556	0.29999999999999993
34755.723329907	1200	11.663465713097416	0.0	605884	3282.4656306609695	1.2
34760.87642029889	1850	10.510375321208532	0.0	930577	5153.090391888883	1.2000000000000002
34764.12264743665	1200	11.264148183450025	0.0	566904	3246.2271377585075	0.5499999999999999
34769.85081574948	1850	9.535979870621036	0.0	1025005	5728.168312828988	1.2000000000000002
34773.11273795276	1200	10.274057667340912	0.0	599477	3261.9222032801254	0.5499999999999999
34776.440656831146	1200	10.946138788957276	0.0	634861	3327.9188783836353	1.2
34779.85786225979	1200	11.528933360311312	0.0	630203	3417.2054286459634	1.2
34785.2438346947	1850	10.14296092540391	0.0	982064	5385.972434907401	1.2000000000000002
34788.319615700304	1200	11.067179919798685	0.0	538612	3075.781005605226	0.5499999999999999
34793.37360605496	1850	10.013189565142964	0.0	846370	5053.99035465572	1.2000000000000002

