47996.73433804889	750	4.0	4.835955632113524	450283	4835.955632113524	-20.044609218088155
47998.46933004827	300	6.265008000619782	0.0	155580	1734.9919993802175	-0.15000000000000002
48000.03890725745	300	8.695430791448238	0.0	139857	1569.5772091715446	0.3
48004.38446393406	750	8.349874114828657	0.0	382355	4345.556676619582	0.3
48008.99229775699	750	7.742040291905729	0.0	411561	4607.833822922928	0.75
48012.261244694964	750	8.473093353931048	0.0	318564	3268.94693797468	0.75
48016.00333311737	750	8.731004931531896	0.0	352642	3742.088422399152	0.75
48020.84887485863	750	7.885463190262042	0.0	437162	4845.541741269853	0.75
48025.31581564462	750	7.4185224042697735	0.0	374758	4466.9407859922685	0.75
48029.4916192334	750	7.242718815495453	0.0	362795	4175.80358877432	0.75
48033.26172527457	750	7.472612774321859	0.0	353220	3770.1060411735957	0.75
48037.69669191568	750	7.037646133216482	0.0	405134	4434.966641105377	0.75
48041.881611108394	750	6.852726940502988	0.0	386351	4184.919192713493	0.75
48046.534164620585	750	6.2001734283106655	0.0	434409	4652.553512192323	0.75
48050.43115896698	750	6.3031790819178015	0.0	337059	3896.994346392864	0.75
48054.83347308175	750	5.9008649671470765	0.0	366214	4402.314114770725	0.75
48059.13309390989	750	5.601244139007082	0.0	360831	4299.620828139995	0.75
48063.646954550495	750	5.0873834983970845	0.0	372963	4513.860640609997	0.75
48068.004792080195	750	4.729545968703868	0.0	405596	4357.837529693216	0.75
48069.54165663778	300	7.1926814111151725	0.0	140881	1536.8645575886953	-0.15000000000000002
48071.239623996444	300	9.494714052452967	0.0	157671	1697.967358662207	0.3
48075.479938729986	750	9.254399318908387	0.0	399894	4240.314733544579	0.3
48079.7860990055	750	8.948239043397301	0.0	401853	4306.160275511084	0.75
48083.4058186001	750	9.328519448802272	0.0	343800	3619.7195945950293	0.75
48093.1012237678	750	4.0	0.36688571890371896	359903	9695.40516770599	-0.8276085912859914
48095.397893087014	300	5.703330680784142	0.0	153938	2296.6693192158586	-0.15000000000000002
48097.46696718167	300	7.634256586131143	0.0	181901	2069.0740946529986	0.3
48098.76243895473	300	10.338784813072424	0.0	111155	1295.471773058719	0.3
48100.484728217256	300	12.616495550539693	0.0	153605	1722.2892625327315	0.3
48102.14763739932	300	14.953586368478955	0.0	149029	1662.909182060738	0.3
48106.23060124626	750	14.870622521541554	0.0	358218	4082.9638469374013	0.3
48111.02164804919	750	14.079575718612972	0.0	400322	4791.046802928582	0.75
48115.243960917855	750	13.8572628499496	0.0	369834	4222.312868663373	0.75
48119.39352420231	750	13.707699565496181	0.0	412837	4149.5632844534175	0.75
48123.40812037811	750	13.69310338969625	0.0	401088	4014.5961757999326	0.75
48127.2039758721	750	13.897247895701398	0.0	365161	3795.8554939948517	0.75
48131.048006800505	750	14.053216967300344	0.0	321064	3844.0309284010527	0.75
48137.27401508784	750	11.827208679964718	0.0	361565	6226.008287335626	0.75
48143.83859109286	750	9.26263267493837	0.0	378327	6564.57600502635	0.75
48151.64410239358	750	5.457121374227961	0.0	390680	7805.511300710408	0.75
48153.16684335569	300	7.934380412108955	0.0	147968	1522.7409621190063	-0.15000000000000002
48154.82500703909	300	10.276216728706489	0.0	161857	1658.1636834024655	0.3
48157.2747447691	300	11.826478998700049	0.0	145210	2449.73773000644	0.3
48160.56273391929	300	12.538489848507806	0.0	172312	3287.9891501922434	0.3
48162.51336341229	300	14.587860355504118	0.0	167025	1950.629493003689	0.3
48166.94856791201	750	14.1526558557797	0.0	393804	4435.2044997244175	0.3
48172.63745244754	1200	12.463771320248492	0.0	538612	5688.884535531209	0.75
48181.13789880003	1850	7.963324967758293	0.0	846370	8500.446352490198	1.2000000000000002

