20379.888996522004	750	4.0	7.346141423456698	450283	7346.141423456698	-30.8384081208638
20382.364287230823	300	5.5247092911814715	0.0	155580	2475.2907088185284	-0.15000000000000002
20384.594190333	300	7.294806189007635	0.0	139857	2229.9031021738365	0.3
20387.062826668254	300	8.826169853749175	0.0	155432	2468.6363352584613	0.3
20389.6438552568	300	10.245141265204413	0.0	163442	2581.02858854476	0.3
20391.65249435779	300	12.23650216421483	0.0	126289	2008.6391009895826	0.3
20394.0737105617	300	13.815285960304681	0.0	153295	2421.2162039101477	0.3
20396.80908260422	300	15.079913917783355	0.0	173849	2735.3720425213273	0.3
20402.65874834368	750	13.230248178324334	0.0	374758	5849.665739459019	0.3
20408.325192384233	750	11.563804137772731	0.0	362795	5666.444040551604	0.75
20413.81634519822	750	10.072651323788133	0.0	353220	5491.152813984599	0.75
20416.287762786003	300	11.601233735999758	0.0	156148	2471.417587788376	-0.15000000000000002
20418.83176835593	300	13.05722816607545	0.0	160746	2544.005569924308	0.3
20421.68964258714	300	14.199353934867759	0.0	179801	2857.874231207691	0.3
20423.932299289212	300	15.95669723279244	0.0	140051	2242.656702075319	0.3
20429.632095822653	750	14.256900699350382	0.0	366214	5699.796533442056	0.3
20435.23136419034	750	12.657632331663851	0.0	360831	5599.26836768653	0.75
20441.05258633625	750	10.836410185755247	0.0	372963	5821.222145908605	0.75
20447.335357038664	750	8.553639483338248	0.0	405596	6282.770702416999	0.75
20449.566338285884	300	10.322658236123036	0.0	140881	2230.981247215211	-0.15000000000000002
20452.057905383503	300	11.831091138502565	0.0	157671	2491.567097620472	0.3
20454.550232626036	300	13.338763895969613	0.0	157812	2492.327242532951	0.3
20457.12341088002	300	14.765585641982982	0.0	163927	2573.178253986632	0.3
20459.29700107184	300	16.59199545016421	0.0	137654	2173.590191818772	0.3
20464.86855871168	750	15.020437810324395	0.0	359903	5571.557639839813	0.3
20470.744576324756	750	13.144420197246921	0.0	379700	5876.017613077474	0.75
20477.35953523394	750	10.529461288062521	0.0	425781	6614.958909184402	0.75
20479.14459828795	300	12.744398234054604	0.0	111155	1785.0630540079164	-0.15000000000000002
20481.575538587276	300	14.313457934727897	0.0	153605	2430.9402993267086	0.3
20483.93453779666	300	15.954458725340857	0.0	149029	2358.9992093870383	0.3
20489.499513531457	750	14.38948299054546	0.0	358218	5564.975734795397	0.3
20495.818575701673	750	12.070420820328899	0.0	400322	6319.062170216562	0.75
20502.431177194645	750	9.457819327357171	0.0	369834	6612.6014929717285	0.75
20505.0220599744	300	10.866936547602664	0.0	163444	2590.882779754506	-0.15000000000000002
20507.842765831636	300	12.046230690366277	0.0	179328	2820.705857236387	0.3
20510.365551470946	300	13.523445051053855	0.0	159914	2522.7856393124216	0.3
20512.44323422833	300	15.445762293673154	0.0	131610	2077.6827573807013	0.3
20518.028357730294	750	13.860638791705744	0.0	361565	5585.1235019674095	0.3
20523.878318181625	750	12.010678340376446	0.0	378327	5849.960451329297	0.75
20529.92460585244	750	9.964390669562963	0.0	390680	6046.287670813483	0.75
20532.259663303885	300	11.629333218116317	0.0	147968	2335.0574514466452	-0.15000000000000002
20534.801554410034	300	13.087442111969251	0.0	161857	2541.891106147066	0.3
20537.093634583718	300	14.795361938282113	0.0	145210	2292.0801736871376	0.3
20539.802583620865	300	16.0864129011363	0.0	172312	2708.9490371458137	0.3
20546.021083897187	750	13.867912624811371	0.0	398987	6218.500276324926	0.3
20552.13339613336	750	11.755600388641858	0.0	393804	6112.312236169512	0.75
20557.297030379235	750	10.591966142766271	0.0	331053	5163.634245875588	0.75
20559.177935272317	300	12.711061249686493	0.0	118421	1880.904893079779	-0.15000000000000002

