26962.265730057978	750	4.0	4.727099793991955	450283	4727.099793991954	-19.576529114165403
26963.948396998785	300	6.317333059192544	0.0	155580	1682.6669408074556	-0.15000000000000002
26965.468342760283	300	8.797387297695241	0.0	139857	1519.945761497304	0.3
26967.148646281745	300	11.117083776233684	0.0	155432	1680.3035214615566	0.3
26968.872584124878	300	13.39314593310023	0.0	163442	1723.937843133456	0.3
26972.101530632088	750	14.164199425893766	0.0	318564	3228.9465072064636	0.3
26976.10974712691	750	14.155982931070096	0.0	352642	4008.2164948236714	0.75
26980.92246063388	750	13.34326942410479	0.0	437162	4812.713506965306	0.75
26984.773615854283	750	13.492114203702284	0.0	374758	3851.155220402506	0.75
26988.36749290848	750	13.898237149504444	0.0	362795	3593.8770541978397	0.75
26991.903671664608	750	14.362058393379481	0.0	353220	3536.1787561249644	0.75
26995.92603735488	750	14.339692703108765	0.0	405134	4022.3656902707153	0.75
26999.78367734281	750	14.482052715177586	0.0	386351	3857.6399879311784	0.75
27004.330879477675	750	13.93485058031056	0.0	434409	4547.202134867026	0.75
27008.676404989073	750	13.589325068912796	0.0	337059	4345.525511397765	0.75
27012.52143825431	750	13.744291803680012	0.0	366214	3845.0332652327843	0.75
27016.536398719392	750	13.729331338596177	0.0	360831	4014.9604650838337	0.75
27020.7243114084	750	13.541418649587998	0.0	372963	4187.912689008178	0.75
27025.09540108178	750	13.170328976207763	0.0	405596	4371.089673380235	0.75
27028.761122933323	750	13.504607124665663	0.0	350713	3665.7218515421005	0.75
27030.40006105456	750	15.865669003434187	0.0	386472	1638.9381212314772	0.75
27033.708622213137	1850	16.55710784485367	0.0	955231	3308.5611585805136	0.75
27042.440797956144	1850	11.824932101847526	0.0	968026	8732.175743006146	1.85
27045.99797315529	750	12.267756902698363	0.0	343800	3557.175199149164	-0.3500000000000001
27049.738811149437	750	12.526918908550979	0.0	359903	3740.837994147383	0.75
27053.606084484694	750	12.659645573294252	0.0	379700	3867.273335256727	0.75
27057.885397323087	750	12.38033273490018	0.0	425781	4279.312838394072	0.75
27060.671242403412	750	13.594487654577934	0.0	277716	2785.8450803222468	0.75
27062.22218305418	300	16.04354700380843	0.0	153605	1550.9406507695016	-0.15000000000000002
27066.16113645619	750	16.104593601797358	0.0	400508	3938.9534020110736	0.3
27069.73911486883	750	16.526615189157223	0.0	358218	3577.9784126401332	0.75
27074.069549796277	750	16.196180261713057	0.0	400322	4330.434927444166	0.75
27077.990249768067	750	16.275480289921685	0.0	369834	3920.6999717913695	0.75
27082.227031259237	750	16.03869879875157	0.0	412837	4236.781491170113	0.75
27086.27161126164	750	15.994118796350879	0.0	401088	4044.580002400695	0.75
27090.0099081711	750	16.255821886887492	0.0	365161	3738.2969094633854	0.75
27093.294420416012	750	16.97130964197575	0.0	321064	3284.512244911744	0.75
27096.99670281714	750	17.269027240844604	0.0	361565	3702.2824011311454	0.75
27100.910867087397	750	17.354862970590634	0.0	378327	3914.164270253968	0.75
27105.242365274473	750	17.023364783514324	0.0	390680	4331.498187076312	0.75
27108.77985097135	750	17.485879086640054	0.0	345516	3537.485696874273	0.75
27112.666413188075	750	17.599316869913824	0.0	384505	3886.562216726227	0.75
27116.491261059255	750	17.774468998733397	0.0	372093	3824.847871180429	0.75
27121.38150603329	750	16.884224024696334	0.0	438281	4890.244974037067	0.75
27125.712186071036	750	16.55354398695034	0.0	398987	4330.68003774599	0.75
27129.897595726907	750	16.36813433107708	0.0	393804	4185.409655873264	0.75
27133.476971519958	750	16.788758538025615	0.0	331053	3579.3757930514657	0.75
27136.86913339078	750	17.39659666720453	0.0	314107	3392.1618708210854	0.75

