29060.613084582325	750	4.0	2.012954157948128	450283	2012.9541579481279	-7.90570287917695
29061.360951252605	300	7.252133329720265	0.0	155580	747.8666702797346	-0.15000000000000002
29062.041322951445	300	10.571761630881642	0.0	139857	680.3716988386221	0.3
29063.762678914387	750	12.850405667937768	0.0	382355	1721.3559629438741	0.3
29065.582169802383	750	15.030914779941345	0.0	411561	1819.4908879964244	0.75
29067.006539593964	750	17.60654498836067	0.0	318564	1424.369791580671	0.75
29071.245250561602	1850	17.3678340207236	0.0	905515	4238.71096763707	0.75
29076.635484201408	1850	15.977600380915366	0.0	1060487	5390.233639808234	1.85
29080.66192498364	1850	15.951159598684578	0.0	852833	4026.4407822307867	1.85
29084.474580992224	1850	16.138503590099912	0.0	913888	3812.656008584664	1.85
29088.854311881314	1850	15.7587727010091	0.0	939819	4379.730889090814	1.85
29092.736828384903	1850	15.876256197423016	0.0	917428	3882.5165035860846	1.85
29096.775267322366	1850	15.837817259959687	0.0	946851	4038.438937463329	1.85
29101.589732432032	1850	15.02335215029276	0.0	1036454	4814.465109666928	1.85
29105.813004234486	1850	14.800080347842332	0.0	821631	4223.271802450428	1.85
29110.332650833385	1850	14.280433748944022	0.0	923170	4519.646598898309	1.85
29114.42564086275	1850	14.187443719576144	0.0	966699	4092.9900293678784	1.85
29118.256705297434	1850	14.356379284895693	0.0	885714	3831.064434680451	1.85
29122.67331398185	1850	13.939770600480271	0.0	987708	4416.608684415422	1.85
29127.167979803224	1850	13.445104779105902	0.0	923755	4494.665821374369	1.85
29131.805375369917	1850	12.80770921241162	0.0	891604	4637.395566694282	1.85
29136.406914879793	1850	12.20616970253563	0.0	955231	4601.539509875991	1.85
29140.449076434183	1850	12.164008148145802	0.0	968026	4042.1615543898283	1.85
29144.77265134781	1850	11.840433234521853	0.0	874175	4323.574913623948	1.85
29149.049882474872	1850	11.56320210745764	0.0	897976	4277.231127064214	1.85
29153.598225548463	1850	11.01485903386784	0.0	905935	4548.3430735898	1.85
29158.97313233062	1850	9.639952251712254	0.0	1076599	5374.906782155587	1.85
29160.38732809311	750	12.225756489221206	0.0	277716	1414.1957624910456	-0.3500000000000001
29162.175074050243	750	14.4380105320896	0.0	400396	1787.7459571316072	0.75
29163.896833341576	750	16.716251240757956	0.0	400508	1721.759291331643	0.75
29165.44523779248	750	19.16784678985501	0.0	358218	1548.4044509029495	0.75
29170.195873883556	1850	18.417210698779826	0.0	954453	4750.636091075184	0.75
29174.320473308395	1850	18.292611273940278	0.0	885062	4124.599424839546	1.85
29179.15571821413	1850	17.457366368209144	0.0	1035329	4835.244905731137	1.85
29184.049913288993	1850	16.56317129334581	0.0	1026056	4894.195074863332	1.85
29188.639822551915	1850	15.973262030425248	0.0	943942	4589.9092629205625	1.85
29192.23516109989	1850	16.377923482449475	0.0	728962	3595.338547975773	1.85
29196.605614560154	1850	16.00747002218352	0.0	938587	4370.453460265958	1.85
29200.993296205816	1850	15.61978837652118	0.0	908665	4387.681645662339	1.85
29204.94914215265	1850	15.663942429682761	0.0	930577	3955.84594683842	1.85
29208.52391940602	1850	16.08916517631473	0.0	858450	3574.777253368028	1.85
29212.849671164342	1850	15.763413417991135	0.0	1025005	4325.751758323596	1.85
29216.77275518881	1850	15.840329393525408	0.0	886255	3923.0840244657265	1.85
29221.194608204845	1850	15.418476377487586	0.0	973972	4421.85301603782	1.85
29226.191523306858	1850	14.421561275476641	0.0	958994	4996.915102010946	1.85
29230.604446381945	1850	14.008638200390475	0.0	982064	4412.923075086166	1.85
29234.137252998138	1850	14.475831584196092	0.0	830730	3532.806616194383	1.85
29237.75058739597	1850	14.862497186365527	0.0	846370	3613.3343978305666	1.85

