39131.012632851176	750	4.0	1.5186854206588394	450283	1518.6854206588393	-5.780347308833009
39132.36703419502	750	6.645598656153823	0.0	398865	1354.4013438461766	0.75
39133.56790287048	750	9.444729980693792	0.0	350812	1200.86867546003	0.75
39136.719643475764	1850	10.29298937541369	0.0	933276	3151.7406052801025	0.75
39140.12766980964	1850	10.884963041540697	0.0	996749	3408.0263338729937	1.85
39142.7393627658	1850	12.273270085375438	0.0	801058	2611.6929561652596	1.85
39148.550119447835	2850	10.462513403342783	0.0	1388403	5810.756682032656	1.85
39154.596694641084	2850	8.415938210094383	0.0	1638769	6046.575193248397	2.85
39159.18237476534	2850	7.830258085842038	0.0	1348011	4585.680124252346	2.85
39163.90749265658	2850	7.105140194600844	0.0	1429765	4725.117891241193	2.85
39166.92213443404	1850	8.090498417147067	0.0	939819	3014.6417774537767	0.8500000000000001
39169.789697765875	1850	9.222935085308402	0.0	917428	2867.5633318386667	1.85
39172.98557054326	1850	10.027062307919229	0.0	946851	3195.872777389173	1.85
39178.42084529586	2850	8.591787555316351	0.0	1578343	5435.274752602879	1.85
39182.82468880952	2850	8.18794404166466	0.0	1231445	4403.843513651692	2.85
39188.1522458927	2850	6.860386958479242	0.0	1471065	5327.557083185417	2.85
39193.340099538604	2850	5.672533312575484	0.0	1491626	5187.853645903758	2.85
39197.99196569124	2850	5.020667159938133	0.0	1358801	4651.866152637351	2.85
39203.27030014819	2850	4.0	0.2576672970203181	1537156	5278.3344569584515	1.7420306228126323
39206.4386969214	1850	4.8316032267960045	0.0	923755	3168.3967732039955	0.8500000000000001
39209.404403227905	1850	5.865896920292955	0.0	891604	2965.7063065030497	1.85
39212.63745812027	1850	6.632842027924929	0.0	955231	3233.054892368026	1.85
39215.996052172944	1850	7.274247975255036	0.0	968026	3358.5940526698932	1.85
39219.28195855393	1850	7.988341594269394	0.0	874175	3285.9063809856425	1.85
39222.65571581452	1850	8.614584333681464	0.0	897976	3373.757260587931	1.85
39226.00121856974	1850	9.26908157846364	0.0	905935	3345.5027552178235	1.85
39229.61579765179	1850	9.654502496416036	0.0	1076599	3614.5790820476036	1.85
39232.23108779225	1850	11.039212355961732	0.0	758197	2615.290140454305	1.85
39236.12841096245	1850	11.141889185762105	0.0	972798	3897.3231701996256	1.85
39239.566181220085	1850	11.704118928121744	0.0	975811	3437.7702576403603	1.85
39242.552221467	1850	12.718078681208487	0.0	873429	2986.040246913256	1.85
39247.544511338914	2850	11.725788809288716	0.0	1497683	4992.289871919772	1.85
39251.920703294796	2850	11.349596853404622	0.0	1358081	4376.191955884094	2.85
39257.61827795727	2850	9.652022190938183	0.0	1587293	5697.574662466438	2.85
39262.547069907916	2850	8.723230240287627	0.0	1492672	4928.791950650558	2.85
39267.73881351672	2850	7.531486631481615	0.0	1439896	5191.743608806012	2.85
39271.87265390968	2850	7.397646238519654	0.0	1139291	4133.840392961961	2.85
39277.00454514859	2850	6.265754999608338	0.0	1499009	5131.891238911316	2.85
39281.990281782084	2850	5.280018366124986	0.0	1427478	4985.736633483351	2.85
39286.64474397294	2850	4.625556175276243	0.0	1402287	4654.462190848743	2.85
39289.67549174573	1850	5.594808402480614	0.0	858450	3030.7477727956298	0.8500000000000001
39293.401794421065	1850	5.8685057271483165	0.0	1025005	3726.3026753322974	1.85
39296.61946479582	1850	6.650835352386904	0.0	886255	3217.6703747614124	1.85
39300.068788083874	1850	7.201512064334556	0.0	973972	3449.323288052349	1.85
39305.164962333176	2850	6.105337815039024	0.0	1464921	5096.174249295531	1.85
39310.69604474002	2850	4.5742554081889075	0.0	1483527	5531.082406850117	2.85
39315.251164763285	2850	4.019135384920846	0.0	1231456	4555.120023268062	2.85
39319.842105567695	2850	4.0	0.5718054194880042	1364537	4590.9408044088495	0.39123669620158186

