2029.9509749082458	750	4.0	4.819607770281917	450283	4819.607770281917	-19.974313412212243
2031.627520597633	300	6.323454310612642	0.0	155580	1676.5456893873584	-0.15000000000000002
2033.1357389830969	300	8.815235925148798	0.0	139857	1508.218385463844	0.3
2037.099976582208	750	8.850998326037677	0.0	382355	3964.2375991111203	0.3
2041.3630434861766	750	8.587931422069179	0.0	411561	4263.066903968498	0.75
2044.7830222341302	750	9.167952674115618	0.0	318564	3419.9787479535603	0.75
2050.72887856978	1200	7.222096338465789	0.0	561791	5945.85633564983	0.75
2055.2023340434844	750	6.748640864761478	0.0	437162	4473.455473704311	0.3
2056.976804456086	300	8.974170452159827	0.0	150710	1774.4704126016504	-0.15000000000000002
2061.386399459194	750	8.564575449051747	0.0	362795	4409.595003108082	0.3
2065.6012225283157	750	8.3497523799301	0.0	353220	4214.823069121647	0.75
2070.442359837121	750	7.508615071124508	0.0	405134	4841.137308805592	0.75
2074.6130627759035	750	7.3379121323422805	0.0	386351	4170.702938782228	0.75
2079.3244917371635	750	6.6264831710821595	0.0	434409	4711.4289612601215	0.75
2080.9174327322107	300	9.03354217603483	0.0	140051	1592.9409950473278	-0.15000000000000002
2087.6429412699	1200	6.30803363834564	0.0	587876	6725.50853768919	0.29999999999999993
2089.293527297048	300	8.657447611197547	0.0	143509	1650.586027148093	-0.6000000000000001
2093.4358763794776	750	8.515098528767773	0.0	372963	4142.349082429774	0.3
2097.9065696981347	750	8.044405210110854	0.0	405596	4470.693318656919	0.75
2101.77591027932	750	8.175064628925702	0.0	350713	3869.340581185151	0.75
2105.8607205448125	750	8.090254363433656	0.0	386472	4084.8102654920453	0.75
2110.184047035162	750	7.766927873083745	0.0	399894	4323.326490349911	0.75
2114.849443808046	750	7.101531100199984	0.0	401853	4665.3967728837615	0.75
2118.7199720018343	750	7.2310029064119865	0.0	343800	3870.5281937879977	0.75
2122.4701563970625	750	7.480818511183974	0.0	359903	3750.184395228013	0.75
2126.864036322765	750	7.086938585481097	0.0	379700	4393.879925702877	0.75
2131.804373620258	750	6.146601287987997	0.0	425781	4940.3372974931	0.75
2133.1034005851316	300	8.847574323114376	0.0	111155	1299.026964873621	-0.15000000000000002
2137.4624457763584	750	8.488529131887727	0.0	400396	4359.045191226646	0.3
2142.105585826213	750	7.845389082033143	0.0	400508	4643.140049854585	0.75
2145.9784266886854	750	7.972548219560489	0.0	358218	3872.840862472654	0.75
2150.2217975282606	750	7.729177379985513	0.0	400322	4243.370839574975	0.75
2154.1089120118268	750	7.842062896418818	0.0	369834	3887.1144835666955	0.75
2158.408690978669	750	7.542283929576863	0.0	412837	4299.7789668419555	0.75
2162.6181696048116	750	7.332805303434041	0.0	401088	4209.478626142822	0.75
2166.7807658966176	750	7.170209011627923	0.0	365161	4162.596291806118	0.75
2170.5333193616198	750	7.417655546625732	0.0	321064	3752.553465002191	0.75
2174.7862796642844	750	7.164695243960918	0.0	361565	4252.960302664814	0.75
2179.2762568992216	750	6.674718009023586	0.0	378327	4489.9772349373325	0.75
2181.1549862006013	300	8.795988707643998	0.0	149991	1878.7293013795884	-0.15000000000000002
2185.3743848673143	750	8.576590040931245	0.0	345516	4219.398666712752	0.3
2189.8723715083797	750	8.078603399865735	0.0	384505	4497.98664106551	0.75
2193.895113275093	750	8.055861633152606	0.0	372093	4022.741766713129	0.75
2198.779931601359	750	7.171043306886819	0.0	438281	4884.818326265788	0.75
2203.1306459096277	750	6.820328998617899	0.0	398987	4350.714308268919	0.75
2204.9140334794815	300	9.03694142876429	0.0	160064	1783.3875698536099	-0.15000000000000002
2210.671059665598	1200	7.279915242647971	0.0	538612	5757.026186116319	0.29999999999999993
2214.01539034706	750	7.93558456118624	0.0	314107	3344.3306814617304	0.3

