45040.3205149948	750	4.0	5.369517235609343	450283	5369.517235609343	-22.33892411312017
45042.1836009495	300	6.136914045297466	0.0	155580	1863.0859547025339	-0.15000000000000002
45043.866487261155	300	8.454027733645374	0.0	139857	1682.886311652091	0.3
45045.74145616897	300	10.579058825824221	0.0	155432	1874.9689078211532	0.3
45047.75032185605	300	12.570193138743562	0.0	163442	2008.8656870806587	0.3
45049.32072529431	300	14.999789700485776	0.0	126289	1570.4034382577872	0.3
45053.62373054941	750	14.696784445386106	0.0	352642	4303.00525509967	0.3
45058.752801144445	750	13.567713850350511	0.0	437162	5129.070595035592	0.75
45063.1662347237	750	13.154280271095464	0.0	374758	4413.433579255048	0.75
45067.60730865592	750	12.713206338878335	0.0	362795	4441.073932217129	0.75
45072.02695593287	750	12.293559061925462	0.0	353220	4419.647276952873	0.75
45076.98865108088	750	11.331863913921513	0.0	405134	4961.695148003948	0.75
45081.78808032973	750	10.53243466506881	0.0	386351	4799.4292488527035	0.75
45091.99329570523	750	4.327219289573066	0.0	434409	10205.215375495744	0.75
45093.75941084783	300	6.5611041469706395	0.0	140051	1766.115142602426	-0.15000000000000002
45095.50460169772	300	8.815913297074749	0.0	138313	1745.1908498958903	0.3
45097.28878281586	300	11.031732178933122	0.0	143509	1784.1811181416278	0.3
45099.139418456194	300	13.181096538595543	0.0	150616	1850.6356403375783	0.3
45101.16366611077	300	15.156848884019736	0.0	165384	2024.2476545758088	0.3
45105.271532953026	750	15.048982041762194	0.0	350713	4107.866842257541	0.3
45109.7509297995	750	14.569585195292118	0.0	386472	4479.396846470076	0.75
45114.10037921532	750	14.220135779469116	0.0	399894	4349.449415823003	0.75
45118.52395779237	750	13.796557202421823	0.0	401853	4423.578577047291	0.75
45122.6785914551	750	13.64192353968783	0.0	343800	4154.633662733993	0.75
45126.98667166023	750	13.33384333455833	0.0	359903	4308.0802051295	0.75
45131.600500447	750	12.720014547790374	0.0	379700	4613.8287867679555	0.75
45136.623091965776	750	11.69742302901939	0.0	425781	5022.591518770983	0.75
45138.01325131664	300	14.307263678151624	0.0	111155	1390.1593508677659	-0.15000000000000002
45142.82877993789	750	13.491735056903115	0.0	400396	4815.528621248509	0.3
45147.40177061975	750	12.918744375038186	0.0	400508	4572.990681864928	0.75
45151.74169627102	750	12.578818723773235	0.0	358218	4339.925651264951	0.75
45156.363199963555	750	11.957315031238963	0.0	400322	4621.503692534272	0.75
45160.78143414245	750	11.5390808523392	0.0	369834	4418.234178899762	0.75
45165.77694193588	750	10.543573058915234	0.0	412837	4995.507793423966	0.75
45170.26516976788	750	10.055345226920787	0.0	401088	4488.227831994447	0.75
45174.24765991397	750	10.072855080830259	0.0	365161	3982.4901460905276	0.75
45177.93716668745	750	10.383348307348218	0.0	321064	3689.5067734820404	0.75
45181.71750636157	750	10.603008633226596	0.0	361565	3780.3396741216216	0.75
45185.68060025457	750	10.639914740225283	0.0	378327	3963.093893001312	0.75
45190.20686873213	750	10.113646262666425	0.0	390680	4526.268477558858	0.75
45194.422066936044	750	9.898448058754909	0.0	345516	4215.198203911517	0.75
45198.354431292515	750	9.966083702289582	0.0	384505	3932.3643564653244	0.75
45202.831095625515	750	9.48941936929005	0.0	372093	4476.66433299953	0.75
45208.16618229388	750	8.154332700927041	0.0	438281	5335.086668363011	0.75
45210.2618147012	300	10.058700293595072	0.0	167025	2095.6324073319693	-0.15000000000000002
45212.275063367946	300	12.045451626852312	0.0	160064	2013.248666742758	0.3
45214.006490220774	300	14.314024774025008	0.0	137507	1731.4268528273055	0.3
45217.76355544728	750	14.556959547519881	0.0	314107	3757.0652265051262	0.3

