41942.84450949611	750	4.0	1.8472299033417674	450283	1847.2299033417673	-7.193088584369599
41943.53511577786	300	7.30939371825738	0.0	155580	690.60628174262	-0.15000000000000002
41944.99195091676	750	9.85255857935333	0.0	350812	1456.8351389040495	0.3
41947.501774781165	1200	11.34273471494427	0.0	617681	2509.8238644090625	0.75
41951.50848629988	1850	11.336023196228414	0.0	996749	4006.711518715854	1.2000000000000002
41954.64193474103	1850	12.202574755080134	0.0	801058	3133.4484411482804	1.85
41958.1449086474	1850	12.699600848703659	0.0	905515	3502.973906376476	1.85
41962.157542075984	1850	12.686967420120283	0.0	1060487	4012.6334285833736	1.85
41965.2130229584	1850	13.631486537708723	0.0	852833	3055.4808824115607	1.85
41970.3120041937	2850	12.532505302407277	0.0	1429765	5098.981235301446	1.85
41973.7841756075	1850	13.060333888604893	0.0	939819	3472.171413802384	0.8500000000000001
41979.13859380023	2850	11.705915695880034	0.0	1519951	5354.418192724859	1.85
41982.25671911301	1850	12.587790383100335	0.0	946851	3118.1253127796986	0.8500000000000001
41985.674825656715	1850	13.169683839392448	0.0	1036454	3418.1065437078873	1.85
41989.721416449385	2850	13.123093046724511	0.0	1231445	4046.590792667938	1.85
41994.40555486483	2850	12.438954631276614	0.0	1471065	4684.1384154478965	2.85
41997.417697978555	1850	13.426811517553391	0.0	966699	3012.1431137232235	0.8500000000000001
42001.85652303901	2850	12.987986457102526	0.0	1358801	4438.825060450865	1.85
42005.026554168864	1850	13.817955327246148	0.0	987708	3170.0311298563793	0.8500000000000001
42009.575531151866	2850	13.268978344239821	0.0	1336050	4548.976983006325	1.85
42014.55086341721	2850	12.293646078901606	0.0	1415116	4975.3322653382165	2.85
42017.62678316935	1850	13.21772632676891	0.0	955231	3075.9197521326946	0.8500000000000001
42022.36317954653	2850	12.481329949581367	0.0	1505760	4736.396377187545	1.85
42025.080209855834	1850	13.764299640286081	0.0	874175	2717.030309295285	0.8500000000000001
42029.36939371194	2850	13.475115784181375	0.0	1383735	4289.183856104706	1.85
42034.114924362904	2850	12.729585133212218	0.0	1480464	4745.530650969157	2.85
42037.6679445182	1850	13.176564977918137	0.0	1076599	3553.0201552940825	0.8500000000000001
42041.343074191915	2850	13.50143530420551	0.0	1141971	3675.1296737126268	1.85
42046.505175923565	2850	12.339333572556397	0.0	1498470	5162.1017316491125	2.85
42049.82538207022	1850	13.019127425897622	0.0	975811	3320.206146658774	0.8500000000000001
42054.02949237846	2850	12.815017117661638	0.0	1341201	4204.110308235985	1.85
42057.16851368461	1850	13.675995811506592	0.0	954453	3139.0213061550453	0.8500000000000001
42061.521561027796	2850	13.32294846832876	0.0	1358081	4353.047343177835	1.85
42066.48991237968	2850	12.354597116440019	0.0	1587293	4968.351351888742	2.85
42069.68977215688	1850	13.1547373392401	0.0	1026056	3199.859777199917	0.8500000000000001
42074.12061232419	2850	12.723897171937235	0.0	1439896	4430.840167302866	1.85
42076.467737700776	1850	14.376771795351074	0.0	728962	2347.125376586162	0.8500000000000001
42081.30187447466	2850	13.542635021463648	0.0	1499009	4834.136773887425	1.85
42085.99408437469	2850	12.85042512143761	0.0	1427478	4692.209900026038	2.85
42089.06611671812	1850	13.778392778009655	0.0	930577	3072.032343427954	0.8500000000000001
42093.384544230525	2850	13.459965265595624	0.0	1339500	4318.427512414032	1.85
42098.686188507934	2850	12.15832098818629	0.0	1527299	5301.644277409333	2.85
42101.67392559702	1850	13.17058389910227	0.0	886255	2987.7370890840193	0.8500000000000001
42106.896097465346	2850	11.94841203078084	0.0	1587250	5222.1718683214285	1.85
42110.11552318858	1850	12.728986307548155	0.0	958994	3219.4257232326863	0.8500000000000001
42113.50490229541	1850	13.339607200711418	0.0	982064	3389.3791068367377	1.85
42117.84404909895	2850	13.000460397169734	0.0	1231456	4339.146803541684	1.85
42126.84006239974	2850	8.00444709638842	0.0	1364537	8996.013300781315	2.85

