30885.95166093526	750	4.0	1.8460364408296137	450283	1846.0364408296136	-7.187956695567339
30888.428380133002	1200	5.523280802257144	0.0	611087	2476.719197742855	0.75
30891.881878265893	1850	6.069782669368837	0.0	877771	3453.4981328883073	1.2000000000000002
30895.54051387227	1850	6.411147062991406	0.0	933276	3658.635606377431	1.85
30899.47951547196	1850	6.472145463299584	0.0	996749	3939.001599691822	1.85
30902.64960993584	1850	7.302050999417543	0.0	801058	3170.0944638820415	1.85
30906.237929022827	1850	7.713731912435463	0.0	905515	3588.3190869820787	1.85
30910.68095001537	1850	7.270710919893427	0.0	1060487	4443.020992542036	1.85
30915.08092816102	1850	6.870732774243402	0.0	852833	4399.978145650026	1.85
30918.588148623512	1850	7.363512311754759	0.0	913888	3507.2204624886426	1.85
30923.18573466184	1850	6.765926273427905	0.0	939819	4597.586038326855	1.85
30926.476450404887	1200	7.475210530383153	0.0	594078	3290.7157430447514	0.5499999999999999
30929.90437042011	1200	8.047290515158071	0.0	624282	3427.920015225083	1.2
30933.643652227067	1200	8.30800870819955	0.0	687371	3739.281806958521	1.2
30936.25322503512	1200	9.698435900145617	0.0	526950	2609.5728080539334	1.2
30938.759137220135	1200	11.192523715128731	0.0	587876	2505.9121850168845	1.2
30941.813014341005	1200	12.138646594259864	0.0	617242	3053.8771208688668	1.2
30946.83061040136	1850	11.121050533903068	0.0	885714	5017.596060356796	1.2000000000000002
30951.357436395014	1850	10.594224540251474	0.0	987708	4526.825993651594	1.85
30955.289603631336	1850	10.66205730392933	0.0	923755	3932.1672363221437	1.85
30958.793146750446	1850	11.15851418482033	0.0	891604	3503.5431191090015	1.85
30962.553787462093	1850	11.397873473174808	0.0	955231	3760.6407116455207	1.85
30966.42609179685	1850	11.525569138417275	0.0	968026	3872.304334757534	1.85
30969.915235774806	1850	12.03642516045996	0.0	874175	3489.1439779573157	1.85
30974.468884658167	1850	11.482776277103252	0.0	897976	4553.648883356707	1.85
30979.430370920636	1850	10.521290014633818	0.0	905935	4961.486262469435	1.85
30985.41474827221	1850	8.53691266305932	0.0	1076599	5984.377351574497	1.85
30989.64699405742	1850	8.304666877849035	0.0	758197	4232.245785210285	1.85
30995.135330073557	1850	6.8163308617126255	0.0	972798	5488.336016136409	1.85
30998.22392935904	1200	7.727731576232098	0.0	641447	3088.599285480528	0.5499999999999999
31000.686715368516	1200	9.264945566753351	0.0	570392	2462.7860094787466	1.2
31003.743717013374	1200	10.207943921895987	0.0	620283	3057.0016448573638	1.2
31006.80453370716	1200	11.147127228108584	0.0	584349	3060.8166937874034	1.2
31011.018233571845	1850	10.93342736342427	0.0	1035329	4213.699864684312	1.2000000000000002
31016.8808611331	1850	9.070799802166784	0.0	1026056	5862.627561257487	1.85
31022.32937993319	1850	7.622281002078635	0.0	943942	5448.518800088149	1.85
31025.28458830052	1850	8.66707263474669	0.0	728962	2955.208367331946	1.85
31028.987887918156	1850	8.963773017111654	0.0	938587	3703.2996176350357	1.85
31032.609764784465	1850	9.34189615080133	0.0	908665	3621.8768663103233	1.85
31037.467857299845	1850	8.483803635421674	0.0	930577	4858.092515379656	1.85
31040.783528573244	1850	9.16813236202088	0.0	858450	3315.6712734007947	1.85
31045.49925328913	1850	8.452407646136633	0.0	1025005	4715.724715884247	1.85
31050.247746388854	1850	7.703914546414671	0.0	886255	4748.493099721962	1.85
31054.814820958614	1850	7.136839976651434	0.0	973972	4567.074569763237	1.85
31058.72094075781	1850	7.23072017745939	0.0	958994	3906.119799192044	1.85
31062.76513775345	1850	7.186523181818108	0.0	982064	4044.1969956412822	1.85
31066.209073188373	1850	7.7425877468966045	0.0	830730	3443.935434921504	1.85
31071.79842145279	2850	6.153239482479916	0.0	1364537	5589.348264416689	1.85

