26438.09835580503	750	4.0	2.580383671789347	450283	2580.3836717893473	-10.345649788694192
26439.04227847512	300	7.056077329908109	0.0	155580	943.9226700918905	-0.15000000000000002
26439.898892647067	300	10.199463157964148	0.0	139857	856.6141719439613	0.3
26442.130627740036	750	11.967728064993182	0.0	382355	2231.7350929709655	0.3
26444.547606465894	750	13.550749339136372	0.0	411561	2416.9787258568103	0.75
26446.450706415242	750	15.647649389786364	0.0	318564	1903.0999493500074	0.75
26448.59791023589	750	17.5004455691389	0.0	352642	2147.2038206474617	0.75
26451.235886374907	750	18.862469430122353	0.0	437162	2637.976139016548	0.75
26453.38805906518	750	20.710296739849227	0.0	374758	2152.172690273126	0.75
26455.47408399638	750	22.624271808646586	0.0	362795	2086.02493120264	0.75
26457.514198455836	750	24.58415734919041	0.0	353220	2040.1144594561779	0.75
26462.776416737855	1850	23.32193906717293	0.0	917428	5262.2182820174785	0.75
26468.365080042302	1850	21.733275762724166	0.0	946851	5588.6633044487635	1.85
26474.23071198021	1850	19.867643824819318	0.0	1036454	5865.631937904848	1.85
26478.86834476263	1850	19.23001104239828	0.0	821631	4637.6327824210375	1.85
26484.08076571021	1850	18.01759009482129	0.0	923170	5212.420947576989	1.85
26489.53906436964	1850	16.559291435388545	0.0	966699	5458.298659432746	1.85
26495.265782912524	1850	14.832572892505912	0.0	885714	5726.718542882633	1.85
26503.1971192212	1850	10.90123658383019	0.0	987708	7931.336308675722	1.85
26505.419374152607	750	12.678981652420886	0.0	350713	2222.2549314093053	-0.3500000000000001
26507.82123438132	750	14.277121423708788	0.0	386472	2401.8602287120975	0.75
26510.200676525354	750	15.897679279675383	0.0	399894	2379.442144033404	0.75
26512.59668423456	750	17.501671570469203	0.0	401853	2396.007709206178	0.75
26514.698476425725	750	19.3998793793034	0.0	343800	2101.792191165803	0.75
26516.89496588174	750	21.203389923290757	0.0	359903	2196.489456012641	0.75
26519.194654081588	750	22.90370172344172	0.0	379700	2299.6881998490344	0.75
26521.757989569272	750	24.340366235756633	0.0	425781	2563.3354876850913	0.75
26526.909891573872	1850	23.188464231155812	0.0	758197	5151.902004600818	0.75
26532.74551126106	1850	21.352844543972918	0.0	972798	5835.619687182895	1.85
26538.721633746663	1850	19.376722058364102	0.0	975811	5976.122485608816	1.85
26543.952943661367	1850	18.145412143663126	0.0	873429	5231.309914700979	1.85
26549.67892841935	1850	16.419427385677707	0.0	954453	5725.984757985419	1.85
26554.917213082812	1850	15.18114272221511	0.0	885062	5238.284663462597	1.85
26561.12399187462	1850	12.974363930408398	0.0	1035329	6206.778791806713	1.85
26567.13188002553	1850	10.966475779500312	0.0	1026056	6007.888150908086	1.85
26572.77751282503	1850	9.320842980003041	0.0	943942	5645.632799497271	1.85
26577.10354070889	1850	8.994815096140737	0.0	728962	4326.027883862303	1.85
26582.678202336778	1850	7.4201534682516	0.0	938587	5574.661627889137	1.85
26588.005476426366	1850	6.09287937866113	0.0	908665	5327.274089590471	1.85
26593.65284776342	1850	4.445508041608353	0.0	930577	5647.371337052777	1.85
26598.929422913163	1850	4.0	0.8310671081367854	858450	5276.575149745138	-1.723588564988177
26604.963375840674	1850	4.0	2.033952927510958	1025005	6033.952927510958	-6.895997588297119
26610.2950466453	1850	4.0	1.331670804622162	886255	5331.670804622162	-3.876184459875296
26616.319594560453	1850	4.0	2.02454791515356	973972	6024.54791515356	-6.855556035160308
26622.038062499643	1850	4.0	1.7184679391919226	958994	5718.467939191923	-5.539412138525266
26632.09461926569	1850	4.0	6.056556766045225	982064	10056.556766045225	-24.193194093994464
26634.08269348625	750	6.011925779438446	0.0	331053	1988.0742205615543	-0.3500000000000001
26634.843692349077	300	9.250926916607646	0.0	118421	760.9988628307988	-0.15000000000000002

