36675.34508450156	750	4.0	6.865428320142443	450283	6865.428320142443	-28.771341776612502
36676.947987512176	300	6.397096989383826	0.0	155580	1602.9030106161747	-0.15000000000000002
36678.39698511056	300	8.948099391005202	0.0	139857	1448.9975983786242	0.3
36686.095933504985	750	5.249150996582916	0.0	382355	7698.948394422286	0.3
36687.78410512877	300	7.56097937280477	0.0	163442	1688.1716237781463	-0.15000000000000002
36690.865378800554	750	8.479705701011069	0.0	318564	3081.2736717937	0.3
36694.21980371705	750	9.125280784515088	0.0	352642	3354.424916495982	0.75
36701.6030984294	1200	5.741986072174006	0.0	709534	7383.294712341081	0.75
36703.03638535938	300	8.308699142188376	0.0	150710	1433.2869299856295	-0.6000000000000001
36706.26919430808	750	9.075890193495995	0.0	362795	3232.80894869238	0.3
36713.62480964088	1200	5.720274860692208	0.0	607410	7355.615332803788	0.75
36716.22912807306	300	7.115956428519919	0.0	156148	2604.3184321722892	-0.6000000000000001
36721.34038773336	750	6.004696768218455	0.0	386351	5111.259660301464	0.3
36723.19126021931	300	8.153824282270307	0.0	179801	1850.8724859481486	-0.15000000000000002
36726.39366270034	750	8.951421801240928	0.0	337059	3202.40248102938	0.3
36729.70817545148	750	9.636909050101313	0.0	366214	3314.512751139616	0.75
36735.709479198485	1200	7.635605303096224	0.0	617242	6001.303747005089	0.75
36738.71080529096	750	8.634279210618464	0.0	372963	3001.3260924777596	0.3
36742.15368683201	750	9.191397669565937	0.0	405596	3442.8815410525276	0.75
36747.297151904204	1200	8.047932597375208	0.0	586839	5143.465072190729	0.75
36750.78459012863	750	8.560494372948597	0.0	386472	3487.43822442661	0.3
36754.61293543993	750	8.73214906164919	0.0	399894	3828.345311299406	0.75
36758.192007906495	750	9.153076595082759	0.0	401853	3579.072466566432	0.75
36763.45792367827	1200	7.887160823318331	0.0	536667	5265.915771764428	0.75
36766.88326870738	750	8.461815794203936	0.0	359903	3425.3450291143936	0.3
36769.97918427445	750	9.365900227131188	0.0	379700	3095.9155670727473	0.75
36776.4805810773	1200	6.864503424278379	0.0	696376	6501.396802852811	0.75
36777.68329988399	300	9.661784617589438	0.0	111155	1202.7188066889416	-0.6000000000000001
36783.56076619961	1200	7.784318301969909	0.0	622896	5877.466315619528	0.29999999999999993
36787.03383396021	750	8.311250541369546	0.0	400508	3473.0677606003633	0.3
36790.08439848838	750	9.260686013202843	0.0	358218	3050.564528166702	0.75
36795.671375276324	1200	7.673709225256942	0.0	620283	5586.976787945901	0.75
36798.66265133204	750	8.682433169549112	0.0	369834	2991.276055707829	0.3
36802.042486207254	750	9.302598294330732	0.0	412837	3379.834875218382	0.75
36808.27535621952	1200	7.069728282060759	0.0	690253	6232.870012269973	0.75
36811.6681283649	750	7.6769561366816745	0.0	365161	3392.7721453790846	0.3
36814.85800637374	750	8.48707812784184	0.0	321064	3189.8780088398344	0.75
36818.45486593999	750	8.890218561589343	0.0	361565	3596.8595662524976	0.75
36822.17895086942	750	9.166133632161491	0.0	378327	3724.0849294278514	0.75
36827.634870062066	1200	7.710214439514445	0.0	587506	5455.919192647046	0.75
36831.12862126004	750	8.216463241545803	0.0	345516	3493.7511979686406	0.3
36834.588016035086	750	8.757068466497994	0.0	384505	3459.394775047809	0.75
36837.82192360186	750	9.523160899720388	0.0	372093	3233.907566777608	0.75
36843.21236347272	1200	8.132721028870698	0.0	634861	5390.439870849689	0.75
36846.79903631068	750	8.546048190903267	0.0	398987	3586.67283796743	0.3
36850.113782659595	750	9.231301841983264	0.0	393804	3314.746348920003	0.75
36855.06840818041	1200	8.276676321173756	0.0	538612	4954.625520809508	0.75
36858.11824742748	750	9.226837074096032	0.0	314107	3049.839247077724	0.3

