43791.49990444947	750	4.0	1.580058486333707	450283	1580.0584863337072	-6.04425149123494
43792.90867064351	750	6.59123380595871	0.0	398865	1408.76619404129	0.75
43794.157354599396	750	9.342549850073855	0.0	350812	1248.6839558848558	0.75
43795.48736130714	750	12.012543142328864	0.0	382355	1330.0067077449903	0.75
43796.81834286105	750	14.681561588418317	0.0	411561	1330.9815539105484	0.75
43799.33324019489	1850	16.166664254578436	0.0	801058	2514.8973338398832	0.75
43802.35343669882	1850	17.146467750646273	0.0	905515	3020.1965039321612	1.85
43805.99170105397	1850	17.50820339549062	0.0	1060487	3638.2643551556516	1.85
43808.799418070674	1850	18.70048637878368	0.0	852833	2807.7170167069403	1.85
43811.819849960535	1850	19.680054488918376	0.0	913888	3020.4318898653028	1.85
43814.95419701565	1850	20.545707433806935	0.0	939819	3134.347055111439	1.85
43818.45522155222	1850	21.044682897231354	0.0	917428	3501.0245365755823	1.85
43822.08516334373	1850	21.41474110572868	0.0	946851	3629.9417915026706	1.85
43825.72000275514	1850	21.779901694323375	0.0	1036454	3634.8394114053076	1.85
43828.42111167542	1850	23.07879277402941	0.0	821631	2701.108920293964	1.85
43831.41995221794	1850	24.07995223151092	0.0	923170	2998.840542518489	1.85
43834.58413609621	1850	24.915768353247774	0.0	966699	3164.1838782631453	1.85
43837.54066587927	1850	25.959238570185228	0.0	885714	2956.529783062546	1.85
43840.91331494642	1850	26.586589503035878	0.0	987708	3372.6490671493534	1.85
43844.51166631979	1850	26.9882381296589	0.0	923755	3598.3513733769746	1.85
43848.02964295983	1850	27.470261489619404	0.0	891604	3517.976640039497	1.85
43851.72007997154	1850	27.779824477910275	0.0	955231	3690.437011709126	1.85
43854.93421998969	1850	28.56568445975671	0.0	968026	3214.140018153565	1.85
43857.96207791641	1850	29.53782653303551	0.0	874175	3027.857926721202	1.85
43861.28966802849	1850	30.210236420963984	0.0	897976	3327.5901120715257	1.85
43864.45380750675	1850	31.046096942704345	0.0	905935	3164.139478259638	1.85
43868.12195940017	1850	31.377945049283298	0.0	1076599	3668.1518934210476	1.85
43870.69088340652	1850	32.80902104293031	0.0	758197	2568.9240063529855	1.85
43873.9377488572	1850	33.56215559225036	0.0	972798	3246.865450679948	1.85
43877.1717560767	1850	34.32814837274845	0.0	975811	3234.0072195019075	1.85
43880.13127549425	1850	35.36862895520315	0.0	873429	2959.519417545301	1.85
43883.39100285249	1850	36.108901596959825	0.0	954453	3259.727358243327	1.85
43886.49037361621	1850	37.009530833244305	0.0	885062	3099.370763715522	1.85
43894.35833709663	4300	33.14156735282291	0.0	2286761	7867.963480421395	1.8499999999999996
43901.71433259767	4300	29.78557185178055	0.0	2307787	7355.995501042356	4.3
43909.150306557465	4300	26.349597891988203	0.0	2143948	7435.973959792346	4.3
43916.38168035502	4300	23.118224094431884	0.0	1919781	7231.37379755632	4.3
43923.64886007248	4300	19.851044376976148	0.0	2147467	7267.179717455736	4.3
43931.43712281902	4300	16.06278163043183	0.0	2133870	7788.262746544319	4.3
43938.484015697366	4300	13.015888752085328	0.0	2146120	7046.892878346501	4.3
43941.32568370045	1850	14.174220749006619	0.0	858450	2841.668003078708	-0.6000000000000001
43944.71663993239	1850	14.783264517061326	0.0	1025005	3390.956231945293	1.85
43947.67474838362	1850	15.825156065837843	0.0	886255	2958.108451223482	1.85
43950.82793286956	1850	16.671971579902735	0.0	973972	3153.1844859351086	1.85
43953.91909184729	1850	17.58081260216772	0.0	958994	3091.158977735016	1.85
43957.149131244274	1850	18.350773205184538	0.0	982064	3230.0393969831844	1.85
43959.92483140855	1850	19.575073040914265	0.0	830730	2775.7001642702717	1.85
43962.78911944388	1850	20.71078500558177	0.0	846370	2864.288035332499	1.85

