15586.585427633552	750	4.0	4.22220449859656	450283	4222.20449859656	-17.405479343965208
15588.098271568924	300	6.487156064628203	0.0	155580	1512.8439353717963	-0.15000000000000002
15589.468524809387	300	9.11690282416508	0.0	139857	1370.253240463121	0.3
15595.393373617126	1200	7.192054016425067	0.0	617681	5924.848807740014	0.29999999999999993
15599.513432334228	750	7.071995299323871	0.0	411561	4120.058717101196	0.3
15602.74768085863	750	7.837746774919806	0.0	318564	3234.248524404065	0.75
15606.037357338388	750	8.548070295163448	0.0	352642	3289.676479756358	0.75
15610.134226845263	750	8.451200788288496	0.0	437162	4096.869506874953	0.75
15613.737238216536	750	8.848189417014847	0.0	374758	3603.0113712736475	0.75
15617.420776496898	750	9.164651136652875	0.0	362795	3683.538280361973	0.75
15623.03575298129	1200	7.5496746522616585	0.0	607410	5614.976484391217	0.75
15626.897199954261	750	7.6882276792919795	0.0	405134	3861.4469729696793	0.3
15630.56920003453	750	8.016227599022665	0.0	386351	3672.0000802693144	0.75
15634.689862865662	750	7.895564767890361	0.0	434409	4120.662831132303	0.75
15637.938248103948	750	8.647179529605108	0.0	337059	3248.385238285254	0.75
15641.428716569513	750	9.156711064039445	0.0	366214	3490.4684655656624	0.75
15649.923142811329	1200	4.662284822225107	0.0	617242	8494.426241814339	0.75
15652.749572695	300	5.83585493855305	0.0	150616	2826.4298836720573	-0.6000000000000001
15654.934251570425	300	7.6511760631290615	0.0	165384	2184.6788754239874	0.3
15658.4399530739	750	8.145474559653977	0.0	350713	3505.7015034750852	0.3
15662.131263271913	750	8.45416436163889	0.0	386472	3691.310198015086	0.75
15665.934581853215	750	8.650845780337448	0.0	399894	3803.3185813014434	0.75
15669.769216846084	750	8.81621078746734	0.0	401853	3834.6349928701084	0.75
15673.053179023394	750	9.532248610156968	0.0	343800	3283.96217731037	0.75
15678.554714389496	1200	8.030713244056024	0.0	587236	5501.535366100945	0.75
15682.128681115071	750	8.456746518480369	0.0	379700	3573.9667255756535	0.3
15686.136354361803	750	8.449073271748654	0.0	425781	4007.6732467317156	0.75
15688.78791666952	750	9.79751096403177	0.0	277716	2651.5623077168816	0.75
15694.484010846536	1200	8.101416787013926	0.0	622896	5696.094177017844	0.75
15698.349563083682	750	8.235864549868015	0.0	400508	3865.552237145912	0.3
15701.764910257036	750	8.820517376513592	0.0	358218	3415.3471733544234	0.75
15705.538773695163	750	9.046653938385647	0.0	400322	3773.8634381279458	0.75
15711.09515521987	1200	7.490272413680038	0.0	584349	5556.381524705609	0.75
15714.973628307058	750	7.611799326493088	0.0	412837	3878.473087186949	0.3
15718.781341749323	750	7.804085884227472	0.0	401088	3807.713442265617	0.75
15722.197283214582	750	8.388144418968542	0.0	365161	3415.9414652589303	0.75
15725.174819434744	750	9.410608198806905	0.0	321064	2977.5362201616367	0.75
15731.514496282123	1200	7.070931351427691	0.0	575591	6339.676847379214	0.75
15737.183839676041	750	5.401587957508675	0.0	378327	5669.343393919015	0.3
15738.65769926321	300	7.9277283703389	0.0	149991	1473.859587169775	-0.15000000000000002
15742.006335965603	750	8.579091667947143	0.0	345516	3348.636702391758	0.3
15745.812717199087	750	8.772710434464276	0.0	384505	3806.3812334828663	0.75
15749.314364676098	750	9.27106295745376	0.0	372093	3501.647477010517	0.75
15755.304128076654	1200	7.281299556897827	0.0	634861	5989.763400555933	0.75
15759.2764330943	750	7.308994539252896	0.0	398987	3972.3050176449306	0.3
15763.139984734898	750	7.445442898652406	0.0	393804	3863.5516406004913	0.75
15766.338371017257	750	8.24705661629468	0.0	331053	3198.386282357725	0.75
15769.310568840652	750	9.27485879289897	0.0	314107	2972.1978233957107	0.75

