27113.813264277407	750	4.0	5.884201382522496	450283	5884.201382522497	-24.552065944846735
27116.17305812443	300	5.64020615297427	0.0	155580	2359.7938470257304	-0.15000000000000002
27118.303391610993	300	7.5098726664150215	0.0	139857	2130.3334865592483	0.3
27120.677013235803	300	9.13625104160282	0.0	155432	2373.6216248122014	0.3
27123.168833875072	300	10.644430402335773	0.0	163442	2491.820639267048	0.3
27124.98097497092	300	12.832289306484824	0.0	126289	1812.1410958509473	0.3
27127.148514571036	300	14.664749706367916	0.0	153295	2167.539600116909	0.3
27129.497806244886	300	16.315458032519143	0.0	173849	2349.2916738487756	0.3
27134.237525657878	750	15.575738619529783	0.0	374758	4739.719412989358	0.3
27139.18788290011	750	14.625381377297133	0.0	362795	4950.35724223265	0.75
27144.348933481742	750	13.46433079566737	0.0	353220	5161.050581629763	0.75
27149.653690626426	750	12.159573650982207	0.0	405134	5304.757144685163	0.75
27154.82023127979	750	10.993032997617828	0.0	386351	5166.54065336438	0.75
27160.923531209428	750	8.889733067980375	0.0	434409	6103.299929637452	0.75
27162.76989041029	300	11.0433738671182	0.0	140051	1846.359200862174	-0.15000000000000002
27164.60095606753	300	13.212308209879003	0.0	138313	1831.0656572391956	0.3
27166.522059852283	300	15.291204425124535	0.0	143509	1921.103784754468	0.3
27171.418227577822	750	14.395036699587624	0.0	372963	4896.16772553691	0.3
27176.685253033975	750	13.128011243434816	0.0	405596	5267.02545615281	0.75
27180.957481788562	750	12.855782488846357	0.0	350713	4272.228754588459	0.75
27185.475676796428	750	12.337587480979673	0.0	386472	4518.195007866683	0.75
27191.072929515634	750	10.740334761775037	0.0	399894	5597.2527192046355	0.75
27193.440892506704	300	12.372371770703811	0.0	163927	2367.962991071226	-0.15000000000000002
27195.39753956147	300	14.415724715939186	0.0	137654	1956.6470547646245	0.3
27197.371724620243	300	16.441539657167	0.0	146754	1974.1850587721854	0.3
27202.212179661867	750	15.601084615544094	0.0	379700	4840.455041622905	0.3
27207.254681314174	750	14.558582963237306	0.0	425781	5042.501652306788	0.75
27210.46467800682	750	15.348586270591756	0.0	277716	3209.99669264555	0.75
27215.85045251052	750	13.962811766889809	0.0	400396	5385.7745037019495	0.75
27221.023996000913	750	12.789268276499053	0.0	400508	5173.543490390756	0.75
27226.13982300376	750	11.67344127365393	0.0	358218	5115.827002845122	0.75
27231.09807345988	750	10.715190817529148	0.0	400322	4958.250456124782	0.75
27235.565887716864	750	10.247376560549725	0.0	369834	4467.814256979424	0.75
27240.288670950482	750	9.524593326930777	0.0	412837	4722.783233618948	0.75
27242.667973309934	300	11.14529096748153	0.0	179328	2379.3023594492465	-0.15000000000000002
27244.853196973654	300	12.960067303758606	0.0	159914	2185.223663722925	0.3
27246.5720309508	300	15.241233326614653	0.0	131610	1718.8339771439532	0.3
27250.8372766762	750	14.975987601214936	0.0	361565	4265.245725399715	0.3
27256.502367897945	750	13.31089637946926	0.0	378327	5665.091221745677	0.75
27262.06120932774	750	11.752054949672088	0.0	390680	5558.841429797171	0.75
27266.5827187891	750	11.230545488315201	0.0	345516	4521.509461356888	0.75
27271.375420041837	750	10.43784423557933	0.0	384505	4792.701252735871	0.75
27275.984209003116	750	9.829055274299316	0.0	372093	4608.788961280013	0.75
27278.57733834044	300	11.235925936973773	0.0	172312	2593.1293373255426	-0.15000000000000002
27281.18396272526	300	12.629301552155379	0.0	167025	2606.6243848183954	0.3
27283.36924636969	300	14.44401790772607	0.0	160064	2185.2836444293084	0.3
27287.713822318914	750	14.099441958500208	0.0	331053	4344.575949225865	0.3
27291.895905481982	750	13.917358795432246	0.0	314107	4182.0831630679595	0.75

