33321.42679244162	750	4.0	2.616233552389556	450283	2616.2335523895563	-10.49980427527509
33322.38310182057	300	7.043690621052167	0.0	155580	956.3093789478332	-0.15000000000000002
33323.25085089378	300	10.175941547832556	0.0	139857	867.7490732196112	0.3
33325.377154167785	750	12.049638273832342	0.0	382355	2126.3032740002154	0.3
33327.59152920526	750	13.835263236355042	0.0	411561	2214.3750374772994	0.75
33329.32424417777	750	16.102548263849457	0.0	318564	1732.714972505585	0.75
33331.26773896502	750	18.159053476594355	0.0	352642	1943.4947872551027	0.75
33333.657869659	750	19.768922782615714	0.0	437162	2390.1306939786396	0.75
33335.76806248195	750	21.65872995966816	0.0	374758	2110.1928229475534	0.75
33337.845643107576	750	23.581149334044596	0.0	362795	2077.5806256235646	0.75
33339.86272996853	750	25.564062473087503	0.0	353220	2017.0868609570941	0.75
33344.77622921456	1850	24.650563227059866	0.0	917428	4913.499246027637	0.75
33350.089620620536	1850	23.33717182108675	0.0	946851	5313.391405973118	1.85
33355.87455356354	1850	21.5522388780819	0.0	1036454	5784.9329430048465	1.85
33360.458756574175	1850	20.968035867445455	0.0	821631	4584.203010636448	1.85
33365.37669847483	1850	20.05009396678942	0.0	923170	4917.941900656033	1.85
33370.60225910623	1850	18.824533335395525	0.0	966699	5225.560631393894	1.85
33375.2028906372	1850	18.223901804425196	0.0	885714	4600.631530970328	1.85
33380.70850902996	1850	16.718283411658597	0.0	987708	5505.618392766598	1.85
33385.98258043001	1850	15.444212011609114	0.0	923755	5274.0714000494845	1.85
33390.94066414266	1850	14.486128298958894	0.0	891604	4958.08371265022	1.85
33396.19418158579	1850	13.232610855825795	0.0	955231	5253.5174431331	1.85
33401.55362185419	1850	11.873170587431018	0.0	968026	5359.4402683947765	1.85
33406.211877045964	1850	11.214915395649102	0.0	874175	4658.2551917819155	1.85
33411.11705783543	1850	10.309734606189672	0.0	897976	4905.18078945943	1.85
33415.7699376901	1850	9.656854751517741	0.0	905935	4652.879854671931	1.85
33421.615123436124	1850	7.811669005493843	0.0	1076599	5845.185746023899	1.85
33425.92960353324	1850	7.497188908383013	0.0	758197	4314.48009711083	1.85
33436.377060386505	1850	4.0	2.9502679448891604	972798	10447.456853272173	-10.83615216302339
33438.601522784404	750	5.775537602102548	0.0	400508	2224.4623978974514	-0.3500000000000001
33440.599549468636	750	7.777510917866455	0.0	358218	1998.0266842360934	0.75
33442.802887288366	750	9.57417309813872	0.0	400322	2203.3378197277348	0.75
33444.83566753663	750	11.541392849872508	0.0	369834	2032.7802482662123	0.75
33447.08405268943	750	13.293007697072467	0.0	412837	2248.385152800043	0.75
33449.23890854833	750	15.138151838171023	0.0	401088	2154.855858901442	0.75
33451.20791156087	750	17.169148825634352	0.0	365161	1969.0030125366739	0.75
33455.93855685431	750	16.43850353219806	0.0	321064	4730.645293436294	0.75
33458.510083359375	750	17.866977027129078	0.0	361565	2571.526505068981	0.75
33460.57630261697	750	19.800757769527262	0.0	378327	2066.219257601813	0.75
33462.71210052945	750	21.664959857056612	0.0	390680	2135.7979124706508	0.75
33464.61836284178	750	23.758697544727095	0.0	345516	1906.2623123295143	0.75
33466.73070574457	750	25.646354641931683	0.0	384505	2112.342902795413	0.75
33471.66982587445	1850	24.70723451205553	0.0	886255	4939.120129876154	0.75
33477.21936497154	1850	23.157695414962024	0.0	973972	5549.539097093503	1.85
33482.467952844636	1850	21.90910754186642	0.0	958994	5248.587873095608	1.85
33487.576033031684	1850	20.801027354813883	0.0	982064	5108.080187052535	1.85
33492.108496182074	1850	20.268564204422727	0.0	830730	4532.463150391157	1.85
33496.787589067426	1850	19.58947131907542	0.0	846370	4679.092885347305	1.85

