23073.605341657316	750	4.0	9.430230506494885	450283	9430.230506494885	-39.79999117792801
23076.31950840753	300	5.28583324978669	0.0	155580	2714.1667502133096	-0.15000000000000002
23078.42201005249	300	7.183331604823892	0.0	139857	2102.5016449627988	0.3
23080.709940583896	300	8.895401073417679	0.0	155432	2287.930531406213	0.3
23083.078523364424	300	10.526818292888038	0.0	163442	2368.5827805296417	0.3
23084.929316446152	300	12.676025211159924	0.0	126289	1850.7930817281142	0.3
23087.17510498384	300	14.430236673471608	0.0	153295	2245.788537688316	0.3
23089.71128536473	300	15.894056292581325	0.0	173849	2536.180380890284	0.3
23095.147895238384	750	14.45744641892777	0.0	374758	5436.609873653555	0.3
23100.323526958833	750	13.281814698478524	0.0	362795	5175.631720449246	0.75
23105.574986944044	750	12.030354713268531	0.0	353220	5251.459985209994	0.75
23111.59707449938	750	10.008267157933867	0.0	405134	6022.087555334664	0.75
23113.996979290718	300	11.6083623665979	0.0	160746	2399.9047913359686	-0.15000000000000002
23116.691114078283	300	12.914227579032623	0.0	179801	2694.1347875652755	0.3
23118.820571800836	300	14.784769856479	0.0	140051	2129.457722553624	0.3
23120.911069410093	300	16.69427224721954	0.0	138313	2090.4976092594598	0.3
23126.117422842744	750	15.487918814567458	0.0	360831	5206.353432652084	0.3
23131.492313693896	750	14.11302796341742	0.0	372963	5374.89085115004	0.75
23137.43932780567	750	12.16601385164227	0.0	405596	5947.01411177515	0.75
23142.768928137688	750	10.836413519626902	0.0	350713	5329.600332015367	0.75
23148.670368123818	750	8.934973533494238	0.0	386472	5901.439986132665	0.75
23151.086097026637	300	10.519244630678324	0.0	157812	2415.7289028159144	-0.15000000000000002
23153.571233840277	300	12.03410781703674	0.0	163927	2485.136813641585	0.3
23155.670893218812	300	13.934448438502278	0.0	137654	2099.659378534462	0.3
23157.876097072716	300	15.729244584597831	0.0	146754	2205.2038539044456	0.3
23163.461573654302	750	14.143768003014255	0.0	379700	5585.476581583577	0.3
23169.72755063801	750	11.877791019306404	0.0	425781	6265.976983707851	0.75
23174.154957228082	750	11.450384429230986	0.0	277716	4427.406590075418	0.75
23180.395413981543	750	9.209927675773033	0.0	400396	6240.456753457952	0.75
23182.661903555734	300	10.943438101578543	0.0	149029	2266.48957419449	-0.15000000000000002
23185.02624758371	300	12.579094073601238	0.0	157421	2364.344027977305	0.3
23187.38242392771	300	14.222917729604367	0.0	157488	2356.1763439968713	0.3
23189.52121857607	300	16.0841230812456	0.0	143881	2138.7946483587657	0.3
23195.97293117837	750	13.632410478946188	0.0	412837	6451.712602299414	0.3
23202.004182578858	750	11.601159078455675	0.0	401088	6031.251400490512	0.75
23207.628373207473	750	9.976968449839907	0.0	365161	5624.190628615768	0.75
23209.597997253266	300	12.007344404047286	0.0	131610	1969.6240457926217	-0.15000000000000002
23211.458516723993	300	14.146824933317182	0.0	124011	1860.519470730103	0.3
23213.586776627155	300	16.01856503015704	0.0	144254	2128.259903160145	0.3
23219.114214225796	750	14.491127431514848	0.0	390680	5527.437598642191	0.3
23224.023320971173	750	13.582020686138621	0.0	345516	4909.106745376227	0.75
23229.733507080186	750	11.871834577124758	0.0	384505	5710.186109013862	0.75
23235.077296927837	750	10.52804472947606	0.0	372093	5343.789847648699	0.75
23237.550518319076	300	12.054823338233488	0.0	172312	2473.2213912425727	-0.15000000000000002
23239.958620919595	300	13.646720737715247	0.0	167025	2408.1026005182403	0.3
23242.27022607784	300	15.335115579470568	0.0	160064	2311.6051582446803	0.3
23246.950899356983	750	14.654442300326048	0.0	331053	4680.673279144521	0.3
23251.43487918526	750	14.170462472051517	0.0	314107	4483.9798282745305	0.75

