31271.757819789324	750	4.0	10.849008716513032	450283	10849.008716513032	-45.90073748100603
31275.368909744964	300	4.388910044359912	0.0	155580	3611.089955640087	-0.15000000000000002
31278.80625744502	300	4.951562344305483	0.0	139857	3437.3477000544294	0.3
31282.56966347218	300	5.1881563171446885	0.0	155432	3763.4060271607946	0.3
31286.347691291998	300	5.41012849732492	0.0	163442	3778.027819819769	0.3
31289.63746020917	300	6.1203595801507795	0.0	126289	3289.768917174141	0.3
31293.412461779862	300	6.345358009462156	0.0	153295	3775.001570688624	0.3
31297.44140487747	300	6.316414911854254	0.0	173849	4028.943097607901	0.3
31300.79040460986	300	6.967415179462803	0.0	150710	3348.999732391452	0.3
31304.278287135876	300	7.4795326534451725	0.0	139105	3487.88252601763	0.3
31307.997130830216	300	7.760688959105411	0.0	141840	3718.8436943397605	0.3
31312.074309877873	300	7.683509911451556	0.0	156148	4077.1790476538554	0.3
31315.734164759306	300	8.023655030019802	0.0	160746	3659.854881431755	0.3
31320.07608358224	300	7.681736207083036	0.0	179801	4341.9188229367655	0.3
31323.447872775294	300	8.309947014028538	0.0	140051	3371.7891930544974	0.3
31326.62590143944	300	9.131918349877429	0.0	138313	3178.028664151108	0.3
31330.112882816302	300	9.64493697301558	0.0	143509	3486.9813768618483	0.3
31333.719340630287	300	10.038479159034532	0.0	150616	3606.457813981049	0.3
31337.520610370502	300	10.237209418819324	0.0	165384	3801.2697402152085	0.3
31340.710759317386	300	11.047060471933824	0.0	140881	3190.1489468854993	0.3
31344.268418749492	300	11.489401039826923	0.0	157671	3557.6594321069006	0.3
31347.82333778764	300	11.934482001679092	0.0	157812	3554.9190381478334	0.3
31351.458455261774	300	12.299364527543787	0.0	163927	3635.1174741353043	0.3
31354.823403211885	300	12.934416577434785	0.0	137654	3364.947950109001	0.3
31358.61342529828	300	13.144394491039389	0.0	146754	3790.022086395396	0.3
31362.434824513242	300	13.322995276077487	0.0	153938	3821.399214961903	0.3
31366.55157115593	300	13.206248633388212	0.0	181901	4116.746642689275	0.3
31369.0790696451	300	14.678750144218945	0.0	111155	2527.4984891692648	0.3
31372.574202683103	300	15.183617106216824	0.0	153605	3495.133038002123	0.3
31376.711185470394	300	15.046634318923408	0.0	149029	4136.982787293415	0.3
31381.375621287512	300	14.382198501802959	0.0	157421	4664.43581712045	0.3
31385.469718682965	300	14.288101106350368	0.0	157488	4094.0973954525903	0.3
31388.795551266914	300	14.962268522403495	0.0	143881	3325.8325839468744	0.3
31392.85423670675	300	14.90358308256552	0.0	163444	4058.6854398379746	0.3
31397.282064882635	300	14.475754906676606	0.0	179328	4427.828175888913	0.3
31401.013030400998	300	14.74478938831311	0.0	159914	3730.965518363495	0.3
31404.00039595383	300	15.757423835482935	0.0	131610	2987.365552830175	0.3
31407.0237532196	300	16.734066569714233	0.0	124011	3023.357265768706	0.3
31415.66266447239	750	12.095155316924345	0.0	378327	8638.911252789887	0.3
31424.342853112797	750	7.4149666765161415	0.0	390680	8680.188640408203	0.75
31427.781921223836	300	7.975898565478337	0.0	147968	3439.068111037805	-0.15000000000000002
31431.41407794635	300	8.343741842961597	0.0	161857	3632.1567225167405	0.3
31434.652722196213	300	9.105097593097078	0.0	145210	3238.64424986452	0.3
31438.992193173635	300	8.765626615674657	0.0	172312	4339.47097742242	0.3
31442.906929405195	300	8.850890384117685	0.0	167025	3914.7362315569712	0.3
31446.64721002425	300	9.110609765063586	0.0	160064	3740.2806190541	0.3
31449.947388382676	300	9.810431406634162	0.0	137507	3300.1783584294226	0.3
31458.19755502401	750	5.560264765300899	0.0	314107	8250.166641333264	0.3

