30493.627374934225	750	4.0	1.6605475445588944	450283	1660.5475445588945	-6.390354441603246
30495.107439108004	750	6.519935826223767	0.0	398865	1480.0641737762328	0.75
30496.418831466144	750	9.208543468080567	0.0	350812	1311.3923581432007	0.75
30497.70382851477	750	11.92354641945778	0.0	382355	1284.9970486227858	0.75
30500.416788331087	1850	13.210586603140426	0.0	996749	2712.9598163173537	0.75
30502.6082522605	1850	15.019122673729873	0.0	801058	2191.463929410553	1.85
30505.014376696974	1850	16.612998237253404	0.0	905515	2406.1244364764693	1.85
30507.82811692982	1850	17.799258004404994	0.0	1060487	2813.74023284841	1.85
30510.19736657662	1850	19.430008357607004	0.0	852833	2369.2496467979895	1.85
30512.730505445794	1850	20.896869488434582	0.0	913888	2533.1388691724187	1.85
30515.299563012013	1850	22.327811922217936	0.0	939819	2569.0575662166434	1.85
30517.80883889131	1850	23.818536042921515	0.0	917428	2509.275879296424	1.85
30520.40451830638	1850	25.222856627852906	0.0	946851	2595.679415068607	1.85
30523.257194664464	1850	26.370180269769516	0.0	1036454	2852.676358083392	1.85
30525.7860663196	1850	27.84130861463161	0.0	821631	2528.8716551379043	1.85
30528.61404784184	1850	29.013327092393602	0.0	923170	2827.9815222380107	1.85
30531.547883453124	1850	30.079491481111393	0.0	966699	2933.8356112822125	1.85
30534.177175712262	1850	31.45019922197167	0.0	885714	2629.292259139721	1.85
30536.94465226344	1850	32.682722670793524	0.0	987708	2767.476551178148	1.85
30539.58989158762	1850	34.037483346614856	0.0	923755	2645.2393241786717	1.85
30542.225191965365	1850	35.40218296887073	0.0	891604	2635.3003777441245	1.85
30545.036317538434	1850	36.59105739580264	0.0	955231	2811.125573068087	1.85
30547.876880167623	1850	37.75049476661417	0.0	968026	2840.562629188473	1.85
30554.01537507162	4300	35.611999862617786	0.0	2044075	6138.494903996379	1.8499999999999996
30560.201619524367	4300	33.42575540986902	0.0	2186790	6186.244452748763	4.3
30566.068031296905	4300	31.559343637329473	0.0	2105231	5866.4117725395445	4.3
30572.600088992076	4300	29.02728594215765	0.0	2395588	6532.057695171819	4.3
30578.00381095352	4300	27.623563980716177	0.0	1972048	5403.7219614414735	4.3
30583.91239484923	4300	25.714980085005582	0.0	2134614	5908.583895710597	4.3
30589.953986105877	4300	23.673388828357634	0.0	2164140	6041.59125664795	4.3
30595.829175513674	4300	21.79819942056214	0.0	2113193	5875.189407795496	4.3
30601.851160949704	4300	19.776213984531157	0.0	2147852	6021.985436030981	4.3
30612.808115073884	4300	12.819259860353649	0.0	2191074	10956.95412417751	4.3
30616.348059285505	1850	13.279315648728478	0.0	1035329	3539.9442116251707	-0.6000000000000001
30619.220816219327	1850	14.406558714908883	0.0	1026056	2872.7569338195945	1.85
30621.81291260246	1850	15.814462331771905	0.0	943942	2592.0963831369777	1.85
30623.820973980168	1850	17.806400954067836	0.0	728962	2008.0613777040678	1.85
30626.390454337597	1850	19.23692059663647	0.0	938587	2569.480357431371	1.85
30628.88599344232	1850	20.74138149191302	0.0	908665	2495.539104723449	1.85
30631.404806040093	1850	22.222568894137712	0.0	930577	2518.8125977753084	1.85
30633.704154488947	1850	23.923220445282148	0.0	858450	2299.348448855565	1.85
30636.54715544468	1850	25.08021948954632	0.0	1025005	2843.0009557358285	1.85
30639.152335515002	1850	26.475039419223478	0.0	886255	2605.180070322841	1.85
30641.905378854874	1850	27.721996079353637	0.0	973972	2753.0433398698397	1.85
30644.53440691888	1850	29.09296801534924	0.0	958994	2629.028064004395	1.85
30647.282967755247	1850	30.34440717898259	0.0	982064	2748.5608363666493	1.85
30649.652527325845	1850	31.97484760838284	0.0	830730	2369.559570599749	1.85
30652.069621687606	1850	33.557753246622404	0.0	846370	2417.094361760437	1.85

