29599.268157837017	750	4.0	10.849008716513032	450283	10849.008716513032	-45.90073748100603
29602.879247792658	300	4.388910044359912	0.0	155580	3611.089955640087	-0.15000000000000002
29606.316595492714	300	4.951562344305483	0.0	139857	3437.3477000544294	0.3
29610.080001519873	300	5.1881563171446885	0.0	155432	3763.4060271607946	0.3
29613.85802933969	300	5.41012849732492	0.0	163442	3778.027819819769	0.3
29617.147798256865	300	6.1203595801507795	0.0	126289	3289.768917174141	0.3
29620.922799827556	300	6.345358009462156	0.0	153295	3775.001570688624	0.3
29624.951742925165	300	6.316414911854254	0.0	173849	4028.943097607901	0.3
29628.300742657553	300	6.967415179462803	0.0	150710	3348.999732391452	0.3
29631.78862518357	300	7.4795326534451725	0.0	139105	3487.88252601763	0.3
29635.507468877913	300	7.760688959105411	0.0	141840	3718.8436943397605	0.3
29639.584647925567	300	7.683509911451556	0.0	156148	4077.1790476538554	0.3
29643.244502807	300	8.023655030019802	0.0	160746	3659.854881431755	0.3
29647.586421629934	300	7.681736207083036	0.0	179801	4341.9188229367655	0.3
29650.958210822988	300	8.309947014028538	0.0	140051	3371.7891930544974	0.3
29654.13623948714	300	9.131918349877429	0.0	138313	3178.028664151108	0.3
29657.623220864	300	9.64493697301558	0.0	143509	3486.9813768618483	0.3
29661.22967867798	300	10.038479159034532	0.0	150616	3606.457813981049	0.3
29665.030948418196	300	10.237209418819324	0.0	165384	3801.2697402152085	0.3
29668.22109736508	300	11.047060471933824	0.0	140881	3190.1489468854993	0.3
29671.778756797186	300	11.489401039826923	0.0	157671	3557.6594321069006	0.3
29675.333675835333	300	11.934482001679092	0.0	157812	3554.9190381478334	0.3
29678.96879330947	300	12.299364527543787	0.0	163927	3635.1174741353043	0.3
29682.33374125958	300	12.934416577434785	0.0	137654	3364.947950109001	0.3
29686.123763345975	300	13.144394491039389	0.0	146754	3790.022086395396	0.3
29689.945162560936	300	13.322995276077487	0.0	153938	3821.399214961903	0.3
29694.061909203625	300	13.206248633388212	0.0	181901	4116.746642689275	0.3
29696.589407692794	300	14.678750144218945	0.0	111155	2527.4984891692648	0.3
29700.084540730797	300	15.183617106216824	0.0	153605	3495.133038002123	0.3
29704.22152351809	300	15.046634318923408	0.0	149029	4136.982787293415	0.3
29708.885959335206	300	14.382198501802959	0.0	157421	4664.43581712045	0.3
29712.980056730663	300	14.288101106350368	0.0	157488	4094.0973954525903	0.3
29716.305889314608	300	14.962268522403495	0.0	143881	3325.8325839468744	0.3
29726.385030771762	750	8.883127065248738	0.0	412837	10079.141457154756	0.3
29730.41355929105	300	8.854598545960695	0.0	179328	4028.528519288044	-0.15000000000000002
29734.226271887957	300	9.041885949053222	0.0	159914	3812.7125969074705	0.3
29737.371589174843	300	9.89656866216637	0.0	131610	3145.3172868868533	0.3
29740.231371749003	300	11.036786088007817	0.0	124011	2859.782574158553	0.3
29743.510521425662	300	11.757636411349226	0.0	144254	3279.14967665859	0.3
29746.894247828564	300	12.373910008444215	0.0	149991	3383.726402905013	0.3
29750.225137004472	300	13.043020832538842	0.0	147968	3330.889175905372	0.3
29753.93045338196	300	13.337704455050632	0.0	161857	3705.3163774882087	0.3
29757.282778280776	300	13.985379556232642	0.0	145210	3352.3248988179907	0.3
29761.06365825245	300	14.20449958456184	0.0	172312	3780.8799716708027	0.3
29765.140295191883	300	14.1278626451255	0.0	167025	4076.63693943634	0.3
29769.011521868477	300	14.256635968529249	0.0	160064	3871.2266765962527	0.3
29776.663977194192	750	10.60418064281716	0.0	331053	7652.455325712088	0.3
29780.108373548588	300	11.15978428841913	0.0	118421	3444.3963543980294	-0.15000000000000002

