29385.214298859355	750	4.0	10.849008716513032	450283	10849.008716513032	-45.90073748100603
29388.825388814992	300	4.388910044359912	0.0	155580	3611.089955640087	-0.15000000000000002
29392.262736515047	300	4.951562344305483	0.0	139857	3437.3477000544294	0.3
29396.02614254221	300	5.1881563171446885	0.0	155432	3763.4060271607946	0.3
29399.80417036203	300	5.41012849732492	0.0	163442	3778.027819819769	0.3
29403.093939279202	300	6.1203595801507795	0.0	126289	3289.768917174141	0.3
29406.868940849894	300	6.345358009462156	0.0	153295	3775.001570688624	0.3
29410.8978839475	300	6.316414911854254	0.0	173849	4028.943097607901	0.3
29414.24688367989	300	6.967415179462803	0.0	150710	3348.999732391452	0.3
29417.734766205907	300	7.4795326534451725	0.0	139105	3487.88252601763	0.3
29421.453609900247	300	7.760688959105411	0.0	141840	3718.8436943397605	0.3
29425.5307889479	300	7.683509911451556	0.0	156148	4077.1790476538554	0.3
29429.190643829334	300	8.023655030019802	0.0	160746	3659.854881431755	0.3
29433.53256265227	300	7.681736207083036	0.0	179801	4341.9188229367655	0.3
29436.904351845325	300	8.309947014028538	0.0	140051	3371.7891930544974	0.3
29440.082380509473	300	9.131918349877429	0.0	138313	3178.028664151108	0.3
29443.569361886333	300	9.64493697301558	0.0	143509	3486.9813768618483	0.3
29447.175819700315	300	10.038479159034532	0.0	150616	3606.457813981049	0.3
29450.977089440534	300	10.237209418819324	0.0	165384	3801.2697402152085	0.3
29454.167238387417	300	11.047060471933824	0.0	140881	3190.1489468854993	0.3
29457.724897819524	300	11.489401039826923	0.0	157671	3557.6594321069006	0.3
29461.27981685767	300	11.934482001679092	0.0	157812	3554.9190381478334	0.3
29464.914934331806	300	12.299364527543787	0.0	163927	3635.1174741353043	0.3
29468.279882281913	300	12.934416577434785	0.0	137654	3364.947950109001	0.3
29472.069904368313	300	13.144394491039389	0.0	146754	3790.022086395396	0.3
29475.89130358327	300	13.322995276077487	0.0	153938	3821.399214961903	0.3
29480.008050225963	300	13.206248633388212	0.0	181901	4116.746642689275	0.3
29482.53554871513	300	14.678750144218945	0.0	111155	2527.4984891692648	0.3
29486.03068175313	300	15.183617106216824	0.0	153605	3495.133038002123	0.3
29497.343845372092	750	7.87045348725737	0.0	400508	11313.163618959454	0.3
29500.953849063637	300	8.260449795711402	0.0	157421	3610.0036915459677	-0.15000000000000002
29504.79126748212	300	8.42303137723031	0.0	157488	3837.418418481094	0.3
29508.36705836477	300	8.847240494582028	0.0	143881	3575.790882648281	0.3
29512.377102326376	300	8.837196532976952	0.0	163444	4010.0439616050753	0.3
29516.405630845664	300	8.808668013688909	0.0	179328	4028.528519288044	0.3
29520.22192338321	300	8.99237547614039	0.0	159914	3816.2925375485174	0.3
29523.364489165742	300	9.849809693609592	0.0	131610	3142.5657825307994	0.3
29526.2242717399	300	10.990027119451039	0.0	124011	2859.782574158553	0.3
29529.502619656687	300	11.711679202665826	0.0	144254	3278.3479167852124	0.3
29532.886218725074	300	12.32808013427589	0.0	149991	3383.5990683899363	0.3
29536.217107900982	300	12.997190958370517	0.0	147968	3330.889175905372	0.3
29539.92394934645	300	13.290349512903513	0.0	161857	3706.8414454670033	0.3
29543.27372196121	300	13.940576898142053	0.0	145210	3349.77261476146	0.3
29547.054601932883	300	14.15969692647125	0.0	172312	3780.8799716708027	0.3
29551.138001145628	300	14.076297713728367	0.0	167025	4083.3992127428837	0.3
29555.005121206254	300	14.209177653100374	0.0	160064	3867.120060627992	0.3
29558.214333426546	300	14.99996543280714	0.0	137507	3209.2122202932333	0.3
29566.179962672755	750	11.034336186597205	0.0	314107	7965.629246209935	0.3

