33175.66455663027	750	4.0	2.4983161468909967	450283	2498.3161468909966	-9.992759431631285
33176.58012365397	300	7.08443297629868	0.0	155580	915.5670237013195	-0.15000000000000002
33177.41124781668	300	10.253308813592707	0.0	139857	831.124162705974	0.3
33180.02909946306	750	11.635457167207857	0.0	382355	2617.8516463848496	0.3
33183.330872130435	750	12.33368449983848	0.0	411561	3301.7726673693764	0.75
33185.709341508205	750	13.955215122070433	0.0	318564	2378.4693777680477	0.75
33188.31115490229	750	15.353401727980504	0.0	352642	2601.813394089927	0.75
33190.98898013338	750	16.67557649689306	0.0	437162	2677.8252310874445	0.75
33193.22661852119	750	18.43793810907944	0.0	374758	2237.6383878136194	0.75
33195.59284012808	750	20.07171650218921	0.0	362795	2366.2216068902308	0.75
33201.716808709025	1850	17.947747921250112	0.0	939819	6123.968580939098	0.75
33207.00460411972	1850	16.65995251055129	0.0	917428	5287.795410698824	1.85
33212.015945324914	1850	15.648611305357608	0.0	946851	5011.34120519368	1.85
33217.73942609082	1850	13.925130539453429	0.0	1036454	5723.48076590418	1.85
33222.68937474558	1850	12.975181884691272	0.0	821631	4949.948654762156	1.85
33228.14961798158	1850	11.51493864869704	0.0	923170	5460.243235994232	1.85
33233.60050042362	1850	10.064056206653378	0.0	966699	5450.882442043661	1.85
33238.794552690495	1850	8.870003939780243	0.0	885714	5194.0522668731355	1.85
33241.11053002887	750	10.554026601401528	0.0	405596	2315.9773383787146	-0.3500000000000001
33243.064616348805	750	12.599940281470728	0.0	350713	1954.0863199307998	0.75
33245.23710257233	750	14.42745405794122	0.0	386472	2172.486223529507	0.75
33247.614558657384	750	16.04999797288753	0.0	399894	2377.456085053687	0.75
33250.00326951613	750	17.661287114142265	0.0	401853	2388.7108587452653	0.75
33252.01400549603	750	19.650551134244136	0.0	343800	2010.735979898131	0.75
33254.11510372689	750	21.549452903385284	0.0	359903	2101.0982308588495	0.75
33259.115321225654	1850	20.54923540462037	0.0	905935	5000.217498764917	0.75
33264.9184317333	1850	18.746124896977435	0.0	1076599	5803.110507642933	1.85
33269.11613825786	1850	18.548418372411213	0.0	758197	4197.706524566223	1.85
33276.76344260147	1850	14.901114028800727	0.0	972798	7647.304343610486	1.85
33282.11501610048	1850	13.549540529797937	0.0	975811	5351.5734990027895	1.85
33286.70919195163	1850	12.955364678642404	0.0	873429	4594.175851155534	1.85
33292.38615933346	1850	11.2783972968107	0.0	954453	5676.967381831703	1.85
33297.71889189146	1850	9.945664738809443	0.0	885062	5332.7325580012575	1.85
33300.090500895465	750	11.574055734808853	0.0	412837	2371.609004000589	-0.3500000000000001
33302.36394794039	750	13.300608689889723	0.0	401088	2273.4470449191303	0.75
33304.42423675612	750	15.24031987415787	0.0	365161	2060.288815731854	0.75
33306.256589804136	750	17.407966826137322	0.0	321064	1832.3530480205484	0.75
33308.48177652049	750	19.18278010978326	0.0	361565	2225.1867163540637	0.75
33310.80641318289	750	20.858143447390372	0.0	378327	2324.636662392886	0.75
33313.44753034545	750	22.217026284820573	0.0	390680	2641.1171625697957	0.75
33319.01374917276	1850	20.650807457518837	0.0	858450	5566.218827301737	0.75
33325.12204857904	1850	18.54250805123821	0.0	1025005	6108.299406280623	1.85
33330.25209872519	1850	17.41245790508436	0.0	886255	5130.050146153852	1.85
33335.912847474836	1850	15.751709155442216	0.0	973972	5660.748749642146	1.85
33341.305866705196	1850	14.358689925084626	0.0	958994	5393.01923035759	1.85
33347.03844529288	1850	12.626111337399411	0.0	982064	5732.578587685213	1.85
33351.45120451853	1850	12.213352111744582	0.0	830730	4412.75922565483	1.85
33356.33234245653	1850	11.332214173743745	0.0	846370	4881.137938000837	1.85

