42521.049915270334	750	4.0	1.6608493392472603	450283	1660.8493392472603	-6.391652158763219
42521.67612407725	300	7.373791193093924	0.0	155580	626.2088069060763	-0.15000000000000002
42522.98775156129	750	10.062163709044981	0.0	350812	1311.6274840489423	0.3
42525.225213459205	1200	11.824701811127621	0.0	617681	2237.4618979173592	0.75
42528.73100502128	1850	12.31891024905747	0.0	996749	3505.791562070151	1.2000000000000002
42531.62466859123	1850	13.425246679114126	0.0	801058	2893.6635699433423	1.85
42538.38712231736	2850	10.662792952974716	0.0	1388403	6762.45372613941	1.85
42541.737149590925	1200	11.312765679417804	0.0	709534	3350.027273556913	-0.44999999999999996
42544.77279752616	1850	12.27711774418447	0.0	852833	3035.647935233336	1.2000000000000002
42549.05516606807	1850	11.994749202271791	0.0	913888	4282.368541912678	1.85
42552.79215669316	1850	12.257758577182523	0.0	939819	3736.9906250892677	1.85
42556.12761687359	1850	12.922298396747719	0.0	917428	3335.460180434805	1.85
42559.41263997235	1850	13.637275297994456	0.0	946851	3285.023098753263	1.85
42568.68032219694	2850	8.369593073397333	0.0	1578343	9267.682224597123	1.85
42570.44336927718	750	10.606545993153883	0.0	337059	1763.04708024345	-1.35
42572.92306778892	1200	12.126847481412936	0.0	587876	2479.6985117409467	0.75
42577.03942852832	1850	12.010486742014201	0.0	966699	4116.360739398735	1.2000000000000002
42581.06031786597	1850	11.989597404354997	0.0	885714	4020.889337659203	1.85
42584.74565163247	1850	12.304263637864354	0.0	987708	3685.333766490644	1.85
42588.154349298515	1850	12.895565971816817	0.0	923755	3408.697666047537	1.85
42591.41109178393	1850	13.63882348640899	0.0	891604	3256.7424854078267	1.85
42596.55342017151	2850	12.496495098823747	0.0	1468126	5142.328387585243	1.85
42600.104063258936	1850	12.945852011400353	0.0	968026	3550.6430874233934	0.8500000000000001
42603.30330650939	1850	13.746608760951032	0.0	874175	3199.2432504493217	1.85
42608.29856547012	2850	12.751349800216264	0.0	1383735	4995.258960734767	1.85
42611.6301319704	1850	13.419783299938128	0.0	905935	3331.5665002781366	0.8500000000000001
42619.3109835553	2850	9.73893171504266	0.0	1547572	7680.851584895466	1.85
42621.847063324036	1200	11.202851946302392	0.0	487160	2536.079768740271	-0.44999999999999996
42626.50224578879	1850	10.54766948154358	0.0	972798	4655.182464758813	1.2000000000000002
42628.87501482415	1200	12.174900446178896	0.0	641447	2372.769035364683	0.5499999999999999
42632.305984986146	1850	12.743930284182959	0.0	873429	3430.970161995935	1.2000000000000002
42639.274137737375	1850	9.775777532952326	0.0	954453	6968.152751230634	1.85
42641.826277466076	1200	11.223637804253572	0.0	584349	2552.1397286987526	0.5499999999999999
42645.54185974719	1850	11.508055523139117	0.0	1035329	3715.582281114456	1.2000000000000002
42649.17749745953	1850	11.87241781079088	0.0	1026056	3635.637712348237	1.85
42652.51959493942	1850	12.530320330904207	0.0	943942	3342.097479886673	1.85
42655.11274376273	1850	13.937171507590623	0.0	728962	2593.1488233135838	1.85
42660.38128245266	2850	12.668632817663248	0.0	1499009	5268.5386899273735	1.85
42663.64109120515	1850	13.408824065167845	0.0	908665	3259.8087524954017	0.8500000000000001
42669.16024681355	2850	11.88966845676655	0.0	1402287	5519.155608401295	1.85
42673.31542273062	1850	11.734492539694974	0.0	858450	4155.175917071576	0.8500000000000001
42677.16762496513	1850	11.882290305191278	0.0	1025005	3852.2022345036967	1.85
42681.49924453204	1850	11.5506707382783	0.0	886255	4331.619566912978	1.85
42686.506531124935	1850	10.54338414538404	0.0	973972	5007.286592894259	1.85
42689.2786590463	1200	11.77125622402104	0.0	630203	2772.127921363001	0.5499999999999999
42692.942735470475	1850	12.107179799849515	0.0	982064	3664.076424171524	1.2000000000000002
42698.525433809154	1850	10.524481461170204	0.0	830730	5582.698338679311	1.85
42701.117799258805	1200	11.932116011519433	0.0	550906	2592.365449650771	0.5499999999999999

