39642.75306409476	750	4.0	2.0167314798705447	450283	2016.7314798705445	-7.921945363443342
39644.54863941454	750	6.204424680215411	0.0	398865	1795.5753197845902	0.75
39646.145881619144	750	8.607182475607475	0.0	350812	1597.242204607935	0.75
39647.95562912671	750	10.797434968052935	0.0	382355	1809.74750755454	0.75
39649.89750255312	750	12.855561541638595	0.0	411561	1941.8734264143377	0.75
39651.401326449246	750	15.35173764551305	0.0	318564	1503.8238961255463	0.75
39652.93995253211	750	17.81311156264785	0.0	352642	1538.6260828652016	0.75
39657.42230944836	1850	17.33075464639642	0.0	1060487	4482.3569162514295	0.75
39661.084266165606	1850	17.668797929148685	0.0	852833	3661.9567172477373	1.85
39664.97621954657	1850	17.776844548191644	0.0	913888	3891.9533809570416	1.85
39669.03433097236	1850	17.71873312239936	0.0	939819	4058.1114257922795	1.85
39673.15326697131	1850	17.599797123444834	0.0	917428	4118.9359989545255	1.85
39677.59014807875	1850	17.16291601601355	0.0	946851	4436.881107431282	1.85
39682.232526154374	1850	16.52053794038449	0.0	1036454	4642.378075629063	1.85
39685.81255898192	1850	16.940505112840277	0.0	821631	3580.032827544211	1.85
39689.87447651534	1850	16.878587579421115	0.0	923170	4061.9175334191646	1.85
39694.57052696021	1850	16.18253713454626	0.0	966699	4696.050444874856	1.85
39699.00824999617	1850	15.744814098584321	0.0	885714	4437.723035961937	1.85
39703.48160242907	1850	15.271461665687868	0.0	987708	4473.352432896453	1.85
39707.4810561734	1850	15.272007921355021	0.0	923755	3999.453744332846	1.85
39711.94254121424	1850	14.810522880519883	0.0	891604	4461.485040835138	1.85
39716.4620692653	1850	14.290994829456343	0.0	955231	4519.52805106354	1.85
39720.960674372895	1850	13.792389721861646	0.0	968026	4498.605107594698	1.85
39724.837902133	1850	13.915161961765541	0.0	874175	3877.2277600961042	1.85
39728.78703627074	1850	13.966027824021468	0.0	897976	3949.134137744074	1.85
39733.14770953715	1850	13.605354557610468	0.0	905935	4360.673266411	1.85
39741.510768168766	1850	9.242295925994744	0.0	1076599	8363.058631615724	1.85
39743.686251432584	750	11.066812662174227	0.0	277716	2175.4832638205166	-0.3500000000000001
39745.80375570154	750	12.949308393212833	0.0	400396	2117.5042689613924	0.75
39747.921829907464	750	14.831234187293722	0.0	400508	2118.0742059191134	0.75
39749.7081609115	750	17.044903183257123	0.0	358218	1786.3310040365977	0.75
39751.67768003159	750	19.07538406316391	0.0	400322	1969.5191200932154	0.75
39756.092930036866	1850	18.660134057891316	0.0	885062	4415.250005272595	0.75
39761.228027121884	1850	17.525036972871	0.0	1035329	5135.0970850203175	1.85
39766.11093752837	1850	16.642126566382327	0.0	1026056	4882.910406488669	1.85
39770.37767228704	1850	16.375391807717484	0.0	943942	4266.734758664844	1.85
39773.54146747345	1850	17.211596621311596	0.0	728962	3163.7951864058887	1.85
39777.50899384682	1850	17.244070247930544	0.0	938587	3967.526373381053	1.85
39781.46910492739	1850	17.283959167366017	0.0	908665	3960.1110805645253	1.85
39785.528173922474	1850	17.224890172283953	0.0	930577	4059.0689950820674	1.85
39789.20643173481	1850	17.546632359939643	0.0	858450	3678.2578123443104	1.85
39793.66333951686	1850	17.08972457789428	0.0	1025005	4456.907782045361	1.85
39797.74328292556	1850	17.009781169192983	0.0	886255	4079.943408701299	1.85
39802.40948016131	1850	16.343583933446308	0.0	973972	4666.197235746674	1.85
39806.73782380865	1850	16.01524028610224	0.0	958994	4328.343647344069	1.85
39810.949639625156	1850	15.803424469601376	0.0	982064	4211.8158165008645	1.85
39814.54783673589	1850	16.205227358869944	0.0	830730	3598.1971107314307	1.85
39818.06935357802	1850	16.683710516736216	0.0	846370	3521.516842133726	1.85

