40941.36489674685	750	4.0	8.811377471574117	450283	8811.377471574116	-37.1389231277687
40944.51170158411	300	4.853195162735916	0.0	155580	3146.804837264084	-0.15000000000000002
40947.28996441716	300	6.074932329687275	0.0	139857	2778.262833048641	0.3
40950.443723032855	300	6.921173713992579	0.0	155432	3153.758615694697	0.3
40953.80058703555	300	7.564309711296312	0.0	163442	3356.8640026962667	0.3
40956.4786129399	300	8.886283806948198	0.0	126289	2678.025904348113	0.3
40959.6800541654	300	9.684842581448237	0.0	153295	3201.4412254999634	0.3
40963.26038768292	300	10.104509063922919	0.0	173849	3580.333517525318	0.3
40966.20018236348	300	11.164714383366832	0.0	150710	2939.794680556086	0.3
40968.96868473975	300	12.396212007092341	0.0	139105	2768.5023762744913	0.3
40971.97268425325	300	13.392212493601003	0.0	141840	3003.999513491339	0.3
40975.12162954607	300	14.243267200778432	0.0	156148	3148.9452928225714	0.3
40978.23262924226	300	15.132267504593038	0.0	160746	3110.9996961853944	0.3
40981.928046406414	300	15.436850340438925	0.0	179801	3695.4171641541125	0.3
40988.90957595592	750	12.455320790928655	0.0	337059	6981.529549510271	0.3
40996.54815455494	750	8.81674219190799	0.0	366214	7638.578599020665	0.75
40999.54085149784	300	9.824045249007572	0.0	143509	2992.696942900418	-0.15000000000000002
41002.787898364266	300	10.576998382586872	0.0	150616	3247.0468664207	0.3
41006.053779082664	300	11.31111766419254	0.0	165384	3265.880718394331	0.3
41008.715788762835	300	12.649107984015918	0.0	140881	2662.009680176623	0.3
41011.83049408534	300	13.534402661512893	0.0	157671	3114.7053225030254	0.3
41015.03776736992	300	14.327129376936862	0.0	157812	3207.2732845760315	0.3
41018.60796982527	300	14.756926921582512	0.0	163927	3570.2024553543506	0.3
41025.22351721631	750	12.141379530551466	0.0	343800	6615.547391031045	0.3
41027.720822509116	300	13.644074237744299	0.0	146754	2497.305292807169	-0.15000000000000002
41030.44917663008	300	14.915720116780662	0.0	153938	2728.354120963637	0.3
41034.00585776532	300	15.359038981542522	0.0	181901	3556.681135238139	0.3
41039.58365916627	750	13.781237580590222	0.0	277716	5577.8014009523	0.3
41047.222499097355	750	10.142397649502774	0.0	400396	7638.839931087449	0.75
41050.10715020685	300	11.257746540010798	0.0	149029	2884.651109491978	-0.15000000000000002
41053.310884893486	300	12.05401185337196	0.0	157421	3203.7346866388366	0.3
41056.457227158535	300	12.907669588327852	0.0	157488	3146.3422650441103	0.3
41059.27273935173	300	14.092157395130318	0.0	143881	2815.5121931975336	0.3
41062.35879892764	300	15.00609781921346	0.0	163444	3086.059575916857	0.3
41065.68972037667	300	15.675176370188222	0.0	179328	3330.9214490252393	0.3
41072.62081996233	750	12.744076784527282	0.0	365161	6931.09958566094	0.3
41079.220500178904	750	10.144396567951809	0.0	321064	6599.680216575475	0.75
41081.69640935034	300	11.668487396512253	0.0	124011	2475.9091714395545	-0.15000000000000002
41084.41552810122	300	12.949368645636097	0.0	144254	2719.1187508761564	0.3
41087.251207868474	300	14.113688878386327	0.0	149991	2835.67976724977	0.3
41090.05941002772	300	15.305486719137335	0.0	147968	2808.2021592489923	0.3
41093.05556782526	300	16.309328921602294	0.0	161857	2996.1577975350397	0.3
41099.76224311121	750	13.602653635649977	0.0	372093	6706.6752859523185	0.3
41107.8628200179	750	9.502076728954968	0.0	438281	8100.576906695009	0.75
41111.06980992855	300	10.295086818306563	0.0	167025	3206.9899106484045	-0.15000000000000002
41114.18482263471	300	11.180074112152495	0.0	160064	3115.0127061540684	0.3
41116.88597526363	300	12.47892148323294	0.0	137507	2701.152628919556	0.3
41119.26399318654	300	14.10090356031932	0.0	118421	2378.017922913619	0.3

