28599.900191418837	750	4.0	5.884201382522496	450283	5884.201382522497	-24.552065944846735
28602.25998526586	300	5.64020615297427	0.0	155580	2359.7938470257304	-0.15000000000000002
28604.390318752423	300	7.5098726664150215	0.0	139857	2130.3334865592483	0.3
28606.763940377234	300	9.13625104160282	0.0	155432	2373.6216248122014	0.3
28609.255761016502	300	10.644430402335773	0.0	163442	2491.820639267048	0.3
28611.067902112354	300	12.832289306484824	0.0	126289	1812.1410958509473	0.3
28613.23544171247	300	14.664749706367916	0.0	153295	2167.539600116909	0.3
28618.827757933188	750	13.072433485648787	0.0	437162	5592.316220719129	0.3
28623.830280050643	750	12.069911368194651	0.0	374758	5002.5221174541375	0.75
28629.11544049811	750	10.78475092072699	0.0	362795	5285.1604474676615	0.75
28633.830407957557	750	10.06978346128036	0.0	353220	4714.967459446631	0.75
28639.143615081488	750	8.756576337349873	0.0	405134	5313.207123930485	0.75
28641.45457503956	300	10.445616379281521	0.0	160746	2310.959958068354	-0.15000000000000002
28644.14479184749	300	11.755399571349873	0.0	179801	2690.216807931647	0.3
28646.121219014996	300	13.778972403844149	0.0	140051	1976.4271675057241	0.3
28650.829017094195	750	13.071174324644744	0.0	366214	4707.798079199406	0.3
28655.54070586826	750	12.359485550575755	0.0	360831	4711.68877406899	0.75
28660.47887557072	750	11.421315848118581	0.0	372963	4938.169702457172	0.75
28665.612825521148	750	10.28736589768792	0.0	405596	5133.949950430663	0.75
28669.565836976864	750	10.334354441972183	0.0	350713	3953.011455715738	0.75
28674.700652482683	750	9.199538936149478	0.0	386472	5134.815505822703	0.75
28680.346607918356	750	7.553583500479734	0.0	399894	5645.9554356697445	0.75
28685.645712184363	750	6.25447923447193	0.0	401853	5299.104266007804	0.75
28689.909936186796	750	5.990255232038827	0.0	343800	4264.224002433103	0.75
28694.06949716093	750	5.8306942579012695	0.0	359903	4159.560974137557	0.75
28695.85665042176	300	8.043540997068922	0.0	153938	1787.1532608323478	-0.15000000000000002
28698.317243959063	300	9.582947459767036	0.0	181901	2460.593537301886	0.3
28699.881851531587	300	12.01833988723999	0.0	111155	1564.6075725270468	0.3
28705.05027097974	750	10.849920439089496	0.0	400396	5168.419448150493	0.3
28710.70722236133	750	9.192969057498198	0.0	400508	5656.951381591298	0.75
28715.276965990754	750	8.623225428076152	0.0	358218	4569.743629422046	0.75
28720.143252126712	750	7.756939292116384	0.0	400322	4866.286135959767	0.75
28724.45698038389	750	7.443211034939341	0.0	369834	4313.728257177044	0.75
28729.596602268375	750	6.303589150453423	0.0	412837	5139.621884485918	0.75
28734.577626856146	750	5.322564562685334	0.0	401088	4981.024587768089	0.75
28739.458547186987	750	4.441644231844587	0.0	365161	4880.920330840747	0.75
28741.5017708656	300	6.398420553227928	0.0	131610	2043.223678616659	-0.15000000000000002
28743.37250846687	300	8.52768295195862	0.0	124011	1870.7376012693067	0.3
28745.51184644911	300	10.388344969718402	0.0	144254	2139.337982240219	0.3
28747.68370192174	300	12.216489497091965	0.0	149991	2171.8554726264374	0.3
28749.674329454894	300	14.225861963934037	0.0	147968	1990.6275331579288	0.3
28751.844297830725	300	16.055893588107217	0.0	161857	2169.9683758268197	0.3
28756.51240999551	750	15.387781423317604	0.0	372093	4668.1121647896125	0.3
28761.933479986004	750	13.966711432825734	0.0	438281	5421.069990491869	0.75
28767.85906464504	750	12.041126773788282	0.0	398987	5925.584659037454	0.75
28772.994966059232	750	10.905225359598887	0.0	393804	5135.901414189392	0.75
28780.073739903804	1200	7.826451515024939	0.0	538612	7078.773844573949	0.75
28787.34720645845	1200	4.552984960379337	0.0	550906	7273.466554645602	1.2

