23795.74516493052	750	4.0	1.8690049615176088	450283	1869.0049615176088	-7.286721334525717
23797.40988268352	750	6.335282246996398	0.0	398865	1664.7177530036022	0.75
23799.682332366672	1200	8.0628325638494	0.0	571051	2272.4496831469983	0.75
23801.92472189285	1200	9.820443037670405	0.0	617681	2242.3895261789953	1.2
23804.2898761399	1200	11.455288790619168	0.0	652874	2365.1542470512354	1.2
23806.134836978526	1200	13.610327951996915	0.0	520315	1844.9608386222542	1.2
23809.286434979324	1850	14.458729951199262	0.0	905515	3151.5980007976523	1.2000000000000002
23815.11262505765	2850	12.632539872874837	0.0	1638769	5826.190078324426	1.85
23819.644336210742	2850	12.100828719781417	0.0	1348011	4531.711153093419	2.85
23824.772889594748	2850	10.97227533577587	0.0	1429765	5128.553384005548	2.85
23829.589828743497	2850	10.1553361870256	0.0	1354548	4816.939148750269	2.85
23834.59836781583	2850	9.146797114693516	0.0	1519951	5008.539072332084	2.85
23839.348441951766	2850	8.396722978754966	0.0	1422919	4750.074135938549	2.85
23844.46512780545	2850	7.2800371250704	0.0	1578343	5116.685853684566	2.85
23848.842144893784	2850	6.903020036740923	0.0	1231445	4377.017088329478	2.85
23854.08371916025	2850	5.661445770272074	0.0	1471065	5241.574266468849	2.85
23859.380912438974	2850	4.36425249155042	0.0	1491626	5297.193278721654	2.85
23862.545216531238	1850	5.199948399282953	0.0	885714	3164.304092267467	0.8500000000000001
23866.064559486065	1850	5.680605444457728	0.0	987708	3519.342954825225	1.85
23869.382580570767	1850	6.362584359752826	0.0	923755	3318.021084704903	1.85
23872.578140176047	1850	7.167024754474491	0.0	891604	3195.559605278334	1.85
23875.9931932993	1850	7.751971631225532	0.0	955231	3415.0531232489607	1.85
23879.476684843274	1850	8.26848008725091	0.0	968026	3483.4915439746196	1.85
23882.733589227013	1850	9.011575703511165	0.0	874175	3256.904383739748	1.85
23886.154849684062	1850	9.590315246459868	0.0	897976	3421.2604570512967	1.85
23889.6747273622	1850	10.070437568325566	0.0	905935	3519.8776781343026	1.85
23893.45126785511	1850	10.293897075411195	0.0	1076599	3776.5404929143724	1.85
23896.00871865859	1850	11.736446271931541	0.0	758197	2557.4508034796527	1.85
23899.33529919256	1850	12.409865737963958	0.0	972798	3326.5805339675817	1.85
23904.612133915434	2850	11.13303101508693	0.0	1561263	5276.83472287703	1.85
23909.07837440096	2850	10.666790529559675	0.0	1341201	4466.240485527255	2.85
23914.08511297854	2850	9.660051951980552	0.0	1497683	5006.738577579123	2.85
23918.78120426902	2850	8.963960661500547	0.0	1358081	4696.091290480007	2.85
23924.21666663509	2850	7.528498295434782	0.0	1587293	5435.462366065764	2.85
23929.379429372686	2850	6.36573555783589	0.0	1492672	5162.762737598892	2.85
23934.382204384383	2850	5.362960546138213	0.0	1439896	5002.775011697677	2.85
23936.89283101956	1850	6.852333910961435	0.0	728962	2510.6266351767786	0.8500000000000001
23940.185946160887	1850	7.559218769631279	0.0	938587	3293.1151413301563	1.85
23943.318404296475	1850	8.426760634040331	0.0	908665	3132.458135590948	1.85
23946.449736666258	1850	9.29542826425912	0.0	930577	3131.3323697812098	1.85
23949.417660089166	1850	10.32750484135341	0.0	858450	2967.923422905712	1.85
23954.6980516836	2850	9.047113246917677	0.0	1527299	5280.391594435732	1.85
23959.451219374292	2850	8.293945556225292	0.0	1343002	4753.167690692385	2.85
23965.307321099746	2850	6.4378438307711034	0.0	1587250	5856.101725454188	2.85
23970.486342487977	2850	5.258822442542775	0.0	1464921	5179.021388228328	2.85
23975.613820704228	2850	4.131344226288767	0.0	1483527	5127.478216254009	2.85
23978.538795857763	1850	5.206369072753818	0.0	830730	2924.9751535349487	0.8500000000000001
23983.213107772608	2850	4.5320571579111695	0.0	1364537	4674.311914842649	1.85

