43084.50815259207	750	4.0	5.439730824571752	450283	5439.730824571752	-22.640842545658533
43086.085785647425	300	6.42236694464519	0.0	155580	1577.6330553548107	-0.15000000000000002
43087.512067086056	300	8.996085506010676	0.0	139857	1426.2814386345146	0.3
43091.47975420345	750	9.028398388613208	0.0	382355	3967.687117397468	0.3
43099.277048635486	1200	5.2311039565808635	0.0	652874	7797.294432032345	0.75
43100.76179904918	300	7.746353542884695	0.0	126289	1484.750413696169	-0.6000000000000001
43104.68399954141	750	7.824153050652254	0.0	352642	3922.200492232441	0.3
43108.951650787596	750	7.5565018044614725	0.0	437162	4267.651246190781	0.75
43112.599053497535	750	7.909099094523486	0.0	374758	3647.4027099379864	0.75
43116.13289474444	750	8.375257847619293	0.0	362795	3533.8412469041928	0.75
43119.58596066221	750	8.92219192985437	0.0	353220	3453.065917764926	0.75
43124.23921041333	750	8.268942178732374	0.0	405134	4653.249751121995	0.75
43128.135855150176	750	8.372297441886742	0.0	386351	3896.644736845631	0.75
43132.37749264354	750	8.130659948520533	0.0	434409	4241.637493366209	0.75
43135.762554025154	750	8.745598566910957	0.0	337059	3385.0613816095765	0.75
43139.87180402962	750	8.636348562441212	0.0	366214	4109.250004469744	0.75
43143.91529493086	750	8.592857661203926	0.0	360831	4043.4909012372864	0.75
43148.1441986383	750	8.363953953763984	0.0	372963	4228.903707439941	0.75
43152.44118189491	750	8.066970697155993	0.0	405596	4296.98325660799	0.75
43155.85829072479	750	8.649861867273021	0.0	350713	3417.1088298829723	0.75
43159.59419549789	750	8.913957094174293	0.0	386472	3735.9047730987268	0.75
43163.508716800934	750	8.999435791128798	0.0	399894	3914.521303045495	0.75
43167.70871436273	750	8.799438229337092	0.0	401853	4199.997561791706	0.75
43171.529315670414	750	8.978836921645645	0.0	343800	3820.6013076914483	0.75
43175.02375105047	750	9.484401541597203	0.0	359903	3494.4353800484414	0.75
43180.72672346226	1200	7.781429129803541	0.0	590335	5702.972411793661	0.75
43184.83962946354	750	7.66852312852645	0.0	425781	4112.9060012770915	0.3
43187.55305527068	750	8.955097321382496	0.0	277716	2713.4258071439535	0.75
43191.43900880842	750	9.069143783641918	0.0	400396	3885.953537740578	0.75
43198.05497479514	1200	6.453177796920571	0.0	641447	6615.965986721347	0.75
43200.010870575265	300	8.497282016795323	0.0	157421	1955.8957801252477	-0.6000000000000001
43204.27458026172	750	8.233572330339738	0.0	400322	4263.709686455583	0.3
43208.09379775797	750	8.414354834092954	0.0	369834	3819.217496246785	0.75
43212.496444847726	750	8.011707744332497	0.0	412837	4402.647089760456	0.75
43216.23882175899	750	8.269330833063675	0.0	401088	3742.3769112688233	0.75
43219.55129819275	750	8.956854399303863	0.0	365161	3312.4764337598126	0.75
43222.51842438277	750	9.989728209292295	0.0	321064	2967.1261900115683	0.75
43228.241859399175	1200	8.266293192881676	0.0	575591	5723.435016410617	0.75
43231.58719705117	750	8.920955540887192	0.0	378327	3345.3376519944823	0.3
43235.120626032694	750	9.38752655936402	0.0	390680	3533.428981523173	0.75
43241.137159936436	1200	7.370992655626067	0.0	566904	6016.533903737953	0.75
43245.17063578352	750	7.337516808536036	0.0	384505	4033.4758470900306	0.3
43249.225188436445	750	7.282964155608615	0.0	372093	4054.552652927422	0.75
43254.37025334897	750	6.137899243085335	0.0	438281	5145.064912523279	0.75
43256.2172639669	300	8.290888625152649	0.0	167025	1847.010617932685	-0.15000000000000002
43260.657175496446	750	7.8509770956137155	0.0	393804	4439.911529538934	0.3
43264.16995854285	750	8.338194049202004	0.0	331053	3512.7830464117105	0.75
43267.12541737818	750	9.382735213874195	0.0	314107	2955.458835327808	0.75

