28561.7421083474	750	4.0	2.012954157948128	450283	2012.9541579481279	-7.90570287917695
28563.5343376792	750	6.207770668202041	0.0	398865	1792.2293317979581	0.75
28565.11772916682	750	8.624379180579698	0.0	350812	1583.3914876223448	0.75
28566.81130292801	750	10.930805419389396	0.0	382355	1693.5737611903028	0.75
28568.628128733166	750	13.11397961423648	0.0	411561	1816.8258051529133	0.75
28570.052498524747	750	15.68960982265581	0.0	318564	1424.369791580671	0.75
28571.87769131477	750	17.864417032630996	0.0	352642	1825.1927900248102	0.75
28574.158650655474	750	19.583457691928988	0.0	437162	2280.9593407020106	0.75
28578.495549511703	1850	19.246558835697176	0.0	852833	4336.898856231813	0.75
28582.653154335763	1850	19.088954011638634	0.0	913888	4157.60482405854	1.85
28586.680332500862	1850	19.0617758465363	0.0	939819	4027.1781651023343	1.85
28590.92794783082	1850	18.81416051658182	0.0	917428	4247.615329954484	1.85
28594.86102189122	1850	18.881086456179652	0.0	946851	3933.0740604021676	1.85
28599.33052121257	1850	18.411587134830935	0.0	1036454	4469.499321348719	1.85
28603.306260719168	1850	18.435847628231087	0.0	821631	3975.7395065998485	1.85
28608.00740729011	1850	17.734701057289033	0.0	923170	4701.146570942056	1.85
28612.55765081523	1850	17.184457532171773	0.0	966699	4550.243525117258	1.85
28616.31788730585	1850	17.424221041554	0.0	885714	3760.236490617775	1.85
28620.594989970803	1850	17.147118376599177	0.0	987708	4277.102664954822	1.85
28624.789402970848	1850	16.952705376554214	0.0	923755	4194.413000044964	1.85
28629.256899881755	1850	16.48520846564849	0.0	891604	4467.496910905725	1.85
28634.17335744971	1850	15.568750897696292	0.0	955231	4916.4575679521995	1.85
28638.622745550776	1850	15.119362796623722	0.0	968026	4449.388101072572	1.85
28642.39701888559	1850	15.345089461810586	0.0	874175	3774.2733348131355	1.85
28646.831337764535	1850	14.91077058286507	0.0	897976	4434.318878945519	1.85
28651.11196916798	1850	14.630139179420246	0.0	905935	4280.631403444823	1.85
28656.617743824256	1850	13.124364523145479	0.0	1076599	5505.774656274766	1.85
28660.35625452803	1850	13.385853819368023	0.0	758197	3738.5107037774555	1.85
28664.660623012016	1850	13.081485335379618	0.0	972798	4304.3684839884045	1.85
28669.113421984694	1850	12.628686362702258	0.0	975811	4452.798972677361	1.85
28673.433909343832	1850	12.308199003567053	0.0	873429	4320.487359135205	1.85
28677.77772714947	1850	11.964381197924839	0.0	954453	4343.817805642214	1.85
28682.020960565147	1850	11.721147782249929	0.0	885062	4243.23341567491	1.85
28686.9502104123	1850	10.7918979351003	0.0	1035329	4929.249847149629	1.85
28692.021994768507	1850	9.720113578891253	0.0	1026056	5071.7843562090475	1.85
28696.44962434025	1850	9.292484007148214	0.0	943942	4427.6295717430385	1.85
28699.94307597281	1850	9.799032374589968	0.0	728962	3493.4516325582467	1.85
28704.22556374236	1850	9.516544605043775	0.0	938587	4282.487769546193	1.85
28707.988184641596	1850	9.753923705805313	0.0	908665	3762.6208992384622	1.85
28711.877595389764	1850	9.864512957636828	0.0	930577	3889.410748168485	1.85
28715.617759049957	1850	10.124349297444514	0.0	858450	3740.1636601923133	1.85
28720.203961400526	1850	9.538146946873319	0.0	1025005	4586.202350571195	1.85
28724.444651038797	1850	9.297457308606171	0.0	886255	4240.689638267147	1.85
28729.39270560421	1850	8.349402743194235	0.0	973972	4948.054565411938	1.85
28733.494335161413	1850	8.247773185988793	0.0	958994	4101.6295572054405	1.85
28737.619332203034	1850	8.122776144369432	0.0	982064	4124.997041619361	1.85
28741.593390210197	1850	8.148718137206442	0.0	830730	3974.05800716299	1.85
28745.586243042817	1850	8.155865304588847	0.0	846370	3992.852832617595	1.85

