18380.454802906614	750	4.0	5.565172562873179	450283	5565.172562873178	-23.18024202035467
18382.473894697363	300	5.980908209248794	0.0	155580	2019.0917907512064	-0.15000000000000002
18384.29702080984	300	8.157782096772308	0.0	139857	1823.1261124764846	0.3
18386.27484411634	300	10.179958790276311	0.0	155432	1977.823306495999	0.3
18388.319222761795	300	12.135580144820445	0.0	163442	2044.3786454558676	0.3
18389.917066490798	300	14.537736415815806	0.0	126289	1597.8437290046381	0.3
18391.740475630344	300	16.71432727627386	0.0	153295	1823.4091395419448	0.3
18396.720381693667	750	15.734421212947948	0.0	437162	4979.90606332591	0.3
18401.04423167806	750	15.410571228555357	0.0	374758	4323.849984392593	0.75
18405.141108217333	750	15.31369468928391	0.0	362795	4096.876539271447	0.75
18409.198908115202	750	15.255894791416036	0.0	353220	4057.7998978678734	0.75
18414.039501534164	750	14.415301372451335	0.0	405134	4840.593418964701	0.75
18418.65617496302	750	13.798627943595205	0.0	386351	4616.673428856128	0.75
18423.673471144437	750	12.781331762178525	0.0	434409	5017.296181416682	0.75
18427.53042724476	750	12.924375661857763	0.0	337059	3856.956100320762	0.75
18431.778879236306	750	12.675923670312358	0.0	366214	4248.451991545406	0.75
18436.29664251656	750	12.15816039005826	0.0	360831	4517.763280254098	0.75
18440.58947312914	750	11.86532977747536	0.0	372963	4292.8306125829	0.75
18445.246588930433	750	11.208213976186755	0.0	405596	4657.115801288604	0.75
18449.784361132115	750	10.6704417745038	0.0	350713	4537.772201682953	0.75
18451.917348396604	300	12.537454510015309	0.0	157671	2132.9872644884936	-0.15000000000000002
18453.857321241652	300	14.597481664968258	0.0	157812	1939.9728450470498	0.3
18455.869365500454	300	16.58543740616647	0.0	163927	2012.0442588017877	0.3
18460.055905927824	750	16.398896978795843	0.0	343800	4186.540427370625	0.3
18464.4630502752	750	15.991752631420987	0.0	359903	4407.1443473748595	0.75
18469.00540899246	750	15.449393914162112	0.0	379700	4542.358717258875	0.75
18473.920620738358	750	14.53418216826475	0.0	425781	4915.211745897363	0.75
18477.127214747143	750	15.327588159479099	0.0	277716	3206.5940087856507	0.75
18481.763750800532	750	14.691052106091462	0.0	400396	4636.536053387638	0.75
18486.458774162205	750	13.996028744416169	0.0	400508	4695.023361675293	0.75
18490.630910675747	750	13.823892230877014	0.0	358218	4172.136513539155	0.75
18495.479888662358	750	12.974914244266671	0.0	400322	4848.977986610343	0.75
18500.052450108164	750	12.402352798460681	0.0	369834	4572.56144580599	0.75
18505.33692648517	750	11.117876421450514	0.0	412837	5284.476377010167	0.75
18510.44576720282	750	10.009035703807683	0.0	401088	5108.840717642831	0.75
18512.45958391777	300	11.995218988852738	0.0	159914	2013.8167149549458	-0.15000000000000002
18514.11048699564	300	14.344315910982967	0.0	131610	1650.9030778697702	0.3
18515.665983288043	300	16.7888196185822	0.0	124011	1555.4962924007677	0.3
18520.204045023136	750	16.250757883489182	0.0	378327	4538.061735093016	0.3
18524.9045718466	750	15.550231060024204	0.0	390680	4700.526823464979	0.75
18529.10899180607	750	15.34581110055283	0.0	345516	4204.419959471373	0.75
18533.599498755855	750	14.8553041507721	0.0	384505	4490.506949780729	0.75
18537.942938087566	750	14.511864819059596	0.0	372093	4343.439331712505	0.75
18542.96145810262	750	13.493344804005133	0.0	438281	5018.520015054462	0.75
18547.75418014262	750	12.700622764007624	0.0	398987	4792.7220399975095	0.75
18552.283375475523	750	12.171427431103293	0.0	393804	4529.195332904333	0.75
18556.085774476593	750	12.36902843003212	0.0	331053	3802.399001071173	0.75
18559.738528750637	750	12.71627415598937	0.0	314107	3652.7542740427502	0.75

