23272.577790313848	750	4.0	1.8690049615176088	450283	1869.0049615176088	-7.286721334525717
23273.27592022751	300	7.301870086339237	0.0	155580	698.1299136607635	-0.15000000000000002
23274.749720145694	750	9.828070168154637	0.0	350812	1473.799918184598	0.3
23277.13463354088	1200	11.443156772968385	0.0	617681	2384.9133951862527	0.75
23280.704071613007	1850	11.87371870084153	0.0	996749	3569.4380721268535	1.2000000000000002
23283.51390942053	1850	13.06388089331705	0.0	801058	2809.8378075244814	1.85
23288.390038777838	2850	12.1877515360105	0.0	1388403	4876.129357306549	1.85
23292.162066059755	1850	12.415724254098073	0.0	1060487	3772.027281912427	0.8500000000000001
23295.056487895497	1850	13.5213024183562	0.0	852833	2894.4218357418736	1.85
23300.089682620575	2850	12.488107693280057	0.0	1429765	5033.194725076143	1.85
23303.47020940169	1850	13.10758091216566	0.0	939819	3380.5267811143967	0.8500000000000001
23308.700537951598	2850	11.877252362257833	0.0	1519951	5230.328549907826	1.85
23311.8444438224	1850	12.733346491456144	0.0	946851	3143.90587080169	0.8500000000000001
23315.328818506634	1850	13.248971807217492	0.0	1036454	3484.3746842386513	1.85
23319.372304746325	2850	13.205485567528253	0.0	1231445	4043.4862396892395	1.85
23324.37105552864	2850	12.206734785215142	0.0	1471065	4998.750782313111	2.85
23327.862546523273	1850	12.715243790582713	0.0	966699	3491.4909946324287	0.8500000000000001
23331.042219631392	1850	13.535570682464119	0.0	885714	3179.6731081185953	1.85
23336.498662134843	2850	12.079128179012416	0.0	1537156	5456.442503451702	1.85
23339.79448529331	1850	12.783305020546102	0.0	923755	3295.8231584663135	0.8500000000000001
23342.979073181934	1850	13.598717131919843	0.0	891604	3184.587888626261	1.85
23348.201728692922	2850	12.37606162093341	0.0	1468126	5222.655510986433	1.85
23351.658626648066	1850	12.919163665789917	0.0	968026	3456.8979551434936	0.8500000000000001
23354.80513645912	1850	13.77265385473575	0.0	874175	3146.5098110541658	1.85
23359.865298211942	2850	12.712492101911506	0.0	1383735	5060.161752824244	1.85
23363.321672168775	1850	13.256118145078007	0.0	905935	3456.373956833498	0.8500000000000001
23369.081380520915	2850	11.496409792941554	0.0	1547572	5759.708352136452	1.85
23371.638831324395	1850	12.938958989461902	0.0	758197	2557.4508034796527	0.8500000000000001
23374.938822678843	1850	13.638967635015286	0.0	972798	3299.991354446616	1.85
23380.222064207228	2850	12.35572610662809	0.0	1561263	5283.241528387196	1.85
23383.203563009043	1850	13.374227304816234	0.0	873429	2981.498801811856	0.8500000000000001
23388.135130669594	2850	12.442659644265262	0.0	1497683	4931.56766055097	1.85
23391.16201752844	1850	13.415772785418762	0.0	885062	3026.8868588465	0.8500000000000001
23396.659945301868	2850	11.917845011990574	0.0	1587293	5497.927773428188	1.85
23400.201866536714	1850	12.37592377714287	0.0	1026056	3541.9212348477054	0.8500000000000001
23403.378003646943	1850	13.199786666913369	0.0	943942	3176.1371102294997	1.85
23407.456613356902	2850	13.121176956952066	0.0	1139291	4078.6097099613025	1.85
23412.597526888818	2850	11.980263425036215	0.0	1499009	5140.91353191585	2.85
23415.756750462202	1850	12.821039851652342	0.0	908665	3159.223573383874	0.8500000000000001
23419.01765078467	1850	13.560139529182981	0.0	930577	3260.9003224693606	1.85
23423.48982865853	2850	13.087961655324149	0.0	1339500	4472.177873858833	1.85
23428.72839517152	2850	11.849395142328076	0.0	1527299	5238.566512996073	2.85
23431.83895083918	1850	12.73883947467253	0.0	886255	3110.5556676555457	0.8500000000000001
23435.290842709404	1850	13.286947604451132	0.0	973972	3451.8918702213987	1.85
23440.634861613646	2850	11.942928700209821	0.0	1464921	5344.018904241311	1.85
23444.38033864864	1850	12.197451665217667	0.0	982064	3745.477034992154	0.8500000000000001
23447.22357215168	1850	13.354218162178075	0.0	830730	2843.2335030395916	1.85
23451.93005835739	2850	12.647731956468792	0.0	1364537	4706.4862057092805	1.85

