25922.01905429403	750	4.0	0.7227459921961153	450283	722.7459921961154	-2.3578077664432957
25922.6684048584	750	7.350649435627586	0.0	398865	649.3505643724137	0.75
25923.24916328591	750	10.76989100811799	0.0	350812	580.7584275095965	0.75
25923.874947034896	750	14.144107259128697	0.0	382355	625.7837489892926	0.75
25924.542420209087	750	17.476634084937746	0.0	411561	667.4731741909543	0.75
25925.765871814005	1850	20.253182480021202	0.0	801058	1223.4516049165431	0.75
25927.139019676742	1850	22.88003461728382	0.0	905515	1373.1478627373824	1.85
25928.73596121048	1850	25.283093083544866	0.0	1060487	1596.9415337389528	1.85
25930.035870364525	1850	27.98318392950225	0.0	852833	1299.9091540426164	1.85
25931.4231137955	1850	30.595940498526083	0.0	913888	1387.2434309761684	1.85
25935.001387826327	1850	31.017666467699325	0.0	939819	3578.274030826761	1.85
25940.677583906872	1850	29.341470387153784	0.0	917428	5676.196080545541	1.85
25946.038097505465	1850	27.980956788561155	0.0	946851	5360.513598592628	1.85
25949.42884055453	1850	28.590213739493073	0.0	1036454	3390.743049068082	1.85
25951.59034440459	1850	30.42870988943575	0.0	821631	2161.5038500573223	1.85
25953.385226801467	1850	32.633827492557536	0.0	923170	1794.8823968782126	1.85
25956.74016499023	4300	33.27888930379071	0.0	2289689	3354.938188766831	1.8499999999999996
25959.76372508132	4300	34.25532921270208	0.0	2059512	3023.5600910886283	4.3
25963.022067665926	4300	34.99698662809491	0.0	2220726	3258.34258460718	4.3
25966.266871331456	4300	35.75218296256578	0.0	2156729	3244.8036655291253	4.3
25969.319547591906	4300	36.69950670211864	0.0	2039773	3052.6762604471405	4.3
25972.545296731245	4300	37.47375756278109	0.0	2176469	3225.749139337552	4.3
25975.818667314717	4300	38.20038697931024	0.0	2221506	3273.3705834708494	4.3
25978.834311917275	4300	39.18474237675104	0.0	2044075	3015.644602559197	4.3
25982.0564073793	4300	39.96264691472571	0.0	2186790	3222.095462025335	4.3
25985.31256762908	4300	40.70648666494344	0.0	2105231	3256.160249782265	4.3
25989.21598036326	4300	40.80307393076272	0.0	2395588	3903.412734180721	4.3
25992.780816130235	4300	41.23823816378795	0.0	1972048	3564.835766974775	4.3
25999.194573640925	4300	38.82448065309963	0.0	2134614	6413.757510688315	4.3
26002.372906284938	4300	39.646148009085195	0.0	2164140	3178.332644014427	4.3
26005.504101506758	4300	40.51495278726732	0.0	2113193	3131.195221817875	4.3
26008.70573167971	4300	41.31332261431302	0.0	2147852	3201.6301729542974	4.3
26011.92965413881	4300	42.089400155215	0.0	2191074	3223.922459098025	4.3
26015.27074704859	4300	42.74830724543477	0.0	2286761	3341.09290978023	4.3
26018.61313111583	4300	43.40592317819518	0.0	2307787	3342.3840672395877	4.3
26023.172482847203	4300	42.846571446823816	0.0	2143948	4559.351731371371	4.3
26029.79151259236	4300	40.22754170166576	0.0	1919781	6619.029745158055	4.3
26032.916693148727	4300	41.10236114529705	0.0	2147467	3125.180556368709	4.3
26036.01383106952	4300	42.005223224507105	0.0	2133870	3097.137920789941	4.3
26039.12050172545	4300	42.89855256857498	0.0	2146120	3106.6706559321296	4.3
26042.206299560974	4300	43.81275473304799	0.0	2108491	3085.7978355269875	4.3
26046.98495691437	4300	43.03409737965561	0.0	2184571	4778.657353392371	4.3
26051.886221581175	4300	42.132832712847915	0.0	2121928	4901.2646668077	4.3
26055.10539828495	4300	42.91365600907004	0.0	2219102	3219.1767037778804	4.3
26058.197040344716	4300	43.82201394930854	0.0	2124950	3091.6420597614906	4.3
26062.013798029966	4300	44.005256264056406	0.0	2246506	3816.757685252138	4.3
26070.437741954614	4300	39.58131233940896	0.0	1961140	8423.943924647441	4.3
26073.557752306107	4300	40.461301987913956	0.0	2155012	3120.0103514950074	4.3

