17661.3498473267	750	4.0	2.262192842520104	450283	2262.192842520104	-8.977429222836447
17662.18382996082	300	7.166017365880396	0.0	155580	833.9826341196043	-0.15000000000000002
17662.941614697032	300	10.408232629667095	0.0	139857	757.7847362133018	0.3
17664.83950096685	750	12.510346359849645	0.0	382355	1897.886269817449	0.3
17666.764072670867	750	14.585774655833976	0.0	411561	1924.5717040156685	0.75
17668.271841920912	750	17.078005405788304	0.0	318564	1507.7692500456733	0.75
17669.910115889306	750	19.43973143739299	0.0	352642	1638.2739683953134	0.75
17674.37198123155	1850	18.977866095149825	0.0	1060487	4461.865342243166	0.75
17678.67932809834	1850	18.670519228357854	0.0	852833	4307.34686679197	1.85
17683.060493593217	1850	18.289353733484088	0.0	913888	4381.165494873765	1.85
17687.22017682608	1850	18.129670500620293	0.0	939819	4159.683232863794	1.85
17691.117217212708	1850	18.232630113990567	0.0	917428	3897.040386629727	1.85
17695.155786666404	1850	18.194060660293513	0.0	946851	4038.569453697054	1.85
17700.22039467089	1850	17.129452655810674	0.0	1036454	5064.608004482836	1.85
17703.75117694224	1850	17.598670384459684	0.0	821631	3530.7822713509886	1.85
17707.672926989984	1850	17.67692033671501	0.0	923170	3921.750047744675	1.85
17711.772319147018	1850	17.577528179683256	0.0	966699	4099.392157031754	1.85
17715.57420145407	1850	17.77564587263059	0.0	885714	3801.882307052667	1.85
17719.774500745898	1850	17.5753465808026	0.0	987708	4200.299291827992	1.85
17723.741193595033	1850	17.60865373166414	0.0	923755	3966.6928491384574	1.85
17727.59659309485	1850	17.7532542318446	0.0	891604	3855.3994998195394	1.85
17731.784796848762	1850	17.56505047793292	0.0	955231	4188.203753911677	1.85
17736.179965099178	1850	17.169882227518155	0.0	968026	4395.168250414766	1.85
17739.96629787544	1850	17.383549451260055	0.0	874175	3786.3327762581016	1.85
17743.944619935766	1850	17.405227390932243	0.0	897976	3978.322060327813	1.85
17747.92878253888	1850	17.421064787818914	0.0	905935	3984.1626031133296	1.85
17752.59774497016	1850	16.75210235653772	0.0	1076599	4668.962431281196	1.85
17755.97503014063	1850	17.374817186067954	0.0	758197	3377.2851704697637	1.85
17762.029329069785	1850	15.320518256914655	0.0	972798	6054.2989291532995	1.85
17766.345158079745	1850	15.004689246956902	0.0	975811	4315.829009957753	1.85
17770.06502441603	1850	15.284822910666328	0.0	873429	3719.8663362905727	1.85
17774.45619602455	1850	14.893651302150458	0.0	954453	4391.171608515869	1.85
17778.47204128762	1850	14.877806039078438	0.0	885062	4015.8452630720208	1.85
17782.852815784037	1850	14.49703154266197	0.0	1035329	4380.774496416467	1.85
17787.303253803915	1850	14.046593522782766	0.0	1026056	4450.438019879204	1.85
17791.76503762329	1850	13.58480970340923	0.0	943942	4461.783819373537	1.85
17794.91575814947	1850	14.434089177232483	0.0	728962	3150.7205261767467	1.85
17798.93221640556	1850	14.417630921141916	0.0	938587	4016.4582560905674	1.85
17802.876167923205	1850	14.473679403498256	0.0	908665	3943.9515176436607	1.85
17807.14026087297	1850	14.209586453729743	0.0	930577	4264.092949768512	1.85
17810.777169829908	1850	14.572677496791743	0.0	858450	3636.9089569380008	1.85
17815.07148330194	1850	14.27836402476047	0.0	1025005	4294.313472031273	1.85
17818.902501717934	1850	14.44734560876972	0.0	886255	3831.0184159907512	1.85
17823.304337052694	1850	14.04551027400754	0.0	973972	4401.83533476218	1.85
17827.433532124996	1850	13.916315201706102	0.0	958994	4129.195072301438	1.85
17831.885222952365	1850	13.46462437433475	0.0	982064	4451.690827371351	1.85
17835.420079105385	1850	13.929768221315337	0.0	830730	3534.8561530194147	1.85
17838.92890187296	1850	14.420945453735866	0.0	846370	3508.8227675794697	1.85

