36690.55979568816	750	4.0	1.5186854206588394	450283	1518.6854206588393	-5.780347308833009
36691.914197032005	750	6.645598656153823	0.0	398865	1354.4013438461766	0.75
36693.11506570747	750	9.444729980693792	0.0	350812	1200.86867546003	0.75
36694.41946820026	750	12.140327487896917	0.0	382355	1304.4024927968744	0.75
36695.87950693705	750	14.68028875110578	0.0	411561	1460.038736791137	0.75
36697.02770985266	750	17.53208583550607	0.0	318564	1148.2029155997086	0.75
36700.112856247106	1850	18.446939441060007	0.0	905515	3085.1463944460634	0.75
36703.544458088676	1850	19.015337599489452	0.0	1060487	3431.6018415705566	1.85
36707.291736405954	1850	19.268059282210572	0.0	852833	3747.2783172788804	1.85
36711.27588933459	1850	19.283906353571442	0.0	913888	3984.15292863913	1.85
36714.4726252846	1850	20.087170403554943	0.0	939819	3196.735950016499	1.85
36717.618354163256	1850	20.941441524897606	0.0	917428	3145.7288786573367	1.85
36720.83747328008	1850	21.72232240807527	0.0	946851	3219.1191168223345	1.85
36724.257089548715	1850	22.302706139442854	0.0	1036454	3419.616268632418	1.85
36726.88511797545	1850	23.67467771270719	0.0	821631	2628.02842673566	1.85
36729.77012811363	1850	24.78966757452359	0.0	923170	2885.010138183598	1.85
36733.045049181324	1850	25.51474650683105	0.0	966699	3274.921067692545	1.85
36736.116270642546	1850	26.44352504560786	0.0	885714	3071.221461223186	1.85
36739.57161661741	1850	26.988179070748807	0.0	987708	3455.345974859054	1.85
36742.93269873959	1850	27.627096948569815	0.0	923755	3361.0821221789934	1.85
36746.22011091149	1850	28.33968477667088	0.0	891604	3287.412171898938	1.85
36749.65589548445	1850	28.90390020370647	0.0	955231	3435.7845729644064	1.85
36753.022651541665	1850	29.537144146494338	0.0	968026	3366.7560572121315	1.85
36756.01961714833	1850	30.540178539825728	0.0	874175	2996.9656066686102	1.85
36759.15351750715	1850	31.4062781810041	0.0	897976	3133.900358821627	1.85
36762.299169624974	1850	32.26062606317528	0.0	905935	3145.6521178288203	1.85
36765.99355366816	1850	32.56624201999399	0.0	1076599	3694.3840431812873	1.85
36768.53494528673	1850	34.024850401421894	0.0	758197	2541.391618572105	1.85
36771.78212881853	1850	34.77766686962386	0.0	972798	3247.1835317980353	1.85
36775.167089781484	1850	35.392705906664325	0.0	975811	3384.9609629595293	1.85
36778.36272713389	1850	36.19706855425873	0.0	873429	3195.6373524055994	1.85
36781.96747342817	1850	36.59232225997507	0.0	954453	3604.746294283662	1.85
36785.23773807137	1850	37.32205761677375	0.0	885062	3270.2646432013307	1.85
36793.08397605772	4300	33.47581963042243	0.0	2286761	7846.237986351322	1.8499999999999996
36801.41335057827	4300	29.146445109881874	0.0	2307787	8329.37452054055	4.3
36808.494958584815	4300	26.064837103331868	0.0	2143948	7081.6080065500055	4.3
36815.00050759615	4300	23.55928809199394	0.0	1919781	6505.54901133793	4.3
36822.23357731146	4300	20.32621837667924	0.0	2147467	7233.069715314697	4.3
36829.894380060025	4300	16.665415628119582	0.0	2133870	7660.802748559658	4.3
36837.293761585075	4300	13.266034103070051	0.0	2146120	7399.381525049531	4.3
36840.33352345948	1850	14.22627222866108	0.0	858450	3039.7618744089727	-0.6000000000000001
36843.8519307665	1850	14.707864921637425	0.0	1025005	3518.407307023653	1.85
36846.7986545382	1850	15.761141149939755	0.0	886255	2946.7237716976715	1.85
36850.2776340943	1850	16.282161593835447	0.0	973972	3478.9795561043074	1.85
36853.76565516402	1850	16.794140524123936	0.0	958994	3488.0210697115112	1.85
36857.32252482221	1850	17.237270865933358	0.0	982064	3556.8696581905792	1.85
36860.249603767734	1850	18.310191920410848	0.0	830730	2927.0789455225104	1.85
36863.21878782293	1850	19.341007865206393	0.0	846370	2969.184055204457	1.85

