26080.38731177326	750	4.0	6.829559467151675	450283	6829.559467151676	-28.617105708752202
26082.779127117792	300	5.608184655470529	0.0	155580	2391.815344529471	-0.15000000000000002
26084.92980232823	300	7.457509445027952	0.0	139857	2150.6752104425764	0.3
26087.30420393782	300	9.083107835439504	0.0	155432	2374.401609588447	0.3
26089.806398189772	300	10.580913583489545	0.0	163442	2502.194251949959	0.3
26091.771831704627	300	12.615480068631973	0.0	126289	1965.4335148575733	0.3
26094.14065176743	300	14.246660005830742	0.0	153295	2368.820062801229	0.3
26100.799875354554	750	11.587436418705154	0.0	437162	6659.223587125588	0.3
26106.461412447523	750	9.925899325737594	0.0	374758	5661.53709296756	0.75
26108.58748004071	300	11.799831732551372	0.0	139105	2126.0675931862224	-0.15000000000000002
26110.764963837046	300	13.62234793621403	0.0	141840	2177.483796337343	0.3
26113.161238377317	300	15.226073395942564	0.0	156148	2396.2745402714672	0.3
26119.035787089837	750	13.35152468342411	0.0	386351	5874.548712518454	0.3
26125.71013284421	750	10.67717892905178	0.0	434409	6674.345754372331	0.75
26127.903628086522	300	12.483683686740072	0.0	140051	2193.4952423117065	-0.15000000000000002
26130.075248422112	300	14.312063351151092	0.0	138313	2171.620335588979	0.3
26132.361363936532	300	16.025947836732783	0.0	143509	2286.115514418309	0.3
26138.014927234348	750	14.372384538915371	0.0	372963	5653.5632978174135	0.3
26144.143504291307	750	12.243807481957177	0.0	405596	6128.577056958195	0.75
26149.429279501997	750	10.958032271268861	0.0	350713	5285.775210688317	0.75
26151.8976333587	300	12.489678414562192	0.0	157671	2468.3538567066694	-0.15000000000000002
26154.393428056257	300	13.993883717004381	0.0	157812	2495.7946975578107	0.3
26156.919160401594	300	15.468151371669743	0.0	163927	2525.7323453346385	0.3
26162.05731663025	750	14.329995143016975	0.0	343800	5138.156228652767	0.3
26167.95973232497	750	12.42757944829658	0.0	359903	5902.415694720395	0.75
26174.091552202637	750	10.29575957062816	0.0	379700	6131.819877668419	0.75
26176.784288723105	300	11.60302305016087	0.0	181901	2692.7365204672915	-0.15000000000000002
26178.467600209326	300	13.919711563938865	0.0	111155	1683.3114862220039	0.3
26180.76321498906	300	15.62409678420668	0.0	153605	2295.614779732184	0.3
26186.690633856742	750	13.69667791652252	0.0	400508	5927.4188676841595	0.3
26191.76562803684	750	12.62168373642902	0.0	358218	5074.994180093499	0.75
26197.465923626114	750	10.921388147154405	0.0	400322	5700.295589274615	0.75
26199.489101137515	300	12.898210635752852	0.0	143881	2023.1775114015534	-0.15000000000000002
26201.83130773755	300	14.55600403572165	0.0	163444	2342.2066000312034	0.3
26207.896376574216	750	12.49093519905617	0.0	401088	6065.068836665479	0.3
26213.359460281008	750	11.027851492263997	0.0	365161	5463.083706792173	0.75
26215.382568878278	300	13.00474289499396	0.0	131610	2023.1085972700366	-0.15000000000000002
26217.29357504404	300	15.093736729233118	0.0	124011	1911.006165760842	0.3
26219.503637794245	300	16.883673979029208	0.0	144254	2210.06275020391	0.3
26225.309604226873	750	15.077707546402147	0.0	390680	5805.966432627062	0.3
26230.36984973266	750	14.01746204061484	0.0	345516	5060.245505787309	0.75
26236.12840919683	750	12.258902576442692	0.0	384505	5758.559464172147	0.75
26241.64940199776	750	10.737909775514781	0.0	372093	5520.992800927911	0.75
26244.234721224533	300	12.152590548744143	0.0	172312	2585.319226770638	-0.15000000000000002
26246.742269482547	300	13.645042290730755	0.0	167025	2507.548258013389	0.3
26249.17453909656	300	15.212772676715318	0.0	160064	2432.2696140154376	0.3
26251.280151850053	300	17.107159923222788	0.0	137507	2105.6127534925313	0.3
26256.108002070396	750	16.279309702877104	0.0	314107	4827.850220345685	0.3

