7403.422925046338	750	4.0	2.395431321607517	450283	2395.431321607517	-9.550354682912323
7404.302943712411	300	7.1199813339262255	0.0	155580	880.0186660737747	-0.15000000000000002
7405.102112053979	300	10.320812992358674	0.0	139857	799.168341567553	0.3
7407.055696290954	750	12.367228755383938	0.0	382355	1953.5842369747356	0.3
7409.0074117168615	750	14.41551332947631	0.0	411561	1951.715425907626	0.75
7410.536191248788	750	16.886733797550697	0.0	318564	1528.7795319256127	0.75
7412.1444703584275	750	19.278454687910287	0.0	352642	1608.2791096404128	0.75
7416.471799299463	1850	18.951125746874887	0.0	1060487	4327.328941035397	0.75
7420.341483077605	1850	19.081441968733035	0.0	852833	3869.683778141855	1.85
7424.613985609482	1850	18.808939436855724	0.0	913888	4272.502531877311	1.85
7428.894795609653	1850	18.528129436685024	0.0	939819	4280.8100001707	1.85
7433.296567898372	1850	18.126357147965567	0.0	917428	4401.772288719458	1.85
7438.795333500112	1850	16.627591546225478	0.0	946851	5498.765601740087	1.85
7444.145068833872	1850	15.277856212465895	0.0	1036454	5349.735333759583	1.85
7448.182244643558	1850	15.2406804027801	0.0	821631	4037.175809685793	1.85
7451.969864497761	1850	15.453060548577593	0.0	923170	3787.6198542025095	1.85
7456.584216015418	1850	14.838709030919727	0.0	966699	4614.351517657866	1.85
7461.045564263123	1850	14.377360783215032	0.0	885714	4461.348247704695	1.85
7465.422425218196	1850	14.000499828142805	0.0	987708	4376.860955072227	1.85
7469.339184411484	1850	14.08374063485493	0.0	923755	3916.759193287874	1.85
7473.1559146312175	1850	14.267010415120637	0.0	891604	3816.730219734292	1.85
7476.958633312408	1850	14.464291733930436	0.0	955231	3802.718681190203	1.85
7481.525078707387	1850	13.897846338950417	0.0	968026	4566.445394980018	1.85
7485.38149808635	1850	14.041426959988215	0.0	874175	3856.4193789622022	1.85
7490.030762127766	1850	13.392162918571817	0.0	897976	4649.264041416398	1.85
7495.130783874542	1850	12.292141171795704	0.0	905935	5100.021746776114	1.85
7499.687625754786	1850	11.735299291552796	0.0	1076599	4556.841880242908	1.85
7503.162446997621	1850	12.260478048717342	0.0	758197	3474.8212428354527	1.85
7507.618864058894	1850	11.804060987444169	0.0	972798	4456.417061273173	1.85
7512.995034920954	1850	10.42789012538386	0.0	975811	5376.17086206031	1.85
7516.815148695676	1850	10.607776350662686	0.0	873429	3820.1137747211737	1.85
7520.755648719478	1850	10.667276326860993	0.0	954453	3940.5000238016933	1.85
7524.432371432663	1850	10.990553613675697	0.0	885062	3676.7227131852965	1.85
7529.169617197669	1850	10.25330784866936	0.0	1035329	4737.245765006337	1.85
7533.996801254614	1850	9.426123791724404	0.0	1026056	4827.184056944957	1.85
7537.711038430592	1850	9.711886615746396	0.0	943942	3714.2371759780067	1.85
7540.818321023021	1850	10.604604023317904	0.0	728962	3107.282592428492	1.85
7544.914174403742	1850	10.508750642596281	0.0	938587	4095.853380721623	1.85
7548.5778574089145	1850	10.845067637424105	0.0	908665	3663.683005172177	1.85
7552.508727330987	1850	10.914197715351843	0.0	930577	3930.8699220722606	1.85
7557.240383042293	1850	10.18254200404619	0.0	858450	4731.655711305653	1.85
7562.464169058527	1850	8.958755987812237	0.0	1025005	5223.786016233953	1.85
7566.302175828556	1850	9.120749217783777	0.0	886255	3838.006770028459	1.85
7570.449552469106	1850	8.973372577234043	0.0	973972	4147.376640549733	1.85
7574.630910956277	1850	8.792014090062123	0.0	958994	4181.358487171922	1.85
7578.616004868014	1850	8.806920178326108	0.0	982064	3985.093911736016	1.85
7582.2472018263925	1850	9.175723219947212	0.0	830730	3631.1969583788946	1.85
7585.970062677631	1850	9.452862368708661	0.0	846370	3722.8608512385504	1.85

