37987.233439905074	750	4.0	1.9620912859185582	450283	1962.0912859185582	-7.6869925294498
37988.980614417014	750	6.252825488064381	0.0	398865	1747.1745119356178	0.75
37991.364006628515	1200	7.869433276565887	0.0	571051	2383.3922114984944	0.75
37993.79554558098	1200	9.437894324101737	0.0	617681	2431.53895246415	1.2
37996.41898268807	1200	10.814457217006105	0.0	652874	2623.4371070956327	1.2
37998.64618166563	1200	12.587258239444468	0.0	520315	2227.198977561634	1.2
38002.33488647552	1850	12.898553429553015	0.0	905515	3688.704809891455	1.2000000000000002
38006.46190836344	1850	12.77153154163434	0.0	1060487	4127.021887918674	1.85
38009.87141767218	1850	13.362022232896571	0.0	852833	3409.5093087377695	1.85
38013.458055858886	1850	13.775384046191911	0.0	913888	3586.6381867046584	1.85
38017.28663335836	1850	13.946806546718621	0.0	939819	3828.577499473291	1.85
38023.974223113124	2850	11.259216791951333	0.0	1519951	6687.589754767286	1.85
38029.7027289401	2850	9.53071096497541	0.0	1422919	5728.505826975923	2.85
38035.97827595347	2850	7.255163951600984	0.0	1578343	6275.547013374427	2.85
38039.413290838325	1850	7.820149066746129	0.0	821631	3435.0148848548556	0.8500000000000001
38043.163805048025	1850	8.069634857046195	0.0	923170	3750.5142096999357	1.85
38046.966089040325	1850	8.26735086475136	0.0	966699	3802.2839922948333	1.85
38050.69608933909	1850	8.53735056598108	0.0	885714	3730.000298770282	1.85
38054.718511658335	1850	8.51492824673907	0.0	987708	4022.422319242011	1.85
38058.496544251575	1850	8.736895653494878	0.0	923755	3778.032593244191	1.85
38062.28810175705	1850	8.945338148019607	0.0	891604	3791.55750547527	1.85
38067.333672781904	1850	7.899767123163115	0.0	955231	5045.571024856493	1.85
38071.279535539776	1850	7.953904365292559	0.0	968026	3945.862757870556	1.85
38074.75748330137	1850	8.475956603695147	0.0	874175	3477.9477615974115	1.85
38078.3601072262	1850	8.873332678863106	0.0	897976	3602.623924832041	1.85
38082.142427114675	1850	9.091012790390213	0.0	905935	3782.3198884728936	1.85
38086.76233081315	1850	8.471109091909463	0.0	1076599	4619.903698480749	1.85
38090.1570659066	1850	9.076373998463987	0.0	758197	3394.735093445477	1.85
38094.31519916011	1850	8.918240744952628	0.0	972798	4158.133253511357	1.85
38098.21517912437	1850	9.018260780697945	0.0	975811	3899.979964254684	1.85
38101.655592240626	1850	9.577847664441476	0.0	873429	3440.4131162564686	1.85
38105.62118142322	1850	9.612258481839167	0.0	954453	3965.5891826023103	1.85
38109.373564494126	1850	9.859875410936521	0.0	885062	3752.3830709026433	1.85
38113.751382508075	1850	9.482057396982798	0.0	1035329	4377.8180139537235	1.85
38118.21702481646	1850	9.016415088595304	0.0	1026056	4465.642308387494	1.85
38122.13330768513	1850	9.100132219925909	0.0	943942	3916.282868669395	1.85
38125.12131616847	1850	10.11212373658314	0.0	728962	2988.0084833427677	1.85
38129.0158708746	1850	10.217569030460284	0.0	938587	3894.554706122856	1.85
38133.328504434394	1850	9.904935470664725	0.0	908665	4312.633559795559	1.85
38137.447439939744	1850	9.785999965312795	0.0	930577	4118.935505351928	1.85
38140.98829320927	1850	10.245146695788995	0.0	858450	3540.8532695238014	1.85
38145.09640229954	1850	10.137037605518774	0.0	1025005	4108.109090270222	1.85
38148.68072917972	1850	10.552710725333208	0.0	886255	3584.326880185565	1.85
38152.64304701968	1850	10.590392885376051	0.0	973972	3962.317839957156	1.85
38158.2829339157	2850	8.95050598935122	0.0	1464921	5639.886896024834	1.85
38164.23226744802	2850	7.001172457037522	0.0	1483527	5949.333532313697	2.85
38169.22173068974	2850	6.011709215321241	0.0	1231456	4989.463241716281	2.85
38175.09056493792	2850	4.142874967139564	0.0	1364537	5868.834248181677	2.85

