2908.7209952875696	750	4.0	6.547527727918499	450283	6547.527727918499	-27.404369230049547
2911.023263932038	300	5.6977313555313795	0.0	155580	2302.26864446862	-0.15000000000000002
2913.1059147914857	300	7.6150804960834995	0.0	139857	2082.65085944788	0.3
2915.422106337106	300	9.298888950463486	0.0	155432	2316.191545620012	0.3
2917.85010886591	300	10.87088642165916	0.0	163442	2428.0025288043266	0.3
2919.72478016057	300	12.99621512699941	0.0	126289	1874.6712946597486	0.3
2921.9832290841887	300	14.737766203380836	0.0	153295	2258.4489236185746	0.3
2928.4722187197153	750	12.248776567854312	0.0	437162	6488.989635526523	0.3
2935.014938535403	750	9.706056752166715	0.0	374758	6542.7198156875975	0.75
2937.085745160572	300	11.635250126997548	0.0	139105	2070.806625169167	-0.15000000000000002
2939.5585158360855	300	13.162479451484199	0.0	141840	2472.77067551335	0.3
2942.5830801436528	300	14.137915143917075	0.0	156148	3024.564307567123	0.3
2951.3387595475047	750	9.382235740065187	0.0	386351	8755.679403851887	0.3
2954.347557796806	300	10.37343749076346	0.0	179801	3008.798249301727	-0.15000000000000002
2956.9811395548268	300	11.739855732743004	0.0	140051	2633.5817580204553	0.3
2960.3651960178117	300	12.355799269758178	0.0	138313	3384.0564629848263	0.3
2964.4513428427467	300	12.269652444823413	0.0	143509	4086.146824934765	0.3
2967.714445028546	300	13.006550259024278	0.0	150616	3263.1021857991345	0.3
2970.6451050269316	300	14.075890260638348	0.0	165384	2930.6599983859305	0.3
2972.963287104722	300	15.757708182847853	0.0	140881	2318.182077790494	0.3
2978.9187800561226	750	13.802215231447095	0.0	386472	5955.492951400759	0.3
2985.064491507816	750	11.656503779753589	0.0	399894	6145.711451693506	0.75
2988.470976130686	300	12.250019156884171	0.0	163927	3406.4846228694173	-0.15000000000000002
2990.906801247193	300	13.814194040377044	0.0	137654	2435.8251165071265	0.3
2993.385945425902	300	15.335049861668152	0.0	146754	2479.1441787088916	0.3
2995.7812954197793	300	16.939699867790985	0.0	153938	2395.3499938771697	0.3
3002.0688196570036	750	14.652175630566388	0.0	425781	6287.524237224596	0.3
3006.465832073876	750	14.25516321369435	0.0	277716	4397.012416872038	0.75
3013.715040643141	750	11.005954644428696	0.0	400396	7249.208569265653	0.75
3016.119332374534	300	12.601662913035806	0.0	149029	2404.2917313928906	-0.15000000000000002
3018.450662174843	300	14.270333112727076	0.0	157421	2331.3298003087307	0.3
3021.0719736419614	300	15.649021645608377	0.0	157488	2621.311467118699	0.3
3027.2480747076056	750	13.472920579964171	0.0	369834	6176.101065644205	0.3
3033.2616237938905	750	11.459371493679082	0.0	412837	6013.549086285089	0.75
3035.910144268658	300	12.810851018911542	0.0	179328	2648.52047476754	-0.15000000000000002
3038.2722130276206	300	14.448782259948937	0.0	159914	2362.068758962606	0.3
3042.943656356292	750	13.777338931277354	0.0	321064	4671.443328671584	0.3
3050.1012189714515	750	10.619776316117793	0.0	361565	7157.562615159561	0.75
3052.310776063522	300	12.410219224047143	0.0	144254	2209.5570920706505	-0.15000000000000002
3054.560379042132	300	14.160616245437456	0.0	149991	2249.602978609686	0.3
3056.8606592321485	300	15.86033605542091	0.0	147968	2300.2801900165464	0.3
3063.257507327697	750	13.463487959872321	0.0	384505	6396.84809554859	0.3
3069.189431349177	750	11.531563938392592	0.0	372093	5931.924021479727	0.75
3071.761203048203	300	12.959792239366973	0.0	172312	2571.77169902562	-0.15000000000000002
3074.2472407226255	300	14.473754564944096	0.0	167025	2486.037674422876	0.3
3076.63437398779	300	16.08662129977972	0.0	160064	2387.1332651643793	0.3
3082.1430920821736	750	14.577903205395941	0.0	331053	5508.718094383777	0.3
3088.8201731843806	750	11.900822103189032	0.0	314107	6677.081102206911	0.75

