38015.40951083665	750	4.0	1.6344397665076353	450283	1634.4397665076353	-6.278090995982832
38016.02659471251	300	7.382916124141356	0.0	155580	617.0838758586441	-0.15000000000000002
38017.31764670285	750	10.091864133797335	0.0	350812	1291.0519903440204	0.3
38018.717589531974	750	12.69192130468092	0.0	382355	1399.9428291164154	0.75
38020.113232151634	750	15.296278685017752	0.0	411561	1395.642619663168	0.75
38022.67995265584	1850	16.729558180818128	0.0	801058	2566.7205041996262	0.75
38025.00604538437	1850	18.40346545228219	0.0	905515	2326.0927285359353	1.85
38026.873365578365	1850	20.536145258286894	0.0	1060487	1867.3201939952976	1.85
38030.411294806974	4300	20.99821602968074	0.0	2055469	3537.9292286061527	1.8499999999999996
38034.12220770927	4300	21.28730312738156	0.0	2169201	3710.9129022991833	4.3
38037.884638133255	4300	21.524872703388198	0.0	2173522	3762.4304239933604	4.3
38041.53795635856	4300	21.871554478083045	0.0	2102452	3653.3182253051546	4.3
38045.40836709654	4300	22.00114374009727	0.0	2209463	3870.410737985777	4.3
38049.56615338399	4300	21.843357452654033	0.0	2275376	4157.786287443238	4.3
38053.071945891315	4300	22.337564945322573	0.0	2005399	3505.792507331459	4.3
38056.81129147806	4300	22.598219358577555	0.0	2152483	3739.345586745016	4.3
38060.77889575559	4300	22.630615081045192	0.0	2289689	3967.6042775323644	4.3
38064.330768053806	4300	23.078742782827682	0.0	2059512	3551.872298217511	4.3
38068.23028359211	4300	23.179227244528587	0.0	2220726	3899.515538299098	4.3
38071.988954298606	4300	23.420556538027668	0.0	2156729	3758.6707065009186	4.3
38075.50384524923	4300	23.90566558740557	0.0	2039773	3514.890950622098	4.3
38081.28173501089	4300	22.127775825742237	0.0	2176469	5777.889761663333	4.3
38086.15570876643	4300	21.253802070201548	0.0	2221506	4873.973755540686	4.3
38089.95878981989	4300	21.450721016746698	0.0	2044075	3803.0810534548527	4.3
38093.69383823543	4300	21.71567260120526	0.0	2186790	3735.0484155414388	4.3
38097.23567563543	4300	22.17383520120995	0.0	2105231	3541.8373999953124	4.3
38101.28995777561	4300	22.11955306102586	0.0	2395588	4054.2821401840874	4.3
38104.7233210293	4300	22.686189807334312	0.0	1972048	3433.3632536915484	4.3
38108.403730047336	4300	23.005780789293706	0.0	2134614	3680.4090180406074	4.3
38112.168722113594	4300	23.24078872303752	0.0	2164140	3764.9920662561844	4.3
38115.98986230872	4300	23.419648527916284	0.0	2113193	3821.1401951212365	4.3
38120.04558699793	4300	23.36392383870543	0.0	2147852	4055.724689210857	4.3
38124.11494569189	4300	23.29456514475178	0.0	2191074	4069.358693953651	4.3
38128.451657221194	4300	22.957853615445647	0.0	2286761	4336.711529306131	4.3
38133.17956291376	4300	22.229947922879415	0.0	2307787	4727.905692566232	4.3
38137.78197591654	4300	21.627534920101404	0.0	2143948	4602.413002778014	4.3
38141.52732278848	4300	21.882188048162394	0.0	1919781	3745.3468719390057	4.3
38145.19881746855	4300	22.2106933681028	0.0	2147467	3671.4946800595976	4.3
38148.86724350304	4300	22.542267333609324	0.0	2133870	3668.426034493474	4.3
38152.57296837353	4300	22.836542463114345	0.0	2146120	3705.724870494981	4.3
38156.10641450082	4300	23.30309633583453	0.0	2108491	3533.4461272798103	4.3
38159.87807098074	4300	23.53143985591215	0.0	2184571	3771.656479922383	4.3
38163.561963770066	4300	23.84754706658466	0.0	2121928	3683.8927893274913	4.3
38167.37538453381	4300	24.03412630284962	0.0	2219102	3813.4207637350382	4.3
38171.11691479266	4300	24.292596043994664	0.0	2124950	3741.5302588549575	4.3
38175.02155197615	4300	24.387958860512075	0.0	2246506	3904.637183482593	4.3
38178.42917078657	4300	24.980340050091037	0.0	1961140	3407.618810421039	4.3
38182.19078903243	4300	25.21872180422928	0.0	2155012	3761.618245861753	4.3

