3963.594752788633	750	4.0	7.065351677631941	450283	7065.351677631941	-29.631012213817346
3966.0763397995634	300	5.518412989069329	0.0	155580	2481.587010930671	-0.15000000000000002
3968.3181679860945	300	7.2765848025381805	0.0	139857	2241.8281865311496	0.3
3970.802044327944	300	8.792708460688875	0.0	155432	2483.876341849305	0.3
3973.4095079505814	300	10.185244838050965	0.0	163442	2607.4636226379102	0.3
3975.442277882109	300	12.1524749065237	0.0	126289	2032.7699315272632	0.3
3977.888758772685	300	13.705994015948072	0.0	153295	2446.480890575628	0.3
3980.643966868063	300	14.95078592056947	0.0	173849	2755.2080953786035	0.3
3986.578564150429	750	13.016188638204099	0.0	374758	5934.59728236537	0.3
3992.302313655301	750	11.292439133331772	0.0	362795	5723.749504872326	0.75
3997.844449002623	750	9.750303786009528	0.0	353220	5542.135347322243	0.75
4000.334918741501	300	11.259834047131656	0.0	156148	2490.469738877871	-0.15000000000000002
4002.9058528452824	300	12.688899943350277	0.0	160746	2570.9341037813792	0.3
4005.8419705602023	300	13.752782228430304	0.0	179801	2936.117714919975	0.3
4008.14194061904	300	15.452812169592914	0.0	140051	2299.970058837391	0.3
4013.956225583687	750	13.6385272049458	0.0	366214	5814.284964647113	0.3
4019.6128314977955	750	11.981921290837322	0.0	360831	5656.605914108476	0.75
4025.436831759953	750	10.15792102867972	0.0	372963	5824.000262157601	0.75
4028.0614671970975	300	11.533285591535249	0.0	165384	2624.6354371444722	-0.15000000000000002
4030.3215021767546	300	13.27325061187815	0.0	140881	2260.034979657097	0.3
4032.841350667875	300	14.753402120757885	0.0	157671	2519.8484911202663	0.3
4035.370754941482	300	16.223997847150756	0.0	157812	2529.404273607128	0.3
4041.7180465520532	750	13.876706236579638	0.0	401853	6347.291610571119	0.3
4047.1658628413393	750	12.428889947293287	0.0	343800	5447.816289286349	0.75
4052.854809274763	750	10.739943513869767	0.0	359903	5688.946433423521	0.75
4058.8239712304044	750	8.770781558228238	0.0	379700	5969.161955641528	0.75
4061.7206356808374	300	9.874117107795124	0.0	181901	2896.6644504331143	-0.15000000000000002
4063.521826531838	300	12.072926256794345	0.0	111155	1801.1908510007795	0.3
4065.9850039087532	300	13.609748879878934	0.0	153605	2463.1773769154092	0.3
4068.3777106321636	300	15.217042156468867	0.0	149029	2392.706723410067	0.3
4074.0071387757557	750	13.587614012876907	0.0	358218	5629.428143591959	0.3
4080.3006484733137	750	11.294104315319156	0.0	400322	6293.509697557752	0.75
4086.1012455716236	750	9.493507217009261	0.0	369834	5800.597098309897	0.75
4088.726497672955	300	10.86825511567819	0.0	163444	2625.25210133107	-0.15000000000000002
4091.584004061058	300	12.010748727574995	0.0	179328	2857.5063881031942	0.3
4094.137715922446	300	13.45703686618664	0.0	159914	2553.711861388356	0.3
4096.248880464888	300	15.345872323743766	0.0	131610	2111.1645424428734	0.3
4101.929120347989	750	13.665632440642945	0.0	361565	5680.23988310082	0.3
4107.91601269337	750	11.678740095262164	0.0	378327	5986.892345380781	0.75
4114.0815008190975	750	9.51325196953503	0.0	390680	6165.4881257271345	0.75
4116.472810040272	300	11.121942748360528	0.0	147968	2391.3092211745015	-0.15000000000000002
4119.085563455273	300	12.509189333359798	0.0	161857	2612.7534150007314	0.3
4121.428851874725	300	14.165900913907342	0.0	145210	2343.288419452456	0.3
4124.188732975919	300	15.406019812713104	0.0	172312	2759.881101194237	0.3
4130.468217472766	750	13.12653531586622	0.0	398987	6279.484496846884	0.3
4136.678132689057	750	10.916620099575987	0.0	393804	6209.915216290234	0.75
4141.9002092734	750	9.694543515232445	0.0	331053	5222.076584343542	0.75
4143.827279411989	300	11.767473376642913	0.0	118421	1927.0701385895306	-0.15000000000000002

