22548.02698678124	750	4.0	2.8286943514121394	450283	2828.6943514121394	-11.413385711072198
22549.05670477457	300	6.970282006665363	0.0	155580	1029.7179933346376	-0.15000000000000002
22549.990443747407	300	10.036543033829506	0.0	139857	933.7389728358556	0.3
22552.386294792715	750	11.640691988522354	0.0	382355	2395.8510453071513	0.3
22554.954393250588	750	13.072593530650265	0.0	411561	2568.0984578720886	0.75
22557.104592068325	750	14.922394712913157	0.0	318564	2150.1988177371077	0.75
22559.556486715544	750	16.47050006569593	0.0	352642	2451.8946472172274	0.75
22562.380335015485	750	17.646651765758165	0.0	437162	2823.848299937766	0.75
22564.696041953226	750	19.33094482801844	0.0	374758	2315.706937739725	0.75
22567.486430158126	750	20.54055662311438	0.0	362795	2790.388204904057	0.75
22570.895023435918	750	21.131963345323566	0.0	353220	3408.593277790814	0.75
22572.446210713686	750	23.580776067554304	0.0	405134	1551.187277769263	0.75
22575.68802243974	1850	24.338964341497775	0.0	946851	3241.811726056527	0.75
22584.034753704476	1850	19.992233076759607	0.0	1036454	8346.731264738171	1.85
22589.84678226758	1850	18.18020451365478	0.0	821631	5812.028563104828	1.85
22593.972754868246	1850	18.054231912988186	0.0	923170	4125.97260066659	1.85
22598.06431190782	1850	17.962674873413977	0.0	966699	4091.5570395742093	1.85
22602.71262390371	1850	17.314362877524356	0.0	885714	4648.311995889622	1.85
22606.611492235304	1850	17.415494545930414	0.0	987708	3898.8683315939397	1.85
22611.761368731117	1850	16.265618050119237	0.0	923755	5149.876495811179	1.85
22615.103919444275	1850	16.923067336960475	0.0	891604	3342.5507131587624	1.85
22620.352742997893	1850	15.674243783343181	0.0	955231	5248.823553617292	1.85
22627.08659195712	1850	12.940394824115467	0.0	968026	6733.848959227715	1.85
22634.846919231542	1850	9.180067549692088	0.0	874175	7760.327274423378	1.85
22637.411851680896	750	10.615135100337378	0.0	359903	2564.9324493547097	-0.3500000000000001
22639.715135676885	750	12.311851104351819	0.0	379700	2303.2839959855582	0.75
22642.288240978687	750	13.738745802548483	0.0	425781	2573.1053018033367	0.75
22644.28011267255	750	15.746874108689077	0.0	277716	1991.8716938594052	0.75
22647.135092417902	750	16.891894363332742	0.0	400396	2854.9797453563333	0.75
22650.743002484673	750	17.28398429656345	0.0	400508	3607.9100667692956	0.75
22653.55735423852	750	18.469632542712535	0.0	358218	2814.3517538509127	0.75
22655.914340380983	750	20.112646400252874	0.0	400322	2356.9861424596616	0.75
22658.11541747383	750	21.9115693074043	0.0	369834	2201.077092848573	0.75
22660.701896936374	750	23.32508984485875	0.0	412837	2586.479462545553	0.75
22663.23409916191	750	24.79288761932672	0.0	401088	2532.202225532028	0.75
22669.44317956606	1850	22.58380721517586	0.0	943942	6209.080404150859	0.75
22674.059691865514	1850	21.967294915719872	0.0	728962	4616.512299455991	1.85
22680.439812512224	1850	19.587174269011967	0.0	938587	6380.120646707904	1.85
22687.769754282992	1850	16.257232498241297	0.0	908665	7329.941770770671	1.85
22701.73209822495	1850	6.294888556282045	0.0	930577	13962.343941959252	1.85
22702.38827317392	300	9.63871360731303	0.0	147968	656.1749489690152	-1.25
22704.26001452318	750	11.766972258052778	0.0	384505	1871.7413492602514	0.3
22706.83681503892	750	13.19017174231051	0.0	372093	2576.800515742268	0.75
22709.982728550498	750	14.044258230737094	0.0	438281	3145.913511573415	0.75
22713.033648421748	750	14.993338359484873	0.0	398987	3050.919871252221	0.75
22714.91525106255	750	17.11173571868435	0.0	393804	1881.6026408005205	0.75
22717.95433892914	1850	18.07264785209603	0.0	830730	3039.08786658832	0.75
22721.115626039387	1850	18.91136074184754	0.0	846370	3161.2871102484955	1.85

