10048.460204243542	750	4.0	6.88290595244879	450283	6882.90595244879	-28.846495595529795
10049.66419415487	300	6.796010088672784	0.0	155580	1203.9899113272165	-0.15000000000000002
10050.75459303023	300	9.7056112133129	0.0	139857	1090.3988753598824	0.3
10052.111382673327	300	12.34882157021575	0.0	155432	1356.7896430971518	0.3
10058.803899557264	750	9.656304686278897	0.0	411561	6692.516883936852	0.3
10059.908083825929	300	12.552120417615127	0.0	126289	1104.1842686637704	-0.15000000000000002
10061.231282580095	300	15.228921663449583	0.0	153295	1323.1987541655462	0.3
10064.560015653986	750	15.900188589557107	0.0	437162	3328.7330738924766	0.3
10067.43986310908	750	17.020341134463404	0.0	374758	2879.847455093702	0.75
10076.693990919526	750	11.766213324016716	0.0	362795	9254.127810446687	0.75
10080.407780599591	300	12.052423643953343	0.0	141840	3713.7896800633735	-0.15000000000000002
10084.450628442824	300	12.00957580072002	0.0	156148	4042.8478432333222	0.3
10088.556742141516	300	11.90346210202682	0.0	160746	4106.1136986932	0.3
10093.161004448639	300	11.299199794903853	0.0	179801	4604.262307122969	0.3
10096.79750072171	300	11.66270352183393	0.0	140051	3636.4962730699226	0.3
10100.884536096955	300	11.575668146589763	0.0	138313	4087.0353752441656	0.3
10104.977803361944	300	11.482400881599828	0.0	143509	4093.267264989935	0.3
10108.951993684903	300	11.508210558642235	0.0	150616	3974.1903229575923	0.3
10113.234188775963	300	11.226015467582048	0.0	165384	4282.195091060185	0.3
10116.752154441087	300	11.708049802458588	0.0	140881	3517.9656651234613	0.3
10118.988930256508	300	13.471273987036271	0.0	157671	2236.775815422315	0.3
10120.23200703502	300	16.228197208525025	0.0	157812	1243.076778511248	0.3
10123.273669599812	750	17.18653464373223	0.0	401853	3041.662564792795	0.3
10126.06670333554	750	18.39350090800526	0.0	343800	2793.0337357269696	0.75
10129.95944893898	750	18.50075530456489	0.0	359903	3892.745603440373	0.75
10139.07485892208	750	13.385345321464206	0.0	379700	9115.409983100684	0.75
10148.974051540257	750	7.48615270328752	0.0	425781	9899.192618176685	0.75
10149.732577946696	300	10.727626296848799	0.0	111155	758.5264064387216	-0.15000000000000002
10150.750233010896	300	13.709971232649979	0.0	153605	1017.6550641988198	0.3
10153.275064588333	750	15.185139655213431	0.0	400508	2524.831577436548	0.3
10160.201639113933	750	12.25856512961365	0.0	358218	6926.574525599781	0.75
10169.321787167137	750	7.138417076408592	0.0	400322	9120.14805320506	0.75
10170.317983602925	300	10.142220640622291	0.0	143881	996.1964357863026	-0.15000000000000002
10171.438752086955	300	13.021452156592735	0.0	163444	1120.7684840295553	0.3
10174.072775175733	750	14.38742906781342	0.0	401088	2634.023088779314	0.3
10176.564551494532	750	15.895652749015017	0.0	365161	2491.7763187984033	0.75
10178.776545591547	750	17.683658652000567	0.0	321064	2211.9940970144503	0.75
10185.848885020381	750	14.611319223166044	0.0	361565	7072.3394288345235	0.75
10191.257395410348	750	13.202808833199215	0.0	378327	5408.5103899668275	0.75
10194.066093607304	750	14.39411063624375	0.0	390680	2808.698196955463	0.75
10196.466175717907	750	15.994028525639914	0.0	345516	2400.082110603837	0.75
10199.084738510619	750	17.375465732927047	0.0	384505	2618.562792712868	0.75
10205.67340873098	750	14.786795512567393	0.0	372093	6588.670220359656	0.75
10215.994784398703	750	8.465419844844268	0.0	438281	10321.375667723125	0.75
10220.885711200366	300	7.57449304318187	0.0	167025	4890.926801662397	-0.15000000000000002
10225.906962141606	300	6.553242101942071	0.0	160064	5021.250941239799	0.3
10229.483895963594	300	6.976308279953008	0.0	137507	3576.933821989063	0.3
10232.453237083415	300	8.006967160132776	0.0	118421	2969.3411198202316	0.3

