20712.75568818445	750	4.0	5.356846949436604	450283	5356.846949436604	-22.284441882577397
20714.520778189548	300	6.234909994905359	0.0	155580	1765.090005094641	-0.15000000000000002
20716.115572075927	300	8.64011610852844	0.0	139857	1594.7938863769198	0.3
20717.874831373658	300	10.880856810797304	0.0	155432	1759.2592977311358	0.3
20719.6783629092	300	13.07732527525669	0.0	163442	1803.5315355406146	0.3
20721.09010795693	300	15.665580227521783	0.0	126289	1411.745047734907	0.3
20724.7615437334	750	15.994144451053224	0.0	352642	3671.4357764685597	0.3
20729.413209023285	750	15.342479161168049	0.0	437162	4651.665289885175	0.75
20733.945236179403	750	14.81045200505013	0.0	374758	4532.027156117917	0.75
20737.87792866104	750	14.877759523412863	0.0	362795	3932.692481637268	0.75
20741.855669642056	750	14.900018542397797	0.0	353220	3977.7409810150652	0.75
20746.759486286654	750	13.996201897798358	0.0	405134	4903.81664459944	0.75
20751.033327455374	750	13.722360729076518	0.0	386351	4273.8411687218395	0.75
20755.500109611887	750	13.255578572563335	0.0	434409	4466.782156513183	0.75
20758.992066997453	750	13.763621186995776	0.0	337059	3491.9573855675603	0.75
20762.945232549384	750	13.810455635064343	0.0	366214	3953.165551931432	0.75
20766.89661401284	750	13.859074171609107	0.0	360831	3951.3814634552355	0.75
20771.135353822676	750	13.620334361776873	0.0	372963	4238.739809832234	0.75
20775.784795120275	750	12.970893064173964	0.0	405596	4649.441297602908	0.75
20779.691083860387	750	13.064604324062655	0.0	350713	3906.2887401113094	0.75
20783.894118692555	750	12.8615694918958	0.0	386472	4203.034832166856	0.75
20788.22053395794	750	12.535154226512338	0.0	399894	4326.415265383461	0.75
20792.633345868428	750	12.122342316023806	0.0	401853	4412.811910488534	0.75
20796.391791650512	750	12.36389653393878	0.0	343800	3758.4457820850253	0.75
20800.26409502276	750	12.491593161689808	0.0	359903	3872.303372248971	0.75
20804.264585574525	750	12.491102609922324	0.0	379700	4000.490551767486	0.75
20808.56919472245	750	12.186493461995925	0.0	425781	4304.6091479264	0.75
20811.35608862362	750	13.399599560825761	0.0	277716	2786.893901170163	0.75
20815.34387452887	750	13.411813655576509	0.0	400396	3987.785905249253	0.75
20819.55658769245	750	13.19910049200005	0.0	400508	4212.713163576459	0.75
20823.361034166537	750	13.394654017910117	0.0	358218	3804.4464740899302	0.75
20827.41820784839	750	13.337480336057634	0.0	400322	4057.173681852482	0.75
20831.137020828137	750	13.618667356311835	0.0	369834	3718.8129797457996	0.75
20835.461570829357	750	13.294117355087744	0.0	412837	4324.55000122409	0.75
20839.75459709591	750	13.001091088535748	0.0	401088	4293.026266551998	0.75
20843.511465883003	750	13.244222301444125	0.0	365161	3756.8687870916224	0.75
20848.381194792004	1200	12.37449339244471	0.0	487812	4869.7289089994165	0.75
20854.074941335395	1200	10.68074684905072	0.0	575591	5693.746543393991	1.2
20861.095025228133	1200	7.660662956314376	0.0	605884	7020.083892736344	1.2
20865.24378845138	750	7.511899733068229	0.0	390680	4148.763223246147	0.3
20868.785641461815	750	7.970046722629769	0.0	345516	3541.8530104384586	0.75
20872.83510985755	750	7.920578326894933	0.0	384505	4049.468395734836	0.75
20876.896964588595	750	7.858723595854144	0.0	372093	4061.854731040789	0.75
20882.04009779474	750	6.715590389709785	0.0	438281	5143.133206144359	0.75
20887.52850819315	750	5.227179991296701	0.0	398987	5488.410398413084	0.75
20891.8056346121	750	4.9500535723448476	0.0	393804	4277.126418951853	0.75
20895.49661585505	750	5.25907232939812	0.0	331053	3690.9812429467274	0.75
20898.970880604076	750	5.784807580369174	0.0	314107	3474.264749028946	0.75

