18023.81900452795	750	4.0	7.128087108053622	450283	7128.087108053622	-29.900774564630574
18026.301719048657	300	5.517285479294868	0.0	155580	2482.7145207051317	-0.15000000000000002
18028.53440338638	300	7.284601141571866	0.0	139857	2232.684337723003	0.3
18031.004086355417	300	8.814918172533144	0.0	155432	2469.6829690387212	0.3
18033.59986098148	300	10.219143546468661	0.0	163442	2595.7746260644826	0.3
18035.62527938589	300	12.193725142062515	0.0	126289	2025.418404406148	0.3
18038.335686326358	300	13.483318201593308	0.0	153295	2710.406940469207	0.3
18041.976721900308	300	13.842282627646984	0.0	173849	3641.035573946323	0.3
18044.90160022214	300	14.917404305812035	0.0	150710	2924.8783218349495	0.3
18047.56392470457	300	16.25507982338312	0.0	139105	2662.324482428917	0.3
18049.85256610749	300	17.96643842046606	0.0	141840	2288.64140291706	0.3
18052.36400249908	300	19.45500202887911	0.0	156148	2511.4363915869517	0.3
18054.908042870815	300	20.91096165713956	0.0	160746	2544.040371739551	0.3
18061.720749414984	750	18.09825511297151	0.0	434409	6812.70654416805	0.3
18066.99072227091	750	16.828282257043035	0.0	337059	5269.972855928474	0.75
18073.79214026984	750	14.026864258113012	0.0	366214	6801.417998930025	0.75
18079.43161798019	750	12.387386547764178	0.0	360831	5639.477710348834	0.75
18085.274316309537	750	10.544688218414754	0.0	372963	5842.698329349424	0.75
18092.95857280993	750	6.860431718021123	0.0	405596	7684.2565003936315	0.75
18095.297889226833	300	8.521115301121977	0.0	140881	2339.3164168991448	-0.15000000000000002
18097.827270661743	300	9.99173386621098	0.0	157671	2529.3814349109985	0.3
18100.348529654453	300	11.470474873498238	0.0	157812	2521.25899271274	0.3
18102.96133168654	300	12.857672841410032	0.0	163927	2612.8020320882056	0.3
18105.238016937972	300	14.580987589978712	0.0	137654	2276.6852514313205	0.3
18107.687146288503	300	16.13185823944551	0.0	146754	2449.129350533201	0.3
18113.849294731135	750	13.969709796812058	0.0	379700	6162.148442633452	0.3
18120.63925303944	750	11.179751488507288	0.0	425781	6789.958308304771	0.75
18125.237510255574	750	10.581494272373465	0.0	277716	4598.257216133821	0.75
18131.46449310793	750	8.354511420017763	0.0	400396	6226.982852355703	0.75
18138.460865446115	750	5.358139081830747	0.0	400508	6996.372338187016	0.75
18141.061228617287	300	6.7577759106598085	0.0	157421	2600.3631711709386	-0.15000000000000002
18143.55148515508	300	8.26751937286688	0.0	157488	2490.256537792928	0.3
18145.84434844791	300	9.974656080035835	0.0	143881	2292.863292831046	0.3
18148.443826174687	300	11.375178353260065	0.0	163444	2599.4777267757713	0.3
18151.282232687947	300	12.536771840000332	0.0	179328	2838.4065132597316	0.3
18153.81917325428	300	13.999831273666729	0.0	159914	2536.9405663336042	0.3
18155.92494782973	300	15.894056698217511	0.0	131610	2105.774575449216	0.3
18161.599043941904	750	14.219960586043968	0.0	361565	5674.096112173544	0.3
18167.638120719144	750	12.180883808802205	0.0	378327	6039.076777241762	0.75
18173.809887714928	750	10.009116813023349	0.0	390680	6171.766995778857	0.75
18179.208147644928	750	8.610856883024937	0.0	345516	5398.259929998412	0.75
18185.732713353653	750	6.086291174297087	0.0	384505	6524.56570872785	0.75
18188.03377906292	300	7.785225465029404	0.0	145210	2301.065709267684	-0.15000000000000002
18190.75117641027	300	9.0678281176768	0.0	172312	2717.397347352603	0.3
18193.394415737064	300	10.424588790886805	0.0	167025	2643.2393267899947	0.3
18199.517422013796	750	8.301582514152699	0.0	393804	6123.006276734107	0.3
18204.679164008103	750	7.139840519846501	0.0	331053	5161.741994306197	0.75
18213.268175236943	1200	4.0	1.4491707089950314	550906	8589.011228841533	-5.481434048678635

