10937.962914843001	750	4.0	3.195817844404762	450283	3195.817844404762	-12.992016730940476
10939.119479892608	300	6.843434950392324	0.0	155580	1156.5650496076755	-0.15000000000000002
10940.166338063262	300	9.796576779737592	0.0	139857	1046.858170654731	0.3
10941.315776808657	300	12.647138034342426	0.0	155432	1149.4387453951656	0.3
10944.227492796957	750	13.735422046041563	0.0	411561	2911.7159883008635	0.3
10946.59830134749	750	15.364613495507827	0.0	318564	2370.808550533737	0.75
10949.296355416935	750	16.666559426063788	0.0	352642	2698.0540694440397	0.75
10952.543203290155	750	17.419711552844067	0.0	437162	3246.8478732197227	0.75
10955.306595300925	750	18.656319542074925	0.0	374758	2763.3920107691406	0.75
10959.41641948398	1200	18.546495359019055	0.0	560821	4109.824183055869	0.75
10963.787998248094	1200	18.174916594906612	0.0	607410	4371.578764112445	1.2
10967.686971522468	1200	18.275943320532555	0.0	594078	3898.973274374055	1.2
10971.629894644771	1200	18.333020198228873	0.0	624282	3942.9231223036813	1.2
10976.682433832153	1200	17.28048101084621	0.0	687371	5052.539187382667	1.2
10980.523342595323	1200	17.439572247677205	0.0	526950	3840.9087631690018	1.2
10984.81952480779	1200	17.143390035208554	0.0	587876	4296.182212468652	1.2
10989.396032715029	1200	16.566882127971446	0.0	617242	4576.507907237106	1.2
10993.810547437735	1200	16.152367405263874	0.0	581493	4414.514722707572	1.2
10998.618671294325	1200	15.344243548671905	0.0	639204	4808.123856591969	1.2
11002.94657721036	1200	15.016337632637846	0.0	586839	4327.905916034058	1.2
11007.298835235802	1200	14.664079607194086	0.0	601738	4352.25802544376	1.2
11011.49505416281	1200	14.46786068018612	0.0	616206	4196.218927007964	1.2
11017.830359002024	1200	12.132555840971378	0.0	656471	6335.304839214744	1.2
11021.745042520228	1200	12.217872322769278	0.0	536667	3914.6835182021005	1.2
11026.076312502035	1200	11.886602340962034	0.0	587236	4331.269981807243	1.2
11031.172386470964	1200	10.790528372031465	0.0	590335	5096.073968930567	1.2
11036.303888710601	1200	9.659026132394883	0.0	696376	5131.502239636582	1.2
11039.767392314823	1200	10.195522528172093	0.0	487160	3463.503604222791	1.2
11044.39363517051	1200	9.5692796724845	0.0	622896	4626.242855687593	1.2
11049.294519125167	1200	8.66839571782653	0.0	641447	4900.88395465797	1.2
11053.61841921073	1200	8.344495632264055	0.0	570392	4323.9000855624745	1.2
11058.89324220394	1200	7.069672639054999	0.0	620283	5274.822993209056	1.2
11064.153859450285	1200	5.809055392708548	0.0	584349	5260.617246346451	1.2
11067.174487399367	750	6.788427443629634	0.0	412837	3020.6279490789148	0.3
11072.632808065493	750	5.330106777501817	0.0	401088	5458.320666127816	0.75
11075.293639493651	750	6.669275349342836	0.0	365161	2660.831428158981	0.75
11077.6428086044	750	8.320106238593235	0.0	321064	2349.169110749601	0.75
11080.288617423645	750	9.67429741934991	0.0	361565	2645.8088192433233	0.75
11083.055649415937	750	10.907265427056176	0.0	378327	2767.0319922937347	0.75
11085.940106663857	750	12.022808179138025	0.0	390680	2884.457247918152	0.75
11090.087670758023	1200	11.875244084971808	0.0	566904	4147.564094166217	0.75
11094.737946293886	1200	11.224968549107318	0.0	641452	4650.27553586449	1.2
11099.066794957134	1200	10.896119885859928	0.0	599477	4328.848663247391	1.2
11103.74140980087	1200	10.221505042123688	0.0	634861	4674.614843736239	1.2
11108.151073437692	1200	9.811841405302554	0.0	630203	4409.663636821135	1.2
11115.225417835001	1850	6.7374970079931025	0.0	982064	7074.344397309451	1.2000000000000002
11121.245557749444	1850	4.717357093550307	0.0	830730	6020.139914442796	1.85
11127.466520751057	1850	4.0	1.5036059080621063	846370	6220.963001612413	-4.615505404667056

