16939.495837370825	750	4.0	7.128087108053622	450283	7128.087108053622	-29.900774564630574
16941.978551891527	300	5.517285479294868	0.0	155580	2482.7145207051317	-0.15000000000000002
16944.211236229254	300	7.284601141571866	0.0	139857	2232.684337723003	0.3
16946.68091919829	300	8.814918172533144	0.0	155432	2469.6829690387212	0.3
16949.276693824355	300	10.219143546468661	0.0	163442	2595.7746260644826	0.3
16951.30211222876	300	12.193725142062515	0.0	126289	2025.418404406148	0.3
16954.01251916923	300	13.483318201593308	0.0	153295	2710.406940469207	0.3
16957.653554743178	300	13.842282627646984	0.0	173849	3641.035573946323	0.3
16960.578433065013	300	14.917404305812035	0.0	150710	2924.8783218349495	0.3
16966.723914593542	750	12.771922777285281	0.0	362795	6145.481528526754	0.3
16972.232658445053	750	11.26317892577391	0.0	353220	5508.743851511369	0.75
16978.622582973592	750	8.873254397234447	0.0	405134	6389.924528539464	0.75
16981.167279060952	300	10.328558309873937	0.0	160746	2544.6960873605094	-0.15000000000000002
16984.1504362624	300	11.345401108428462	0.0	179801	2983.1572014454764	0.3
16986.986169913445	300	12.50966745738292	0.0	140051	2835.733651045543	0.3
16989.538783019525	300	13.95705435130439	0.0	138313	2552.613106078531	0.3
16991.82595418414	300	15.669883186687047	0.0	143509	2287.171164617343	0.3
16997.66979629229	750	13.826041078537491	0.0	372963	5843.8421081495535	0.3
17004.041678329468	750	11.454159041359375	0.0	405596	6371.882037178117	0.75
17010.9288789875	750	8.566958383327467	0.0	350713	6887.200658031909	0.75
17013.45826042241	300	10.037576948416469	0.0	157671	2529.3814349109985	-0.15000000000000002
17015.979767209203	300	11.51607016162461	0.0	157812	2521.5067867918583	0.3
17018.59256924129	300	12.903268129536404	0.0	163927	2612.8020320882056	0.3
17020.86721018865	300	14.628627182176693	0.0	137654	2274.6409473597096	0.3
17023.316339539182	300	16.17949783164349	0.0	146754	2449.129350533201	0.3
17029.480546168787	750	14.015291202039203	0.0	379700	6164.206629604288	0.3
17036.266833030637	750	11.22900434018856	0.0	425781	6786.286861850644	0.75
17040.86913451334	750	10.626702857485306	0.0	277716	4602.301482703254	0.75
17043.30232486105	300	12.193512509771004	0.0	153605	2433.190347714303	-0.15000000000000002
17045.670199382625	300	13.82563798819855	0.0	149029	2367.874521572455	0.3
17048.174711565654	300	15.321125805167679	0.0	157421	2504.5121830308713	0.3
17055.27386460449	750	12.221972766336227	0.0	400322	7099.1530388314495	0.3
17061.021213469452	750	10.474623901370633	0.0	369834	5747.348864965596	0.75
17063.62069119623	300	11.875146174594862	0.0	163444	2599.4777267757713	-0.15000000000000002
17066.46074511905	300	13.035092251774557	0.0	179328	2840.0539228203043	0.3
17068.997685685386	300	14.498151685440952	0.0	159914	2536.9405663336042	0.3
17071.102008627924	300	16.393828742902528	0.0	131610	2104.322942538425	0.3
17076.769935377753	750	14.725901993071634	0.0	361565	5667.926749830894	0.3
17082.798506069204	750	12.697331301621912	0.0	378327	6028.570691449723	0.75
17088.98673626228	750	10.50910110854653	0.0	390680	6188.230193075382	0.75
17091.346405268152	300	12.14943210267418	0.0	147968	2359.669005872349	-0.15000000000000002
17093.916787860384	300	13.579049510441884	0.0	161857	2570.3825922322967	0.3
17096.281487210348	300	15.214350160474256	0.0	145210	2364.699349967629	0.3
17103.571136168157	750	11.924701202666492	0.0	438281	7289.648957807763	0.3
17109.766457708763	750	9.729379662056308	0.0	398987	6195.3215406101845	0.75
17112.30272408767	300	11.19311328315182	0.0	160064	2536.266378904487	-0.15000000000000002
17114.49272107053	300	13.003116300293907	0.0	137507	2189.9969828579146	0.3
17116.389929707562	300	15.105907663262597	0.0	118421	1897.2086370313093	0.3

