20832.200531303686	750	4.0	6.920877351020259	450283	6920.877351020259	-29.009772609387113
20834.868691444222	300	5.331839859462805	0.0	155580	2668.1601405371953	-0.15000000000000002
20836.927817510703	300	7.272713792983486	0.0	139857	2059.1260664793194	0.3
20839.08175780813	300	9.118773495556415	0.0	155432	2153.940297427072	0.3
20841.208630174602	300	10.99190112908456	0.0	163442	2126.8723664718527	0.3
20842.633235898244	300	13.567295405441607	0.0	126289	1424.605723642953	0.3
20844.345375945326	300	15.855155358360339	0.0	153295	1712.14004708127	0.3
20849.55132543067	750	14.649205873015404	0.0	437162	5205.949485344934	0.3
20853.791884424176	750	14.408646879513654	0.0	374758	4240.55899350175	0.75
20858.239442630227	750	13.96108867346388	0.0	362795	4447.558206049772	0.75
20862.72231574854	750	13.478215555153584	0.0	353220	4482.873118310298	0.75
20867.046189180208	750	13.154342123484756	0.0	405134	4323.873431668829	0.75
20871.2126671221	750	12.98786418158986	0.0	386351	4166.477941894897	0.75
20876.925473174273	750	11.275058129416463	0.0	434409	5712.806052173398	0.75
20881.6088623513	750	10.591668952392578	0.0	337059	4683.389177023885	0.75
20886.48018700968	750	9.720344294008358	0.0	366214	4871.324658384219	0.75
20891.437410108483	750	8.763121195206876	0.0	360831	4957.223098801483	0.75
20893.043200240565	300	11.157331063126295	0.0	150616	1605.790132080582	-0.15000000000000002
20894.736724914743	300	13.463806388944807	0.0	165384	1693.5246741814858	0.3
20898.37760861439	750	13.822922689296018	0.0	350713	3640.88369964879	0.3
20902.6191399322	750	13.581391371489714	0.0	386472	4241.531317806305	0.75
20907.030667036404	750	13.169864267288737	0.0	399894	4411.527104200975	0.75
20911.520931209197	750	12.679600094491883	0.0	401853	4490.264172796855	0.75
20916.687692653355	750	11.512838650337265	0.0	343800	5166.7614441546175	0.75
20924.125933657044	750	8.074597646648883	0.0	359903	7438.241003688384	0.75
20928.805310485648	300	7.395220818041924	0.0	153938	4679.376828606958	-0.15000000000000002
20930.765426124013	300	9.435105179679507	0.0	181901	1960.115638362417	0.3
20931.994316200387	300	12.206215103307335	0.0	111155	1228.8900763721722	0.3
20933.7575346073	300	14.44299669639435	0.0	153605	1763.2184069129858	0.3
20938.78002170918	750	13.420509594515345	0.0	400508	5022.4871018790045	0.3
20944.58363211884	750	11.616899184853883	0.0	358218	5803.610409661463	0.75
20949.23147119558	750	10.969060108111059	0.0	400322	4647.8390767428255	0.75
20952.897992429804	750	11.302538873890954	0.0	369834	3666.5212342201025	0.75
20957.39054445225	750	10.809986851444195	0.0	412837	4492.55202244676	0.75
20963.305520800233	750	8.895010503462109	0.0	401088	5914.976347982086	0.75
20965.28528522156	300	10.915246082138616	0.0	159914	1979.7644213234937	-0.15000000000000002
20966.92880058288	300	13.271730720816999	0.0	131610	1643.5153613216166	0.3
20968.47819836902	300	15.722332934675585	0.0	124011	1549.397786141413	0.3
20972.946349177597	750	15.254182126099352	0.0	378327	4468.150808576234	0.3
20977.056861161967	750	15.143670141727801	0.0	390680	4110.51198437155	0.75
20980.857549211836	750	15.342982091857966	0.0	345516	3800.6880498698356	0.75
20984.97435578394	750	15.226175519757634	0.0	384505	4116.806572100333	0.75
20988.535726567898	750	15.66480473580059	0.0	372093	3561.370783957044	0.75
20993.395079906757	750	14.805451396939093	0.0	438281	4859.353338861496	0.75
20998.130266112417	750	14.070265191280784	0.0	398987	4735.18620565831	0.75
21005.684558964484	750	10.51597233921466	0.0	393804	7554.292852066124	0.75
21008.379973097795	300	11.820558205903327	0.0	137507	2695.414133311333	-0.15000000000000002
21010.1287683281	300	14.071762975595838	0.0	118421	1748.7952303074878	0.3

