5172.225205971588	750	4.0	4.236252087636725	450283	4236.252087636725	-17.465883976837915
5173.74463467302	300	6.48057129856859	0.0	155580	1519.4287014314104	-0.15000000000000002
5175.122918269735	300	9.102287701853216	0.0	139857	1378.2835967153724	0.3
5176.645783596495	300	11.579422375093285	0.0	155432	1522.8653267599316	0.3
5178.243005241564	300	13.982200730024722	0.0	163442	1597.2216450685623	0.3
5179.515986509868	300	16.709219461720647	0.0	126289	1272.981268304072	0.3
5184.889364682747	1200	15.335841288841685	0.0	561791	5373.378172878964	0.29999999999999993
5192.311769094355	1200	11.913436877233735	0.0	709534	7422.404411607949	1.2
5199.2839947666835	1200	8.94121120490604	0.0	584846	6972.225672327695	1.2
5203.465140613573	750	8.760065358016371	0.0	362795	4181.145846889669	0.3
5208.14950782075	750	8.075698150839452	0.0	353220	4684.367207176918	0.75
5216.7132890414205	750	4.0	0.4880830698312002	405134	8563.781220670653	-1.3487572002741608
5218.38145814686	300	6.33183089456036	0.0	160746	1668.1691054396395	-0.15000000000000002
5220.169967418696	300	8.543321622724678	0.0	179801	1788.5092718356839	0.3
5221.550418894061	300	11.162870147360014	0.0	140051	1380.451475364664	0.3
5222.914732072204	300	13.79855696921696	0.0	138313	1364.3131781430536	0.3
5224.327293001996	300	16.38599603942633	0.0	143509	1412.5609297906308	0.3
5228.10296777215	750	16.610321269272593	0.0	372963	3775.6747701537392	0.3
5232.013885923917	750	16.699403117505703	0.0	405596	3910.9181517668912	0.75
5235.361985222971	750	17.351303818451047	0.0	350713	3348.0992990546542	0.75
5239.178693536649	750	17.534595504772508	0.0	386472	3816.7083136785395	0.75
5243.071824198627	750	17.641464842794672	0.0	399894	3893.1306619778325	0.75
5249.82834942585	1200	14.884939615570909	0.0	656471	6756.525227223765	0.75
5254.952085680549	1200	13.761203360872049	0.0	536667	5123.736254698862	1.2
5260.805198460361	1200	11.908090581060529	0.0	587236	5853.11277981152	1.2
5266.65371598667	1200	10.059573054751686	0.0	590335	5848.517526308842	1.2
5277.073363802386	1200	4.0	0.3600747609642549	696376	10419.647815715942	-0.34832147214629594
5278.181972457764	300	6.891391344622072	0.0	111155	1108.6086553779282	-0.6000000000000001
5279.683405884144	300	9.389957918241553	0.0	153605	1501.43342638052	0.3
5281.173519224895	300	11.899844577489903	0.0	149029	1490.1133407516504	0.3
5282.7702436623995	300	14.303120139986282	0.0	157421	1596.7244375036207	0.3
5284.367613633455	300	16.705750168930514	0.0	157488	1597.369971055769	0.3
5288.005083196256	750	17.068280606128848	0.0	369834	3637.469562801668	0.3
5294.39608320307	1200	14.677280599315171	0.0	670129	6391.000006813677	0.75
5302.18785207158	1200	10.885511730805847	0.0	690253	7791.7688685093235	1.2
5308.672857876109	1200	8.400505926275843	0.0	598727	6485.005804530005	1.2
5314.708782690365	1200	6.364581112020677	0.0	487812	6035.924814255166	1.2
5318.897262834682	750	6.176100967703344	0.0	361565	4188.480144317332	0.3
5322.845377259857	750	6.227986542528026	0.0	378327	3948.1144251753185	0.75
5326.759458579199	750	6.313905223185586	0.0	390680	3914.08131934244	0.75
5330.211267874886	750	6.862095927498801	0.0	345516	3451.8092956867845	0.75
5334.077925120338	750	6.995438682046925	0.0	384505	3866.6572454518773	0.75
5337.74501501971	750	7.328348782674315	0.0	372093	3667.089899372609	0.75
5342.165492793573	750	6.907871008811145	0.0	438281	4420.47777386317	0.75
5347.847716076548	750	5.22564772583629	0.0	398987	5682.223282974855	0.75
5351.605215794354	750	5.4681480080311	0.0	393804	3757.499717805191	0.75
5354.812006701878	750	6.261357100506624	0.0	331053	3206.7909075244747	0.75
5361.988453698324	1200	4.0	0.9150898959391416	550906	7176.446996445766	-3.184886552538309

