20562.348021232516	750	4.0	3.1700859602000024	450283	3170.0859602000023	-12.88136962886001
20563.495695503334	300	6.852325729179391	0.0	155580	1147.674270820609	-0.15000000000000002
20564.51083463053	300	9.837186601985024	0.0	139857	1015.1391271943675	0.3
20565.433920579388	300	12.914100653128216	0.0	155432	923.0859488568069	0.3
20567.746287763737	750	14.601733468781001	0.0	411561	2312.367184347215	0.3
20569.554225589996	750	16.793795642518585	0.0	318564	1807.937826262416	0.75
20572.54706970538	750	17.80095152713711	0.0	352642	2992.844115381474	0.75
20575.947818674624	750	18.40020255789054	0.0	437162	3400.748969246568	0.75
20578.419478135755	750	19.928543096761874	0.0	374758	2471.6594611286655	0.75
20580.842845329676	750	21.50517590283864	0.0	362795	2423.367193923235	0.75
20583.252620246556	750	23.095400985960378	0.0	353220	2409.774916878262	0.75
20586.071344597676	750	24.276676634842275	0.0	405134	2818.7243511181027	0.75
20592.96894450611	1850	21.37907672640911	0.0	946851	6897.5999084331615	0.75
20600.52611138076	1850	17.821909851756455	0.0	1036454	7557.166874652656	1.85
20606.287338663944	1850	16.06068256857359	0.0	821631	5761.227283182868	1.85
20611.918105480418	1850	14.429915752100317	0.0	923170	5630.76681647327	1.85
20619.55844273963	1850	10.789578492886152	0.0	966699	7640.337259214166	1.85
20622.155133378048	750	12.192887854468795	0.0	372963	2596.690638417356	-0.3500000000000001
20625.016589979725	750	13.331431252794573	0.0	405596	2861.4566016742224	0.75
20627.440549718	750	14.907471514515874	0.0	350713	2423.959738278698	0.75
20630.07687691256	750	16.2711443199542	0.0	386472	2636.3271945616734	0.75
20632.777709494716	750	17.570311737797727	0.0	399894	2700.8325821564717	0.75
20635.4811597892	750	18.866861443314615	0.0	401853	2703.4502944831165	0.75
20637.564627652162	750	20.783393580354147	0.0	343800	2083.4678629604696	0.75
20639.66263608256	750	22.6853851499545	0.0	359903	2098.00843039965	0.75
20642.038666539604	750	24.309354692912436	0.0	379700	2376.030457042063	0.75
20648.935503583085	1850	21.41251764943042	0.0	1076599	6896.837043482013	0.75
20654.21361013761	1850	20.134411094908888	0.0	758197	5278.106554521537	1.85
20661.40427681973	1850	16.943744412789815	0.0	972798	7190.666682119069	1.85
20667.358908519323	1850	14.989112713194114	0.0	975811	5954.631699595701	1.85
20672.097556774705	1850	14.250464457814079	0.0	873429	4738.648255380035	1.85
20678.364914679543	1850	11.983106552976608	0.0	954453	6267.357904837472	1.85
20684.164585157043	1850	10.183436075475258	0.0	885062	5799.6704775013495	1.85
20686.83327860323	750	11.514742629289687	0.0	412837	2668.6934461855703	-0.3500000000000001
20689.748343278694	750	12.599677953825834	0.0	401088	2915.0646754638533	0.75
20692.36706881983	750	13.980952412692393	0.0	365161	2618.7255411334404	0.75
20694.405914566687	750	15.942106665831126	0.0	321064	2038.8457468612667	0.75
20696.691861239204	750	17.65615999331757	0.0	361565	2285.9466725135608	0.75
20699.005596982246	750	19.342424250275837	0.0	378327	2313.735743041734	0.75
20701.36956477706	750	20.97845645546112	0.0	390680	2363.9677948147128	0.75
20703.627947780926	750	22.720073451592352	0.0	345516	2258.3830038687693	0.75
20706.307919228944	750	24.040102003573313	0.0	384505	2679.971448019039	0.75
20708.801245778173	750	25.546775454346108	0.0	372093	2493.3265492272026	0.75
20714.77295154577	1850	23.575069686753135	0.0	973972	5971.705767592972	0.75
20721.018666219494	1850	21.32935501302712	0.0	958994	6245.71467372602	1.85
20728.169288091893	1850	18.17873314062898	0.0	982064	7150.621872398135	1.85
20732.827394352535	1850	17.520626879990274	0.0	830730	4658.106260638705	1.85
20738.314781108857	1850	16.033240123667586	0.0	846370	5487.386756322688	1.85

