37834.083197363696	750	4.0	3.696382719776279	450283	3696.382719776279	-15.144445695037998
37835.412715607876	300	6.670481755822908	0.0	155580	1329.518244177092	-0.15000000000000002
37836.59844289256	300	9.484754471135112	0.0	139857	1185.7272846877977	0.3
37837.90466930782	300	12.178528055873313	0.0	155432	1306.2264152617981	0.3
37841.25414174677	750	12.829055616918307	0.0	411561	3349.4724389550074	0.3
37843.97509065592	750	14.108106707769629	0.0	318564	2720.948909148677	0.75
37846.979556381986	750	15.103640981710184	0.0	352642	3004.4657260594463	0.75
37850.68723100804	750	15.395966355649563	0.0	437162	3707.6746260606196	0.75
37853.909223215705	750	16.173974147990638	0.0	374758	3221.9922076589264	0.75
37857.17274898	750	16.910448383699627	0.0	362795	3263.5257642910105	0.75
37860.700514916105	750	17.382682447591936	0.0	353220	3527.7659361076903	0.75
37864.31046729943	750	17.772730064269858	0.0	405134	3609.9523833220774	0.75
37867.61398467902	750	18.469212684679725	0.0	386351	3303.5173795901333	0.75
37871.18223226238	750	18.90096510131914	0.0	434409	3568.2475833605845	0.75
37874.04948691497	750	20.033710448726946	0.0	337059	2867.2546525921953	0.75
37877.15500210387	750	20.92819525982064	0.0	366214	3105.5151889063036	0.75
37880.142569762414	750	21.940627601274166	0.0	360831	2987.567658546476	0.75
37883.26338709521	750	22.819810268476132	0.0	372963	3120.8173327980326	0.75
37886.69445775881	750	23.388739604885718	0.0	405596	3431.0706635904153	0.75
37890.09767645538	750	23.985520908315006	0.0	350713	3403.21869657071	0.75
37893.58887559803	750	24.4943217656629	0.0	386472	3491.1991426521076	0.75
37896.88757151966	750	25.195625844026722	0.0	399894	3298.6959216361747	0.75
37900.02787389462	750	26.055323469064394	0.0	401853	3140.3023749623276	0.75
37907.9803016725	1850	22.102895691193943	0.0	874175	7952.427777870454	0.75
37915.51449775514	1850	18.568699608550094	0.0	897976	7534.196082643848	1.85
37923.77370205963	1850	14.309495304059348	0.0	905935	8259.204304490746	1.85
37932.434533293424	1850	9.648664070268513	0.0	1076599	8660.831233790836	1.85
37934.853727420115	750	11.22946994357789	0.0	277716	2419.1941266906238	-0.3500000000000001
37938.29291855675	750	11.79027880694469	0.0	400396	3439.1911366332006	0.75
37941.666563439634	750	12.416633924055377	0.0	400508	3373.6448828893112	0.75
37944.63752033529	750	13.445677028409388	0.0	358218	2970.956895645988	0.75
37947.910618581074	750	14.172578782622534	0.0	400322	3273.098245786856	0.75
37949.31546912248	300	16.767728241218908	0.0	143881	1404.8505414036256	-0.15000000000000002
37953.19886333368	750	16.88433403001821	0.0	412837	3883.394211200698	0.3
37956.48181515251	750	17.601382211189645	0.0	401088	3282.951818828566	0.75
37959.48072336062	750	18.60247400307749	0.0	365161	2998.908208112156	0.75
37962.13067967607	750	19.952517687628205	0.0	321064	2649.9563154492826	0.75
37965.21922971396	750	20.86396764974027	0.0	361565	3088.550037887932	0.75
37968.53211470278	750	21.551082660929215	0.0	378327	3312.884988811057	0.75
37971.71944610755	750	22.363751256156807	0.0	390680	3187.3314047724084	0.75
37974.57532835322	750	23.507869010493028	0.0	345516	2855.8822456637786	0.75
37977.809970036324	750	24.273227327388458	0.0	384505	3234.64168310457	0.75
37980.800964825554	750	25.28223253815279	0.0	372093	2990.9947892356645	0.75
37988.182416504984	1850	21.90078085872281	0.0	973972	7381.451679429982	0.75
37995.763887607085	1850	18.319309756628055	0.0	958994	7581.4711020947525	1.85
38003.52111708501	1850	14.562080278701451	0.0	982064	7757.229477926606	1.85
38011.07633021164	1850	11.006867152069391	0.0	830730	7555.213126632059	1.85
38013.775071070144	750	12.30812629356714	0.0	314107	2698.740858502251	-0.3500000000000001

