39992.18303772758	750	4.0	1.8472299033417674	450283	1847.2299033417673	-7.193088584369599
39993.82846692521	750	6.354570802370033	0.0	398865	1645.4291976299664	0.75
39995.28530206411	750	8.897735663465985	0.0	350812	1456.8351389040495	0.75
39996.871688301064	750	11.311349426517253	0.0	382355	1586.386236948731	0.75
39998.57462594277	750	13.608411784814686	0.0	411561	1702.9376417025662	0.75
40001.7801990837	1850	14.40283864388167	0.0	801058	3205.5731409330174	0.75
40005.31181353008	1850	14.871224197504024	0.0	905515	3531.6144463776473	1.85
40009.37286325388	1850	14.810174473703958	0.0	1060487	4061.0497238000667	1.85
40012.537635388915	1850	15.645402338661013	0.0	852833	3164.7721350429447	1.85
40015.80613333947	1850	16.376904388106407	0.0	913888	3268.497950554606	1.85
40019.191023412975	1850	16.992014314608504	0.0	939819	3384.8900734979056	1.85
40022.55575885262	1850	17.627278874961238	0.0	917428	3364.7354396472665	1.85
40026.12259560666	1850	18.060442120919824	0.0	946851	3566.836754041415	1.85
40029.55990874165	1850	18.623128985935224	0.0	1036454	3437.3131349845985	1.85
40032.27846924981	1850	19.904568477772553	0.0	821631	2718.560508162673	1.85
40035.331722108065	1850	20.85131561951275	0.0	923170	3053.2528582598075	1.85
40038.52551447504	1850	21.65752325254112	0.0	966699	3193.7923669716256	1.85
40041.45867188417	1850	22.724365843416432	0.0	885714	2933.1574091246925	1.85
40044.549975579066	1850	23.6330621485155	0.0	987708	3091.303694900934	1.85
40047.45763964575	1850	24.72539808183309	0.0	923755	2907.664066682405	1.85
40050.39776843517	1850	25.78526929240901	0.0	891604	2940.1287894240836	1.85
40053.498195197666	1850	26.684842529915645	0.0	955231	3100.426762493364	1.85
40056.58940992149	1850	27.59362780609327	0.0	968026	3091.2147238223733	1.85
40059.78951696303	1850	28.393520764552115	0.0	874175	3200.1070415411555	1.85
40063.05891049055	1850	29.12412723702601	0.0	897976	3269.3935275261056	1.85
40065.98022171333	1850	30.20281601424499	0.0	905935	2921.311222781016	1.85
40069.40882520924	1850	30.774212518341	0.0	1076599	3428.603495903993	1.85
40071.832518874406	1850	32.350518853174215	0.0	758197	2423.6936651667806	1.85
40074.85336351902	1850	33.32967420856065	0.0	972798	3020.844644613572	1.85
40077.86695453764	1850	34.31608318994401	0.0	975811	3013.591018616641	1.85
40080.68140947475	1850	35.50162825283024	0.0	873429	2814.4549371137728	1.85
40083.77548906483	1850	36.407548662756916	0.0	954453	3094.079590073317	1.85
40086.71062655305	1850	37.472411174532525	0.0	885062	2935.1374882243913	1.85
40090.07285824381	1850	38.11017948377527	0.0	1035329	3362.2316907572626	1.85
40093.4028944461	1850	38.78014328147955	0.0	1026056	3330.0362022957092	1.85
40096.84698610292	1850	39.33605162466329	0.0	943942	3444.091656816264	1.85
40099.3496796627	1850	40.833358064891016	0.0	728962	2502.6935597722745	1.85
40102.29778301103	1850	41.88525471655322	0.0	938587	2948.1033483377873	1.85
40105.237407105335	1850	42.94563062225519	0.0	908665	2939.624094298037	1.85
40108.29990584547	1850	43.88313188212042	0.0	930577	3062.4987401347616	1.85
40111.06368030212	1850	45.11935742546798	0.0	858450	2763.774456652439	1.85
40114.32642330598	1850	45.85661442160666	0.0	1025005	3262.743003861324	1.85
40117.10984656023	1850	47.07319116735621	0.0	886255	2783.423254250452	1.85
40120.14636477163	1850	48.036672955961045	0.0	973972	3036.518211395158	1.85
40123.119221358305	1850	49.06381636928093	0.0	958994	2972.856586680115	1.85
40126.228196490905	1850	49.95484123668274	0.0	982064	3108.975132598194	1.85
40128.89182782435	1850	51.2912099032368	0.0	830730	2663.631333445944	1.85
40131.707055000224	1850	52.47598272737001	0.0	846370	2815.2271758667944	1.85

