5427.972581584396	750	4.0	9.032616978701375	450283	9032.616978701375	-38.090253008415914
5431.124099252324	300	4.848482332070899	0.0	155580	3151.5176679291008	-0.15000000000000002
5433.988019805578	300	5.984561778818021	0.0	139857	2863.920553252879	0.3
5437.175669631658	300	6.796911952737075	0.0	155432	3187.6498260809453	0.3
5440.529455462118	300	7.4431261222773974	0.0	163442	3353.785830459678	0.3
5447.004805569404	750	4.967776014991586	0.0	318564	6475.350107285811	0.3
5450.160647069311	300	5.811934515083593	0.0	153295	3155.841499907994	-0.15000000000000002
5453.730429335555	300	6.242152248839877	0.0	173849	3569.782266243715	0.3
5456.840759750722	300	7.131821833673419	0.0	150710	3110.3304151664574	0.3
5464.179466737588	750	4.0	0.2068851531927048	362795	7338.706986866124	-0.5896061587286308
5467.087853891005	300	5.091612846583074	0.0	141840	2908.3871534169257	-0.15000000000000002
5470.28954732529	300	5.889919412298185	0.0	156148	3201.6934342848895	0.3
5473.641036276489	300	6.538430461098516	0.0	160746	3351.488951199669	0.3
5477.453423760641	300	6.726042976946759	0.0	179801	3812.3874841517572	0.3
5480.489077140616	300	7.690389596971699	0.0	140051	3035.653379975059	0.3
5488.442562544762	750	4.0	0.26309580717463177	366214	7953.485404146331	-0.8313119708509165
5491.509374826601	300	4.933187718161309	0.0	143509	3066.8122818386914	-0.15000000000000002
5494.715395221924	300	5.727167322837492	0.0	150616	3206.020395323817	0.3
5498.221974373702	300	6.2205881710602045	0.0	165384	3506.579151777288	0.3
5501.217073016436	300	7.225489528326639	0.0	140881	2995.0986427335656	0.3
5509.239914278232	750	4.0	0.7973517334703484	386472	8022.841261796987	-3.128612453922498
5512.510591166384	300	4.729323111848434	0.0	157812	3270.6768881515663	-0.15000000000000002
5515.875786035763	300	5.364128242469459	0.0	163927	3365.1948693789745	0.3
5518.721970141417	300	6.517944136814948	0.0	137654	2846.184105654512	0.3
5521.738253486011	300	7.501660792221013	0.0	146754	3016.283344593935	0.3
5529.304254605355	750	4.0	0.06434032712223689	379700	7566.001119343249	0.023336593374381376
5532.96887119132	300	4.335383414034602	0.0	181901	3664.616585965398	-0.15000000000000002
5535.246658722872	300	6.057595882482372	0.0	111155	2277.78753155223	0.3
5538.373366373196	300	6.930888232157882	0.0	153605	3126.70765032449	0.3
5541.41277355874	300	7.891481046614302	0.0	149029	3039.4071855435795	0.3
5548.574232848914	750	4.73002175643913	0.0	358218	7161.459290175173	0.3
5551.795786832658	300	5.5084677726950835	0.0	157488	3221.5539837440465	-0.15000000000000002
5554.719827247481	300	6.5844273578728885	0.0	143881	2924.0404148221946	0.3
5558.050028283616	300	7.254226321738118	0.0	163444	3330.20103613477	0.3
5566.309391110705	750	4.0	1.0051365053514973	401088	8259.362827089615	-4.022086973011438
5569.574714915778	300	4.7346761949274025	0.0	159914	3265.323805072597	-0.15000000000000002
5572.262406636667	300	6.046984474037381	0.0	131610	2687.6917208900213	0.3
5574.805641401348	300	7.5037497093572325	0.0	124011	2543.234764680148	0.3
5582.372035854094	750	4.0	0.06264474338832769	378327	7566.394452745561	0.03062760343019094
5585.416752863523	300	4.955282990570893	0.0	149991	3044.7170094291073	-0.15000000000000002
5588.422844206917	300	5.949191647176021	0.0	147968	3006.0913433948713	0.3
5591.705727765812	300	6.666308088280191	0.0	161857	3282.88355889583	0.3
5594.658905420052	300	7.713130434040553	0.0	145210	2953.1776542396387	0.3
5603.340300624892	750	4.0	0.9682647707999785	438281	8681.395204840532	-3.8635385144399077
5606.532745559633	300	4.807555065258388	0.0	167025	3192.4449347416125	-0.15000000000000002
5609.618757935064	300	5.721542689827152	0.0	160064	3086.0123754312353	0.3
5612.291346337829	300	7.048954287063123	0.0	137507	2672.58840276403	0.3
5618.2574251165515	750	5.082875508340593	0.0	314107	5966.07877872253	0.3

