11226.62924766579	750	4.0	4.876552274660122	450283	4876.552274660123	-20.219174781038525
11228.36806512433	300	6.261182541460277	0.0	155580	1738.8174585397223	-0.15000000000000002
11229.939434264104	300	8.689813401685809	0.0	139857	1571.369139774469	0.3
11234.293249025837	750	8.335998639954438	0.0	382355	4353.814761731372	0.3
11239.052106286557	750	7.577141379234543	0.0	411561	4758.857260719895	0.75
11242.601322206205	750	8.027925459586683	0.0	318564	3549.21591964786	0.75
11246.443369077102	750	8.185878588689345	0.0	352642	3842.0468708973362	0.75
11251.199881079163	750	7.429366586628217	0.0	437162	4756.512002061128	0.75
11255.276098090966	750	7.35314957482543	0.0	374758	4076.217011802787	0.75
11259.25304779514	750	7.376199870650241	0.0	362795	3976.949704175188	0.75
11263.161154185158	750	7.468093480634099	0.0	353220	3908.106390016143	0.75
11267.559234415465	750	7.070013250327392	0.0	405134	4398.080230306708	0.75
11271.76477968741	750	6.864467978381443	0.0	386351	4205.545271945949	0.75
11273.769148790909	300	8.860098874882045	0.0	179801	2004.3691034993974	-0.15000000000000002
11277.46584647892	750	9.163401186869821	0.0	337059	3696.697688012223	0.3
11283.79492784586	1200	6.834319819930498	0.0	587876	6329.081366939323	0.75
11285.417424593788	300	9.211823072002996	0.0	143509	1622.496747927501	-0.6000000000000001
11291.731410808366	1200	6.897836857425368	0.0	581493	6313.986214577629	0.29999999999999993
11293.584512897363	300	9.044734768429016	0.0	165384	1853.1020889963524	-0.6000000000000001
11299.976052696826	1200	6.6531949689659715	0.0	586839	6391.539799463045	0.29999999999999993
11301.721597660351	300	8.907650005439478	0.0	157671	1745.544963526492	-0.6000000000000001
11306.049540775271	750	8.579706890519647	0.0	399894	4327.943114919833	0.3
11310.427422552371	750	8.201825113419227	0.0	401853	4377.88177710042	0.75
11314.195838466982	750	8.43340919880926	0.0	343800	3768.415914609966	0.75
11318.114860617843	750	8.514387047948095	0.0	359903	3919.022150861166	0.75
11322.278928570042	750	8.35031909574916	0.0	379700	4164.067952198934	0.75
11327.390883313185	750	7.238364352606062	0.0	425781	5111.954743143098	0.75
11330.645344643077	750	7.98390302271455	0.0	277716	3254.4613298915115	0.75
11335.01872372044	750	7.610523945350668	0.0	400396	4373.379077363883	0.75
11339.455203291142	750	7.174044374649804	0.0	400508	4436.479570700863	0.75
11343.70990496123	750	6.919342704561693	0.0	358218	4254.701670088111	0.75
11345.498527659865	300	9.130720005927692	0.0	157488	1788.6226986340002	-0.15000000000000002
11351.76787499988	1200	6.861372665914408	0.0	584349	6269.347340013284	0.29999999999999993
11353.595904584321	300	9.033343081473031	0.0	163444	1828.0295844413777	-0.6000000000000001
11361.04049494264	1200	5.588752723155103	0.0	690253	7444.590358317928	0.29999999999999993
11362.824072782087	300	7.805174883707785	0.0	159914	1783.5778394473177	-0.6000000000000001
11366.329697861162	750	8.299549804632317	0.0	321064	3505.625079075467	0.3
11370.274032119412	750	8.355215546381597	0.0	361565	3944.33425825072	0.75
11374.39662592129	750	8.232621744502909	0.0	378327	4122.593801878689	0.75
11378.640323846466	750	7.988923819325651	0.0	390680	4243.697925177258	0.75
11382.40149133817	750	8.227756327621577	0.0	345516	3761.1674917040746	0.75
11386.57612652049	750	8.053121145304992	0.0	384505	4174.635182316585	0.75
11390.628018707743	750	8.001228958049643	0.0	372093	4051.892187255349	0.75
11395.510256153832	750	7.118991511960437	0.0	438281	4882.237446089206	0.75
11399.915474965948	750	6.7137726998435205	0.0	398987	4405.218812116916	0.75
11401.711603865771	300	8.917643800021386	0.0	160064	1796.1288998221348	-0.15000000000000002
11405.327725614927	750	9.301522050866653	0.0	331053	3616.1217491547313	0.3
11411.263393990961	1200	7.365853674830008	0.0	550906	5935.668376036645	0.75

