10597.961967613692	750	4.0	4.876552274660122	450283	4876.552274660123	-20.219174781038525
10599.700785072231	300	6.261182541460277	0.0	155580	1738.8174585397223	-0.15000000000000002
10601.272154212005	300	8.689813401685809	0.0	139857	1571.369139774469	0.3
10603.009607811993	300	10.952359801698497	0.0	155432	1737.4535999873103	0.3
10604.96329690266	300	12.998670711031293	0.0	163442	1953.6890906672054	0.3
10606.520767534568	300	15.441200079122138	0.0	126289	1557.4706319091551	0.3
10610.58728313992	750	15.374684473771437	0.0	352642	4066.5156053507017	0.3
10615.400755010416	750	14.561212603274608	0.0	437162	4813.471870496826	0.75
10619.481009034027	750	14.480958579665176	0.0	374758	4080.254023609434	0.75
10623.444416883773	750	14.517550729919165	0.0	362795	3963.407849746011	0.75
10627.287268914293	750	14.674698699397952	0.0	353220	3842.852030521214	0.75
10631.735069021914	750	14.226898591778088	0.0	405134	4447.8001076198625	0.75
10635.977306345701	750	13.98466126799156	0.0	386351	4242.237323786529	0.75
10640.690275388752	750	13.271692224941372	0.0	434409	4712.969043050188	0.75
10644.370131980266	750	13.591835633426173	0.0	337059	3679.856591515199	0.75
10648.379667542638	750	13.582300071053686	0.0	366214	4009.5355623724877	0.75
10652.297097546487	750	13.664870067205074	0.0	360831	3917.4300038486112	0.75
10656.35628916238	750	13.605678451311139	0.0	372963	4059.191615893935	0.75
10660.790401586039	750	13.171566027652998	0.0	405596	4434.112423658142	0.75
10664.622888907687	750	13.339078706005228	0.0	350713	3832.48732164777	0.75
10668.88501824781	750	13.07694936587954	0.0	386472	4262.129340125687	0.75
10673.21039535766	750	12.751572256028888	0.0	399894	4325.377109850652	0.75
10677.559944609542	750	12.40202300414901	0.0	401853	4349.549251879879	0.75
10681.315109975681	750	12.646857638009324	0.0	343800	3755.1653661396863	0.75
10685.25880390518	750	12.70316370850934	0.0	359903	3943.6939294999825	0.75
10689.388997181375	750	12.57297043231552	0.0	379700	4130.193276193821	0.75
10694.048106874869	750	11.913860738822462	0.0	425781	4659.109693493057	0.75
10697.38321927586	750	12.578748337830985	0.0	277716	3335.112400991476	0.75
10702.140456589841	750	11.821511023850329	0.0	400396	4757.237313980657	0.75
10706.516040595667	750	11.445927018023418	0.0	400508	4375.584005826911	0.75
10710.473233803616	750	11.48873381007649	0.0	358218	3957.193207946927	0.75
10715.211545548917	750	10.750422064775943	0.0	400322	4738.311745300548	0.75
10719.227299771477	750	10.734667842216005	0.0	369834	4015.7542225599373	0.75
10723.698916243025	750	10.26305137066731	0.0	412837	4471.616471548696	0.75
10728.06340317253	750	9.898564441163915	0.0	401088	4364.486929503394	0.75
10729.849653233381	300	12.112314380312725	0.0	159914	1786.2500608511912	-0.15000000000000002
10731.333453519701	300	14.628514093994406	0.0	131610	1483.800286318317	0.3
10735.26523711288	750	14.696730500814514	0.0	361565	3931.783593179893	0.3
10739.386017016857	750	14.57595059683682	0.0	378327	4120.779903977693	0.75
10743.641065276785	750	14.320902336909535	0.0	390680	4255.0482599272855	0.75
10747.409973200984	750	14.55199441271089	0.0	345516	3768.907924198645	0.75
10751.586483509755	750	14.375484103941062	0.0	384505	4176.510308769828	0.75
10755.630834048145	750	14.331133565551408	0.0	372093	4044.350538389653	0.75
10760.375327557893	750	13.58664005580323	0.0	438281	4744.493509748178	0.75
10764.792109594378	750	13.169858019317958	0.0	398987	4416.7820364852705	0.75
10769.162317096865	750	12.799650516832289	0.0	393804	4370.2075024856695	0.75
10772.816634340672	750	13.14533327302465	0.0	331053	3654.317243807637	0.75
10776.25174845914	750	13.710219154554965	0.0	314107	3435.1141184696867	0.75

