34612.14967192895	750	4.0	6.242494547141494	450283	6242.494547141494	-26.09272655270842
34614.20978741023	300	5.93988451871822	0.0	155580	2060.1154812817804	-0.15000000000000002
34616.0697913366	300	8.079880592341912	0.0	139857	1860.0039263763078	0.3
34618.20845380156	300	9.941218127380955	0.0	155432	2138.6624649609566	0.3
34620.45665013077	300	11.693021798173078	0.0	163442	2248.1963292078767	0.3
34622.22081071617	300	13.92886121276905	0.0	126289	1764.1605854040286	0.3
34624.356169790604	300	15.79350213834097	0.0	153295	2135.359074428079	0.3
34630.15634359861	750	13.993328330330478	0.0	437162	5800.173808010493	0.3
34633.79520773322	750	14.354464195723576	0.0	374758	3638.864134606901	0.75
34636.82006282642	750	15.32960910253066	0.0	362795	3024.855093192916	0.75
34639.73336365658	750	16.416308272371193	0.0	353220	2913.3008301594696	0.75
34643.061630733595	750	17.088041195360127	0.0	405134	3328.267077011067	0.75
34646.23691885362	750	17.9127530753352	0.0	386351	3175.2881200249244	0.75
34650.04132316817	750	18.10834876078543	0.0	434409	3804.40431454977	0.75
34652.93976948388	750	19.209902445069325	0.0	337059	2898.446315716102	0.75
34655.81042374041	750	20.339248188541266	0.0	366214	2870.6542565280583	0.75
34658.79076448195	750	21.358907447003677	0.0	360831	2980.3407415375914	0.75
34662.02483463505	750	22.1248372939051	0.0	372963	3234.070153098574	0.75
34665.713205853586	750	22.43646607536272	0.0	405596	3688.371218542379	0.75
34668.83326345467	750	23.316408474284632	0.0	350713	3120.057601078089	0.75
34672.135733158444	750	24.013938770508588	0.0	386472	3302.4697037760448	0.75
34675.34213171397	750	24.807540214984797	0.0	399894	3206.3985555237896	0.75
34678.550658479886	750	25.599013449072046	0.0	401853	3208.5267659127517	0.75
34685.49246508748	1850	22.657206841474455	0.0	874175	6941.806607597592	0.75
34692.9320079598	1850	19.21766396915708	0.0	897976	7439.5428723173745	1.85
34700.058015411974	1850	16.091656516979914	0.0	905935	7126.007452177165	1.85
34709.490519750754	1850	10.659152178203032	0.0	1076599	9432.504338776882	1.85
34711.737395247736	750	12.412276681221181	0.0	277716	2246.875496981852	-0.3500000000000001
34714.9477674007	750	13.201904528255803	0.0	400396	3210.37215296538	0.75
34718.16418729197	750	13.985484636976981	0.0	400508	3216.4198912788224	0.75
34721.24272909567	750	14.90694283328233	0.0	358218	3078.5418036946494	0.75
34724.618843024866	750	15.530828904081439	0.0	400322	3376.113929200893	0.75
34727.635823369135	750	16.513848559810125	0.0	369834	3016.980344271315	0.75
34730.960667676525	750	17.189004252423988	0.0	412837	3324.844307386139	0.75
34734.19605278789	750	17.953619141057334	0.0	401088	3235.3851113666533	0.75
34737.22812141707	750	18.92155051187457	0.0	365161	3032.0686291827633	0.75
34739.87715354913	750	20.272518379818845	0.0	321064	2649.032132055725	0.75
34742.80529831443	750	21.344373614520105	0.0	361565	2928.1447652987395	0.75
34745.84730496796	750	22.302366960989055	0.0	378327	3042.00665353105	0.75
34748.974366619914	750	23.17530530903754	0.0	390680	3127.061651951512	0.75
34751.85317928136	750	24.296492647594295	0.0	345516	2878.8126614432426	0.75
34755.01896372735	750	25.130708201610126	0.0	384505	3165.7844459841685	0.75
34757.98506285752	750	26.164609071431304	0.0	372093	2966.099130178822	0.75
34765.79939554727	1850	22.350276381684154	0.0	973972	7814.332689747151	0.75
34775.14958867321	1850	17.00008325574547	0.0	958994	9350.193125938686	1.85
34782.82635241887	1850	13.32331951008521	0.0	982064	7676.7637456602615	1.85
34789.53853769346	1850	10.611134235501435	0.0	830730	6712.185274583774	1.85
34792.1911876321	750	11.958484296848713	0.0	314107	2652.6499386527216	-0.3500000000000001

