14786.716645358338	750	4.0	3.639078849061261	450283	3639.078849061261	-14.89803905096342
14789.911075749043	750	4.805569609293461	0.0	398865	3194.4303907065387	0.75
14792.701988489984	750	6.0146568683524775	0.0	350812	2790.912740940984	0.75
14795.726618713814	750	6.990026644521183	0.0	382355	3024.630223831294	0.75
14798.98076956831	750	7.7358757900254185	0.0	411561	3254.150854495765	0.75
14801.54870312298	750	9.16794223535474	0.0	318564	2567.9335546706793	0.75
14806.026151146874	1200	8.690494211461226	0.0	561791	4477.448023893514	0.75
14811.69874256352	1200	7.0179027948160915	0.0	709534	5672.591416645135	1.2
14816.404828497314	1200	6.311816861020649	0.0	584846	4706.0859337954425	1.2
14820.8917107011	1200	5.824934657235721	0.0	560821	4486.882203784928	1.2
14825.72057312271	1200	4.996072235627051	0.0	607410	4828.86242160867	1.2
14828.978237374693	750	5.738407983643971	0.0	405134	3257.6642519830793	0.3
14832.106399521086	750	6.610245837250997	0.0	386351	3128.162146392974	0.75
14835.63874681959	750	7.077898538748092	0.0	434409	3532.347298502906	0.75
14838.424559012698	750	8.292086345638698	0.0	337059	2785.8121931093947	0.75
14841.37846338892	750	9.338181969415391	0.0	366214	2953.904376223307	0.75
14846.239820906583	1200	8.476824451753386	0.0	617242	4861.357517662004	0.75
14851.518942740206	1200	7.197702618131333	0.0	581493	5279.121833622053	1.2
14857.675556160744	1200	5.041089197592118	0.0	639204	6156.6134205392145	1.2
14860.525239729694	750	6.19140562864274	0.0	350713	2849.6835689493787	0.3
14863.663596151564	750	7.053049206771455	0.0	386472	3138.356421871286	0.75
14866.856542531885	750	7.860102826449644	0.0	399894	3192.9463803218105	0.75
14870.039271944825	750	8.677373413510818	0.0	401853	3182.7294129388283	0.75
14872.815135435174	750	9.901509923161536	0.0	343800	2775.863490349281	0.75
14875.719351785963	750	10.997293572372284	0.0	359903	2904.21635078925	0.75
14880.439301076247	1200	10.277344282089594	0.0	590335	4719.949290282689	0.75
14885.909646559523	1200	8.806998798813499	0.0	696376	5470.345483276094	1.2
14889.720586697505	1200	8.996058660831284	0.0	487160	3810.9401379822148	1.2
14894.59775366716	1200	8.118891691178852	0.0	622896	4877.166969652431	1.2
14899.594648992344	1200	7.121996365993181	0.0	641447	4996.895325185672	1.2
14904.04938951577	1200	6.667255842567886	0.0	570392	4454.740523425296	1.2
14908.90886910223	1200	5.807776256108272	0.0	620283	4859.4795864596135	1.2
14913.50736847025	1200	5.209276888088941	0.0	584349	4598.499368019331	1.2
14916.777928867723	750	5.938716490614895	0.0	412837	3270.560397474046	0.3
14919.947145966333	750	6.769499392006827	0.0	401088	3169.2170986080687	0.75
14924.632291816111	1200	6.084353542228486	0.0	598727	4685.145849778341	0.75
14929.918453429598	1200	4.79819192874155	0.0	487812	5286.1616134869355	1.2
14933.219037450552	750	5.4976079077887245	0.0	361565	3300.5840209528264	0.3
14936.23702128259	750	6.479624075751377	0.0	378327	3017.983832037348	0.75
14939.344160095767	750	7.372485262573351	0.0	390680	3107.1388131780263	0.75
14942.093392842431	750	8.623252515909465	0.0	345516	2749.2327466638862	0.75
14945.120808789467	750	9.595836568871812	0.0	384505	3027.4159470376553	0.75
14948.133153646873	750	10.583491711466664	0.0	372093	3012.3448574051463	0.75
14951.740664123314	750	10.975981235026936	0.0	438281	3607.51047643973	0.75
14954.881978532658	750	11.834666825683252	0.0	398987	3141.3144093436817	0.75
14959.973277028343	1200	10.743368329997208	0.0	638661	5091.298495686044	0.75
14966.594616632108	1850	8.122028726232918	0.0	830730	6621.3396037642915	1.2000000000000002
14977.289514543749	2850	4.0	2.572869185408027	1364537	10694.897911640945	-9.213337497254516

