7381.211784414195	750	4.0	2.395431321607517	450283	2395.431321607517	-9.550354682912323
7382.091803080269	300	7.1199813339262255	0.0	155580	880.0186660737747	-0.15000000000000002
7382.890971421836	300	10.320812992358674	0.0	139857	799.168341567553	0.3
7384.84455565881	750	12.367228755383938	0.0	382355	1953.5842369747356	0.3
7386.796271084719	750	14.41551332947631	0.0	411561	1951.715425907626	0.75
7388.325050616644	750	16.886733797550697	0.0	318564	1528.7795319256127	0.75
7389.933329726285	750	19.278454687910287	0.0	352642	1608.2791096404128	0.75
7391.764195898638	750	21.44758851555653	0.0	437162	1830.866172353755	0.75
7395.343895709867	1850	21.867888704327925	0.0	852833	3579.6998112286046	0.75
7399.509244820362	1850	21.702539593832842	0.0	913888	4165.349110495079	1.85
7403.954248817357	1850	21.257535596837307	0.0	939819	4445.003996995535	1.85
7408.024104283889	1850	21.187680130305424	0.0	917428	4069.8554665318834	1.85
7413.140158083906	1850	20.071626330288993	0.0	946851	5116.053800016432	1.85
7418.750438237086	1850	18.461346177108805	0.0	1036454	5610.28015318019	1.85
7423.033612579626	1850	18.17817183456831	0.0	821631	4283.174342540495	1.85
7427.255336466091	1850	17.956447948103982	0.0	923170	4221.7238864643305	1.85
7431.409300585227	1850	17.80248382896777	0.0	966699	4153.964119136213	1.85
7435.722837650002	1850	17.488946764192963	0.0	885714	4313.537064774807	1.85
7440.661683400308	1850	16.55010101388682	0.0	987708	4938.845750306144	1.85
7444.520140614983	1850	16.691643799212354	0.0	923755	3858.457214674467	1.85
7448.344086611888	1850	16.867697802306537	0.0	891604	3823.9459969058175	1.85
7452.318275431292	1850	16.893508982902556	0.0	955231	3974.1888194039825	1.85
7456.295627925809	1850	16.91615648838601	0.0	968026	3977.352494516545	1.85
7460.608622390787	1850	16.6031620234073	0.0	874175	4312.994464978711	1.85
7464.370225737136	1850	16.841558677058288	0.0	897976	3761.6033463490116	1.85
7470.006924026654	1850	15.204860387540133	0.0	905935	5636.698289518155	1.85
7474.819137493934	1850	14.392646920260178	0.0	1076599	4812.213467279955	1.85
7478.1603734665205	1850	15.051410947674224	0.0	758197	3341.235972585955	1.85
7482.603185008016	1850	14.608599406178527	0.0	972798	4442.811541495696	1.85
7487.285710585972	1850	13.926073828222474	0.0	975811	4682.525577956055	1.85
7492.015084622898	1850	13.196699791296563	0.0	873429	4729.374036925911	1.85
7496.0593179597345	1850	13.152466454460521	0.0	954453	4044.2333368360414	1.85
7499.6619723155845	1850	13.549812098610698	0.0	885062	3602.654355849825	1.85
7504.148118256628	1850	13.063666157567571	0.0	1035329	4486.145941043126	1.85
7508.915769030143	1850	12.29601538405264	0.0	1026056	4767.650773514932	1.85
7513.100056613592	1850	12.111727800603612	0.0	943942	4184.287583449028	1.85
7515.986607016344	1850	13.225177397850818	0.0	728962	2886.5504027527954	1.85
7520.067359442866	1850	13.144424971329112	0.0	938587	4080.7524265217053	1.85
7523.908385918645	1850	13.30339849554998	0.0	908665	3841.026475779133	1.85
7527.695926375635	1850	13.51585803856064	0.0	930577	3787.54045698934	1.85
7531.358961396625	1850	13.852823017570646	0.0	858450	3663.0350209899934	1.85
7537.552709560672	1850	11.659074853524526	0.0	1025005	6193.748164046122	1.85
7541.472072808307	1850	11.739711605889918	0.0	886255	3919.363247634608	1.85
7545.625580349273	1850	11.586204064923784	0.0	973972	4153.507540966133	1.85
7549.754067962359	1850	11.45771645183841	0.0	958994	4128.487613085374	1.85
7553.926265425067	1850	11.285518989129525	0.0	982064	4172.197462708886	1.85
7557.309592565963	1850	11.902191848233961	0.0	830730	3383.3271408955634	1.85
7561.102373346602	1850	12.109411067594941	0.0	846370	3792.780780639019	1.85

