46801.948715592305	750	4.0	4.835955632113524	450283	4835.955632113524	-20.044609218088155
46803.683707591685	300	6.265008000619782	0.0	155580	1734.9919993802175	-0.15000000000000002
46805.253284800856	300	8.695430791448238	0.0	139857	1569.5772091715446	0.3
46809.59884147748	750	8.349874114828657	0.0	382355	4345.556676619582	0.3
46814.2066753004	750	7.742040291905729	0.0	411561	4607.833822922928	0.75
46817.47562223837	750	8.473093353931048	0.0	318564	3268.94693797468	0.75
46821.21771066078	750	8.731004931531896	0.0	352642	3742.088422399152	0.75
46826.06325240205	750	7.885463190262042	0.0	437162	4845.541741269853	0.75
46830.53019318803	750	7.4185224042697735	0.0	374758	4466.9407859922685	0.75
46834.705996776815	750	7.242718815495453	0.0	362795	4175.80358877432	0.75
46838.476102817986	750	7.472612774321859	0.0	353220	3770.1060411735957	0.75
46842.911069459085	750	7.037646133216482	0.0	405134	4434.966641105377	0.75
46847.0959886518	750	6.852726940502988	0.0	386351	4184.919192713493	0.75
46849.07566136721	300	8.873054225089662	0.0	179801	1979.672715413327	-0.15000000000000002
46852.69411470915	750	9.254600883161945	0.0	337059	3618.4533419277154	0.3
46859.66514414658	1200	6.283571445734328	0.0	587876	6971.029437427617	0.75
46861.41216970463	300	8.536545887682426	0.0	143509	1747.0255580519038	-0.6000000000000001
46865.90010185602	750	8.048613736291667	0.0	372963	4487.932151390758	0.3
46870.57958283557	750	7.3691327567423635	0.0	405596	4679.480979549304	0.75
46874.34109339871	750	7.607622193598096	0.0	350713	3761.510563144268	0.75
46878.38694051732	750	7.5617750749973345	0.0	386472	4045.8471186007605	0.75
46882.689395434725	750	7.259320157590457	0.0	399894	4302.454917406878	0.75
46886.93985782127	750	7.008857771041592	0.0	401853	4250.462386548865	0.75
46892.881642883905	750	5.067072708405121	0.0	343800	5941.785062636472	0.75
46897.49662074936	300	4.4520948429475835	0.0	146754	4614.977865457537	-0.15000000000000002
46900.34125940805	300	5.60745618425897	0.0	153938	2844.638658688614	0.3
46902.4103335027	300	7.538382089605972	0.0	181901	2069.0740946529986	0.3
46905.49347484451	750	8.455240747802723	0.0	277716	3083.141341803248	0.3
46909.873417819996	750	8.075297772315126	0.0	400396	4379.942975487596	0.75
46914.710660948134	750	7.238054644182153	0.0	400508	4837.243128132975	0.75
46918.9183156806	750	7.030399911718691	0.0	358218	4207.654732463462	0.75
46923.041977872905	750	6.906737719408811	0.0	400322	4123.662192309879	0.75
46924.54029269191	300	9.40842290041138	0.0	143881	1498.31481899743	-0.15000000000000002
46931.273317599946	1200	6.675397992376165	0.0	670129	6733.024908035216	0.29999999999999993
46933.215418764106	300	8.733296828212485	0.0	179328	1942.10116416368	-0.6000000000000001
46938.27350468252	750	7.675210909798522	0.0	365161	5058.085918413962	0.3
46944.024047759034	750	5.924667833281056	0.0	321064	5750.543076517466	0.75
46946.24833498093	300	7.700380611377241	0.0	124011	2224.2872219038145	-0.15000000000000002
46954.60593756953	750	4.0	0.6572219772220533	378327	8357.602588599295	-2.5260545020548295
46956.57945394412	300	6.026483625416115	0.0	149991	1973.5163745838847	-0.15000000000000002
46958.102194906234	300	8.503742663297109	0.0	147968	1522.7409621190063	0.3
46963.34731652742	750	7.258621042110598	0.0	384505	5245.121621186511	0.3
46968.48137868749	750	6.124558882041214	0.0	372093	5134.062160069384	0.75
46970.49122098175	300	8.114716587783159	0.0	172312	2009.842294258055	-0.15000000000000002
46974.871948962515	750	7.733988607012682	0.0	398987	4380.727980770477	0.3
46978.89444837278	750	7.711489196751905	0.0	393804	4022.4994102607775	0.75
46982.25015948576	750	8.355778083778883	0.0	331053	3355.7111129730224	0.75
46985.4690350194	750	9.136902550136341	0.0	314107	3218.8755336425425	0.75

