17271.126397355507	750	4.0	0.8187927690081221	450283	818.7927690081221	-2.770808906734925
17271.461662109014	300	7.664735246495462	0.0	155580	335.26475350453745	-0.15000000000000002
17272.11724983691	750	11.009147518597057	0.0	350812	655.5877278984048	0.3
17273.728503649043	1850	13.397893706463744	0.0	933276	1611.2538121333123	0.75
17276.22891855569	2850	14.89747879981648	0.0	1472558	2500.414906647265	1.85
17278.33448101126	2850	16.791916344246797	0.0	1224260	2105.5624555696795	2.85
17281.93265086304	4300	17.19374649246654	0.0	2157535	3598.1698517802583	2.8499999999999996
17285.626967104505	4300	17.49943025100053	0.0	2290172	3694.3162414660114	4.3
17289.146719727498	4300	17.979677628009778	0.0	2055469	3519.752622990753	4.3
17292.89229265464	4300	18.234104700866872	0.0	2169201	3745.5729271429045	4.3
17296.807247954097	4300	18.31914940140942	0.0	2173522	3914.955299457453	4.3
17301.70753951881	4300	17.418857836696187	0.0	2102452	4900.291564713231	4.3
17307.652115322642	4300	15.474282032864176	0.0	2209463	5944.575803832013	4.3
17311.572194325487	4300	15.554203030018712	0.0	2275376	3920.0790028454626	4.3
17315.103879625145	4300	16.02251773036242	0.0	2005399	3531.6852996562925	4.3
17318.615999540598	4300	16.510397814912118	0.0	2152483	3512.1199154503033	4.3
17322.21375751157	4300	16.912639843937384	0.0	2289689	3597.7579709747324	4.3
17325.69114169358	4300	17.43525566192658	0.0	2059512	3477.3841820108073	4.3
17332.605057597066	4300	14.521339758439678	0.0	2220726	6913.915903486899	4.3
17334.916554269425	2850	16.209843086080486	0.0	1336050	2311.4966723591924	1.4000000000000001
17338.396105771688	4300	16.7302915838184	0.0	2039773	3479.5515022620903	2.8499999999999996
17342.09064515938	4300	17.035752196128314	0.0	2176469	3694.539387690084	4.3
17345.58687765217	4300	17.539519703335458	0.0	2221506	3496.232492792859	4.3
17349.088727900406	4300	18.037669455101756	0.0	2044075	3501.8502482337003	4.3
17353.140462142048	4300	17.985935213461445	0.0	2186790	4051.7342416403094	4.3
17357.107740844214	4300	18.018656511297078	0.0	2105231	3967.278702164367	4.3
17361.288714282993	4300	17.837683072517457	0.0	2395588	4180.973438779619	4.3
17364.323207118592	4300	18.80319023691925	0.0	1972048	3034.4928355982083	4.3
17367.364966047204	4300	19.761431308306943	0.0	2134614	3041.75892861231	4.3
17370.91866893875	4300	20.20772841676269	0.0	2164140	3553.7028915442515	4.3
17374.263239915457	4300	20.863157440053012	0.0	2113193	3344.5709767096814	4.3
17377.472097494192	4300	21.654299861319053	0.0	2147852	3208.8575787339564	4.3
17382.252998813437	4300	20.87339854207365	0.0	2191074	4780.901319245406	4.3
17386.10703395562	4300	21.019363399890793	0.0	2286761	3854.0351421828573	4.3
17389.819216651824	4300	21.30718070369115	0.0	2307787	3712.182696199645	4.3
17393.327288755645	4300	21.79910859986886	0.0	2143948	3508.0721038222905	4.3
17396.795522293163	4300	22.330875062352046	0.0	1919781	3468.2335375168113	4.3
17400.715122079953	4300	22.41127527556152	0.0	2147467	3919.5997867905294	4.3
17404.43793857095	4300	22.688458784563206	0.0	2133870	3722.8164909983147	4.3
17407.73739216414	4300	23.38900519137254	0.0	2146120	3299.4535931906667	4.3
17411.219067535243	4300	23.90732982026974	0.0	2108491	3481.6753711027995	4.3
17415.05981534251	4300	24.06658201300694	0.0	2184571	3840.7478072627982	4.3
17419.04229342829	4300	24.08410392722313	0.0	2121928	3982.4780857838127	4.3
17422.730002377273	4300	24.396394978242167	0.0	2219102	3687.7089489809637	4.3
17426.178775765842	4300	24.947621589669144	0.0	2124950	3448.7733885730217	4.3
17429.839043792002	4300	25.28735356350974	0.0	2246506	3660.2680261594046	4.3
17433.22855734617	4300	25.89784000934233	0.0	1961140	3389.5135541674044	4.3
17436.873013331075	4300	26.253384024436844	0.0	2155012	3644.45598490549	4.3

