47226.74906845326	750	4.0	0.9988998671774274	450283	998.8998671774274	-3.5452694288629374
47228.07612366772	1200	6.672944785537423	0.0	611087	1327.0552144625772	0.75
47229.94740527354	1850	8.801663179720197	0.0	877771	1871.2816058172252	1.2000000000000002
47233.26813222883	2850	9.480936224427168	0.0	1520281	3320.7269552930275	1.85
47236.52968792364	2850	10.219380529623725	0.0	1472558	3261.5556948034427	2.85
47239.10949222124	2850	11.639576232022032	0.0	1224260	2579.804297601696	2.85
47243.72722053713	4300	11.021847916140251	0.0	2157535	4617.72831588178	2.8499999999999996
47248.6344968255	4300	10.114571627767345	0.0	2290172	4907.276288372905	4.3
47252.92481590667	4300	9.824252546594249	0.0	2055469	4290.3190811730965	4.3
47257.45279000801	4300	9.296278445258363	0.0	2169201	4527.974101335887	4.3
47262.049172045365	4300	8.699896407902031	0.0	2173522	4596.38203735633	4.3
47266.52006207194	4300	8.22900638132375	0.0	2102452	4470.890026578282	4.3
47271.22366769844	4300	7.52540075481967	0.0	2209463	4703.60562650408	4.3
47276.00672427022	4300	6.742344183046549	0.0	2275376	4783.0565717731215	4.3
47280.27099407038	4300	6.478074382883715	0.0	2005399	4264.269800162834	4.3
47284.89496696188	4300	5.854101491382692	0.0	2152483	4623.972891501023	4.3
47289.8156364346	4300	4.9334320186677685	0.0	2289689	4920.669472714923	4.3
47294.47978969145	4300	4.26927876180848	0.0	2059512	4664.153256859288	4.3
47298.095673617354	2850	4.653394835906533	0.0	1537156	3615.883925901948	1.4000000000000001
47301.02020952639	2850	5.728858926874197	0.0	1336050	2924.5359090323354	2.85
47304.080361715074	2850	6.668706738192995	0.0	1415116	3060.1521886812025	2.85
47307.22532333001	2850	7.523745123255512	0.0	1468126	3144.961614937483	2.85
47310.3913360373	2850	8.357732415959587	0.0	1505760	3166.0127072959262	2.85
47313.19508301779	2850	9.553985435470734	0.0	1323990	2803.746980488851	2.85
47317.88353117298	4300	8.865537280285542	0.0	2186790	4688.448155185192	2.8499999999999996
47322.421134042976	4300	8.327934410285415	0.0	2105231	4537.602870000126	4.3
47327.5213873825	4300	7.227681070764826	0.0	2395588	5100.25333952059	4.3
47332.5388199864	4300	6.210248466861849	0.0	1972048	5017.432603902977	4.3
47337.00839205093	4300	5.740676402338706	0.0	2134614	4469.572064523143	4.3
47341.50284412687	4300	5.246224326397714	0.0	2164140	4494.452075940992	4.3
47344.34616502682	2850	6.402903426447574	0.0	1341201	2843.3208999501403	1.4000000000000001
47347.53777720153	2850	7.211291251744991	0.0	1497683	3191.612174702583	2.85
47350.584282092364	2850	8.164786360909515	0.0	1358081	3046.504890835476	2.85
47355.560958337584	4300	7.188110115690259	0.0	2286761	4976.676245219255	2.8499999999999996
47360.46246755813	4300	6.286600895138691	0.0	2307787	4901.509220551568	4.3
47365.09640093329	4300	5.652667519978915	0.0	2143948	4633.933375159776	4.3
47369.08811345447	4300	5.660954998802088	0.0	1919781	3991.7125211768275	4.3
47373.65610983894	4300	5.092958614333198	0.0	2147467	4567.99638446889	4.3
47378.243982615306	4300	4.505085837962738	0.0	2133870	4587.87277637046	4.3
47381.24873405418	2850	5.500334399090555	0.0	1402287	3004.751438872183	1.4000000000000001
47384.110492955995	2850	6.6385754972693904	0.0	1339500	2861.7589018211647	2.85
47387.28174251091	2850	7.4673259423591185	0.0	1527299	3171.2495549102714	2.85
47391.749520224235	4300	6.999548229030491	0.0	2121928	4467.777713328627	2.8499999999999996
47396.51771131663	4300	6.231357136635282	0.0	2219102	4768.19109239521	4.3
47401.97974387803	4300	4.769324575233295	0.0	2124950	5462.032561401987	4.3
47405.945804759154	2850	4.803263694109352	0.0	1483527	3966.060881123943	1.4000000000000001
47408.565343532326	2850	6.183724920937037	0.0	1231456	2619.538773172315	2.85
47411.460063370585	2850	7.2890050826791155	0.0	1364537	2894.7198382579204	2.85

