2959.491440466111	750	4.0	5.122022743546548	450283	5122.022743546549	-21.274697797250155
2961.5233068489506	300	5.968133617159814	0.0	155580	2031.8663828401864	-0.15000000000000002
2963.357916546244	300	8.133523919866589	0.0	139857	1834.6096972932253	0.3
2968.040572350339	750	7.450868115771151	0.0	382355	4682.655804095438	0.3
2972.7975923317463	750	6.693848134364	0.0	411561	4757.019981407151	0.75
2974.2809084966643	300	9.210531969445542	0.0	126289	1483.3161649184572	-0.15000000000000002
2981.4919845370678	1200	5.999455929041907	0.0	561791	7211.076040403636	0.29999999999999993
2983.9836654074975	300	7.507775058612235	0.0	173849	2491.6808704296714	-0.6000000000000001
2988.9956353097073	750	6.495805156402124	0.0	374758	5011.96990221011	0.3
2990.7933512148356	300	8.698089251274011	0.0	139105	1797.7159051281133	-0.15000000000000002
2994.889602923593	750	8.6018375425165	0.0	353220	4096.251708757509	0.3
2999.546528172579	750	7.944912293530498	0.0	405134	4656.925248986004	0.75
3004.45376641395	750	7.037674052159855	0.0	386351	4907.238241370643	0.75
3010.282616461068	750	5.208824005041823	0.0	434409	5828.850047118032	0.75
3012.220152897901	300	7.271287568208738	0.0	140051	1937.5364368330845	-0.15000000000000002
3016.92607741052	750	6.5653630555896125	0.0	366214	4705.924512619125	0.3
3018.619893962573	300	8.871546503537033	0.0	143509	1693.816552052581	-0.15000000000000002
3023.2068008465294	750	8.284639619580862	0.0	372963	4586.906883956171	0.3
3028.4002762129353	750	7.091164253174662	0.0	405596	5193.475366406199	0.75
3032.622209027405	750	6.8692314387051026	0.0	350713	4221.932814469559	0.75
3034.461492397627	300	9.029948068483158	0.0	157671	1839.2833702219439	-0.15000000000000002
3040.7041366188214	1200	6.787303847288557	0.0	616206	6242.6442211946005	0.29999999999999993
3042.560975642105	300	8.93046482400476	0.0	163927	1856.8390232837955	-0.6000000000000001
3046.5169376443982	750	8.974502821711448	0.0	343800	3955.962002293312	0.3
3050.648173702913	750	8.84326676319696	0.0	359903	4131.23605851449	0.75
3055.012446248127	750	8.478994217982589	0.0	379700	4364.272545214372	0.75
3060.914375721419	750	6.577064744690565	0.0	425781	5901.929473292023	0.75
3062.422129548203	300	9.06931091790643	0.0	111155	1507.7538267841358	-0.15000000000000002
3069.631152676198	1200	5.8602877899119905	0.0	622896	7209.02312799444	0.29999999999999993
3071.3598749990942	300	8.131565467015582	0.0	149029	1728.7223228964074	-0.6000000000000001
3075.447794779827	750	8.043645686283114	0.0	358218	4087.91978073247	0.3
3079.878294816611	750	7.613145649499327	0.0	400322	4430.5000367837865	0.75
3083.9168699326847	750	7.574570533425441	0.0	369834	4038.5751160738855	0.75
3088.3010687170163	750	7.190371749093839	0.0	412837	4384.198784331602	0.75
3092.315517320654	750	7.175923145456088	0.0	401088	4014.448603637751	0.75
3096.026659480087	750	7.46478098602327	0.0	365161	3711.142159432817	0.75
3099.5487447928836	750	7.942695673226637	0.0	321064	3522.0853127966325	0.75
3103.627774671934	750	7.863665794176639	0.0	361565	4079.0298790499983	0.75
3107.765596476106	750	7.725843990004252	0.0	378327	4137.821804172387	0.75
3111.9217095515182	750	7.569730914591909	0.0	390680	4156.113075412343	0.75
3115.5905396392614	750	7.900900826848491	0.0	345516	3668.8300877434176	0.75
3119.7630429868364	750	7.728397479273984	0.0	384505	4172.503347574507	0.75
3123.899209212632	750	7.5922312534781655	0.0	372093	4136.166225795819	0.75
3128.701863497622	750	6.789576968488092	0.0	438281	4802.654284990074	0.75
3130.540755729866	300	8.950684736244288	0.0	167025	1838.8922322438038	-0.15000000000000002
3134.828677376784	750	8.6627630893262	0.0	393804	4287.921646918089	0.3
3138.5379355224427	750	8.953504943667584	0.0	331053	3709.2581456586167	0.75
3142.2146910716115	750	9.276749394498992	0.0	314107	3676.755549168591	0.75

