24759.32934074796	750	4.0	1.7020237572592853	450283	1702.0237572592853	-6.568702156214926
24759.969775976813	300	7.3595647711452585	0.0	155580	640.4352288547415	-0.15000000000000002
24761.313482131234	750	10.015858616723163	0.0	350812	1343.7061544220953	0.3
24763.45202049291	1200	11.877320255046897	0.0	617681	2138.538361676267	0.75
24766.23190308481	1850	13.09743766315159	0.0	996749	2779.882591895306	1.2000000000000002
24769.99822360303	2850	13.331117144928234	0.0	1224260	3766.3205182233564	1.85
24774.947779716167	2850	12.381561031791028	0.0	1388403	4949.556113137206	2.85
24779.138654359966	1850	12.190686387991548	0.0	1060487	4190.874643799481	0.8500000000000001
24782.8563398868	1850	12.473000861158576	0.0	852833	3717.6855268329714	1.85
24786.210262855082	1850	13.119077892876348	0.0	913888	3353.9229682822274	1.85
24791.139316697518	2850	12.19002405043952	0.0	1354548	4929.053842436828	1.85
24794.57680273013	1850	12.752538017826172	0.0	917428	3437.48603261335	0.8500000000000001
24798.11050910239	1850	13.21883164556956	0.0	946851	3533.706372256611	1.85
24804.580005733504	2850	10.749335014452935	0.0	1578343	6469.496631116624	1.85
24806.607916719575	1200	12.721424028384686	0.0	526950	2027.9109860682502	-0.44999999999999996
24810.65183203347	1850	12.677508714487386	0.0	923170	4043.9153138972983	1.2000000000000002
24815.46572564438	1850	11.863615103577478	0.0	966699	4813.893610909909	1.85
24819.149064238354	1850	12.180276509602708	0.0	885714	3683.338593974772	1.85
24823.762703239085	1850	11.566637508872544	0.0	987708	4613.639000730163	1.85
24827.747529076245	1850	11.581811671712815	0.0	923755	3984.825837159727	1.85
24831.812966958438	1850	11.516373789518639	0.0	891604	4065.437882194177	1.85
24836.06273381921	1850	11.266606928748429	0.0	955231	4249.76686077021	1.85
24840.08407786593	1850	11.245262882028925	0.0	968026	4021.3440467195032	1.85
24844.119915526462	1850	11.20942522149731	0.0	874175	4035.8376605316134	1.85
24848.280273017037	1850	11.049067730922067	0.0	897976	4160.357490575246	1.85
24852.497197740857	1850	10.832143007102411	0.0	905935	4216.924723819656	1.85
24855.630246396428	1200	11.699094351532523	0.0	696376	3133.0486555698885	0.5499999999999999
24858.704675165016	1850	12.624665582943896	0.0	758197	3074.428768588626	1.2000000000000002
24863.156831247168	1850	12.172509500788758	0.0	972798	4452.156082155138	1.85
24867.953488932002	1850	11.3758518159556	0.0	975811	4796.657684833157	1.85
24872.346896805873	1850	10.982443942083773	0.0	873429	4393.407873871826	1.85
24875.48529095734	1200	11.844049790621096	0.0	620283	3138.394151462679	0.5499999999999999
24879.5896980724	1850	11.739642675558509	0.0	885062	4104.407115062586	1.2000000000000002
24883.94544469931	1850	11.383896048648861	0.0	1035329	4355.7466269096485	1.85
24887.779999153383	1850	11.54934159457717	0.0	1026056	3834.5544540716915	1.85
24891.426034573407	1850	11.903306174555821	0.0	943942	3646.035420021349	1.85
24895.269537699784	1850	12.059803048174967	0.0	728962	3843.503126380854	1.85
24899.623679060292	1850	11.705661687669599	0.0	938587	4354.141360505368	1.85
24903.81795201752	1850	11.511388730436835	0.0	908665	4194.272957232764	1.85
24908.08930033786	1850	11.240040410102138	0.0	930577	4271.348320334697	1.85
24911.96238539468	1850	11.366955353280963	0.0	858450	3873.085056821176	1.85
24916.43865704103	1850	10.890683706929645	0.0	1025005	4476.271646351316	1.85
24919.202174336086	1200	12.127166411875614	0.0	599477	2763.517295054031	0.5499999999999999
24923.747778242883	1850	11.581562505078765	0.0	973972	4545.60390679685	1.2000000000000002
24928.02484166019	1850	11.304499087769662	0.0	958994	4277.063417309103	1.85
24932.034026104368	1850	11.295314643590434	0.0	982064	4009.1844441792264	1.85
24935.29620577563	1850	12.033134972328138	0.0	830730	3262.179671262296	1.85
24939.041676587498	1850	12.287664160457787	0.0	846370	3745.4708118703506	1.85

