35506.61056428471	750	4.0	4.682371235678054	450283	4682.371235678053	-19.38419631341563
35508.04253826706	300	6.568026017653915	0.0	155580	1431.973982346085	-0.15000000000000002
35509.266480227896	300	9.344084056817959	0.0	139857	1223.9419608359563	0.3
35510.6178158554	300	11.992748429308044	0.0	155432	1351.335627509916	0.3
35514.058267047716	750	12.55229723699273	0.0	411561	3440.4511923153136	0.3
35516.7351265998	750	13.875437684909917	0.0	318564	2676.859552082812	0.75
35519.72610304501	750	14.8844612397031	0.0	352642	2990.9764452068175	0.75
35523.426819003136	750	15.183745281574272	0.0	437162	3700.715958128829	0.75
35526.60595544999	750	16.00460883471935	0.0	374758	3179.136446854924	0.75
35529.67323782449	750	16.937326460214635	0.0	362795	3067.282374504713	0.75
35532.654981133746	750	17.955583150964596	0.0	353220	2981.743309250036	0.75
35536.055195856636	750	18.555368428073244	0.0	405134	3400.2147228913536	0.75
35539.2801966222	750	19.33036766251389	0.0	386351	3225.0007655593568	0.75
35542.864067213966	750	19.746497070743864	0.0	434409	3583.8705917700267	0.75
35545.74809843913	750	20.86246584558156	0.0	337059	2884.031225162304	0.75
35549.20354423697	750	21.407020047742467	0.0	366214	3455.445797839091	0.75
35553.58404952205	750	21.02651476266145	0.0	360831	4380.505285081016	0.75
35556.73235404158	750	21.87821024312704	0.0	372963	3148.3045195344107	0.75
35563.536429960404	750	19.074134324301713	0.0	405596	6804.075918825324	0.75
35566.48936612524	750	20.12119815946584	0.0	350713	2952.9361648358727	0.75
35569.7185480593	750	20.89201622540285	0.0	386472	3229.1819340629936	0.75
35573.02587494576	750	21.58468933895144	0.0	399894	3307.32688645141	0.75
35581.00178020512	1850	17.60878407959114	0.0	968026	7975.9052593602955	0.75
35588.27648431656	1850	14.334079968153729	0.0	874175	7274.7041114374115	1.85
35595.84533843145	1850	10.765225853260505	0.0	897976	7568.8541148932245	1.85
35599.04509511618	750	11.565469168533875	0.0	379700	3199.75668472663	-0.3500000000000001
35602.56646052954	750	12.044103755173238	0.0	425781	3521.3654133606383	0.75
35604.89587530978	750	13.714688974929	0.0	277716	2329.414780244236	0.75
35608.23347188488	750	14.377092399832982	0.0	400396	3337.596575096019	0.75
35611.611735910104	750	14.998828374608062	0.0	400508	3378.2640252249203	0.75
35614.94678005677	750	15.66378422793925	0.0	358218	3335.044146668812	0.75
35620.7127950702	750	13.897769214512547	0.0	400322	5766.015013426702	0.75
35623.80016052726	750	14.810403757451082	0.0	369834	3087.3654570614653	0.75
35627.251187183276	750	15.35937710143581	0.0	412837	3451.026656015273	0.75
35630.614799879986	750	15.995764404726627	0.0	401088	3363.612696709182	0.75
35633.695406824125	750	16.915157460583053	0.0	365161	3080.6069441435743	0.75
35636.38970083374	750	18.220863450975568	0.0	321064	2694.294009607485	0.75
35639.39409645356	750	19.21646783115913	0.0	361565	3004.3956198164374	0.75
35642.57611373565	750	20.034450549057606	0.0	378327	3182.0172821015262	0.75
35645.88662171144	750	20.723942573271202	0.0	390680	3310.5079757864046	0.75
35648.87433430389	750	21.736229980828842	0.0	345516	2987.712592442359	0.75
35652.124781075996	750	22.485783208715457	0.0	384505	3250.4467721133847	0.75
35655.22851296239	750	23.382051322320443	0.0	372093	3103.731886395013	0.75
35658.94329594573	750	23.66726833897875	0.0	438281	3714.7829833416904	0.75
35662.33551066948	750	24.2750536152321	0.0	398987	3392.214723746653	0.75
35665.70451018236	750	24.90605410235307	0.0	393804	3368.999512879029	0.75
35669.22324257352	750	25.387321711187173	0.0	331053	3518.732391165898	0.75
35672.19576414438	750	26.414800140325177	0.0	314107	2972.521570861996	0.75

