2856.6010220246962	750	4.0	5.122022743546548	450283	5122.022743546549	-21.274697797250155
2858.6328884075365	300	5.968133617159814	0.0	155580	2031.8663828401864	-0.15000000000000002
2860.4674981048292	300	8.133523919866589	0.0	139857	1834.6096972932253	0.3
2862.459233067519	300	10.141788957176773	0.0	155432	1991.7349626898142	0.3
2864.47737721404	300	12.123644810655627	0.0	163442	2018.1441465211456	0.3
2866.0549499684116	300	14.546072056283991	0.0	126289	1577.5727543716362	0.3
2867.8952557425705	300	16.70576628212534	0.0	153295	1840.305774158653	0.3
2872.926219196376	750	15.674802828319526	0.0	437162	5030.963453805813	0.3
2877.768061614303	750	14.832960410393149	0.0	374758	4841.8424179263775	0.75
2882.84237711664	750	13.75864490805574	0.0	362795	5074.31550233741	0.75
2887.490424017505	750	13.110598007190527	0.0	353220	4648.046900865213	0.75
2892.17695852794	750	12.424063496755771	0.0	405134	4686.534510434756	0.75
2896.6211209672406	750	11.97990105745492	0.0	386351	4444.162439300851	0.75
2902.126530234335	750	10.47449179036065	0.0	434409	5505.409267094271	0.75
2906.6792086081678	750	9.921813416527913	0.0	337059	4552.678373832738	0.75
2908.5983666385187	300	12.002655386176528	0.0	138313	1919.158030351385	-0.15000000000000002
2910.580522749682	300	14.020499275013412	0.0	143509	1982.1561111631172	0.3
2912.6568793882134	300	15.94414263648242	0.0	150616	2076.3566385309914	0.3
2917.33770351271	750	15.263318511985704	0.0	405596	4680.824124496715	0.3
2921.8541593278946	750	14.746862696801145	0.0	350713	4516.45581518456	0.75
2926.7438500129992	750	13.85717201169658	0.0	386472	4889.690685104563	0.75
2931.415864606083	750	13.185157418612722	0.0	399894	4672.01459308386	0.75
2935.620966880641	750	12.980055144054608	0.0	401853	4205.102274558115	0.75
2939.124119641497	750	13.476902383198373	0.0	343800	3503.152760856234	0.75
2943.262016633334	750	13.339005391361455	0.0	359903	4137.8969918369185	0.75
2947.61645313034	750	12.984568894355618	0.0	379700	4354.436497005838	0.75
2952.500288096134	750	12.100733928561397	0.0	425781	4883.834965794222	0.75
2956.3169424232883	750	12.284079601407404	0.0	277716	3816.654327153992	0.75
2961.5775234234807	750	11.023498601214962	0.0	400396	5260.581000192442	0.75
2966.2145760723197	750	10.38644595237578	0.0	400508	4637.052648839182	0.75
2968.0361399074973	300	12.564882117198227	0.0	157421	1821.5638351775517	-0.15000000000000002
2969.8688035698888	300	14.732218454806862	0.0	157488	1832.6636623913662	0.3
2974.0920337908433	750	14.508988233852564	0.0	369834	4223.230220954299	0.3
2978.5967596303726	750	14.004262394323032	0.0	412837	4504.725839529532	0.75
2982.9663036522643	750	13.634718372431639	0.0	401088	4369.544021891393	0.75
2986.735384509757	750	13.865637514939088	0.0	365161	3769.080857492551	0.75
2989.9706655363852	750	14.630356488310738	0.0	321064	3235.2810266283477	0.75
2993.646049257197	750	14.954972767499024	0.0	361565	3675.3837208117147	0.75
2997.8539543881284	750	14.747067636567202	0.0	378327	4207.905130931822	0.75
3002.2038026017563	750	14.397219422939816	0.0	390680	4349.848213627388	0.75
3005.961088383001	750	14.639933641694967	0.0	345516	3757.2857812448497	0.75
3010.051613645178	750	14.549408379517939	0.0	384505	4090.5252621770287	0.75
3013.992705127062	750	14.60831689763407	0.0	372093	3941.0914818838664	0.75
3018.8130658691607	750	13.787956155534983	0.0	438281	4820.360742099089	0.75
3023.2240679577217	750	13.376954066974264	0.0	398987	4411.002088560719	0.75
3027.5019787908846	750	13.099043233811752	0.0	393804	4277.910833162512	0.75
3031.097582826801	750	13.503439197895117	0.0	331053	3595.6040359166345	0.75
3034.6025533421534	750	13.998468682543132	0.0	314107	3504.970515351985	0.75

