16118.066240438424	750	4.0	4.7264392400055675	450283	4726.439240005568	-19.57368873202394
16119.694297204964	300	6.371943233459882	0.0	155580	1628.0567665401188	-0.15000000000000002
16123.228426572354	750	6.837813866069222	0.0	350812	3534.129367390659	0.3
16127.081348553786	750	6.984891884637326	0.0	382355	3852.921981431896	0.75
16131.231263926009	750	6.834976512415102	0.0	411561	4149.9153722222245	0.75
16134.486013887683	750	7.580226550741179	0.0	318564	3254.7499616739233	0.75
16138.168973357173	750	7.897267081251065	0.0	352642	3682.9594694901134	0.75
16142.493972236993	750	7.572268201430413	0.0	437162	4324.998879820652	0.75
16146.239545854496	750	7.82669458392683	0.0	374758	3745.5736175035827	0.75
16149.897700505882	750	8.168539932540098	0.0	362795	3658.1546513867324	0.75
16153.41266983469	750	8.65357060373249	0.0	353220	3514.9693288076064	0.75
16157.455850990018	750	8.610389448405387	0.0	405134	4043.1811553271036	0.75
16161.326787621523	750	8.739452816900462	0.0	386351	3870.936631504925	0.75
16166.070562107945	750	7.9956783304771415	0.0	434409	4743.774486423321	0.75
16170.291194483725	750	7.775045954696074	0.0	337059	4220.632375781068	0.75
16173.956232855971	750	8.110007582448809	0.0	366214	3665.0383722472643	0.75
16177.552543510237	750	8.513696928183005	0.0	360831	3596.310654265804	0.75
16181.28211543615	750	8.784125002270828	0.0	372963	3729.571925912178	0.75
16185.366012499595	750	8.700227938826046	0.0	405596	4083.8970634447824	0.75
16188.94012735851	750	9.126113079911146	0.0	350713	3574.1148589148997	0.75
16193.683111063046	750	8.38312937537336	0.0	386472	4742.983704537789	0.75
16197.977360260385	750	8.088880178034215	0.0	399894	4294.249197339145	0.75
16201.97130341258	750	8.094937025840586	0.0	401853	3993.9431521936276	0.75
16205.402550998511	750	8.663689439908941	0.0	343800	3431.247585931645	0.75
16209.04202280855	750	9.02421762986981	0.0	359903	3639.47181003913	0.75
16212.958205008168	750	9.108035430252633	0.0	379700	3916.182199617178	0.75
16217.261117198737	750	8.805123239682501	0.0	425781	4302.91219057013	0.75
16219.98772720529	750	10.078513233128302	0.0	277716	2726.610006554199	0.75
16223.891095291254	750	10.175145147166823	0.0	400396	3903.36808596148	0.75
16227.845284338435	750	10.220956099985598	0.0	400508	3954.1890471812235	0.75
16231.430249126146	750	10.63599131227479	0.0	358218	3584.964787710809	0.75
16235.44140658733	750	10.624833851090441	0.0	400322	4011.1574611843475	0.75
16239.11558851303	750	10.950651925391451	0.0	369834	3674.1819256989916	0.75
16243.23665150916	750	10.829588929261181	0.0	412837	4121.062996130269	0.75
16247.323023198589	750	10.743217239831433	0.0	401088	4086.3716894297495	0.75
16251.165589394423	750	10.900651043999446	0.0	365161	3842.566195831987	0.75
16254.317221204443	750	11.749019233978899	0.0	321064	3151.631810020546	0.75
16257.972007609573	750	12.094232828850197	0.0	361565	3654.7864051287015	0.75
16261.937276850535	750	12.12896358788732	0.0	378327	3965.269240962878	0.75
16265.8575475214	750	12.208692917023203	0.0	390680	3920.2706708641163	0.75
16269.328405811852	750	12.73783462657105	0.0	345516	3470.8582904521536	0.75
16277.917362673898	750	8.148877764525345	0.0	384505	8588.956862045705	0.75
16279.373245148274	300	10.692995290149332	0.0	145210	1455.8824743760129	-0.15000000000000002
16281.085922380727	300	12.980318057695097	0.0	172312	1712.6772324542355	0.3
16282.784439753163	300	15.281800685259613	0.0	167025	1698.5173724354831	0.3
16284.44845766322	300	17.617782775201054	0.0	160064	1664.017910058562	0.3
16287.805474733728	750	18.260765704692165	0.0	331053	3357.0170705088863	0.3
16309.301422913548	4300	4.0	3.235182475126334	2155012	21495.9481798185	-13.161284643043235

