21300.154131836403	750	4.0	2.2034187672647763	450283	2203.4187672647763	-8.724700699238538
21300.96780708466	300	7.186324751742673	0.0	155580	813.6752482573269	-0.15000000000000002
21301.70733671055	300	10.446795125855509	0.0	139857	739.5296258871639	0.3
21303.609756289552	750	12.544375546853958	0.0	382355	1902.4195790015515	0.3
21305.747926100154	750	14.40620573625503	0.0	411561	2138.169810598929	0.75
21307.42102847755	750	16.733103358858635	0.0	318564	1673.1023773963936	0.75
21309.859912350334	750	18.294219486075743	0.0	352642	2438.8838727828934	0.75
21313.732329554172	750	18.42180228223896	0.0	437162	3872.417203836784	0.75
21315.625390181915	750	20.52874165449554	0.0	374758	1893.0606277434206	0.75
21317.460574408648	750	22.69355742776209	0.0	362795	1835.1842267334498	0.75
21319.831102737906	750	24.323029098500562	0.0	353220	2370.5283292615295	0.75
21327.03892455462	1850	21.11520728178898	0.0	917428	7207.821816711585	0.75
21333.130685986027	1850	19.02344585038069	0.0	946851	6091.761431408289	1.85
21340.029799873922	1850	16.12433196248645	0.0	1036454	6899.113887894236	1.85
21344.502480011484	1850	15.651651824924574	0.0	821631	4472.680137561878	1.85
21349.96686822251	1850	14.187263613901225	0.0	923170	5464.38821102335	1.85
21357.725257266673	1850	10.428874569735733	0.0	966699	7758.38904416549	1.85
21360.71787266387	750	11.43625917253887	0.0	372963	2992.615397196864	-0.3500000000000001
21363.475576605822	750	12.678555230586069	0.0	405596	2757.703941952801	0.75
21366.387297071687	750	13.76683476471991	0.0	350713	2911.720465866159	0.75
21369.85734133123	750	14.296790505178793	0.0	386472	3470.044259541116	0.75
21372.09407786322	750	16.060053973186587	0.0	399894	2236.736531992207	0.75
21374.341379812213	750	17.812752024193443	0.0	401853	2247.301948993144	0.75
21376.296336006406	750	19.85779583000294	0.0	343800	1954.9561941905051	0.75
21378.346059356034	750	21.808072480376467	0.0	359903	2049.723349626469	0.75
21380.526004985637	750	23.628126850770855	0.0	379700	2179.945629605613	0.75
21383.04394632485	750	25.110185511556733	0.0	425781	2517.9413392141228	0.75
21387.39953213265	1850	24.754599703756217	0.0	758197	4355.585807800519	0.75
21393.650708216206	1850	22.503423620202287	0.0	972798	6251.17608355393	1.85
21399.811449220862	1850	20.34268261554426	0.0	975811	6160.74100465803	1.85
21405.86767359352	1850	18.28645824288767	0.0	873429	6056.2243726565885	1.85
21411.502893887777	1850	16.65123794862744	0.0	954453	5635.220294260227	1.85
21416.007043250134	1850	16.147088586269373	0.0	885062	4504.149362358066	1.85
21422.689756180418	1850	13.464375655990022	0.0	1035329	6682.712930279353	1.85
21428.058538320274	1850	12.095593516133707	0.0	1026056	5368.782139856315	1.85
21433.581879790436	1850	10.572252045972077	0.0	943942	5523.341470161632	1.85
21438.062407974016	1850	10.091723862393579	0.0	728962	4480.528183578497	1.85
21440.037547624695	750	12.116584211714049	0.0	361565	1975.13965067953	-0.3500000000000001
21442.251931875333	750	13.902199961076088	0.0	378327	2214.3842506379615	0.75
21444.680698957483	750	15.473432878925301	0.0	390680	2428.767082150786	0.75
21446.92985482519	750	17.224277011217527	0.0	345516	2249.155867707773	0.75
21449.67140611909	750	18.482725717318942	0.0	384505	2741.5512938985858	0.75
21452.41137128126	750	19.742760555147505	0.0	372093	2739.965162171439	0.75
21455.798398036855	750	20.3557337995527	0.0	438281	3387.0267555948085	0.75
21458.263288503116	750	21.890843333292118	0.0	398987	2464.890466260579	0.75
21460.519641641287	750	23.63449019512073	0.0	393804	2256.3531381713915	0.75
21462.468405398413	750	25.685726437997545	0.0	331053	1948.7637571231814	0.75
21467.58456377574	1850	24.56956806067096	0.0	846370	5116.158377326586	0.75

