4498.285527877952	750	4.0	1.0058620320961174	450283	1005.8620320961174	-3.5752067380133044
4499.1856653457935	750	7.0998625321586255	0.0	398865	900.1374678413749	0.75
4499.986997288603	750	10.298530589349985	0.0	350812	801.3319428086406	0.75
4501.985978937624	1850	12.299548940328066	0.0	933276	1998.9816490219175	0.75
4504.325724824397	1850	13.959803053555095	0.0	996749	2339.7458867729715	1.85
4506.294038564456	1850	15.991489313496016	0.0	801058	1968.313740059078	1.85
4508.4242123151325	1850	17.86131556281887	0.0	905515	2130.1737506771497	1.85
4510.688753346165	1850	19.596774531786803	0.0	1060487	2264.541031032064	1.85
4512.525539314421	1850	21.759988563530552	0.0	852833	1836.7859682562523	1.85
4514.489843924107	1850	23.79568395384427	0.0	913888	1964.3046096862768	1.85
4516.508219951347	1850	25.77730792660361	0.0	939819	2018.3760272406657	1.85
4518.489508151567	1850	27.796019726384092	0.0	917428	1981.2882002195142	1.85
4520.596152118532	1850	29.689375759418663	0.0	946851	2106.6439669654283	1.85
4522.89458273342	1850	31.390945144530804	0.0	1036454	2298.430614887861	1.85
4527.102525291688	4300	31.183002586262496	0.0	2005399	4207.942558268307	1.8499999999999996
4533.259881025125	4300	29.025646852826373	0.0	2152483	6157.355733436125	4.3
4538.886866120065	4300	27.39866175788569	0.0	2289689	5626.985094940684	4.3
4544.105867044811	4300	26.179660833138875	0.0	2059512	5219.000924746816	4.3
4549.572352990707	4300	24.713174887242516	0.0	2220726	5466.48594589636	4.3
4554.462558402096	4300	23.822969475853622	0.0	2156729	4890.2054113888935	4.3
4559.247615065575	4300	23.037912812375332	0.0	2039773	4785.056663478286	4.3
4563.90421577563	4300	22.38131210231923	0.0	2176469	4656.600710056099	4.3
4568.585567535607	4300	21.699960342342575	0.0	2221506	4681.351759976657	4.3
4576.1142987775975	4300	18.17122910035289	0.0	2044075	7528.731241989689	4.3
4581.119652848608	4300	17.165875029342224	0.0	2186790	5005.354071010665	4.3
4587.644127914031	4300	14.641399963919262	0.0	2105231	6524.47506542296	4.3
4593.784521189853	4300	12.501006688097833	0.0	2395588	6140.393275821429	4.3
4598.030395508794	4300	12.255132369156263	0.0	1972048	4245.874318941571	4.3
4602.8534999315425	4300	11.432027946408486	0.0	2134614	4823.104422747777	4.3
4607.570250573195	4300	10.715277304755087	0.0	2164140	4716.750641653399	4.3
4609.451046276212	1850	12.834481601738993	0.0	873429	1880.7957030160935	-0.6000000000000001
4611.540896871328	1850	14.744631006622415	0.0	954453	2089.850595116578	1.85
4613.49187125515	1850	16.793656622801045	0.0	885062	1950.9743838213699	1.85
4615.741464316338	1850	18.54406356161277	0.0	1035329	2249.5930611882773	1.85
4617.936218616581	1850	20.34930926137043	0.0	1026056	2194.754300242343	1.85
4619.961731730562	1850	22.32379614738897	0.0	943942	2025.5131139814575	1.85
4621.641898873258	1850	24.64362900469315	0.0	728962	1680.1671426958192	1.85
4623.801315188566	1850	26.484212689384712	0.0	938587	2159.4163153084387	1.85
4625.859796606521	1850	28.425731271429868	0.0	908665	2058.481417954844	1.85
4627.857111491681	1850	30.42841638626982	0.0	930577	1997.3148851600495	1.85
4632.289549764285	4300	29.99597811366599	0.0	2108491	4432.438272603827	1.8499999999999996
4636.889667718471	4300	29.395860159479604	0.0	2184571	4600.11795418639	4.3
4641.522826577997	4300	28.76270129995403	0.0	2121928	4633.158859525573	4.3
4648.352209147723	4300	25.933318730227903	0.0	2219102	6829.382569726126	4.3
4654.603957764891	4300	23.6815701130599	0.0	2124950	6251.748617168003	4.3
4660.7249493306945	4300	21.56057854725708	0.0	2246506	6120.991565802823	4.3
4664.904522018159	4300	21.381005859792168	0.0	1961140	4179.5726874649135	4.3
4670.5551747815925	4300	19.730353096358876	0.0	2155012	5650.652763433292	4.3

