6937.958070288487	750	4.0	1.4382832407258432	450283	1438.2832407258431	-5.434617935121126
6939.241250610222	750	6.716819678264306	0.0	398865	1283.1803217356937	0.75
6940.379478569629	750	9.578591718857634	0.0	350812	1138.2279594066722	0.75
6943.26428618633	1850	10.693784102156073	0.0	933276	2884.807616701563	0.75
6946.329137247204	1850	11.628933041282643	0.0	996749	3064.851060873429	1.85
6948.811327087834	1850	13.146743200652995	0.0	801058	2482.189840629648	1.85
6951.607997462171	1850	14.35007282631522	0.0	905515	2796.6703743377757	1.85
6956.887823999844	2850	13.070246288642434	0.0	1638769	5279.826537672786	1.85
6961.627636561126	2850	12.330433727360335	0.0	1348011	4739.812561282098	2.85
6966.176966316726	2850	11.781103971759759	0.0	1429765	4549.329755600575	2.85
6970.369687396164	2850	11.588382892321734	0.0	1354548	4192.721079438026	2.85
6975.129305130144	2850	10.828765158342568	0.0	1519951	4759.617733979166	2.85
6979.684391418102	2850	10.273678870383975	0.0	1422919	4555.086287958593	2.85
6984.681249688296	2850	9.27682060019091	0.0	1578343	4996.858270193065	2.85
6988.525926664832	2850	9.432143623654431	0.0	1231445	3844.6769765364784	2.85
6993.157172609518	2850	8.80089767896842	0.0	1471065	4631.24594468601	2.85
6997.648503241245	2850	8.309567047242119	0.0	1491626	4491.3306317263	2.85
7001.88184203703	2850	8.076228251457662	0.0	1358801	4233.338795784456	2.85
7007.565526616177	2850	6.392543672310256	0.0	1537156	5683.684579147406	2.85
7011.987958350093	2850	5.970111938393836	0.0	1336050	4422.431733916421	2.85
7016.420328095888	2850	5.537742192599256	0.0	1415116	4432.369745794579	2.85
7019.571352446489	1850	6.386717841997598	0.0	955231	3151.0243506016586	0.8500000000000001
7023.037291766699	1850	6.920778521787109	0.0	968026	3465.9393202104893	1.85
7025.829041223666	1850	8.129029064820376	0.0	874175	2791.7494569667324	1.85
7028.657584746975	1850	9.300485541511607	0.0	897976	2828.5435233087687	1.85
7033.426326884114	2850	8.531743404371827	0.0	1480464	4768.742137139779	1.85
7039.126820531131	2850	6.831249757355008	0.0	1547572	5700.4936470168195	2.85
7042.737964672145	2850	7.220105616340969	0.0	1141971	3611.14414101404	2.85
7047.5061116874795	2850	6.451958601005732	0.0	1498470	4768.147015335237	2.85
7052.334822179642	2850	5.623248108842898	0.0	1561263	4828.710492162834	2.85
7056.466415798674	2850	5.491654489812217	0.0	1341201	4131.59361903068	2.85
7061.140317114931	2850	4.8177531735543075	0.0	1497683	4673.9013162579095	2.85
7063.975674547704	1850	5.982395740782265	0.0	885062	2835.3574327720426	0.8500000000000001
7067.154118294972	1850	6.80395199351417	0.0	1035329	3178.4437472680956	1.85
7071.719616879724	2850	6.23845340876243	0.0	1492672	4565.49858475174	1.85
7076.15112646354	2850	5.806943824946333	0.0	1439896	4431.509583816097	2.85
7079.690729846404	2850	6.267340442082555	0.0	1139291	3539.6033828637774	2.85
7084.685720480325	2850	5.27234980816195	0.0	1499009	4994.990633920605	2.85
7089.201275035341	2850	4.756795253146205	0.0	1427478	4515.554555015745	2.85
7093.472736563434	2850	4.485333725051796	0.0	1402287	4271.461528094409	2.85
7096.117016637572	1850	5.84105365091498	0.0	858450	2644.280074136815	0.8500000000000001
7099.269878943884	1850	6.688191344603667	0.0	1025005	3152.8623063113137	1.85
7102.013492874071	1850	7.944577414416144	0.0	886255	2743.6139301875232	1.85
7105.022934940302	1850	8.935135348185765	0.0	973972	3009.4420662303783	1.85
7108.131305011636	1850	9.826765276851997	0.0	958994	3108.370071333769	1.85
7112.822854948392	2850	9.135215340095613	0.0	1483527	4691.549936756384	1.85
7118.991903341987	4300	6.966166946500198	0.0	1961140	6169.048393595414	2.8499999999999996
7125.969158099711	4300	4.0	0.011087811224378128	2155012	6977.254757724576	4.2523224117351734

