42689.46672276811	750	4.0	5.368573732660492	450283	5368.573732660492	-22.334867050440113
42691.35979446969	300	6.1069282984214865	0.0	155580	1893.0717015785133	-0.15000000000000002
42693.06963615222	300	8.397086615893745	0.0	139857	1709.8416825277423	0.3
42694.96834585518	300	10.498376912929528	0.0	155432	1898.709702964215	0.3
42696.97887272022	300	12.487850047896291	0.0	163442	2010.5268650332375	0.3
42698.55055972392	300	14.916163044199672	0.0	126289	1571.6870036966172	0.3
42703.31213257567	750	14.154590192440804	0.0	352642	4761.5728517588705	0.3
42708.83642711016	750	12.630295657955656	0.0	437162	5524.294534485147	0.75
42713.29570723032	750	12.171015537796688	0.0	374758	4459.280120158967	0.75
42717.66418980236	750	11.802532965755235	0.0	362795	4368.482572041453	0.75
42721.9467083306	750	11.520014437507973	0.0	353220	4282.518528247262	0.75
42726.82643907727	750	10.640283690847388	0.0	405134	4879.7307466605835	0.75
42728.81399931524	300	12.652723452868136	0.0	160746	1987.560237979253	-0.15000000000000002
42730.99863219415	300	14.468090573967737	0.0	179801	2184.632878900398	0.3
42732.680963652725	300	16.78575911539459	0.0	140051	1682.3314585731487	0.3
42736.998681738	750	16.46804103012291	0.0	366214	4317.7180852716765	0.3
42741.322278613865	750	16.144444154255453	0.0	360831	4323.596875867461	0.75
42745.77125052914	750	15.69547223897792	0.0	372963	4448.971915277533	0.75
42751.054714390004	750	14.412008378118617	0.0	405596	5283.463860859303	0.75
42755.14981654478	750	14.316906223343999	0.0	350713	4095.1021547746195	0.75
42759.80941079315	750	13.65731197497245	0.0	386472	4659.594248371547	0.75
42764.51960420848	750	12.947118559643222	0.0	399894	4710.193415329229	0.75
42769.32106085547	750	12.145661912646302	0.0	401853	4801.4566469969195	0.75
42773.377921008716	750	12.088801759404433	0.0	343800	4056.8601532418716	0.75
42777.62011367045	750	11.846609097673097	0.0	359903	4242.192661731335	0.75
42782.19967935942	750	11.26704340869961	0.0	379700	4579.565688973487	0.75
42787.275911833065	750	10.190810935057575	0.0	425781	5076.232473642033	0.75
42788.68393629438	300	12.782786473744256	0.0	111155	1408.02446131332	-0.15000000000000002
42790.59913216843	300	14.867590599694212	0.0	153605	1915.1958740500431	0.3
42795.36523652604	750	14.101486242078279	0.0	400508	4766.104357615934	0.3
42799.5899122631	750	13.876810505016168	0.0	358218	4224.675737062111	0.75
42804.42983921859	750	13.036883549532298	0.0	400322	4839.92695548387	0.75
42809.060621439494	750	12.406101328623707	0.0	369834	4630.7822209085925	0.75
42814.21937606581	750	11.247346702306993	0.0	412837	5158.754626316714	0.75
42819.15260656275	750	10.314116205370958	0.0	401088	4933.230496936036	0.75
42821.16066429452	300	12.306058473597398	0.0	159914	2008.0577317735601	-0.15000000000000002
42822.8005373157	300	14.666185452418308	0.0	131610	1639.8730211790892	0.3
42824.32338342625	300	17.143339341867122	0.0	124011	1522.8461105511853	0.3
42828.82334614424	750	16.643376623875692	0.0	378327	4499.962717991432	0.3
42833.51253343003	750	15.954189338089392	0.0	390680	4689.187285786298	0.75
42837.697800283146	750	15.768922484969293	0.0	345516	4185.2668531201	0.75
42842.346459687185	750	15.120263080930982	0.0	384505	4648.65940403831	0.75
42846.81559276873	750	14.651129999384313	0.0	372093	4469.13308154667	0.75
42852.05045896352	750	13.416263804610841	0.0	438281	5234.866194773472	0.75
42856.96658680832	750	12.500135959806308	0.0	398987	4916.127844804532	0.75
42861.78332777147	750	11.683394996654348	0.0	393804	4816.74096315196	0.75
42865.7700956667	750	11.696627101414192	0.0	331053	3986.767895240157	0.75
42869.901729052915	750	11.564993715203032	0.0	314107	4131.633386211159	0.75

