32375.088844652902	750	4.0	4.968504930079961	450283	4968.504930079961	-20.614571199343832
32377.02705404314	300	6.061790609763531	0.0	155580	1938.2093902364695	-0.15000000000000002
32378.788218550406	300	8.300626102496778	0.0	139857	1761.1645072667511	0.3
32383.229243169815	750	7.859601483089503	0.0	382355	4441.024619407276	0.3
32388.280245948547	750	6.808598704359725	0.0	411561	5051.002778729778	0.75
32390.003462268418	300	9.085382384486248	0.0	126289	1723.2163198734759	-0.15000000000000002
32397.705934458056	1200	5.382910194852154	0.0	561791	7702.472189634095	0.29999999999999993
32401.764624826566	300	5.324219826342567	0.0	173849	4058.6903685095867	-0.6000000000000001
32405.955236866947	300	5.133607785960459	0.0	150710	4190.612040382108	0.3
32407.844214228397	300	7.244630424511391	0.0	139105	1888.9773614490675	0.3
32412.46185906955	750	6.626985583357148	0.0	353220	4617.644841154243	0.3
32414.49783250605	300	8.591012146856325	0.0	156148	2035.9734365008235	-0.15000000000000002
32418.999186398054	750	8.089658254850919	0.0	386351	4501.353892005406	0.3
32424.23064848367	750	6.858196169236434	0.0	434409	5231.462085614485	0.75
32426.081729236725	300	9.007115416181563	0.0	140051	1851.0807530548714	-0.15000000000000002
32433.346514270965	1200	5.742330381943353	0.0	587876	7264.78503423821	0.29999999999999993
32435.129610775002	300	7.959233877908247	0.0	143509	1783.0965040351066	-0.6000000000000001
32439.65763511751	750	7.431209535402876	0.0	372963	4528.02434250537	0.3
32444.651530419906	750	6.437314233006631	0.0	405596	4993.895302396246	0.75
32446.453202445115	300	8.635642207793992	0.0	140881	1801.6720252126374	-0.15000000000000002
32453.768388397068	750	5.320456255841512	0.0	386472	7315.185951952481	0.3
32455.68898910106	300	7.399855551847782	0.0	157812	1920.60070399373	-0.15000000000000002
32460.53361032575	750	6.555234327158908	0.0	401853	4844.621224688874	0.3
32462.29474967328	300	8.794094979629246	0.0	137654	1761.1393475296632	-0.15000000000000002
32467.42796835452	750	7.660876298392489	0.0	359903	5133.218681236756	0.3
32472.297433630134	750	6.791411022776229	0.0	379700	4869.46527561626	0.75
32474.629580795812	300	8.459263857096833	0.0	181901	2332.147165679398	-0.15000000000000002
32478.152970943585	750	8.935873709324158	0.0	277716	3523.390147772673	0.3
32483.238548971833	750	7.850295681075937	0.0	400396	5085.578028248221	0.75
32488.781799608198	750	6.307045044712352	0.0	400508	5543.250636363586	0.75
32491.679215501925	300	7.409629150986708	0.0	157421	2897.415893725643	-0.15000000000000002
32497.02455768035	750	6.064286972559237	0.0	400322	5345.3421784274715	0.3
32498.877601994576	300	8.211242658332038	0.0	143881	1853.0443142271977	-0.15000000000000002
32504.016395933377	750	7.072448719530319	0.0	412837	5138.7939388017185	0.3
32508.991834299246	750	6.097010353659372	0.0	401088	4975.438365870947	0.75
32510.986285629948	300	8.102559022961321	0.0	159914	1994.4513306980507	-0.15000000000000002
32514.987383018542	750	8.101461634366784	0.0	321064	4001.0973885945373	0.3
32519.49906317368	750	7.58978147922728	0.0	361565	4511.680155139504	0.75
32524.04579429273	750	7.043050360174224	0.0	378327	4546.731119053056	0.75
32528.814230157186	750	6.274614495722635	0.0	390680	4768.435864451589	0.75
32530.73101627801	300	8.357828374898038	0.0	147968	1916.7861208245974	-0.15000000000000002
32535.60609123966	750	7.482753413248355	0.0	384505	4875.074961649682	0.3
32540.29960088416	750	6.789243768750537	0.0	372093	4693.509644497818	0.75
32542.476079641296	300	8.612765011609408	0.0	172312	2176.478757141128	-0.15000000000000002
32547.69297713705	750	7.395867515859203	0.0	398987	5216.897495750205	0.3
32552.45620623346	750	6.632638419446289	0.0	393804	4763.229096412914	0.75
32554.136914950755	300	8.9519297021526	0.0	137507	1680.7087172936886	-0.15000000000000002
32557.955482876674	750	9.133361776231963	0.0	314107	3818.5679259206363	0.3

