34584.041187642215	750	4.0	5.506683220098316	450283	5506.683220098316	-22.92873784642276
34585.450989481826	300	6.5901981603895035	0.0	155580	1409.8018396104958	-0.15000000000000002
34586.726400819294	300	9.314786822927072	0.0	139857	1275.4113374624314	0.3
34588.134937646224	300	11.906249995993415	0.0	155432	1408.5368269336586	0.3
34589.59926085409	300	14.441926788127363	0.0	163442	1464.3232078660521	0.3
34592.35119062623	750	15.689997015987329	0.0	318564	2751.929772140034	0.3
34595.968535646374	750	16.07265199584506	0.0	352642	3617.3450201422684	0.75
34600.72174545612	750	15.319442186100241	0.0	437162	4753.209809744819	0.75
34604.02791999855	750	16.01326764366813	0.0	374758	3306.1745424321134	0.75
34608.58662712946	750	15.454560512757308	0.0	362795	4558.7071309108205	0.75
34613.231289744144	750	14.809897898067328	0.0	353220	4644.662614689978	0.75
34618.72495566302	750	13.316231979196786	0.0	405134	5493.665918870544	0.75
34623.63677977461	750	12.404407867598868	0.0	386351	4911.824111597919	0.75
34629.19607444243	750	10.845113199779615	0.0	434409	5559.294667819252	0.75
34633.512091885605	750	10.529095756610095	0.0	337059	4316.0174431695195	0.75
34635.258429437294	300	12.782758204917679	0.0	138313	1746.3375516924168	-0.15000000000000002
34636.89419491467	300	15.146992727546479	0.0	143509	1635.7654773711977	0.3
34640.92472695975	750	15.116460682466803	0.0	372963	4030.5320450796767	0.3
34645.010846327925	750	15.030341314291196	0.0	405596	4086.1193681756063	0.75
34649.7004210911	750	14.340766551110516	0.0	350713	4689.574763180681	0.75
34654.70663984567	750	13.334547796532792	0.0	386472	5006.218754577724	0.75
34659.41106094017	750	12.63012670204399	0.0	399894	4704.421094488802	0.75
34664.38441676381	750	11.656770878403709	0.0	401853	4973.3558236402805	0.75
34667.62533551433	750	12.41585212788914	0.0	343800	3240.918750514569	0.75
34670.66161648092	750	13.379571161302875	0.0	359903	3036.280966586265	0.75
34673.703227466256	750	14.337960175964684	0.0	379700	3041.610985338193	0.75
34677.957912305355	750	14.083275336866889	0.0	425781	4254.684839097793	0.75
34681.43101269446	750	14.61017494775786	0.0	277716	3473.10038910903	0.75
34686.22667010593	750	13.81451753629607	0.0	400396	4795.657411461791	0.75
34694.229289197036	750	9.811898445187257	0.0	400508	8002.619091108812	0.75
34696.09370293313	300	11.947484709088307	0.0	157421	1864.4137360989494	-0.15000000000000002
34698.0186915768	300	14.02249606541937	0.0	157488	1924.988643668937	0.3
34699.784272770536	300	16.256914871679335	0.0	143881	1765.581193740033	0.3
34703.833686218175	750	16.207501424045084	0.0	412837	4049.4134476342524	0.3
34707.92071045981	750	16.12047718240209	0.0	401088	4087.0242416429915	0.75
34713.30532497106	750	14.735862671158662	0.0	365161	5384.614511243429	0.75
34718.3930096107	750	13.648178031520757	0.0	321064	5087.684639637904	0.75
34722.71879869136	750	13.322388950856606	0.0	361565	4325.789080664153	0.75
34727.14480493642	750	12.896382705799297	0.0	378327	4426.00624505731	0.75
34730.59562804995	750	13.445559592261583	0.0	390680	3450.8231135377146	0.75
34733.87566368351	750	14.165523958702376	0.0	345516	3280.035633559206	0.75
34737.928868346986	750	14.112319295226953	0.0	384505	4053.204663475424	0.75
34742.99330167995	750	13.0478859622718	0.0	372093	5064.433332955151	0.75
34749.24667612848	750	10.794511513734488	0.0	438281	6253.3744485373145	0.75
34754.46249114966	750	9.578696492565722	0.0	398987	5215.815021168765	0.75
34756.81973868121	300	11.221448961013113	0.0	160064	2357.2475315526094	-0.15000000000000002
34758.25504632622	300	13.786141316006294	0.0	137507	1435.3076450068202	0.3
34759.37138730857	300	16.669800333647878	0.0	118421	1116.3409823584172	0.3

