38321.921775308874	750	4.0	3.74372891450712	450283	3743.7289145071204	-15.348034332380617
38323.26765242287	300	6.654122886009425	0.0	155580	1345.8771139905743	-0.15000000000000002
38324.46516228488	300	9.456613023997276	0.0	139857	1197.5098620121494	0.3
38329.4486765914	1200	8.473098717483888	0.0	617681	4983.514306513388	0.29999999999999993
38332.72567535357	750	9.196099955311944	0.0	411561	3276.998762171944	0.3
38340.2405981736	1200	5.681177135281562	0.0	520315	7514.922820030381	0.75
38341.44966719895	300	8.472108109940022	0.0	153295	1209.0690253415398	-0.6000000000000001
38344.78768549426	750	9.134089814626899	0.0	437162	3338.0182953131225	0.3
38349.36849638419	1200	8.553278924696967	0.0	584846	4580.810889929934	0.75
38352.3324168849	750	9.589358423986457	0.0	362795	2963.9205007105074	0.3
38360.704007089975	1200	5.217768218913252	0.0	607410	8371.590205073206	0.75
38362.04475810228	300	7.877017206600587	0.0	156148	1340.751012312665	-0.6000000000000001
38367.34178576902	750	6.579989539860244	0.0	386351	5297.027666740343	0.3
38371.97577866531	300	5.945996643575314	0.0	179801	4633.99289628493	-0.15000000000000002
38375.66690889505	300	6.254866413834781	0.0	140051	3691.1302297405327	0.3
38379.2894810781	300	6.632294230785792	0.0	138313	3622.5721830489897	0.3
38382.98487737963	300	6.936897929256393	0.0	143509	3695.3963015293994	0.3
38385.28419989029	300	8.637575418604259	0.0	150616	2299.3225106521336	0.3
38388.40292500667	750	9.51885030222775	0.0	405596	3118.7251163765095	0.3
38392.95720802528	1200	8.96456728361646	0.0	586839	4554.28301861129	0.75
38395.61078142373	750	10.31099388516174	0.0	386472	2653.5733984547223	0.3
38398.79602436146	1200	11.12575094743248	0.0	616206	3185.24293772926	0.75
38407.708665332524	1850	6.213109976367179	0.0	968026	8912.6409710653	1.2000000000000002
38408.48742054757	300	9.43435476131552	0.0	137654	778.7552150516586	-1.25
38411.63769375084	1200	10.284081558056286	0.0	587236	3150.2732032592344	0.29999999999999993
38414.90976072079	1200	11.012014588103561	0.0	590335	3272.066969952727	1.2
38424.351235367	1850	5.570539941891	0.0	1076599	9441.47464621256	1.2000000000000002
38424.9995786754	300	8.922196633490488	0.0	111155	648.3433084005121	-1.25
38427.386256515565	750	10.535518793332894	0.0	400396	2386.677840157594	0.3
38433.12019853115	1200	8.801576777747483	0.0	641447	5733.942015585411	0.75
38440.78090828942	750	5.140867019477245	0.0	358218	7660.709758270238	0.3
38442.10146506221	300	7.820310246683034	0.0	157488	1320.5567727942107	-0.15000000000000002
38445.09470336296	750	8.827071945926317	0.0	369834	2993.2383007567187	0.3
38452.984168837116	750	4.937606471777514	0.0	412837	7889.465474148803	0.75
38456.23621677487	300	5.685558534018166	0.0	179328	3252.047937759348	-0.15000000000000002
38457.127634950935	300	8.794140357952157	0.0	159914	891.4181760660078	0.3
38458.83674287945	750	11.085032429437726	0.0	321064	1709.1079285144313	0.3
38464.01809972014	1850	9.903675588755327	0.0	938587	5181.356840682401	0.75
38467.48608760151	1200	10.435687707387821	0.0	605884	3467.987881367506	0.5499999999999999
38470.671094698024	1200	11.250680610867478	0.0	587506	3185.0070965203404	1.2
38475.05861517059	1850	10.863160138309393	0.0	858450	4387.520472558086	1.2000000000000002
38478.39521484868	1200	11.526560460212295	0.0	641452	3336.5996780970986	0.5499999999999999
38486.92537045386	1850	6.996404855035691	0.0	886255	8530.155605176604	1.2000000000000002
38487.94397958701	300	9.977795721882721	0.0	172312	1018.6091331529692	-1.25
38491.45678920875	1200	10.464986100147726	0.0	630203	3512.809621734996	0.29999999999999993
38494.766170725554	1200	11.155604583340706	0.0	638661	3309.381516807019	1.2
38499.074513837804	1850	10.84726147108915	0.0	830730	4308.343112251555	1.2000000000000002
38501.99920196083	1200	11.92257334806199	0.0	550906	2924.6881230271615	0.5499999999999999

