8085.538928989258	750	4.0	2.5015593605266218	450283	2501.5593605266217	-10.006705250264472
8087.763969495643	750	5.774959493615235	0.0	398865	2225.0405063847647	0.75
8089.913276530491	750	7.625652458766691	0.0	350812	2149.3070348485444	0.75
8093.645256778139	1200	7.893672211118945	0.0	617681	3731.980247647746	0.75
8096.757091321799	1200	8.781837667458921	0.0	652874	3111.8345436600225	1.2
8099.5180735836175	1200	10.02085540564035	0.0	520315	2760.9822618185713	1.2
8103.145336904734	1200	10.393592084523423	0.0	561791	3627.2633211169264	1.2
8106.453993340833	1200	11.084935648425013	0.0	709534	3308.6564360984094	1.2
8109.134032314649	1200	12.404896674609267	0.0	584846	2680.038973815747	1.2
8113.858948285066	1850	11.679980704192603	0.0	913888	4724.915970416663	1.2000000000000002
8117.685793003658	1850	11.853135985599948	0.0	939819	3826.844718592654	1.85
8121.896262081284	1850	11.642666907975071	0.0	917428	4210.469077624877	1.85
8126.708185615854	1850	10.830743373404944	0.0	946851	4811.923534570127	1.85
8132.927549004386	1850	8.611379984873496	0.0	1036454	6219.363388531448	1.85
8138.081050821021	1850	7.457878168238258	0.0	821631	5153.501816635238	1.85
8143.418429500073	1850	6.1204994891848665	0.0	923170	5337.378679053391	1.85
8147.215041956239	1200	6.323887033019981	0.0	617242	3796.612456164886	0.5499999999999999
8150.7924359182125	1200	6.746493071045899	0.0	581493	3577.393961974081	1.2
8154.561250428075	1200	6.9776785611835095	0.0	639204	3768.8145098623904	1.2
8157.975358808655	1200	7.563570180602832	0.0	586839	3414.108380580678	1.2
8161.30692916389	1200	8.231999825368373	0.0	601738	3331.570355234459	1.2
8164.554705756077	1200	8.9842232331819	0.0	616206	3247.7765921864716	1.2
8167.720565238785	1200	9.81836375047368	0.0	656471	3165.8594827082225	1.2
8170.373856553241	1200	11.165072436017207	0.0	536667	2653.291314456473	1.2
8173.737363450168	1200	11.801565539090468	0.0	587236	3363.5068969267377	1.2
8177.332658515531	1200	12.206270473728841	0.0	590335	3595.2950653616285	1.2
8182.979812277492	1850	10.559116711767253	0.0	1076599	5647.153761961587	1.2000000000000002
8186.869297950575	1850	10.66963103868421	0.0	758197	3889.485673083041	1.85
8192.681113843455	1850	8.857815145803851	0.0	972798	5811.815892880358	1.85
8197.913738901667	1850	7.625190087592259	0.0	975811	5232.625058211594	1.85
8202.553305866262	1850	6.985623122996596	0.0	873429	4639.566964595662	1.85
8208.073801216311	1850	5.465127772947959	0.0	954453	5520.495350048637	1.85
8211.689137998563	1200	5.849790990697536	0.0	584349	3615.336782250422	0.5499999999999999
8215.909051188293	1200	5.629877800966974	0.0	670129	4219.913189730562	1.2
8219.25355803619	1200	6.285370953069926	0.0	690253	3344.506847897048	1.2
8222.165563121978	1200	7.373365867280239	0.0	598727	2912.005085789687	1.2
8224.553312335938	1200	8.985616653320237	0.0	487812	2387.749213960002	1.2
8228.149718406847	1200	9.389210582413252	0.0	575591	3596.4060709069863	1.2
8232.392550595952	1200	9.146378393305884	0.0	605884	4242.832189107368	1.2
8235.712752515003	1200	9.826176474257297	0.0	587506	3320.201919048587	1.2
8238.40648611679	1200	11.132442872469095	0.0	566904	2693.7336017882017	1.2
8241.326927283819	1200	12.212001705440871	0.0	641452	2920.4411670282248	1.2
8244.863249686463	1200	12.67567930279651	0.0	599477	3536.3224026443604	1.2
8248.781327655162	1200	12.757601334096249	0.0	634861	3918.0779687002623	1.2
8252.772255494574	1200	12.766673494685397	0.0	630203	3990.927839410851	1.2
8258.417320005914	1850	11.121608983344904	0.0	982064	5645.064511340494	1.2000000000000002
8262.504950114953	1850	11.033978874304543	0.0	830730	4087.630109040362	1.85
8269.744013725804	2850	7.794915263454808	0.0	1364537	7239.063610849735	1.85

