44759.09497618569	750	4.0	1.7134930595916904	450283	1713.4930595916903	-6.618020156244269
44759.73937424249	300	7.355601943197334	0.0	155580	644.3980568026666	-0.15000000000000002
44761.092016041584	750	10.002960144103254	0.0	350812	1352.6417990940809	0.3
44763.41073103563	1200	11.684245150060722	0.0	617681	2318.714994042531	0.75
44767.096227800466	1850	11.998748385221864	0.0	996749	3685.4967648388565	1.2000000000000002
44770.07318550544	1850	13.021790680243978	0.0	801058	2976.9577049778873	1.85
44775.190821489814	2850	11.90415469587328	0.0	1388403	5117.635984370699	1.85
44779.137019272945	1850	11.957956912738794	0.0	1060487	3946.197783134485	0.8500000000000001
44782.33051518779	1850	12.764460997903194	0.0	852833	3193.495914835601	1.85
44785.74509719514	1850	13.349878990545397	0.0	913888	3414.582007357796	1.85
44790.75275900794	2850	12.342217177746404	0.0	1354548	5007.661812798993	1.85
44794.168947434395	1850	12.926028751291739	0.0	917428	3416.188426454667	0.8500000000000001
44797.71716257742	1850	13.377813608263958	0.0	946851	3548.2151430277813	1.85
44803.55219929074	2850	11.542776894948492	0.0	1578343	5835.036713315464	1.85
44806.642315046774	1850	12.45266113891419	0.0	821631	3090.115756034304	0.8500000000000001
44810.09582626891	1850	12.999149916771966	0.0	923170	3453.5112221422214	1.85
44813.696299739764	1850	13.39867644592231	0.0	966699	3600.4734708496567	1.85
44818.783971050616	2850	12.311005135070204	0.0	1358801	5087.671310852107	1.85
44822.486255752	1850	12.60872043367669	0.0	987708	3702.284701393513	0.8500000000000001
44825.93401302384	1850	13.160963161839671	0.0	923755	3447.757271837019	1.85
44831.15207088079	2850	11.942905304893197	0.0	1415116	5218.057856946473	1.85
44834.70185268571	1850	12.393123499973655	0.0	955231	3549.7818049195403	0.8500000000000001
44838.30228999374	1850	12.79268619194121	0.0	968026	3600.437308032446	1.85
44841.56813083173	1850	13.526845353952798	0.0	874175	3265.8408379884113	1.85
44846.682721634344	2850	12.412254551333747	0.0	1383735	5114.59080261905	1.85
44850.05370097858	1850	13.041275207097497	0.0	905935	3370.9793442362525	0.8500000000000001
44855.79038134206	2850	11.304594843614257	0.0	1547572	5736.680363483239	1.85
44858.6399440128	1850	12.455032172878827	0.0	758197	2849.562670735429	0.8500000000000001
44862.296194268594	1850	12.798781917088888	0.0	972798	3656.2502557899393	1.85
44865.97078610046	1850	13.124190085226598	0.0	975811	3674.591831862291	1.85
44870.989484429345	2850	12.105491756333716	0.0	1341201	5018.69832889288	1.85
44874.58928770893	1850	12.505688476744409	0.0	954453	3599.803279589308	0.8500000000000001
44877.94798752121	1850	13.146988664460888	0.0	885062	3358.6998122835203	1.85
44883.84750288596	2850	11.247473299715585	0.0	1587293	5899.5153647453035	1.85
44887.68023748263	1850	11.41473870304559	0.0	1026056	3832.7345966699936	0.8500000000000001
44891.22801562533	1850	11.866960560337985	0.0	943942	3547.7781427076065	1.85
44894.00454018256	1850	13.090436003114492	0.0	728962	2776.524557223493	1.85
44899.564047509186	2850	11.530928676489472	0.0	1499009	5559.507326625019	1.85
44902.96699275073	1850	12.127983434945557	0.0	908665	3402.945241543914	0.8500000000000001
44906.45230211951	1850	12.642674066155493	0.0	930577	3485.309368790066	1.85
44909.666217448306	1850	13.428758737359512	0.0	858450	3213.9153287959803	1.85
44915.33775066278	2850	11.757225522886953	0.0	1527299	5671.53321447256	1.85
44918.67247600375	1850	12.422500181926043	0.0	886255	3334.7253409609093	0.8500000000000001
44922.32595565453	1850	12.769020531138315	0.0	973972	3653.4796507877286	1.85
44925.917604542374	1850	13.177371643297109	0.0	958994	3591.648887841206	1.85
44931.50142994733	2850	11.59354623833908	0.0	1483527	5583.825404958029	1.85
44934.671499602504	1850	12.423476583163076	0.0	830730	3170.0696551760057	0.8500000000000001
44937.881860410795	1850	13.213115774875977	0.0	846370	3210.3608082871	1.85

