28208.9993660568	750	4.0	2.740735576686574	450283	2740.735576686574	-11.035162979752268
28209.99869288242	300	7.000673174379451	0.0	155580	999.3268256205478	-0.15000000000000002
28210.90511203559	300	10.094254021205437	0.0	139857	906.4191531740131	0.3
28212.888769963873	750	12.110596092923467	0.0	382355	1983.65792828197	0.3
28214.88142922928	750	14.117936827515104	0.0	411561	1992.6592654083638	0.75
28216.44190086344	750	16.557465193357473	0.0	318564	1560.471634157634	0.75
28218.424783183567	750	18.574582873230707	0.0	352642	1982.8823201267674	0.75
28220.9361099256	750	20.063256131199058	0.0	437162	2511.3267420316483	0.75
28223.363114102984	750	21.636251953813805	0.0	374758	2427.004177385255	0.75
28225.933451300178	750	23.065914756617808	0.0	362795	2570.3371971959987	0.75
28234.846253911353	1850	18.153112145441213	0.0	939819	8912.802611176596	0.75
28240.040483757744	1850	16.958882299050366	0.0	917428	5194.229846390849	1.85
28245.233846549494	1850	15.765519507304143	0.0	946851	5193.362791746223	1.85
28251.03645201638	1850	13.96291404041625	0.0	1036454	5802.605466887892	1.85
28260.042539183873	1850	8.956826872922406	0.0	821631	9006.087167493844	1.85
28262.15675471985	750	10.842611336945225	0.0	366214	2114.21553597718	-0.3500000000000001
28264.105297700302	750	12.89406835649554	0.0	360831	1948.542980449686	0.75
28266.083634359555	750	14.91573169724419	0.0	372963	1978.336659251349	0.75
28268.27742480755	750	16.721941249243567	0.0	405596	2193.790448000624	0.75
28270.338543586953	750	18.66082246984316	0.0	350713	2061.1187794004045	0.75
28272.60165894599	750	20.39770711081047	0.0	386472	2263.115359032694	0.75
28275.70691532127	750	21.29245073553182	0.0	399894	3105.2563752786496	0.75
28278.62039017093	750	22.37897588586743	0.0	401853	2913.4748496643906	0.75
28280.341982329108	750	24.657383727693006	0.0	343800	1721.5921581744235	0.75
28284.799556303704	1850	24.19980975309983	0.0	897976	4457.573974593175	0.75
28290.108087337834	1850	22.891278718970696	0.0	905935	5308.531034129132	1.85
28298.941409279618	1850	18.057956777184973	0.0	1076599	8833.321941785725	1.85
28304.39088631288	1850	16.608479743919247	0.0	758197	5449.477033265723	1.85
28309.6296373233	1850	15.369728733500377	0.0	972798	5238.751010418871	1.85
28314.443792985894	1850	14.555573070908647	0.0	975811	4814.155662591729	1.85
28318.855715841153	1850	14.143650215652173	0.0	873429	4411.922855256475	1.85
28325.19810921224	1850	11.80125684456197	0.0	954453	6342.393371090205	1.85
28329.48225782779	1850	11.517108229016324	0.0	885062	4284.148615545643	1.85
28337.78063940937	1850	7.21872664743281	0.0	1035329	8298.381581583515	1.85
28340.703699139864	750	8.295666916938462	0.0	401088	2923.059730494347	-0.3500000000000001
28342.513881912306	750	10.48548414449589	0.0	365161	1810.18277244257	0.75
28344.11512706623	750	12.88423899057337	0.0	321064	1601.24515392252	0.75
28346.007202422043	750	14.992163634762239	0.0	361565	1892.0753558111312	0.75
28347.989941211006	750	17.0094248457957	0.0	378327	1982.7387889665372	0.75
28350.072885622027	750	18.92648043477407	0.0	390680	2082.944411021626	0.75
28352.005447927466	750	20.993918129333537	0.0	345516	1932.5623054405373	0.75
28354.147058588776	750	22.852307468022875	0.0	384505	2141.6106613106595	0.75
28359.296029416462	1850	21.703336640337927	0.0	886255	5148.970827684947	0.75
28364.611527021145	1850	20.387839035653933	0.0	973972	5315.497604683993	1.85
28369.44592089494	1850	19.55344516185698	0.0	958994	4834.393873796953	1.85
28374.162461477514	1850	18.8369045792814	0.0	982064	4716.540582575579	1.85
28378.582779640903	1850	18.416586415894237	0.0	830730	4420.31816338716	1.85
28384.2878863064	1850	16.71147975039549	0.0	846370	5705.106665498746	1.85

