1296.323131723167	750	4.0	5.367554748740758	450283	5367.554748740758	-22.330485419585262
1297.0344531994747	300	7.288678523692587	0.0	155580	711.3214763074127	-0.15000000000000002
1298.5379983193252	750	9.785133403841987	0.0	350812	1503.5451198505978	0.3
1301.1244598234198	1200	11.198671899747382	0.0	617681	2586.4615040946064	0.75
1306.6218651040151	1850	9.701266619152051	0.0	996749	5497.405280595331	1.2000000000000002
1308.63404648988	1200	11.689085233287278	0.0	520315	2012.181385864772	0.5499999999999999
1312.3591759730102	1850	11.963955750156954	0.0	905515	3725.1294831303244	1.2000000000000002
1318.4971408575557	1850	9.825990865611576	0.0	1060487	6137.9648845453785	1.85
1322.2514783733739	1200	10.07165334979345	0.0	584846	3754.3375158181257	0.5499999999999999
1326.8835717632803	1200	9.439559959886894	0.0	560821	4632.093389906557	1.2
1330.193472043612	1200	10.129659679555148	0.0	607410	3309.9002803317458	1.2
1333.8501204953095	1200	10.473011227857569	0.0	594078	3656.6484516975793	1.2
1337.7704693104251	1200	10.552662412741915	0.0	624282	3920.348815115655	1.2
1340.942672207126	1200	11.380459516041155	0.0	687371	3172.2028967007595	1.2
1344.7090050492625	1850	11.614126673904764	0.0	821631	3766.332842136392	1.2000000000000002
1349.9916778344036	1850	10.33145388876339	0.0	923170	5282.672785141373	1.85
1354.1273768903434	1200	10.19575483282369	0.0	617242	4135.6990559397	0.5499999999999999
1357.6025240275194	1200	10.720607695647756	0.0	581493	3475.1471371759335	1.2
1361.3808534397435	1200	10.942278283423587	0.0	639204	3778.329412224169	1.2
1364.1556361268565	1200	12.167495596310582	0.0	586839	2774.7826871130046	1.2
1367.8280271998624	1850	12.495104523304942	0.0	891604	3672.3910730056396	1.2000000000000002
1371.8459579518124	1850	12.47717377135494	0.0	955231	4017.930751950003	1.85
1377.1897383416017	1850	11.133393381565543	0.0	968026	5343.780389789395	1.85
1382.2522899291903	1850	10.070841793977111	0.0	874175	5062.551587588432	1.85
1387.2443320644686	1200	9.07879965869871	0.0	587236	4992.042135278402	0.5499999999999999
1390.4050065779238	1200	9.9181251452435	0.0	590335	3160.6745134552098	1.2
1393.682621299145	1200	10.640510424022457	0.0	696376	3277.6147212210435	1.2
1395.9054418786636	1200	12.417689844503986	0.0	487160	2222.8205795184713	1.2
1400.3908975093123	1850	11.932234213855313	0.0	972798	4485.455630648671	1.2000000000000002
1405.0779900917953	1850	11.245141631372233	0.0	975811	4687.092582483082	1.85
1410.0810299688887	1850	10.242101754278771	0.0	873429	5003.0398770934635	1.85
1414.6424937509023	1200	9.680637972265252	0.0	620283	4561.463782013517	0.5499999999999999
1417.5464983627826	1200	10.776633360385022	0.0	584349	2904.0046118802316	1.2
1420.6011915032602	1200	11.721940219907284	0.0	670129	3054.6931404777392	1.2
1425.6676100080083	1850	10.655521715159326	0.0	1026056	5066.418504747957	1.2000000000000002
1429.2695264307167	1200	11.053605292450996	0.0	598727	3601.9164227083293	0.5499999999999999
1432.2300127169215	1850	12.093119006246331	0.0	728962	2960.4862862046657	1.2000000000000002
1437.0190303542774	1850	11.304101368890423	0.0	938587	4789.017637355908	1.85
1441.9649397091205	1850	10.35819201404753	0.0	908665	4945.909354842895	1.85
1447.8958711279531	1200	8.427260595214985	0.0	587506	5930.931418832545	0.5499999999999999
1451.6764708502783	750	8.646660872889713	0.0	345516	3780.599722325272	0.3
1455.0442370656226	750	9.278894657545438	0.0	384505	3367.7662153442757	0.75
1459.9280435304952	1200	8.39508819267287	0.0	599477	4883.806464872567	0.75
1461.940664112033	750	10.382467611135224	0.0	438281	2012.6205815376466	0.3
1464.9041172852124	1200	11.41901443795589	0.0	630203	2963.453173179333	0.75
1470.8368778512022	1850	9.486253871965909	0.0	982064	5932.760565989983	1.2000000000000002
1473.5729600409613	1200	10.7501716822066	0.0	538612	2736.0821897593078	0.5499999999999999
1476.924936262682	1200	11.398195460485923	0.0	550906	3351.976221720679	1.2

