19743.212842655204	750	4.0	5.640787400295933	450283	5640.7874002959325	-23.50538582127251
19744.89720820419	300	6.315634451012286	0.0	155580	1684.3655489877135	-0.15000000000000002
19746.4194356922	300	8.793406963001136	0.0	139857	1522.2274880111495	0.3
19748.136384856043	300	11.076457799162116	0.0	155432	1716.9491638390214	0.3
19750.175300448205	300	13.03754220699786	0.0	163442	2038.915592164254	0.3
19751.768922963955	300	15.443919691250187	0.0	126289	1593.6225157476747	0.3
19755.791705993175	750	15.42113666202807	0.0	352642	4022.7830292221165	0.3
19760.486750291802	750	14.726092363400923	0.0	437162	4695.044298627146	0.75
19764.462430445907	750	14.750412209296755	0.0	374758	3975.6801541041673	0.75
19768.405781020705	750	14.80706163449955	0.0	362795	3943.3505747972054	0.75
19772.242666736667	750	14.970175918538649	0.0	353220	3836.885715960901	0.75
19777.34996745171	750	13.862875203493255	0.0	405134	5107.300715045394	0.75
19781.92073116777	750	13.292111487434116	0.0	386351	4570.7637160591385	0.75
19786.624859581396	750	12.587983073810179	0.0	434409	4704.128413623937	0.75
19790.217093226882	750	12.99574942832172	0.0	337059	3592.2336454884585	0.75
19794.14436954021	750	13.068473114998415	0.0	366214	3927.276313323305	0.75
19798.017858215717	750	13.194984439489534	0.0	360831	3873.488675508882	0.75
19801.730677621625	750	13.482165033579921	0.0	372963	3712.8194059096136	0.75
19806.066377718882	750	13.146464936323154	0.0	405596	4335.700097256767	0.75
19810.22338818907	750	12.989454466135456	0.0	350713	4157.010470187698	0.75
19814.511285041346	750	12.701557613858645	0.0	386472	4287.89685227681	0.75
19819.227557139766	750	11.9852855154416	0.0	399894	4716.272098417047	0.75
19823.576726970965	750	11.636115684245262	0.0	401853	4349.169831196338	0.75
19826.94484508135	750	12.267997573857956	0.0	343800	3368.118110387307	0.75
19830.468754330348	750	12.744088324862902	0.0	359903	3523.909248995055	0.75
19834.568771836533	750	12.644070818676578	0.0	379700	4100.017506186323	0.75
19839.021915926594	750	12.190926728616049	0.0	425781	4453.14409006053	0.75
19841.9730153745	750	13.239827280711678	0.0	277716	2951.099447904371	0.75
19846.20145764616	750	13.011385009053049	0.0	400396	4228.442271658629	0.75
19850.38513670623	750	12.82770594898026	0.0	400508	4183.679060072789	0.75
19853.81504534702	750	13.39779730819093	0.0	358218	3429.9086407893305	0.75
19858.087907122124	750	13.124935533087278	0.0	400322	4272.861775103652	0.75
19861.927186325385	750	13.285656329824123	0.0	369834	3839.279203263156	0.75
19865.93039881846	750	13.282443836752034	0.0	412837	4003.2124930720893	0.75
19870.31033562004	750	12.902507035170947	0.0	401088	4379.936801581087	0.75
19874.315429266193	750	12.897413389021695	0.0	365161	4005.0936461492533	0.75
19877.728420357333	750	13.484422297883219	0.0	321064	3412.991091138475	0.75
19881.55637494944	750	13.656467705773041	0.0	361565	3827.9545921101776	0.75
19885.74852219899	750	13.464320456224458	0.0	378327	4192.147249548583	0.75
19889.53835247055	750	13.674490184662755	0.0	390680	3789.8302715617033	0.75
19892.875785536544	750	14.337057118672634	0.0	345516	3337.4330659901216	0.75
19896.558560312144	750	14.65428234307138	0.0	384505	3682.774775601254	0.75
19900.09564837606	750	15.117194279157252	0.0	372093	3537.0880639141296	0.75
19904.53944251678	750	14.673400138433925	0.0	438281	4443.7941407233275	0.75
19908.58968060479	750	14.62316205042477	0.0	398987	4050.238088009153	0.75
19912.565230676893	750	14.647611978320452	0.0	393804	3975.550072104318	0.75
19915.96328353223	750	15.249559122984191	0.0	331053	3398.052855336261	0.75
19919.621308723024	750	15.59153393218742	0.0	314107	3658.0251907967713	0.75

