6840.326219377612	750	4.0	1.5546009996341603	450283	1554.6009996341604	-5.934784298426889
6841.712435085776	750	6.613784291836291	0.0	398865	1386.2157081637092	0.75
6842.94128531082	750	9.38493406679191	0.0	350812	1228.8502250443812	0.75
6844.2700488842	750	12.05617049341147	0.0	382355	1328.7635733804395	0.75
6845.6727513867745	750	14.653467990837163	0.0	411561	1402.702502574308	0.75
6848.327245620454	1850	15.998973757158144	0.0	801058	2654.4942336790173	0.75
6851.3090632328285	1850	17.01715614478325	0.0	905515	2981.8176123748954	1.85
6854.891464752695	1850	17.434754624916945	0.0	1060487	3582.4015198663046	1.85
6858.498539290848	1850	17.82768008676391	0.0	852833	3607.0745381530346	1.85
6861.810128633839	1850	18.51609074377327	0.0	913888	3311.589342990643	1.85
6865.035451785313	1850	19.29076759229964	0.0	939819	3225.3231514736262	1.85
6868.356705388621	1850	19.969513988992563	0.0	917428	3321.25360330708	1.85
6871.678941906104	1850	20.647277471508797	0.0	946851	3322.2365174837637	1.85
6875.222179090473	1850	21.104040287140123	0.0	1036454	3543.237184368676	1.85
6877.994894898823	1850	22.3313244787893	0.0	821631	2772.7158083508243	1.85
6881.207477199124	1850	23.118742178488628	0.0	923170	3212.582300300671	1.85
6884.779136956448	1850	23.54708242116411	0.0	966699	3571.65975732452	1.85
6889.88556980024	1850	22.44064957737253	0.0	885714	5106.432843791578	1.85
6893.35308384635	1850	22.973135531262454	0.0	987708	3467.514046110073	1.85
6896.566346998725	1850	23.75987237888768	0.0	923755	3213.263152374778	1.85
6899.843815429873	1850	24.482403947739897	0.0	891604	3277.468431147779	1.85
6903.129156269797	1850	25.197063107815524	0.0	955231	3285.340839924374	1.85
6906.376299764629	1850	25.949919612983173	0.0	968026	3247.1434948323517	1.85
6909.226695612657	1850	27.099523764956185	0.0	874175	2850.3958480269876	1.85
6912.172698403693	1850	28.1535209739201	0.0	897976	2946.0027910360873	1.85
6915.165698672425	1850	29.160520705187796	0.0	905935	2993.0002687323017	1.85
6918.711847054944	1850	29.614372322668434	0.0	1076599	3546.1483825193595	1.85
6921.237686237911	1850	31.088533139702044	0.0	758197	2525.839182966389	1.85
6924.5075468673085	1850	31.81867251030498	0.0	972798	3269.860629397063	1.85
6927.779987380638	1850	32.54623199697518	0.0	975811	3272.4405133298023	1.85
6930.711071104939	1850	33.61514827267405	0.0	873429	2931.083724301132	1.85
6933.927725343558	1850	34.39849403405479	0.0	954453	3216.6542386192596	1.85
6936.926032805956	1850	35.40018657165643	0.0	885062	2998.307462398364	1.85
6940.450709743038	1850	35.87550963457483	0.0	1035329	3524.6769370815923	1.85
6943.9078689613125	1850	36.41835041629948	0.0	1026056	3457.15921827535	1.85
6947.0803363477135	1850	37.24588302989961	0.0	943942	3172.4673863998696	1.85
6953.458084096461	4300	34.868135281151694	0.0	1919781	6377.747748747918	1.8499999999999996
6960.582583752453	4300	31.743635625159968	0.0	2147467	7124.499655991723	4.3
6967.622749448192	4300	28.7034699294207	0.0	2133870	7040.165695739269	4.3
6974.576126602934	4300	25.750092774678226	0.0	2146120	6953.377154742472	4.3
6981.644531623394	4300	22.681687754217748	0.0	2108491	7068.405020460478	4.3
6988.892771793676	4300	19.43344758393667	0.0	2184571	7248.240170281079	4.3
6995.944757255226	4300	16.381462122386196	0.0	2121928	7051.985461550471	4.3
7003.317638720705	4300	13.008580656907746	0.0	2219102	7372.881465478451	4.3
7010.368848935223	4300	9.9573704423905	0.0	2124950	7051.210214517246	4.3
7013.685548163252	1850	10.640671214360705	0.0	982064	3316.699228029797	-0.6000000000000001
7016.49864181805	1850	11.827577559563514	0.0	830730	2813.093654797191	1.85
7019.358585302527	1850	12.96763407508563	0.0	846370	2859.943484477883	1.85

