21541.86727010676	750	4.0	2.9774225124973355	450283	2977.4225124973354	-12.052916803738542
21542.948376065666	300	6.918894041093411	0.0	155580	1081.1059589065887	-0.15000000000000002
21543.928309708128	300	9.938960398627806	0.0	139857	979.9336424656047	0.3
21544.913198447888	300	12.954071658870017	0.0	155432	984.8887397577869	0.3
21547.325553404633	750	14.541716702124823	0.0	411561	2412.354956745195	0.3
21549.210885601904	750	16.656384504854973	0.0	318564	1885.332197269849	0.75
21551.898460625605	750	17.968809481156992	0.0	352642	2687.575023697981	0.75
21554.98751216584	750	18.87975794092105	0.0	437162	3089.0515402359456	0.75
21556.800914656487	750	21.06635545027489	0.0	374758	1813.4024906461575	0.75
21561.36643404957	1850	20.50083605719035	0.0	913888	4565.519393084543	0.75
21567.06261324974	1850	18.804656857023364	0.0	939819	5696.179200166987	1.85
21573.01579436856	1850	16.851475738205007	0.0	917428	5953.181118818355	1.85
21578.363020578578	1850	15.504249528183497	0.0	946851	5347.226210021511	1.85
21585.98344142413	1850	11.883828682628828	0.0	1036454	7620.420845554669	1.85
21588.161667107473	750	13.70560299928608	0.0	337059	2178.2256833427473	-0.3500000000000001
21590.51776940205	750	15.349500704711893	0.0	366214	2356.102294574188	0.75
21592.820872142944	750	17.046397963816425	0.0	360831	2303.1027408954687	0.75
21595.198720907472	750	18.668549199290656	0.0	372963	2377.8487645257665	0.75
21597.744099544117	750	20.123170562645324	0.0	405596	2545.3786366453323	0.75
21599.954271488237	750	21.912998618527013	0.0	350713	2210.1719441183136	0.75
21602.693549323172	750	23.173720783593186	0.0	386472	2739.2778349338264	0.75
21605.62058785408	750	24.246682252684263	0.0	399894	2927.038530908924	0.75
21613.173933337428	1850	20.69333676933561	0.0	968026	7553.345483348655	0.75
21619.34803054073	1850	18.51923956603645	0.0	874175	6174.0972032991585	1.85
21624.706618647113	1850	17.160651459649024	0.0	897976	5358.588106387428	1.85
21631.08976093085	1850	14.777509175914433	0.0	905935	6383.142283734589	1.85
21636.123980088923	1850	13.743290017837783	0.0	1076599	5034.219158076652	1.85
21640.120300814495	1850	13.746969292267023	0.0	758197	3996.320725570759	1.85
21645.853024696935	1850	12.014245409825376	0.0	972798	5732.723882441648	1.85
21652.136838153907	1850	9.730431952852646	0.0	975811	6283.81345697273	1.85
21654.984021182237	750	10.88324892451922	0.0	358218	2847.183028333426	-0.3500000000000001
21658.27751313837	750	11.589756968385638	0.0	400322	3293.4919561335823	0.75
21661.417089349914	750	12.450180756844246	0.0	369834	3139.576211541393	0.75
21666.559221858806	750	11.308048247951323	0.0	412837	5142.1325088929225	0.75
21668.674897269302	750	13.192372837457928	0.0	401088	2115.6754104933957	0.75
21670.580726689772	750	15.28654341698943	0.0	365161	1905.829420468499	0.75
21672.201872223257	750	17.66539788350223	0.0	321064	1621.1455334871978	0.75
21676.251043690583	1850	17.61622641617614	0.0	938587	4049.17146732609	0.75
21681.513471109007	1850	16.353798997752367	0.0	908665	5262.427418423774	1.85
21687.975571378014	1850	13.891698728744464	0.0	930577	6462.100269007905	1.85
21690.16600501158	750	15.701265095182	0.0	345516	2190.433633562465	-0.3500000000000001
21692.56407940671	750	17.30319070004693	0.0	384505	2398.0743951350705	0.75
21694.715725699163	750	19.15154440759662	0.0	372093	2151.6462924503053	0.75
21697.23587697506	750	20.631393131702122	0.0	438281	2520.1512758945	0.75
21700.030858818816	750	21.83641128794541	0.0	398987	2794.9818437567133	0.75
21706.591306501323	1850	19.27596360544339	0.0	982064	6560.447682502022	0.75
21711.573443939207	1850	18.293826167555256	0.0	830730	4982.1374378881355	1.85
21717.120347788892	1850	16.7469223178728	0.0	846370	5546.903849682454	1.85

