17393.8342415515	750	4.0	1.9377225001152607	450283	1937.7225001152608	-7.5822067504956205
17394.55611447712	300	7.27812707437782	0.0	155580	721.8729256221804	-0.15000000000000002
17396.083451697737	750	9.750789853762262	0.0	350812	1527.3372206155573	0.3
17397.707923058555	750	12.126318492946465	0.0	382355	1624.4713608157972	0.75
17399.379033952308	750	14.455207599192661	0.0	411561	1671.1108937538052	0.75
17402.56598485709	1850	15.268256694410022	0.0	801058	3186.9509047826405	0.75
17406.342412169255	1850	15.491829382244763	0.0	905515	3776.427312165259	1.85
17411.44804466229	1850	14.386196889212455	0.0	1060487	5105.632493032308	1.85
17418.06898340036	1850	11.76525815114321	0.0	852833	6620.938738069246	1.85
17421.825641069878	1850	12.00860048162422	0.0	913888	3756.65766951899	1.85
17425.67212680835	1850	12.162114743153602	0.0	939819	3846.485738470618	1.85
17429.702112792234	1850	12.132128759269317	0.0	917428	4029.9859838842845	1.85
17434.06113257705	1850	11.77310897445496	0.0	946851	4359.019784814356	1.85
17438.329944951012	1850	11.504296600494007	0.0	1036454	4268.812373960954	1.85
17441.596531850002	1850	12.237709701502789	0.0	821631	3266.5868989912174	1.85
17445.388453256553	1850	12.445788294949587	0.0	923170	3791.921406553202	1.85
17449.425572861197	1850	12.408668690307833	0.0	966699	4037.1196046417526	1.85
17453.069081352838	1850	12.765160198669117	0.0	885714	3643.5084916387164	1.85
17457.11189886923	1850	12.722342682278683	0.0	987708	4042.817516390434	1.85
17460.93610362122	1850	12.898137930282541	0.0	923755	3824.204751996142	1.85
17464.683009292243	1850	13.151232259262693	0.0	891604	3746.9056710198474	1.85
17468.769662099665	1850	13.064579451838979	0.0	955231	4086.6528074237135	1.85
17472.727371328354	1850	13.106870223148908	0.0	968026	3957.7092286900715	1.85
17476.368191732585	1850	13.46604981891578	0.0	874175	3640.8204042331286	1.85
17480.0686430581	1850	13.76559849340036	0.0	897976	3700.4513255154197	1.85
17483.67732203439	1850	14.156919517115922	0.0	905935	3608.678976284437	1.85
17488.03040021013	1850	13.803841341372117	0.0	1076599	4353.078175743804	1.85
17491.11625189027	1850	14.717989661229995	0.0	758197	3085.851680142123	1.85
17495.04812741963	1850	14.786114131871663	0.0	972798	3931.8755293583304	1.85
17498.99338674321	1850	14.840854808296303	0.0	975811	3945.2593235753607	1.85
17502.720119654714	1850	15.114121896786946	0.0	873429	3726.7329115093557	1.85
17506.630460636075	1850	15.203780915426885	0.0	954453	3910.3409813600615	1.85
17510.16473959707	1850	15.669501954434814	0.0	885062	3534.2789609920715	1.85
17514.374253446487	1850	15.459988105016452	0.0	1035329	4209.513849418363	1.85
17520.1726606838	1850	13.661580867703805	0.0	1026056	5798.407237312646	1.85
17530.08257512988	1850	7.751666421622109	0.0	943942	9909.914446081695	1.85
17531.425818404412	750	10.408423147088538	0.0	321064	1343.2432745335723	-0.3500000000000001
17532.92841500371	750	12.905826547791415	0.0	361565	1502.5965992971217	0.75
17534.49696257779	750	15.337278973711285	0.0	378327	1568.5475740801298	0.75
17538.204336487077	1850	15.629905064425492	0.0	930577	3707.3739092857936	0.75
17541.676841694323	1850	16.157399857180707	0.0	858450	3472.505207244784	1.85
17545.930222003073	1850	15.904019548431311	0.0	1025005	4253.380308749396	1.85
17549.82191325976	1850	16.012328291745835	0.0	886255	3891.6912566854758	1.85
17558.094504740566	1850	11.73973681093804	0.0	973972	8272.591480807798	1.85
17559.72557327063	750	14.108668280874586	0.0	398987	1631.0685300634525	-0.3500000000000001
17561.434032259167	750	16.400209292338207	0.0	393804	1708.4589885363805	0.75
17562.966183980996	750	18.868057570506192	0.0	331053	1532.1517218320128	0.75
17566.89769961833	1850	18.936541933175643	0.0	846370	3931.515637330551	0.75

