17119.246626282038	750	4.0	2.8566965744766133	450283	2856.6965744766135	-11.533795270249437
17120.286019492654	300	6.960606789381186	0.0	155580	1039.3932106188142	-0.15000000000000002
17121.228455900018	300	10.018170382018313	0.0	139857	942.4364073628713	0.3
17123.226323157527	750	12.020303124507649	0.0	382355	1997.8672575106655	0.3
17125.27350489011	750	13.97312139192238	0.0	411561	2047.1817325852699	0.75
17126.877939531776	750	16.368686750256245	0.0	318564	1604.4346416661363	0.75
17129.118349060125	750	18.128277221908114	0.0	352642	2240.4095283481306	0.75
17131.876557980875	750	19.3700683011564	0.0	437162	2758.208920751713	0.75
17133.82239600801	750	21.424230274020946	0.0	374758	1945.838027135455	0.75
17135.678869866908	750	23.567756415123046	0.0	362795	1856.4738588978976	0.75
17137.622485280477	750	25.624141001552452	0.0	353220	1943.6154135705954	0.75
17145.32521103328	1850	21.921415248746698	0.0	917428	7702.725752805757	0.75
17151.86972539834	1850	19.37690088368738	0.0	946851	6544.514365059315	1.85
17157.28299357945	1850	17.96363270257389	0.0	1036454	5413.268181113491	1.85
17162.02244586228	1850	17.224180419744734	0.0	821631	4739.4522828291565	1.85
17166.781240614186	1850	16.465385667834624	0.0	923170	4758.794751910111	1.85
17171.55316379781	1850	15.69346248421144	0.0	966699	4771.923183623185	1.85
17176.484944738484	1850	14.761681543536886	0.0	885714	4931.780940674553	1.85
17181.61938941786	1850	13.627236864161578	0.0	987708	5134.444679375309	1.85
17186.302067433393	1850	12.944558848626853	0.0	923755	4682.678015534723	1.85
17191.40407696434	1850	11.84254931767935	0.0	891604	5102.009530947504	1.85
17197.26364872042	1850	9.982977561600562	0.0	955231	5859.571756078788	1.85
17199.805809012407	750	11.440817269616776	0.0	401853	2542.1602919837837	-0.3500000000000001
17202.00441358654	750	13.242212695482948	0.0	343800	2198.604574133829	0.75
17204.40440412624	750	14.842222155782718	0.0	359903	2399.9905397002285	0.75
17207.08623114397	750	16.160395138049847	0.0	379700	2681.8270177328695	0.75
17209.794415494376	750	17.45221078764576	0.0	425781	2708.1843504040894	0.75
17211.418369469186	750	19.828256812836138	0.0	277716	1623.9539748096213	0.75
17213.722814838868	750	21.523811443151157	0.0	400396	2304.44536968498	0.75
17215.791101556995	750	23.455524725025874	0.0	400508	2068.2867181252795	0.75
17217.64944329197	750	25.597182990045795	0.0	358218	1858.3417349800784	0.75
17222.440345213654	1850	24.806281068362857	0.0	954453	4790.901921682939	0.75
17226.869488800858	1850	24.37713748115968	0.0	885062	4429.143587203176	1.85
17232.11096032735	1850	23.135665954667527	0.0	1035329	5241.471526492155	1.85
17237.34831789992	1850	21.89830838209641	0.0	1026056	5237.357572571114	1.85
17242.211501038968	1850	21.035125243047585	0.0	943942	4863.183139048825	1.85
17246.12174273521	1850	21.124883546805748	0.0	728962	3910.2416962418365	1.85
17251.417770417862	1850	19.82885586415308	0.0	938587	5296.027682652668	1.85
17256.543773127716	1850	18.702853154298136	0.0	908665	5126.002709854944	1.85
17262.825803577503	1850	16.42082270450846	0.0	930577	6282.030449789675	1.85
17268.178306877766	1850	15.06831940424734	0.0	858450	5352.50330026112	1.85
17275.548948141153	1850	11.69767814085864	0.0	1025005	7370.641263388702	1.85
17280.575579851444	1850	10.671046430568417	0.0	886255	5026.631710290223	1.85
17287.80501511079	1850	7.441611171221664	0.0	973972	7229.435259346752	1.85
17290.18367581586	750	9.062950466152078	0.0	398987	2378.6607050695866	-0.3500000000000001
17292.482261464975	750	10.764364817038565	0.0	393804	2298.5856491135114	0.75
17294.427324884586	750	12.819301397428873	0.0	331053	1945.0634196096926	0.75
17296.208628192275	750	15.03799808973903	0.0	314107	1781.303307689843	0.75

