31154.7141436577	750	4.0	4.968504930079961	450283	4968.504930079961	-20.614571199343832
31156.65235304794	300	6.061790609763531	0.0	155580	1938.2093902364695	-0.15000000000000002
31158.413517555204	300	8.300626102496778	0.0	139857	1761.1645072667511	0.3
31160.338868965573	300	10.375274692125442	0.0	155432	1925.3514103713374	0.3
31162.23079045714	300	12.483353200556706	0.0	163442	1891.9214915687346	0.3
31163.710832999746	300	15.003310657950008	0.0	126289	1480.0425426066981	0.3
31168.116146892287	750	14.597996765410267	0.0	352642	4405.313892539742	0.3
31173.572967664022	750	13.141175993676203	0.0	437162	5456.820771734066	0.75
31180.240473396338	750	10.473670261361335	0.0	374758	6667.505732314869	0.75
31184.168723509447	300	10.545420148253411	0.0	139105	3928.250113107922	-0.15000000000000002
31186.834401158812	300	11.879742498887468	0.0	141840	2665.6776493659436	0.3
31188.94501254615	300	13.769131111550212	0.0	156148	2110.611387337256	0.3
31191.103296671525	300	15.610846986176966	0.0	160746	2158.2841253732454	0.3
31196.527387829316	750	14.186755828385456	0.0	434409	5424.091157791511	0.3
31200.287369028665	750	14.426774629033488	0.0	337059	3759.981199351967	0.75
31204.89431127698	750	13.819832380718784	0.0	366214	4606.942248314704	0.75
31209.45574815234	750	13.258395505356791	0.0	360831	4561.436875361994	0.75
31214.02573452227	750	12.6884091354261	0.0	372963	4569.9863699306925	0.75
31218.93803057448	750	11.776113083217822	0.0	405596	4912.296052208278	0.75
31223.25165776969	750	11.462485888006807	0.0	350713	4313.627195211016	0.75
31229.82828820716	750	8.885855450537386	0.0	386472	6576.63043746942	0.75
31232.616403586017	300	10.09774007168347	0.0	157812	2788.1153788539173	-0.15000000000000002
31234.60832505969	300	12.10581859800859	0.0	163927	1991.92147367488	0.3
31236.2938179836	300	14.420325674101962	0.0	137654	1685.4929239066287	0.3
31238.115231616302	300	16.59891204139455	0.0	146754	1821.4136327074123	0.3
31242.8892582762	750	15.824885381500762	0.0	379700	4774.026659893787	0.3
31248.766518280827	750	13.947625376870997	0.0	425781	5877.260004629765	0.75
31252.344061985645	750	14.370081672052514	0.0	277716	3577.543704818484	0.75
31257.383413828476	750	13.330729829221783	0.0	400396	5039.351842830733	0.75
31262.460016410532	750	12.254127247164256	0.0	400508	5076.602582057528	0.75
31267.100754685915	750	11.613388971783413	0.0	358218	4640.738275380842	0.75
31273.689665621918	750	9.02447803578037	0.0	400322	6588.910936003043	0.75
31275.56138610152	300	11.15275755617968	0.0	143881	1871.720479600689	-0.15000000000000002
31277.673250159278	300	13.040893498418525	0.0	163444	2111.864057761156	0.3
31279.94966947085	300	14.764474186848046	0.0	179328	2276.419311570478	0.3
31281.988305031333	300	16.72583862636401	0.0	159914	2038.6355604840371	0.3
31286.00729364489	750	16.706850012807415	0.0	321064	4018.9886135565926	0.3
31290.457481682126	750	16.25666197557039	0.0	361565	4450.188037237029	0.75
31295.15983017947	750	15.554313478229142	0.0	378327	4702.348497341246	0.75
31299.99249839764	750	14.721645260057237	0.0	390680	4832.668218171903	0.75
31304.157793704107	750	14.556349953591809	0.0	345516	4165.2953064654275	0.75
31308.86213466037	750	13.8520089973308	0.0	384505	4704.340956261009	0.75
31313.565011260453	750	13.149132397244019	0.0	372093	4702.876600086781	0.75
31319.11627623543	750	11.597867422270417	0.0	438281	5551.2649749736	0.75
31324.104631949762	750	10.609511707936631	0.0	398987	4988.355714333785	0.75
31326.281191316055	300	12.432952341643391	0.0	160064	2176.5593662932406	-0.15000000000000002
31328.16229330514	300	14.551850352558496	0.0	137507	1881.1019890848954	0.3
31329.65454523881	300	17.059598418889866	0.0	118421	1492.2519336686335	0.3

