18216.12487181142	750	4.0	2.8566965744766133	450283	2856.6965744766135	-11.533795270249437
18218.611351741853	750	5.5135200695651525	0.0	398865	2486.4799304348467	0.75
18220.36816504042	750	7.756706770997738	0.0	350812	1756.8132985674144	0.75
18222.275747759297	750	9.8491240521234	0.0	382355	1907.5827188743365	0.75
18224.507384189936	750	11.617487621484965	0.0	411561	2231.6364306384367	0.75
18227.775017777945	1200	12.349854033476566	0.0	520315	3267.6335880083984	0.75
18230.801240329474	1200	13.32363148194678	0.0	561791	3026.222551529786	1.2
18234.629959914062	1200	13.494911897358039	0.0	709534	3828.7195845887422	1.2
18239.379479196647	1200	12.745392614774445	0.0	584846	4749.519282583592	1.2
18244.381416219625	1200	11.743455591793222	0.0	560821	5001.937022981225	1.2
18248.1920477456	1200	11.932824065819457	0.0	607410	3810.6315259737644	1.2
18251.441924435327	1200	12.682947376094491	0.0	594078	3249.876689724966	1.2
18254.721935259837	1200	13.402936551580382	0.0	624282	3280.010824514109	1.2
18258.724717842186	1200	13.40015396923589	0.0	687371	4002.7825823444937	1.2
18261.51798723248	1200	14.606884578937887	0.0	526950	2793.2693902980036	1.2
18264.532120818247	1200	15.592750993172583	0.0	587876	3014.1335857653025	1.2
18269.27457071826	1850	14.850301093160793	0.0	966699	4742.44990001179	1.2000000000000002
18274.36552427364	1850	13.759347537782487	0.0	885714	5090.953555378306	1.85
18279.35881997128	1850	12.766051840143477	0.0	987708	4993.295697639009	1.85
18284.055406081803	1850	12.069465729620152	0.0	923755	4696.586110523328	1.85
18289.333841443327	1850	10.791030368097697	0.0	891604	5278.4353615224545	1.85
18295.205122317282	1850	8.919749494143877	0.0	955231	5871.2808739538195	1.85
18301.378302971956	1850	6.746568839468273	0.0	968026	6173.180654675605	1.85
18307.021981600166	1850	5.102890211259296	0.0	874175	5643.678628208977	1.85
18310.356157028476	1200	5.768714782946921	0.0	587236	3334.1754283123755	0.5499999999999999
18313.366823181823	1200	6.758048629600454	0.0	590335	3010.6661533464667	1.2
18316.8924277442	1200	7.232444067223603	0.0	696376	3525.6045623768514	1.2
18319.372056194865	1200	8.75281561655859	0.0	487160	2479.6284506650104	1.2
18322.513201408725	1200	9.61167040269711	0.0	622896	3141.145213861483	1.2
18325.743233985428	1200	10.381637825995755	0.0	641447	3230.032576701354	1.2
18328.69959995064	1200	11.425271860780908	0.0	570392	2956.365965214848	1.2
18333.578054976755	1850	10.546816834670015	0.0	954453	4878.455026110892	1.2000000000000002
18338.134140229125	1850	9.990731582298778	0.0	885062	4556.0852523712365	1.85
18343.664302542515	1850	8.460569268906676	0.0	1035329	5530.162313392102	1.85
18349.51319654543	1850	6.611675265992343	0.0	1026056	5848.894002914333	1.85
18354.70914211513	1850	5.415729696289673	0.0	943942	5195.945569702671	1.85
18360.22719600457	1850	4.0	0.10232419315007336	728962	5518.053889439746	1.4100059694546847
18362.628469843312	750	5.598726161255519	0.0	361565	2401.27383874448	-0.3500000000000001
18364.728964275033	750	7.4982317295354335	0.0	378327	2100.494431720086	0.75
18367.1428444257	750	9.084351578867034	0.0	390680	2413.8801506684003	0.75
18370.136654560967	750	10.090541443599346	0.0	345516	2993.810135267688	0.75
18372.76348571172	750	11.463710292846722	0.0	384505	2626.8311507526255	0.75
18374.789065574772	750	13.438130429794121	0.0	372093	2025.5798630526008	0.75
18379.199655635926	1200	13.02754036863866	0.0	634861	4410.59006115546	0.75
18383.846731004483	1200	12.380465000079868	0.0	630203	4647.075368558791	1.2
18387.597802826218	1200	12.629393178346481	0.0	638661	3751.0718217333874	1.2
18392.336404460602	1850	11.89079154396366	0.0	830730	4738.6016343828205	1.2000000000000002
18399.37491287877	2850	8.852283125794495	0.0	1364537	7038.508418169165	1.85

