35543.53997906465	750	4.0	9.014061696539095	450283	9014.061696539095	-38.0104652951181
35546.47380225707	300	5.066176807582612	0.0	155580	2933.823192417388	-0.15000000000000002
35549.10494046424	300	6.435038600408545	0.0	139857	2631.1382071740672	0.3
35552.11566239236	300	7.4243166722925835	0.0	155432	3010.721928115962	0.3
35560.47972000431	750	4.0	0.9397409396574076	411561	8364.057611949991	-3.7408860405268527
35562.8354137752	300	5.64430622910556	0.0	126289	2355.6937708944406	-0.15000000000000002
35565.777062281064	300	6.702657723245914	0.0	153295	2941.6485058596454	0.3
35569.515468113925	300	6.964251890385623	0.0	173849	3738.4058328602914	0.3
35572.392031355426	300	8.087688648879675	0.0	150710	2876.563241505948	0.3
35578.972335031656	750	5.507384972647508	0.0	362795	6580.303676232166	0.3
35581.823985945746	300	6.655734058562577	0.0	141840	2851.6509140849307	-0.15000000000000002
35585.243559895986	300	7.236160108321583	0.0	156148	3419.5739502409942	0.3
35592.383109544855	750	4.096610459448201	0.0	386351	7139.549648873382	0.3
35596.09645125569	300	4.383268748616484	0.0	179801	3713.341710831718	-0.15000000000000002
35598.6923156389	300	5.787404365403043	0.0	140051	2595.8643832134394	0.3
35601.255075013745	300	7.224644990562475	0.0	138313	2562.759374840569	0.3
35607.78108466246	750	4.698635341842614	0.0	360831	6526.009648719861	0.3
35610.54290455402	300	5.936815450274738	0.0	150616	2761.8198915678768	-0.15000000000000002
35613.52663947014	300	6.953080534165028	0.0	165384	2983.73491610971	0.3
35616.074297989646	300	8.405422014657672	0.0	140881	2547.6585195073562	0.3
35623.10209332761	750	5.377626676687712	0.0	386472	7027.795337969959	0.3
35626.12679343374	300	6.352926570561551	0.0	157812	3024.7001061261617	-0.15000000000000002
35629.166181988985	300	7.313538015318616	0.0	163927	3039.3885552429347	0.3
35636.06157790723	750	4.418142097065316	0.0	343800	6895.3959182533	0.3
35639.19475708102	300	5.2849629232778375	0.0	146754	3133.179173787479	-0.15000000000000002
35642.338398687294	300	6.141321317002964	0.0	153938	3143.641606274873	0.3
35645.59991416649	300	6.879805837808413	0.0	181901	3261.5154791945506	0.3
35647.64500585815	300	8.834714146153066	0.0	111155	2045.0916916553465	0.3
35654.91210675865	750	5.567613245644615	0.0	400396	7267.100900508452	0.3
35657.67131822835	300	6.808401775949142	0.0	149029	2759.2114696954723	-0.15000000000000002
35660.57479488767	300	7.90492511663243	0.0	157421	2903.4766593167124	0.3
35667.73745182501	750	4.742268179292908	0.0	400322	7162.656937339522	0.3
35670.36144887224	300	6.1182711320629535	0.0	143881	2623.9970472299547	-0.15000000000000002
35673.326236174325	300	7.153483829977615	0.0	163444	2964.787302085339	0.3
35681.03246329166	750	4.0	0.5527432873597109	401088	7706.227117337326	-2.076796135646757
35684.16913562403	300	4.86332766762248	0.0	159914	3136.672332377521	-0.15000000000000002
35686.624952333594	300	6.407510958063636	0.0	131610	2455.816709558844	0.3
35688.93634196678	300	8.096121324877078	0.0	124011	2311.3896331865567	0.3
35695.90052063696	750	5.131942654692152	0.0	378327	6964.178670184927	0.3
35698.70654850176	300	6.325914789890446	0.0	149991	2806.0278648017047	-0.15000000000000002
35701.401129000544	300	7.631334291104369	0.0	147968	2694.580498786078	0.3
35708.42532261537	750	4.607140676282443	0.0	384505	7024.1936148219265	0.3
35711.52533479753	300	5.507128494117745	0.0	145210	3100.012182164698	-0.15000000000000002
35714.92421648265	300	6.108246809001131	0.0	172312	3398.8816851166134	0.3
35718.048737995836	300	6.983725295817889	0.0	167025	3124.521513183243	0.3
35720.934919474654	300	8.097543816997112	0.0	160064	2886.1814788207766	0.3
35727.524263804036	750	5.508199487620226	0.0	331053	6589.344329376886	0.3
35729.84412228774	300	7.1883410039173805	0.0	118421	2319.8584837028457	-0.15000000000000002

