23252.441617837074	750	4.0	1.0067386518144827	450283	1006.7386518144828	-3.5789762028022754
23253.34253182307	750	7.099086014004563	0.0	398865	900.9139859954378	0.75
23254.144546733514	750	10.297071103558594	0.0	350812	802.0149104459692	0.75
23255.011481077505	750	13.43013675956931	0.0	382355	866.9343439892837	0.75
23257.143025264057	1850	15.298592573012844	0.0	996749	2131.5441865564667	0.75
23258.87229279189	1850	17.569325045184435	0.0	801058	1729.2675278284091	1.85
23260.81662282225	1850	19.624995014822662	0.0	905515	1944.330030361774	1.85
23263.063659743086	1850	21.377958093986738	0.0	1060487	2247.0369208359252	1.85
23264.8709474994	1850	23.570670337675168	0.0	852833	1807.2877563115694	1.85
23266.801893174626	1850	25.639724662449108	0.0	913888	1930.9456752260612	1.85
23268.798070466488	1850	27.643547370585644	0.0	939819	1996.1772918634683	1.85
23270.752249172165	1850	29.689368664908212	0.0	917428	1954.17870567743	1.85
23272.762154563123	1850	31.67946327395229	0.0	946851	2009.9053909559234	1.85
23277.420620014498	4300	31.020997822575104	0.0	2275376	4658.465451377187	1.8499999999999996
23281.78689015534	4300	30.65472768173319	0.0	2005399	4366.270140841914	4.3
23286.24474539146	4300	30.196872445611895	0.0	2152483	4457.855236121295	4.3
23290.94563584609	4300	29.495981990985698	0.0	2289689	4700.890454626199	4.3
23295.211724800833	4300	29.22989303624194	0.0	2059512	4266.0889547437555	4.3
23299.812455853353	4300	28.629161983722	0.0	2220726	4600.731052519944	4.3
23304.281984781777	4300	28.159633055301384	0.0	2156729	4469.528928420617	4.3
23308.555434158592	4300	27.88618367848265	0.0	2039773	4273.449376818734	4.3
23313.163365380493	4300	27.278252456584333	0.0	2176469	4607.931221898315	4.3
23317.870689043033	4300	26.570928794043024	0.0	2221506	4707.323662541311	4.3
23322.12925653318	4300	26.31236130389816	0.0	2044075	4258.567490144861	4.3
23326.66033578378	4300	25.781282053299613	0.0	2186790	4531.079250598548	4.3
23330.99643040457	4300	25.44518743250828	0.0	2105231	4336.094620791332	4.3
23335.930147302657	4300	24.511470534419363	0.0	2395588	4933.7168980889155	4.3
23340.023625927533	4300	24.41799190954129	0.0	1972048	4093.4786248780774	4.3
23344.436510795356	4300	24.005107041719114	0.0	2134614	4412.884867822171	4.3
23348.959377312392	4300	23.482240524681778	0.0	2164140	4522.866517037335	4.3
23353.282283704866	4300	23.15933413220672	0.0	2113193	4322.906392475061	4.3
23361.968955488166	4300	18.47266234890648	0.0	2147852	8686.671783300244	4.3
23366.54328756052	4300	17.898330276554063	0.0	2191074	4574.332072352416	4.3
23371.252398040047	4300	17.189219797025515	0.0	2286761	4709.110479528548	4.3
23375.937978284033	4300	16.503639553040877	0.0	2307787	4685.580243984637	4.3
23380.327760000615	4300	16.11385783645906	0.0	2143948	4389.781716581817	4.3
23384.35805367004	4300	16.083564167038105	0.0	1919781	4030.293669420956	4.3
23388.723115456192	4300	15.718502380880633	0.0	2147467	4365.061786157472	4.3
23393.095401838662	4300	15.34621599841235	0.0	2133870	4372.286382468282	4.3
23397.604911219612	4300	14.836706617462646	0.0	2146120	4509.509380949705	4.3
23402.012710708826	4300	14.428907128246522	0.0	2108491	4407.799489216124	4.3
23406.529497003172	4300	13.912120833901323	0.0	2184571	4516.786294345198	4.3
23408.42265292749	1850	16.01896490958586	0.0	886255	1893.1559243154627	-0.6000000000000001
23410.49983125358	1850	17.941786583492757	0.0	973972	2077.1783260931043	1.85
23412.55837694789	1850	19.883240889181476	0.0	958994	2058.5456943112817	1.85
23414.664519445905	1850	21.7770983911699	0.0	982064	2106.142498011577	1.85
23416.459107905284	1850	23.982509931790023	0.0	830730	1794.5884593798771	1.85
23418.286219999147	1850	26.15539783792793	0.0	846370	1827.112093862094	1.85

