6397.0098523315655	750	4.0	10.899511511793023	450283	10899.511511793022	-46.117899500709996
6400.404532863729	300	4.605319467835902	0.0	155580	3394.6805321640977	-0.15000000000000002
6403.559071213924	300	5.450781117641929	0.0	139857	3154.5383501939737	0.3
6407.103758529943	300	5.906093801622807	0.0	155432	3544.687316019122	0.3
6410.847118597363	300	6.1627337342020265	0.0	163442	3743.36006742078	0.3
6413.714631046136	300	7.295221285428848	0.0	126289	2867.512448773178	0.3
6421.840241926562	750	4.0	0.8303895949976231	352642	8125.610880426471	-3.2706752584897796
6425.6558100958355	300	4.184431830726326	0.0	173849	3815.568169273674	-0.15000000000000002
6429.126702658784	300	4.713539267778175	0.0	150710	3470.892562948151	0.3
6432.663914891426	300	5.176327035135075	0.0	139105	3537.2122326430995	0.3
6437.404304987329	300	4.4359369392322785	0.0	141840	4740.390095902796	0.3
6440.7310309944005	300	5.109210932161228	0.0	156148	3326.7260070710504	0.3
6449.4093852372935	300	4.0	3.5691433107315444	160746	8678.354242892772	-15.04731623614564
6453.746205403123	300	4.0	0.3368201658299686	179801	4336.820165829969	-1.1483267130688648
6457.200442485856	300	4.545762917266731	0.0	140051	3454.2370827332693	0.3
6460.628462876179	300	5.1177425269447285	0.0	138313	3428.0203903220026	0.3
6463.936252916285	300	5.8099524868372265	0.0	143509	3307.7900401075017	0.3
6467.137657419822	300	6.608547983301022	0.0	150616	3201.4045035362055	0.3
6471.911436557795	300	5.83476884532809	0.0	165384	4773.7791379729315	0.3
6475.174569872334	300	6.571635530788295	0.0	140881	3263.1333145397944	0.3
6478.637280397553	300	7.108925005569859	0.0	157671	3462.710525218435	0.3
6487.769483030026	750	4.0	2.023277626902751	399894	9132.20263247261	-8.400093795681828
6491.322036566499	300	4.447446463526105	0.0	163927	3552.5535364738953	-0.15000000000000002
6494.370404297763	300	5.399078732262198	0.0	137654	3048.367731263907	0.3
6497.694579586775	300	6.074903443251086	0.0	146754	3324.175289011112	0.3
6504.462145221121	300	4.0	0.6926621910955382	153938	6767.565634346624	-2.678447421710814
6508.353149808464	300	4.108995412658147	0.0	181901	3891.0045873418526	0.3
6511.272497592487	300	5.189647628635561	0.0	111155	2919.347784022586	0.3
6515.174083493743	300	5.288061727379314	0.0	153605	3901.585901256247	0.3
6518.831613854177	300	5.630531366946283	0.0	149029	3657.530360433031	0.3
6522.501477604639	300	5.960667616483785	0.0	157421	3669.863750462498	0.3
6525.999410688088	300	6.46273453303485	0.0	157488	3497.9330834489347	0.3
6529.133456332006	300	7.3286888891156865	0.0	143881	3134.0456439191626	0.3
6537.977532918407	750	4.0	1.515387697284048	412837	8844.076586399735	-6.216167098321407
6541.875429373816	300	4.102103544590954	0.0	179328	3897.896455409046	-0.15000000000000002
6545.534039255049	300	4.443493663357109	0.0	159914	3658.609881233845	0.3
6548.767082603106	300	5.2104503152999095	0.0	131610	3233.0433480571987	0.3
6551.695776324557	300	6.281756593849204	0.0	124011	2928.6937214507047	0.3
6555.031424331238	300	6.946108587168854	0.0	144254	3335.6480066803506	0.3
6558.36974658561	300	7.607786332795922	0.0	149991	3338.322254372931	0.3
6566.574479563677	750	4.0	0.5969466452718425	345516	8204.732978067765	-2.2668705746689226
6570.413339711289	300	4.1611398523886765	0.0	161857	3838.8601476113236	-0.15000000000000002
6573.6105069123405	300	4.963972651337457	0.0	145210	3197.1672010512198	0.3
6577.471670431156	300	5.102809132522516	0.0	172312	3861.1635188149417	0.3
6581.286401585805	300	5.288077977873335	0.0	167025	3814.731154649181	0.3
6585.000942599885	300	5.573536963793038	0.0	160064	3714.5410140802965	0.3
6588.178516562666	300	6.395963001012155	0.0	137507	3177.573962780883	0.3
6590.880649762582	300	7.693829801096266	0.0	118421	2702.1331999158883	0.3

