22626.779522852074	750	4.0	5.17976775027978	450283	5179.76775027978	-21.52300132620305
22628.59869192599	300	6.180830926088249	0.0	155580	1819.1690739117514	-0.15000000000000002
22630.24209962087	300	8.5374232312041	0.0	139857	1643.4076948841484	0.3
22632.068518104003	300	10.71100474807339	0.0	155432	1826.4184831307107	0.3
22634.091889161726	300	12.687633690351285	0.0	163442	2023.3710577221048	0.3
22635.673500666166	300	15.106022185911382	0.0	126289	1581.6115044399048	0.3
22639.80548283136	750	14.974040020712721	0.0	352642	4131.98216519866	0.3
22644.768581239285	750	14.01094161279346	0.0	437162	4963.098407919259	0.75
22649.03936482589	750	13.740158026186753	0.0	374758	4270.783586606707	0.75
22653.226973677123	750	13.552549174950787	0.0	362795	4187.608851235966	0.75
22657.252739780004	750	13.526783072072046	0.0	353220	4025.766102878741	0.75
22661.85866867653	750	12.92085417554964	0.0	405134	4605.928896522407	0.75
22666.209699945095	750	12.569822906984145	0.0	386351	4351.031268565495	0.75
22671.113176892053	750	11.666345960027837	0.0	434409	4903.476946956309	0.75
22674.97602383365	750	11.803499018430907	0.0	337059	3862.846941596931	0.75
22676.617560798193	300	14.161962053886912	0.0	138313	1641.5369645439955	-0.15000000000000002
22678.316157366753	300	16.46336548532809	0.0	143509	1698.5965685588237	0.3
22682.588015139656	750	16.191507712425686	0.0	372963	4271.857772902402	0.3
22687.22094264262	750	15.558580209462232	0.0	405596	4632.9275029634555	0.75
22691.224101970467	750	15.5554208816112	0.0	350713	4003.159327851032	0.75
22695.877384361014	750	14.902138491063882	0.0	386472	4653.282390547318	0.75
22700.733912764565	750	14.045610087514365	0.0	399894	4856.528403549517	0.75
22705.36795639007	750	13.41156646201071	0.0	401853	4634.0436255036575	0.75
22709.532318064525	750	13.247204787553569	0.0	343800	4164.361674457142	0.75
22714.717536084605	750	12.061986767475043	0.0	359903	5185.218020078526	0.75
22719.129907195114	750	11.649615656964485	0.0	379700	4412.3711105105585	0.75
22724.03917329607	750	10.740349556008153	0.0	425781	4909.266100956331	0.75
22727.237512766493	750	11.542010085587231	0.0	277716	3198.339470420922	0.75
22731.947429706845	750	10.832093145232141	0.0	400396	4709.9169403550895	0.75
22736.67073073543	750	10.108792116650523	0.0	400508	4723.301028581618	0.75
22738.55816324059	300	12.221359611488863	0.0	157421	1887.4325051616613	-0.15000000000000002
22740.49258418019	300	14.286938671891804	0.0	157488	1934.4209395970584	0.3
22744.938272155847	750	13.841250696231008	0.0	369834	4445.687975660796	0.3
22749.710242189085	750	13.069280662996356	0.0	412837	4771.970033234651	0.75
22754.390851263255	750	12.38867158882351	0.0	401088	4680.609074172846	0.75
22758.59066055562	750	12.18886229645995	0.0	365161	4199.8092923635595	0.75
22762.279952337936	750	12.49957051414578	0.0	321064	3689.2917823141697	0.75
22766.401566464512	750	12.37795638756659	0.0	361565	4121.61412657919	0.75
22770.686912608344	750	12.092610243735972	0.0	378327	4285.346143830616	0.75
22775.11983686871	750	11.659685983367568	0.0	390680	4432.924260368405	0.75
22779.13380281444	750	11.645720037638414	0.0	345516	4013.9659457291546	0.75
22783.68796723282	750	11.091555619257162	0.0	384505	4554.164418381251	0.75
22788.663115601157	750	10.11640725092129	0.0	372093	4975.148368335873	0.75
22793.898053015848	750	8.881469836229927	0.0	438281	5234.937414691362	0.75
22795.87631700953	300	10.903205842544937	0.0	167025	1978.263993684992	-0.15000000000000002
22797.834713641038	300	12.944809211041095	0.0	160064	1958.3966315038417	0.3
22799.528397452563	300	15.251125399514464	0.0	137507	1693.6838115266314	0.3
22803.21503165039	750	15.564491201686089	0.0	314107	3686.634197828375	0.3

