15440.79474870289	750	4.0	5.437820278837844	450283	5437.820278837844	-22.632627199002727
15442.187403241482	300	6.607345461410241	0.0	155580	1392.654538589759	-0.15000000000000002
15443.447400193556	300	9.347348509337044	0.0	139857	1259.9969520731968	0.3
15444.838806031337	300	11.955942671555302	0.0	155432	1391.405837781742	0.3
15446.33211371824	300	14.462634984652901	0.0	163442	1493.3076869023998	0.3
15449.270442232571	750	15.524306470321735	0.0	318564	2938.328514331167	0.3
15453.394953223744	750	15.399795479149308	0.0	352642	4124.510991172427	0.75
15458.239821420337	750	14.55492728255798	0.0	437162	4844.86819659133	0.75
15461.513634180337	750	15.281114522557633	0.0	374758	3273.812760000347	0.75
15464.22852221648	750	16.566226486416028	0.0	362795	2714.8880361416045	0.75
15467.50635894461	750	17.288389758282996	0.0	353220	3277.8367281330316	0.75
15472.543425998696	750	16.25132270420015	0.0	405134	5037.067054082847	0.75
15475.838113258113	750	16.95663544478363	0.0	386351	3294.6872594165193	0.75
15479.762910881018	750	17.031837821877296	0.0	434409	3924.7976229063324	0.75
15482.728974650512	750	18.0657740523838	0.0	337059	2966.063769493497	0.75
15485.759009440178	750	19.03573926271779	0.0	366214	3030.034789666009	0.75
15488.900942963508	750	19.893805739387464	0.0	360831	3141.933523330328	0.75
15492.156243674272	750	20.63850502862519	0.0	372963	3255.300710762271	0.75
15495.257267406225	750	21.537481296670695	0.0	405596	3101.0237319544935	0.75
15498.911750416833	750	21.88299828606128	0.0	350713	3654.4830106094146	0.75
15504.493753491803	750	20.30099521109292	0.0	386472	5582.003074968357	0.75
15508.64654367692	750	20.1482050259744	0.0	399894	4152.790185118522	0.75
15511.589174996747	750	21.20557370614719	0.0	401853	2942.631319827207	0.75
15514.399963329266	750	22.39478537362716	0.0	343800	2810.7883325200337	0.75
15517.44727873809	750	23.34746996480542	0.0	359903	3047.3154088217384	0.75
15521.091146543653	750	23.703602159240358	0.0	379700	3643.8678055650594	0.75
15524.945205821889	750	23.849542881004798	0.0	425781	3854.059278235562	0.75
15527.413212647567	750	25.38153605532742	0.0	277716	2468.0068256773766	0.75
15535.688111977477	1850	21.10663672541696	0.0	972798	8274.899329910459	0.75
15543.173842661368	1850	17.620906041525494	0.0	975811	7485.7306838914665	1.85
15550.375122523463	1850	14.419626179430518	0.0	873429	7201.279862094976	1.85
15558.35136401161	1850	10.443384691283187	0.0	954453	7976.241488147331	1.85
15561.634646684735	750	11.160102018156554	0.0	369834	3283.2826731266323	-0.3500000000000001
15565.13684836851	750	11.657900334383202	0.0	412837	3502.201683773353	0.75
15568.653652565961	750	12.141096136929828	0.0	401088	3516.804197453372	0.75
15573.5364163503	750	11.258332352592388	0.0	365161	4882.7637843374405	0.75
15576.309153751183	750	12.485594951708721	0.0	321064	2772.737400883667	0.75
15579.439797883313	750	13.354950819579665	0.0	361565	3130.644132129057	0.75
15582.749242373995	750	14.045506328897906	0.0	378327	3309.444490681759	0.75
15586.303470765952	750	14.491277936941866	0.0	390680	3554.22839195604	0.75
15589.425876380545	750	15.368872322349802	0.0	345516	3122.4056145920636	0.75
15592.701843778776	750	16.092904924118116	0.0	384505	3275.967398231685	0.75
15595.984436867528	750	16.810311835367	0.0	372093	3282.5930887511186	0.75
15599.97430972982	750	16.820438973074495	0.0	438281	3989.872862292507	0.75
15603.799906866927	750	16.994841835968028	0.0	398987	3825.5971371064647	0.75
15607.138909055691	750	17.65583964720295	0.0	393804	3339.0021887650814	0.75
15610.007763444886	750	18.786985258007956	0.0	331053	2868.8543891949926	0.75
15612.876759321087	750	19.917989381807402	0.0	314107	2868.995876200555	0.75

