27293.396280862602	750	4.0	1.5003753806185098	450283	1500.3753806185098	-5.701614136659592
27294.734462997374	750	6.661817865230529	0.0	398865	1338.1821347694715	0.75
27295.92106646236	750	9.475214400241754	0.0	350812	1186.6034649887752	0.75
27297.207169354668	750	12.18911150793538	0.0	382355	1286.1028923063723	0.75
27298.582810222055	750	14.813470640544121	0.0	411561	1375.6408673912592	0.75
27301.184597825944	1850	16.211683036656787	0.0	801058	2601.787603887333	0.75
27304.111145713472	1850	17.285135149130298	0.0	905515	2926.547887526487	1.85
27307.52142991259	1850	17.874850950011247	0.0	1060487	3410.2841991190494	1.85
27310.272171922694	1850	19.124108939904662	0.0	852833	2750.7420101065895	1.85
27313.220748114258	1850	20.175532748341343	0.0	913888	2948.5761915633193	1.85
27316.28177596682	1850	21.114504895777912	0.0	939819	3061.0278525634308	1.85
27319.251520683007	1850	22.144760179596442	0.0	917428	2969.7447161814666	1.85
27322.291876700732	1850	23.104404161870598	0.0	946851	3040.3560177258496	1.85
27325.63333263725	1850	23.76294822535407	0.0	1036454	3341.455936516525	1.85
27328.29987570963	1850	25.096405152978143	0.0	821631	2666.5430723759287	1.85
27331.24675856146	1850	26.149522301144433	0.0	923170	2946.8828518337123	1.85
27334.333738897716	1850	27.06254196489221	0.0	966699	3086.9803362522266	1.85
27337.176914048374	1850	28.2193668142324	0.0	885714	2843.1751506598057	1.85
27340.360112567618	1850	29.036168294986656	0.0	987708	3183.198519245746	1.85
27343.354692106892	1850	30.04158875571332	0.0	923755	2994.579539273333	1.85
27346.23808953971	1850	31.158191322892776	0.0	891604	2883.3974328205427	1.85
27349.340440333108	1850	32.05584052949306	0.0	955231	3102.350793399718	1.85
27352.552550054468	1850	32.843730808132925	0.0	968026	3212.109721360136	1.85
27355.40744677416	1850	33.988834088442374	0.0	874175	2854.8967196905514	1.85
27358.2983249443	1850	35.09795591830411	0.0	897976	2890.87817013827	1.85
27361.291516960424	1850	36.10476390217996	0.0	905935	2993.192016124145	1.85
27364.833662601442	1850	36.56261826116136	0.0	1076599	3542.1456410186015	1.85
27371.119034461182	4300	34.27724640142245	0.0	1972048	6285.371859738911	1.8499999999999996
27377.994539666342	4300	31.40174119625957	0.0	2134614	6875.50520516288	4.3
27384.863567106015	4300	28.53271375658804	0.0	2164140	6869.027439671534	4.3
27391.63478326445	4300	25.76149759815308	0.0	2113193	6771.21615843496	4.3
27398.417705891778	4300	22.978574970826667	0.0	2147852	6782.922627326413	4.3
27405.356679064735	4300	20.03960179786958	0.0	2191074	6938.9731729570885	4.3
27413.01753748657	4300	16.378743376036702	0.0	2286761	7660.858421832877	4.3
27420.577885923343	4300	12.818394939261736	0.0	2307787	7560.348436774965	4.3
27427.51395038986	4300	9.882330472744455	0.0	2143948	6936.064466517281	4.3
27433.601952289166	4300	7.794328573440917	0.0	1919781	6088.001899303538	4.3
27436.626526015567	1850	8.769754847037653	0.0	938587	3024.5737264032637	-0.6000000000000001
27439.566182953666	1850	9.830097908939635	0.0	908665	2939.6569380980172	1.85
27442.552728390892	1850	10.84355247171502	0.0	930577	2986.5454372246145	1.85
27445.310825896973	1850	12.085454965633053	0.0	858450	2758.097506081968	1.85
27448.60040398277	1850	12.79587687983644	0.0	1025005	3289.578085796614	1.85
27451.554693821356	1850	13.841587041249165	0.0	886255	2954.289838587275	1.85
27454.954627451454	1850	14.441653411152725	0.0	973972	3399.9336300964387	1.85
27458.41849371098	1850	14.97778715162777	0.0	958994	3463.866259524955	1.85
27461.819459249444	1850	15.576821613163732	0.0	982064	3400.9655384640373	1.85
27464.504307095387	1850	16.891973767220165	0.0	830730	2684.8478459435673	1.85
27467.238664839802	1850	18.157616022802753	0.0	846370	2734.3577444174166	1.85

