5967.09441966372	750	4.0	8.371443692260712	450283	8371.443692260713	-35.24720787672106
5970.244670191742	300	4.849749471977654	0.0	155580	3150.250528022346	-0.15000000000000002
5973.362063441727	300	5.732356221993807	0.0	139857	3117.393249983847	0.3
5976.387624875194	300	6.706794788525414	0.0	155432	3025.5614334683924	0.3
5979.4663950321	300	7.628024631619044	0.0	163442	3078.7701569063697	0.3
5981.859649412418	300	9.234770251301919	0.0	126289	2393.254380317125	0.3
5984.7453299862445	300	10.349089677475064	0.0	153295	2885.6805738268563	0.3
5987.9943487081255	300	11.100070955594058	0.0	173849	3249.0187218810065	0.3
5990.825671021119	300	12.268748642601446	0.0	150710	2831.3223129926123	0.3
5993.448887347396	300	13.645532316324552	0.0	139105	2623.216326276893	0.3
5996.119939802796	300	14.974479860924577	0.0	141840	2671.052455399974	0.3
5999.050675887252	300	16.043743776469412	0.0	156148	2930.7360844551654	0.3
6002.490672187791	300	16.60374747593021	0.0	160746	3439.996300539201	0.3
6006.207239767967	300	16.88717989575339	0.0	179801	3716.567580176821	0.3
6008.843533615543	300	18.2508860481776	0.0	140051	2636.2938475757933	0.3
6011.434919805185	300	19.65949985853495	0.0	138313	2591.3861896426492	0.3
6014.110432878584	300	20.983986785136047	0.0	143509	2675.513073398903	0.3
6017.249205074323	300	21.84521458939657	0.0	150616	3138.772195739478	0.3
6020.7817500108185	300	22.312669652901764	0.0	165384	3532.544936494805	0.3
6023.3812270638755	300	23.71319259984455	0.0	140881	2599.477053057212	0.3
6026.458497918776	300	24.635921744945232	0.0	157671	3077.270854899318	0.3
6029.931411450402	300	25.163008213318207	0.0	157812	3472.913531627026	0.3
6037.232570945269	750	21.861848718451782	0.0	401853	7301.159494866424	0.3
6043.408641102529	750	19.685778561191363	0.0	343800	6176.070157260418	0.75
6049.914467345964	750	17.179952317756385	0.0	359903	6505.826243434979	0.75
6057.203456678924	750	13.890962984796358	0.0	379700	7288.989332960026	0.75
6065.630815857589	750	9.463603806130926	0.0	425781	8427.359178665432	0.75
6070.80103326829	750	8.293386395430918	0.0	277716	5170.217410700008	0.75
6078.574319372702	750	4.520100291018144	0.0	400396	7773.286104412774	0.75
6081.888869576005	300	5.205550087715345	0.0	149029	3314.550203302799	-0.15000000000000002
6085.364055966877	300	5.730363696843813	0.0	157421	3475.186390871532	0.3
6088.3705948560355	300	6.723824807684206	0.0	157488	3006.538889159607	0.3
6090.983413402448	300	8.111006261272188	0.0	143881	2612.8185464120197	0.3
6094.509722774708	300	8.584696889010607	0.0	163444	3526.309372261579	0.3
6098.18967701861	300	8.904742645108374	0.0	179328	3679.9542439022343	0.3
6101.234847886921	300	9.85957177679869	0.0	159914	3045.1708683096836	0.3
6103.672078155916	300	11.422341507803004	0.0	131610	2437.2302689956855	0.3
6105.959291275923	300	13.135128387796883	0.0	124011	2287.2131200061226	0.3
6108.637144438226	300	14.457275225493635	0.0	144254	2677.853162303247	0.3
6115.9884288714875	750	11.105990792231706	0.0	390680	7351.284433261928	0.3
6123.119988522935	750	7.974431140783046	0.0	345516	7131.5596514486615	0.75
6130.7397566842965	750	4.3546629794221845	0.0	384505	7619.768161360861	0.75
6133.648888391696	300	5.445531272023142	0.0	145210	2909.1317073990435	-0.15000000000000002
6136.7820559653455	300	6.312363698373704	0.0	172312	3133.167573649437	0.3
6139.9252267268075	300	7.169192936910975	0.0	167025	3143.170761462729	0.3
6143.046966759415	300	8.047452904303034	0.0	160064	3121.74003260794	0.3
6149.817303373253	750	5.277116290465007	0.0	331053	6770.336613838027	0.3
6155.772893373578	750	4.0	0.6784737098597498	314107	5955.590000324757	-2.167436952396924

