20744.119590426326	750	4.0	5.804809317470427	450283	5804.809317470427	-24.210680065122837
20746.124143742825	300	5.995446683499395	0.0	155580	2004.5533165006048	-0.15000000000000002
20747.93420064722	300	8.185389779104067	0.0	139857	1810.0569043953278	0.3
20749.914060709747	300	10.20552971657475	0.0	155432	1979.860062529316	0.3
20751.980370361962	300	12.139220064363057	0.0	163442	2066.309652211693	0.3
20753.59515982653	300	14.524430599793591	0.0	126289	1614.789464569465	0.3
20755.686985413508	300	16.432605012818115	0.0	153295	2091.825586975478	0.3
20761.9764860483	750	14.143104378024015	0.0	437162	6289.500634794102	0.3
20766.96789287891	750	13.151697547411702	0.0	374758	4991.406830612311	0.75
20771.482261932244	750	12.637328494082839	0.0	362795	4514.369053328865	0.75
20776.084535002203	750	12.03505542412271	0.0	353220	4602.273069960126	0.75
20781.372445081168	750	10.747145345156133	0.0	405134	5287.910078966579	0.75
20786.20066862735	750	9.918921798974255	0.0	386351	4828.223546181876	0.75
20788.481933582483	300	11.637656843838705	0.0	179801	2281.26495513555	-0.15000000000000002
20790.294715056934	300	13.824875369390657	0.0	140051	1812.7814744480493	0.3
20792.108435380105	300	16.011155046219464	0.0	138313	1813.7203231711942	0.3
20796.885636552735	750	15.233953873589744	0.0	360831	4777.20117262972	0.3
20801.868326754222	750	14.251263672102432	0.0	372963	4982.690201487312	0.75
20807.05290614928	750	13.066684277042889	0.0	405596	5184.5793950595435	0.75
20811.389659160337	750	12.729931265987082	0.0	350713	4336.753011055806	0.75
20816.053698647367	750	12.065891778958195	0.0	386472	4664.0394870288865	0.75
20821.58883758834	750	10.53075283798822	0.0	399894	5535.138940969974	0.75
20823.811416520024	300	12.308173906304187	0.0	163927	2222.578931684033	-0.15000000000000002
20825.654804585516	300	14.464785840814674	0.0	137654	1843.3880654895152	0.3
20827.502301385968	300	16.617289040363385	0.0	146754	1847.4968004512866	0.3
20833.223597553257	750	14.895992873074269	0.0	379700	5721.296167289118	0.3
20841.19109115375	750	10.928499272584526	0.0	425781	7967.493600489744	0.75
20842.742804561876	300	13.376785864458457	0.0	111155	1551.7134081260679	-0.15000000000000002
20844.856564069367	300	15.263026356967075	0.0	153605	2113.759507491383	0.3
20849.77418502063	750	14.345405405705417	0.0	400508	4917.620951261658	0.3
20854.167807588976	750	13.951782837357896	0.0	358218	4393.62256834752	0.75
20859.058028500825	750	13.061561925510079	0.0	400322	4890.220911847816	0.75
20863.56471390501	750	12.554876521323305	0.0	369834	4506.685404186774	0.75
20869.016652010665	750	11.102938415671183	0.0	412837	5451.938105652124	0.75
20874.22272195327	750	9.896868473065377	0.0	401088	5206.069942605806	0.75
20876.25312617592	300	11.866464250414515	0.0	159914	2030.4042226508623	-0.15000000000000002
20878.516811873513	300	13.602778552821635	0.0	131610	2263.685697592881	0.3
20880.65441423689	300	15.46517618944354	0.0	124011	2137.6023633780924	0.3
20885.245790042365	750	14.873800383968828	0.0	378327	4591.375805474711	0.3
20889.691410320476	750	14.428180105860465	0.0	390680	4445.620278108363	0.75
20893.555256477277	750	14.564333949059092	0.0	345516	3863.8461568013736	0.75
20897.99704844104	750	14.122541985293982	0.0	384505	4441.791963765109	0.75
20902.754706381467	750	13.36488404486957	0.0	372093	4757.657940424412	0.75
20907.96491353473	750	12.154676891604199	0.0	438281	5210.207153265373	0.75
20912.666831738185	750	11.452758688149672	0.0	398987	4701.9182034545265	0.75
20917.370363636186	750	10.74922679014974	0.0	393804	4703.531897999932	0.75
20921.608798506175	750	10.510791920158532	0.0	331053	4238.434869991208	0.75
20923.084174586667	300	13.03541583966575	0.0	118421	1475.3760804927813	-0.15000000000000002

