6200.30089611009	750	4.0	5.600467696873893	450283	5600.467696873893	-23.33201109655774
6202.332570590156	300	5.968325519934555	0.0	155580	2031.6744800654449	-0.15000000000000002
6204.167007778474	300	8.133888331616564	0.0	139857	1834.4371883179901	0.3
6209.594526423732	750	6.70636968635863	0.0	382355	5427.518645257935	0.3
6211.796812480431	300	8.504083629659082	0.0	163442	2202.286056699548	-0.15000000000000002
6215.823644701089	750	8.477251409001099	0.0	318564	4026.832220657983	0.3
6219.786156555529	750	8.514739554561437	0.0	352642	3962.511854439661	0.75
6225.498174737963	750	6.802721372126787	0.0	437162	5712.018182434651	0.75
6227.2567628683655	300	9.04413324172518	0.0	150710	1758.5881304016052	-0.15000000000000002
6233.641686209609	1200	6.65920990048042	0.0	560821	6384.923341244762	0.29999999999999993
6235.331498528692	300	8.969397581398457	0.0	141840	1689.8123190819622	-0.6000000000000001
6240.208009912661	750	8.092886197430396	0.0	405134	4876.511383968063	0.3
6244.944159074423	750	7.356737035668092	0.0	386351	4736.149161762303	0.75
6249.92244734363	750	6.3784487664614	0.0	434409	4978.288269206692	0.75
6251.663112867567	300	8.63778324252457	0.0	140051	1740.6655239368288	-0.15000000000000002
6256.392795008528	750	7.908101101563122	0.0	366214	4729.682140961449	0.3
6260.578968832525	750	7.721927277566345	0.0	360831	4186.173823996777	0.75
6264.924577297051	750	7.37631881304057	0.0	372963	4345.608464525774	0.75
6274.035823848982	750	4.0	1.7349277388902247	405596	9111.246551930795	-6.710189277227966
6275.666451117726	300	6.369372731255132	0.0	140881	1630.6272687448682	-0.15000000000000002
6277.49524456795	300	8.540579281031246	0.0	157671	1828.793450223888	0.3
6282.019673710989	750	8.016150137992646	0.0	399894	4524.429143038599	0.3
6286.494135046975	750	7.5416888020059965	0.0	401853	4474.461335986649	0.75
6291.646803848791	750	6.389020000190623	0.0	343800	5152.668801815374	0.75
6293.36484899147	300	8.670974857510876	0.0	146754	1718.0451426797492	-0.15000000000000002
6297.790260286513	750	8.245563562467796	0.0	379700	4425.41129504308	0.3
6303.0031115331385	750	7.032712315842978	0.0	425781	5212.8512466248185	0.75
6306.069342810792	750	7.966481038189738	0.0	277716	3066.2312776532394	0.75
6310.640878016392	750	7.394945832589908	0.0	400396	4571.535205599831	0.75
6315.5375388810535	750	6.498284967928718	0.0	400508	4896.66086466119	0.75
6317.496099037288	300	8.53972481169291	0.0	157421	1958.5601562358077	-0.15000000000000002
6321.699879299677	750	8.335944549304383	0.0	400322	4203.780262388527	0.3
6325.512428650048	750	8.52339519893351	0.0	369834	3812.5493503708713	0.75
6329.7276258344655	750	8.308198014515648	0.0	412837	4215.197184417862	0.75
6334.1336734695	750	7.902150379480902	0.0	401088	4406.047635034747	0.75
6338.735733639553	750	7.300090209428557	0.0	365161	4602.060170052344	0.75
6342.747020246429	750	7.288803602551903	0.0	321064	4011.2866068766543	0.75
6347.11245409453	750	6.923369754451518	0.0	361565	4365.433848100385	0.75
6348.822596844866	300	9.213227004115693	0.0	144254	1710.1427503358273	-0.15000000000000002
6355.432344337669	1200	6.603479511312602	0.0	587506	6609.74749280309	0.29999999999999993
6357.189288047465	300	8.84653580151607	0.0	147968	1756.9437097965317	-0.6000000000000001
6363.260341827499	750	6.775482021482207	0.0	384505	6071.053780033863	0.3
6364.860669774833	300	9.175154074148729	0.0	145210	1600.3279473334778	-0.15000000000000002
6371.8362196576745	1200	6.199604191307267	0.0	634861	6975.549882841463	0.29999999999999993
6373.7672164697715	300	8.268607379210707	0.0	167025	1930.9968120965596	-0.6000000000000001
6378.033801460942	750	8.002022388039869	0.0	393804	4266.584991170839	0.3
6382.1924603936	750	7.843363455381642	0.0	331053	4158.658932658226	0.75
6386.110340819772	750	7.925483029209713	0.0	314107	3917.880426171929	0.75

