8796.104009887375	750	4.0	2.0142359643261103	450283	2014.2359643261104	-7.911214646602273
8796.852319442321	300	7.2516904450537645	0.0	155580	748.3095549462365	-0.15000000000000002
8798.439267710672	750	9.664742176704367	0.0	350812	1586.9482683493966	0.3
8801.490819772043	1200	10.613190115330504	0.0	617681	3051.5520613738636	0.75
8804.820837511574	1200	11.283172375801673	0.0	652874	3330.017739528832	1.2
8808.333098276808	1850	11.770911610567913	0.0	801058	3512.260765233759	1.2000000000000002
8812.070828271655	1850	12.03318161571883	0.0	905515	3737.729994849083	1.85
8816.249599921248	1850	11.854409966126376	0.0	1060487	4178.771649592453	1.85
8819.542923091509	1850	12.561086795865645	0.0	852833	3293.3231702607295	1.85
8823.212291671101	1850	12.891718216273333	0.0	913888	3669.3685795923125	1.85
8827.056207571191	1850	13.047802316181889	0.0	939819	3843.9159000914433	1.85
8833.446696780522	2850	10.65731310685255	0.0	1519951	6390.489209329337	1.85
8836.312730133546	1200	11.791279753828183	0.0	624282	2866.0333530243684	-0.44999999999999996
8841.31733239382	1850	10.786677493552698	0.0	1036454	5004.602260275483	1.2000000000000002
8843.796687921327	1200	12.307321966047931	0.0	526950	2479.355527504767	0.5499999999999999
8847.707374027195	1850	12.396635860180782	0.0	923170	3910.6861058671498	1.2000000000000002
8851.627323795496	1850	12.476686091880522	0.0	966699	3919.949768300262	1.85
8855.319544916458	1850	12.784464970916765	0.0	885714	3692.221120963755	1.85
8859.45909723279	1850	12.644912654586921	0.0	987708	4139.552316329844	1.85
8863.123745482952	1850	12.980264404424231	0.0	923755	3664.6482501626906	1.85
8866.587057828496	1850	13.51695205888033	0.0	891604	3463.3123455439013	1.85
8872.599991280194	2850	11.504018607181319	0.0	1468126	6012.93345169901	1.85
8877.007262841407	1850	11.096747045968423	0.0	968026	4407.271561212897	0.8500000000000001
8880.657587396643	1850	11.44642249073379	0.0	874175	3650.324555234632	1.85
8884.716911693806	1850	11.38709819356955	0.0	897976	4059.3242971642403	1.85
8888.905814101861	1850	11.198195785514443	0.0	905935	4188.902408055106	1.85
8893.653683997056	1850	10.450325890320459	0.0	1076599	4747.869895193984	1.85
8895.748611276178	1200	12.3553986111992	0.0	487160	2094.927279121259	0.5499999999999999
8899.581697770547	1850	12.522312116829287	0.0	972798	3833.0864943699125	1.2000000000000002
8903.529739917354	1850	12.574269970021097	0.0	975811	3948.0421468081904	1.85
8907.167810269651	1850	12.936199617723531	0.0	873429	3638.0703522975664	1.85
8910.965845087287	1850	13.138164800089555	0.0	954453	3798.034817633975	1.85
8916.342534580153	2850	11.76147530722311	0.0	1358081	5376.689492866444	1.85
8920.69045349757	1850	11.413556389806416	0.0	1035329	4347.918917416695	0.8500000000000001
8924.786351619556	1850	11.317658267819205	0.0	1026056	4095.8981219872107	1.85
8929.531155217119	1850	10.572854670257987	0.0	943942	4744.8035975612165	1.85
8932.493391219206	1200	11.610618668169627	0.0	487812	2962.2360020883602	0.5499999999999999
8936.296573022804	1850	11.807436864570287	0.0	938587	3803.18180359934	1.2000000000000002
8940.446849152308	1850	11.657160735068198	0.0	908665	4150.27612950209	1.85
8944.522056067395	1850	11.581953819981107	0.0	930577	4075.20691508709	1.85
8948.043531039362	1850	12.060478848014867	0.0	858450	3521.4749719662404	1.85
8952.038595561222	1850	12.0654143261565	0.0	1025005	3995.0645218583672	1.85
8955.577877950689	1850	12.52613193668895	0.0	886255	3539.2823894675507	1.85
8959.575372318344	1850	12.528637569033123	0.0	973972	3997.4943676558264	1.85
8963.742134080503	1850	12.361875806874748	0.0	958994	4166.761762158375	1.85
8968.324834490037	1850	11.779175397341842	0.0	982064	4582.700409532907	1.85
8971.756264603297	1850	12.347745284082865	0.0	830730	3431.4301132589776	1.85
8975.273839600037	1850	12.830170287343517	0.0	846370	3517.5749967393476	1.85

