9143.035447323502	750	4.0	2.4281955876192804	450283	2428.1955876192806	-9.691241026762906
9143.92678656909	300	7.108660754410431	0.0	155580	891.3392455895683	-0.15000000000000002
9145.836247575799	750	9.19919974770155	0.0	350812	1909.4610067088809	0.3
9147.386035340449	750	11.649411983052602	0.0	382355	1549.7877646489485	0.75
9149.04496112894	750	13.990486194561523	0.0	411561	1658.925788491078	0.75
9150.347110251148	750	16.68833707235395	0.0	318564	1302.1491222075751	0.75
9151.787845831106	750	19.24760149239683	0.0	352642	1440.7355799571205	0.75
9153.566470275464	750	21.4689770480397	0.0	437162	1778.624444357127	0.75
9156.98107128222	1850	22.05437604128427	0.0	852833	3414.60100675543	0.75
9160.729058308436	1850	22.30638901506734	0.0	913888	3747.9870262169297	1.85
9164.595849341653	1850	22.439597981850444	0.0	939819	3866.791033216898	1.85
9168.33520084968	1850	22.700246473822926	0.0	917428	3739.351508027516	1.85
9172.166756724891	1850	22.868690598610215	0.0	946851	3831.555875212711	1.85
9176.483423597474	1850	22.5520237260279	0.0	1036454	4316.666872582312	1.85
9180.033550895956	1850	23.001896427546946	0.0	821631	3550.127298480959	1.85
9183.831350872608	1850	23.20409645089366	0.0	923170	3797.799976653285	1.85
9187.949422000645	1850	23.086025322856017	0.0	966699	4118.071128037642	1.85
9192.748145622634	1850	22.287301700868	0.0	885714	4798.723621988017	1.85
9196.8141010648	1850	22.221346258702727	0.0	987708	4065.955442165272	1.85
9200.473570973463	1850	22.561876350039608	0.0	923755	3659.469908663118	1.85
9204.01387374297	1850	23.021573580533055	0.0	891604	3540.3027695065557	1.85
9207.873722680022	1850	23.161724643480614	0.0	955231	3859.848937052442	1.85
9212.167322054964	1850	22.868125268539103	0.0	968026	4293.599374941509	1.85
9217.696860246933	1850	21.338587076568626	0.0	874175	5529.538191970479	1.85
9221.935348498804	1850	21.100098824698748	0.0	897976	4238.488251869879	1.85
9226.067325972677	1850	20.96812135082543	0.0	905935	4131.9774738733195	1.85
9230.53924917728	1850	20.496198146222174	0.0	1076599	4471.923204603258	1.85
9233.551720530797	1850	21.483726792706992	0.0	758197	3012.4713535151823	1.85
9237.316988944984	1850	21.718458378520687	0.0	972798	3765.268414186305	1.85
9242.147068634727	1850	20.888378688776505	0.0	975811	4830.079689744179	1.85
9245.830293883511	1850	21.2051534399918	0.0	873429	3683.2252487847045	1.85
9249.66844330328	1850	21.367004020222378	0.0	954453	3838.1494197694233	1.85
9253.293449242796	1850	21.741998080709756	0.0	885062	3625.0059395126236	1.85
9257.781785205387	1850	21.253662118118033	0.0	1035329	4488.335962591721	1.85
9262.000532471837	1850	21.03491485166744	0.0	1026056	4218.747266450594	1.85
9265.77333208594	1850	21.26211523756469	0.0	943942	3772.799614102751	1.85
9268.667291165306	1850	22.368156158201273	0.0	728962	2893.9590793634175	1.85
9272.402847570673	1850	22.63259975283414	0.0	938587	3735.5564053671333	1.85
9276.471686255038	1850	22.563761068469727	0.0	908665	4068.838684364413	1.85
9280.825911218699	1850	22.209536104808265	0.0	930577	4354.224963661461	1.85
9284.67164781516	1850	22.3637995083483	0.0	858450	3845.7365964599653	1.85
9288.787567323565	1850	22.247879999940587	0.0	1025005	4115.919508407715	1.85
9292.447290999602	1850	22.58815632390443	0.0	886255	3659.723676036155	1.85
9296.462383097582	1850	22.573064225925048	0.0	973972	4015.092097979382	1.85
9300.55477253764	1850	22.480674785867567	0.0	958994	4092.3894400574827	1.85
9305.046520051093	1850	21.988927272412607	0.0	982064	4491.74751345496	1.85
9308.797128123002	1850	22.23831920050363	0.0	830730	3750.608071908977	1.85
9312.85162691886	1850	22.18382040464518	0.0	846370	4054.498795858448	1.85

