192.02470325478723	750	4.0	1.6636513739301029	450283	1663.6513739301029	-6.4037009078994425
194.25390446189658	1200	5.770798792890639	0.0	611087	2229.201207109362	0.75
196.32653195448933	1200	7.698171300297886	0.0	571051	2072.6274925927523	1.2
198.5327168368911	1200	9.491986417896102	0.0	617681	2206.184882401785	1.2
203.1541674044848	1850	8.870535850302394	0.0	996749	4621.450567593707	1.2000000000000002
207.23761497131625	1850	8.787088283470968	0.0	801058	4083.447566831426	1.85
210.5180316017557	1850	9.506671653031498	0.0	905515	3280.41663043947	1.85
214.21820335120162	1850	9.806499903585557	0.0	1060487	3700.171749445942	1.85
217.2093982996665	1850	10.815304955120695	0.0	852833	2991.194948464861	1.85
220.43004314723075	1850	11.594660107556432	0.0	913888	3220.644847564263	1.85
223.74576713797455	1850	12.278936116812629	0.0	939819	3315.723990743804	1.85
226.98512031128715	1850	13.039582943500037	0.0	917428	3239.3531733125933	1.85
231.96478739506907	2850	12.05991585971813	0.0	1422919	4979.6670837819065	1.85
237.54093661120103	2850	10.483766643586161	0.0	1578343	5576.14921613197	2.85
241.9520969165726	2850	10.07260633821458	0.0	1231445	4411.16030537158	2.85
247.0967456857987	2850	8.92795756898849	0.0	1471065	5144.648769226091	2.85
252.35874612801078	2850	7.665957126776428	0.0	1491626	5262.000442212061	2.85
257.2489858124443	2850	6.775717442342902	0.0	1358801	4890.239684433526	2.85
262.67954391164574	2850	5.345159343141507	0.0	1537156	5430.558099201396	2.85
267.34433604610473	2850	4.680367208682506	0.0	1336050	4664.792134459	2.85
270.45516823458115	1850	5.56953502020611	0.0	891604	3110.8321884763964	0.8500000000000001
273.773999412899	1850	6.250703841888221	0.0	955231	3318.8311783178888	1.85
277.12819516049086	1850	6.896508094296396	0.0	968026	3354.195747591825	1.85
280.21758727427374	1850	7.807115980513527	0.0	874175	3089.3921137828693	1.85
283.3567899600927	1850	8.66791329469454	0.0	897976	3139.2026858189874	1.85
286.45536624023606	1850	9.569337014551227	0.0	905935	3098.576280143311	1.85
291.7591655491546	2850	8.265537705632632	0.0	1547572	5303.799308918596	1.85
295.73166073265594	2850	8.293042522131312	0.0	1141971	3972.4951835013208	2.85
300.94492030118045	2850	7.079782953606835	0.0	1498470	5213.259568524478	2.85
306.35245909934827	2850	5.672244155438988	0.0	1561263	5407.538798167847	2.85
311.00757798543	2850	5.017125269357286	0.0	1341201	4655.118886081702	2.85
314.34124151357906	1850	5.683461741208203	0.0	954453	3333.663528149084	0.8500000000000001
317.4314685963445	1850	6.593234658442791	0.0	885062	3090.2270827654124	1.85
321.0635947252598	1850	6.9611085295274355	0.0	1035329	3632.126128915355	1.85
324.65781754301656	1850	7.366885711770678	0.0	1026056	3594.2228177567576	1.85
327.9560614705519	1850	8.06864178423539	0.0	943942	3298.243927535286	1.85
330.5121606595263	1850	9.512542595260982	0.0	728962	2556.0991889744087	1.85
335.71042981705745	2850	8.314273437729847	0.0	1499009	5198.269157531135	1.85
340.6849232948301	2850	7.339779959957185	0.0	1427478	4974.493477772663	2.85
345.5231850866416	2850	6.5015181681457195	0.0	1402287	4838.261791811465	2.85
350.1329988077234	2850	5.89170444706388	0.0	1339500	4609.8137210818395	2.85
355.43437930405895	2850	4.590323950728345	0.0	1527299	5301.380496335536	2.85
358.5276878952508	1850	5.497015359536514	0.0	886255	3093.30859119183	0.8500000000000001
361.9663712718103	1850	6.0583319829769815	0.0	973972	3438.683376559532	1.85
365.3499678361403	1850	6.674735418646971	0.0	958994	3383.596564330011	1.85
370.5813901641258	2850	5.443313090661478	0.0	1483527	5231.422327985493	1.85
375.0089390820323	2850	5.01576417275498	0.0	1231456	4427.548917906498	2.85
379.7292486914899	2850	4.2954545632974295	0.0	1364537	4720.30960945755	2.85

