13651.693240386774	750	4.0	3.639078849061261	450283	3639.078849061261	-14.89803905096342
13653.002959224343	300	6.690281162431291	0.0	155580	1309.718837568709	-0.15000000000000002
13654.168427071536	300	9.524813315238651	0.0	139857	1165.4678471926395	0.3
13655.449533616209	300	12.243706770565325	0.0	155432	1281.1065446733267	0.3
13658.70878971574	750	12.984450671036063	0.0	411561	3259.25609952926	0.3
13661.239946664065	750	14.45329372270969	0.0	318564	2531.1569483263734	0.75
13664.039602029718	750	15.653638357057021	0.0	352642	2799.6553656526694	0.75
13667.533766871404	750	16.159473515370756	0.0	437162	3494.1648416862654	0.75
13670.54795608256	750	17.145284304213614	0.0	374758	3014.1892111571387	0.75
13673.473179724004	750	18.220060662769278	0.0	362795	2925.2236414443355	0.75
13676.34601546163	750	19.347224925144587	0.0	353220	2872.8357376246922	0.75
13679.63248971341	750	20.060750673361813	0.0	405134	3286.4742517827726	0.75
13682.76637019068	750	20.926870196092946	0.0	386351	3133.8804772688654	0.75
13686.253198547336	750	21.440041839437164	0.0	434409	3486.828356655783	0.75
13688.963394347522	750	22.729846039249452	0.0	337059	2710.1958001877106	0.75
13691.914295037823	750	23.77894534894919	0.0	366214	2950.9006903002637	0.75
13694.82693048307	750	24.86630990370196	0.0	360831	2912.6354452472287	0.75
13697.849809975882	750	25.843430410890093	0.0	372963	3022.879492811866	0.75
13705.79055906391	1850	21.90268132286217	0.0	987708	7940.749088027924	0.75
13713.019931417106	1850	18.673308969666	0.0	923755	7229.372353196169	1.85
13721.817470830725	1850	13.875769556045821	0.0	891604	8797.539413620178	1.85
13729.44807734946	1850	10.245163037310988	0.0	955231	7630.606518734835	1.85
13732.637991743015	750	11.055248643755728	0.0	401853	3189.914393555259	-0.3500000000000001
13735.377262427637	750	12.315977959134205	0.0	343800	2739.2706846215233	0.75
13738.279395521782	750	13.413844864988837	0.0	359903	2902.1330941453675	0.75
13741.340680647412	750	14.352559739359187	0.0	379700	3061.2851256296503	0.75
13742.851679016996	300	16.8415613697758	0.0	181901	1510.9983695833882	-0.15000000000000002
13745.116445143665	750	18.576795243106783	0.0	277716	2264.7661266690143	0.3
13748.303059300506	750	19.39018108626626	0.0	400396	3186.6141568405233	0.75
13751.475440919865	750	20.217799466907262	0.0	400508	3172.381619358999	0.75
13754.298872060244	750	21.394368326526866	0.0	358218	2823.4311403803945	0.75
13757.45646382438	750	22.236776562393867	0.0	400322	3157.591764132997	0.75
13760.386967202585	750	23.306273184187347	0.0	369834	2930.5033782065216	0.75
13763.63013824842	750	24.06310213835307	0.0	412837	3243.1710458342764	0.75
13766.783240966075	750	24.90999942069885	0.0	401088	3153.1027176542234	0.75
13769.665079312583	750	26.028161074190212	0.0	365161	2881.8383465086363	0.75
13775.365080324174	1850	24.32816006259879	0.0	728962	5700.001011591418	0.75
13782.700249637912	1850	20.992990748862404	0.0	938587	7335.169313736388	1.85
13789.772697532675	1850	17.920542854099782	0.0	908665	7072.447894762625	1.85
13798.909275720176	1850	12.783964666598207	0.0	930577	9136.578187501575	1.85
13805.646183940615	1850	10.04705644615746	0.0	858450	6736.908220440745	1.85
13808.680960823596	750	11.012279563177497	0.0	384505	3034.7768829799634	-0.3500000000000001
13811.619442055982	750	12.073798330790508	0.0	372093	2938.481232386989	0.75
13815.234272696542	750	12.458967690230944	0.0	438281	3614.8306405595654	0.75
13818.440793535205	750	13.252446851567154	0.0	398987	3206.520838663789	0.75
13821.542340251406	750	14.150900135365426	0.0	393804	3101.546716201729	0.75
13824.24639745348	750	15.446842933291958	0.0	331053	2704.0572020734685	0.75
13826.822642936784	750	16.870597449986963	0.0	314107	2576.245483304992	0.75

