12095.820654754018	750	4.0	4.964613199394635	450283	4964.613199394635	-20.59783675739693
12097.697852385525	300	6.12280236849375	0.0	155580	1877.1976315062489	-0.15000000000000002
12099.400646953758	300	8.42000780026125	0.0	139857	1702.7945682325	0.3
12104.227173341025	750	7.593481412994797	0.0	382355	4826.526387266453	0.3
12109.233432865925	750	6.587221888094115	0.0	411561	5006.259524900682	0.75
12112.974274131182	750	6.846380622837083	0.0	318564	3740.8412652570323	0.75
12117.106499487669	750	6.714155266351816	0.0	352642	4132.225356485267	0.75
12122.052099586628	750	5.768555167392541	0.0	437162	4945.600098959275	0.75
12126.444475193142	750	5.376179560878777	0.0	374758	4392.375606513764	0.75
12130.680986576433	750	5.139668177588071	0.0	362795	4236.511383290706	0.75
12137.027832541064	750	4.0	1.207177787041087	353220	6346.845964629158	-4.440864484276673
12138.909610745268	300	6.118221795795278	0.0	156148	1881.7782042047224	-0.15000000000000002
12140.84444487195	300	8.18338766911359	0.0	160746	1934.8341266816885	0.3
12143.002652882398	300	10.025179658664063	0.0	179801	2158.208010449526	0.3
12144.704217394416	300	12.323615146648159	0.0	140051	1701.564512015904	0.3
12146.385658671881	300	14.642173869181695	0.0	138313	1681.4412774664638	0.3
12150.433377163477	750	14.594455377586748	0.0	360831	4047.718491594947	0.3
12155.167618254958	750	13.860214286106979	0.0	372963	4734.241091479769	0.75
12160.252014023608	750	12.775818517457441	0.0	405596	5084.395768649538	0.75
12164.36112055213	750	12.666711988934585	0.0	350713	4109.106528522855	0.75
12169.005123355168	750	12.022709185898064	0.0	386472	4644.002803036521	0.75
12173.996885482607	750	11.030947058456812	0.0	399894	4991.762127441253	0.75
12178.783676218241	750	10.244156322823018	0.0	401853	4786.790735633792	0.75
12182.839197016938	750	10.188635524126742	0.0	343800	4055.5207986962782	0.75
12187.466927332713	750	9.5609052083518	0.0	359903	4627.730315774942	0.75
12192.01791185974	750	9.009920681322807	0.0	379700	4550.984527028993	0.75
12197.004162954481	750	8.023669586582416	0.0	425781	4986.251094740391	0.75
12200.240126490264	750	8.787706050800836	0.0	277716	3235.96353578158	0.75
12204.867182943743	750	8.160649597320731	0.0	400396	4627.056453480106	0.75
12209.432393972307	750	7.5954385687559745	0.0	400508	4565.211028564756	0.75
12213.301134695774	750	7.726697845290402	0.0	358218	3868.740723465572	0.75
12217.641474481597	750	7.386358059467735	0.0	400322	4340.339785822667	0.75
12221.589227798258	750	7.438604742807057	0.0	369834	3947.753316660677	0.75
12226.25782249785	750	6.770010043216368	0.0	412837	4668.59469959069	0.75
12231.152004780974	750	5.875827760091843	0.0	401088	4894.182283124525	0.75
12235.638449507831	750	5.389383033236306	0.0	365161	4486.444726855537	0.75
12239.871714070276	750	5.156118470792342	0.0	321064	4233.264562443964	0.75
12242.23636140452	300	6.7914711365458444	0.0	124011	2364.6473342464974	-0.15000000000000002
12244.555547659746	300	8.472284881321263	0.0	144254	2319.1862552245802	0.3
12246.24024800209	300	10.787584538978022	0.0	149991	1684.7003423432413	0.3
12247.903304987214	300	13.124527553853284	0.0	147968	1663.056985124739	0.3
12249.756680991586	300	15.271151549480846	0.0	161857	1853.3760043724376	0.3
12251.520158814932	300	17.507673726136172	0.0	145210	1763.4778233446762	0.3
12256.80655170834	750	16.221280832727867	0.0	438281	5286.3928934083015	0.3
12261.528162911198	750	15.499669629869361	0.0	398987	4721.611202858508	0.75
12269.474670273734	1200	11.55316226733194	0.0	638661	7946.50736253742	0.75
12276.24023137764	1200	8.787601163425366	0.0	538612	6765.561103906574	1.2
12285.309170127985	1850	4.0	0.2813375869174288	846370	9068.938750342795	-0.00975162374494365

