10859.98332124131	750	4.0	2.0533714086122092	450283	2053.371408612209	-8.0794970570325
10860.745152720074	300	7.238168521236894	0.0	155580	761.8314787631057	-0.15000000000000002
10862.362591110148	750	9.62073013116206	0.0	350812	1617.4383900748337	0.3
10865.19223260108	1200	10.791088640229725	0.0	617681	2829.6414909323353	0.75
10868.197695249733	1200	11.785625991577993	0.0	652874	3005.462648651734	1.2
10871.666764835925	1850	12.316556405384596	0.0	801058	3469.069586193397	1.2000000000000002
10875.581352560552	1850	12.401968680759413	0.0	905515	3914.587724625182	1.85
10880.176192630448	1850	11.807128610863456	0.0	1060487	4594.840069895958	1.85
10883.901154891038	1850	12.082166350271887	0.0	852833	3724.9622605915674	1.85
10887.838852767256	1850	12.144468474054475	0.0	913888	3937.697876217412	1.85
10891.852862353606	1850	12.130458887703018	0.0	939819	4014.009586351458	1.85
10895.803507767943	1850	12.179813473364934	0.0	917428	3950.6454143380824	1.85
10900.341235630678	1850	11.642085610630124	0.0	946851	4537.727862734811	1.85
10905.96982348468	1850	10.013497756629258	0.0	1036454	5628.587854000866	1.85
10908.317156066001	1200	11.666165175308548	0.0	526950	2347.3325813207102	0.5499999999999999
10912.41424233966	1850	11.569078901647252	0.0	923170	4097.086273661297	1.2000000000000002
10916.63118668798	1850	11.352134553329284	0.0	966699	4216.9443483179675	1.85
10920.457566831434	1850	11.525754409875228	0.0	885714	3826.380143454056	1.85
10924.760049469098	1850	11.223271772210866	0.0	987708	4302.482637664361	1.85
10928.95088820694	1850	11.032433034368369	0.0	923755	4190.838737842497	1.85
10932.946282943365	1850	11.037038297943699	0.0	891604	3995.3947364246696	1.85
10937.205549887969	1850	10.777771353340581	0.0	955231	4259.266944603118	1.85
10940.16321583701	1200	11.820105404298268	0.0	656471	2957.665949042313	0.5499999999999999
10944.145769952485	1850	11.837551288823535	0.0	874175	3982.5541154747316	1.2000000000000002
10948.195474743716	1850	11.78784649759244	0.0	897976	4049.7047912310954	1.85
10952.232634489106	1850	11.75068675220204	0.0	905935	4037.159745390401	1.85
10957.141831533403	1850	10.841489707906709	0.0	1076599	4909.197044295331	1.85
10959.515056168126	1200	12.468265073182556	0.0	487160	2373.2246347241526	0.5499999999999999
10963.773349129708	1850	12.209972111600681	0.0	972798	4258.292961581877	1.2000000000000002
10970.010533718945	1850	9.97278752236336	0.0	975811	6237.184589237319	1.85
10972.640805269268	1200	11.34251597204161	0.0	570392	2630.2715503217496	0.5499999999999999
10976.763261098053	1850	11.220060143256365	0.0	954453	4122.455828785245	1.2000000000000002
10980.605307731796	1850	11.378013509513712	0.0	885062	3842.046633742654	1.85
10984.986012137786	1850	10.997309103523301	0.0	1035329	4380.704405990412	1.85
10987.954958395341	1200	12.02836284596815	0.0	690253	2968.9462575551524	0.5499999999999999
10991.985323173763	1850	11.997998067546716	0.0	943942	4030.3647784214336	1.2000000000000002
10995.099204161914	1850	12.884117079396793	0.0	728962	3113.8809881499237	1.85
10999.227353195844	1850	12.755968045466322	0.0	938587	4128.149033930471	1.85
11003.187686351426	1850	12.795634889883939	0.0	908665	3960.3331555823816	1.85
11007.214898101434	1850	12.76842313987583	0.0	930577	4027.2117500081085	1.85
11011.018254398428	1850	12.96506684288151	0.0	858450	3803.356296994321	1.85
11015.51770974291	1850	12.465611498399634	0.0	1025005	4499.455344481877	1.85
11019.393207790648	1850	12.59011345066111	0.0	886255	3875.498047738523	1.85
11023.603965015689	1850	12.379356225621402	0.0	973972	4210.757225039709	1.85
11027.824377996123	1850	12.158943245187457	0.0	958994	4220.412980433946	1.85
11032.34199334353	1850	11.641327897779519	0.0	982064	4517.615347407938	1.85
11035.95903675537	1850	12.0242844859396	0.0	830730	3617.043411839918	1.85
11039.532091682679	1850	12.451229558631885	0.0	846370	3573.0549273077136	1.85

