34908.655486598465	750	4.0	7.531318275061943	450283	7531.318275061943	-31.634668582766352
34911.31863598303	300	5.336850615435176	0.0	155580	2663.1493845648233	-0.15000000000000002
34913.70194768221	300	6.95353891625552	0.0	139857	2383.3116991796564	0.3
34916.3417648099	300	8.313721788568724	0.0	155432	2639.817127686797	0.3
34919.09324090065	300	9.562245697818245	0.0	163442	2751.4760907504797	0.3
34921.23682837924	300	11.418658219231567	0.0	126289	2143.5874785866786	0.3
34923.88091483106	300	12.774571767401353	0.0	153295	2644.0864518302146	0.3
34926.91916354269	300	13.736323055779101	0.0	173849	3038.2487116222505	0.3
34930.37585660833	300	14.279629990143523	0.0	150710	3456.693065635578	0.3
34933.17198330014	300	15.483503298326807	0.0	139105	2796.1266918167144	0.3
34935.65769788994	300	16.997788708530276	0.0	141840	2485.7145897965324	0.3
34938.41367318387	300	18.24181341459733	0.0	156148	2755.9752939329464	0.3
34941.277816594644	300	19.377670003828534	0.0	160746	2864.143410768798	0.3
34944.4785762746	300	20.17691032386836	0.0	179801	3200.759679960172	0.3
34946.991444867635	300	21.66404173083981	0.0	140051	2512.8685930285483	0.3
34953.161131344044	750	19.494355254433955	0.0	366214	6169.686476405856	0.3
34959.68761138315	750	16.967875215320323	0.0	360831	6526.480039113632	0.75
34965.81780802308	750	14.83767857539274	0.0	372963	6130.196639927584	0.75
34972.370764389016	750	12.284722209459531	0.0	405596	6552.956365933209	0.75
34978.05924540498	750	10.596241193504833	0.0	350713	5688.481015954697	0.75
34984.80921350752	750	7.846273090957518	0.0	386472	6749.968102547315	0.75
34992.02364813145	750	4.63183846702586	0.0	399894	7214.434623931658	0.75
34994.899197310275	300	5.756289288199583	0.0	163927	2875.5491788262766	-0.15000000000000002
34997.272473678495	300	7.383012919984069	0.0	137654	2373.2763682155137	0.3
34999.84905845469	300	8.80642814378623	0.0	146754	2576.5847761978393	0.3
35002.57287211184	300	10.082614486638478	0.0	153938	2723.813657147752	0.3
35005.55245921485	300	11.1030273836306	0.0	181901	2979.587103007877	0.3
35007.36958281838	300	13.285903780109079	0.0	111155	1817.1236035215218	0.3
35009.848913251946	300	14.80657334654074	0.0	153605	2479.330433568338	0.3
35012.25594290233	300	16.3995436961538	0.0	149029	2407.02965038694	0.3
35014.95572979108	300	17.69975680740472	0.0	157421	2699.786888749076	0.3
35021.93408916242	750	14.721397436065919	0.0	400322	6978.359371338803	0.3
35027.957574755135	750	12.697911843357236	0.0	369834	6023.485592708682	0.75
35034.50928592737	750	10.146200671116919	0.0	412837	6551.711172240317	0.75
35040.808203612745	750	7.847282985740235	0.0	401088	6298.917685376685	0.75
35049.27530195654	750	4.0	0.6198153580553162	365161	8467.098343795551	-1.9152060396378596
35051.485294455204	300	5.790007501341258	0.0	131610	2209.992498658741	-0.15000000000000002
35053.572303799105	300	7.702998157437534	0.0	124011	2087.009343903724	0.3
35056.270588554646	300	9.004713401905828	0.0	144254	2698.284755531706	0.3
35059.17316885834	300	10.102133098206192	0.0	149991	2902.5803036996367	0.3
35061.688929534525	300	11.586372422027061	0.0	147968	2515.7606761791303	0.3
35064.41144911736	300	12.863852839187512	0.0	161857	2722.519582839549	0.3
35070.35911087876	300	10.91619107779491	0.0	145210	5947.661761392604	0.3
35073.26581389794	300	12.009488058617155	0.0	172312	2906.7030191777544	0.3
35076.103476877564	300	13.171825078990073	0.0	167025	2837.6629796270804	0.3
35078.84337238546	300	14.431929571086695	0.0	160064	2739.895507903378	0.3
35082.594811140974	300	14.68049081557774	0.0	137507	3751.438755508956	0.3
35088.8821787974	750	12.393123159149457	0.0	314107	6287.367656428282	0.3

