20267.396668916546	750	4.0	5.356846949436604	450283	5356.846949436604	-22.284441882577397
20269.16175892164	300	6.234909994905359	0.0	155580	1765.090005094641	-0.15000000000000002
20270.75655280802	300	8.64011610852844	0.0	139857	1594.7938863769198	0.3
20274.908764631047	750	8.487904285500974	0.0	382355	4152.211823027466	0.3
20279.20421812013	750	8.19245079642201	0.0	411561	4295.453489078963	0.75
20282.422048566532	750	8.974620350018634	0.0	318564	3217.830446403375	0.75
20286.78438597339	750	8.612282943159435	0.0	352642	4362.3374068592	0.75
20291.613039937547	750	7.783628979001488	0.0	437162	4828.653964157947	0.75
20295.797381069777	750	7.599287846775499	0.0	374758	4184.341132225989	0.75
20300.121283371125	750	7.275385545425837	0.0	362795	4323.902301349662	0.75
20304.25715721619	750	7.1395117003607576	0.0	353220	4135.87384506508	0.75
20308.436455909676	750	6.960213006874308	0.0	405134	4179.298693486449	0.75
20310.134606016083	300	9.262062900465079	0.0	160746	1698.1501064092295	-0.15000000000000002
20317.335268231374	1200	6.061400685174549	0.0	687371	7200.662215290529	0.29999999999999993
20318.908228149972	300	8.48844076657344	0.0	140051	1572.9599186011103	-0.6000000000000001
20322.930684164727	750	8.4659847518194	0.0	366214	4022.45601475404	0.3
20327.128380197686	750	8.268288718860408	0.0	360831	4197.696032958993	0.75
20331.355312697055	750	8.041356219491957	0.0	372963	4226.93249936845	0.75
20335.81981681694	750	7.576852099602888	0.0	405596	4464.5041198890685	0.75
20339.636499366283	750	7.760169550261884	0.0	350713	3816.6825493410047	0.75
20343.821513943465	750	7.57515497308277	0.0	386472	4185.014577179114	0.75
20348.231860215285	750	7.164808701260668	0.0	399894	4410.346271822102	0.75
20352.58395099863	750	6.812717917913788	0.0	401853	4352.090783346881	0.75
20354.119005421955	300	9.277663494588195	0.0	137654	1535.0544233255928	-0.15000000000000002
20360.212166634163	1200	7.184502282380562	0.0	587236	6093.161212207632	0.29999999999999993
20364.051715419	750	7.3449534975443065	0.0	379700	3839.5487848362554	0.3
20368.246497076772	750	7.1501718397693645	0.0	425781	4194.781657774942	0.75
20371.12717492304	750	8.269493993502904	0.0	277716	2880.677846266462	0.75
20375.346699018788	750	8.049969897756865	0.0	400396	4219.524095746038	0.75
20379.582205268845	750	7.814463647701308	0.0	400508	4235.506250055558	0.75
20383.124992687146	750	8.271676229400061	0.0	358218	3542.7874183012464	0.75
20387.227281876723	750	8.169387039821965	0.0	400322	4102.289189578098	0.75
20391.13614307423	750	8.26052584231555	0.0	369834	3908.861197506415	0.75
20395.515465007164	750	7.8812039093831165	0.0	412837	4379.321932932434	0.75
20399.611243755262	750	7.785425161282777	0.0	401088	4095.7787481003393	0.75
20403.24355641628	750	8.153112500266106	0.0	365161	3632.3126610166714	0.75
20406.45088794681	750	8.94578096973816	0.0	321064	3207.3315305279466	0.75
20410.065927554864	750	9.330741361680598	0.0	361565	3615.0396080575615	0.75
20417.174039023357	1200	6.222629893187001	0.0	605884	7108.111468493597	0.75
20418.81613041431	300	8.58053850223299	0.0	149991	1642.0913909540109	-0.6000000000000001
20422.40297370409	750	8.99369521245271	0.0	345516	3586.84328978028	0.3
20426.38204167305	750	9.0146272434949	0.0	384505	3979.0679689578105	0.75
20432.8868246284	1200	6.509844288142072	0.0	599477	6504.782955352828	0.75
20434.82961728769	300	8.567051628850203	0.0	172312	1942.792659291869	-0.6000000000000001
20440.671824799192	750	6.724844117351036	0.0	398987	5842.2075114991685	0.3
20442.449633579054	300	8.947035337488012	0.0	160064	1777.8087798630233	-0.15000000000000002
20446.047969692583	750	9.348699223956498	0.0	331053	3598.3361135315163	0.3
20452.12251176353	1200	7.274157153013803	0.0	550906	6074.5420709426935	0.75

