11499.925348941746	750	4.0	2.8523034398516582	450283	2852.3034398516584	-11.51490479136213
11500.963224253876	300	6.96212468786936	0.0	155580	1037.87531213064	-0.15000000000000002
11503.179571134366	750	8.745777807379977	0.0	350812	2216.3468804893832	0.3
11505.551413016727	750	10.373935925019277	0.0	382355	2371.8418823606985	0.75
11508.149888607993	750	11.775460333752225	0.0	411561	2598.4755912670526	0.75
11510.296860451323	750	13.628488490423491	0.0	318564	2146.9718433287326	0.75
11512.659160465768	750	15.266188475977357	0.0	352642	2362.3000144461353	0.75
11515.061351126782	750	16.863997814962005	0.0	437162	2402.1906610153524	0.75
11517.132053721565	750	18.793295220178397	0.0	374758	2070.7025947836073	0.75
11519.116934859614	750	20.80841408212948	0.0	362795	1984.8811380489142	0.75
11521.04022048676	750	22.885128454983732	0.0	353220	1923.2856271457497	0.75
11526.179874006786	1850	21.74547493495757	0.0	917428	5139.6535200261615	0.75
11531.708673473286	1850	20.21667546845791	0.0	946851	5528.799466499663	1.85
11537.286394795621	1850	18.638954146121776	0.0	1036454	5577.721322336133	1.85
11542.363970066888	1850	17.561378874853844	0.0	821631	5077.575271267937	1.85
11548.020702311753	1850	15.904646629989161	0.0	923170	5656.732244864681	1.85
11554.112760449763	1850	13.812588491978465	0.0	966699	6092.058138010697	1.85
11559.042203247436	1850	12.883145694306762	0.0	885714	4929.442797671703	1.85
11564.836226427851	1850	11.089122513891805	0.0	987708	5794.023180414956	1.85
11570.790308475442	1850	9.135040466301009	0.0	923755	5954.082047590798	1.85
11576.497556208935	1850	7.427792732808849	0.0	891604	5707.24773349216	1.85
11578.822278852913	750	9.103070088829433	0.0	399894	2324.7226439794154	-0.3500000000000001
11581.19765350042	750	10.727695441323187	0.0	401853	2375.3746475062467	0.75
11583.241593522273	750	12.683755419468783	0.0	343800	2043.9400218544026	0.75
11585.40410882655	750	14.52124011519267	0.0	359903	2162.5153042761135	0.75
11587.697334496588	750	16.228014445155647	0.0	379700	2293.225670037022	0.75
11590.39357985635	750	17.531769085391527	0.0	425781	2696.245359764124	0.75
11592.304409143086	750	19.620939798656057	0.0	277716	1910.8292867354683	0.75
11598.650238260796	1850	17.27511068094607	0.0	972798	6345.829117709985	0.75
11604.268628448475	1850	15.65672049326712	0.0	975811	5618.390187678953	1.85
11609.269204819064	1850	14.65614412267779	0.0	873429	5000.576370589328	1.85
11615.244509731552	1850	12.68083921019135	0.0	954453	5975.304912486443	1.85
11620.517748594933	1850	11.407600346809483	0.0	885062	5273.238863381867	1.85
11626.24077467355	1850	9.684574268193423	0.0	1035329	5723.02607861606	1.85
11628.498652211105	750	11.42669673063701	0.0	401088	2257.877537556412	-0.3500000000000001
11630.565789415388	750	13.359559526354431	0.0	365161	2067.1372042825788	0.75
11632.40158037108	750	15.52376857066243	0.0	321064	1835.7909556920001	0.75
11634.458857664376	750	17.46649127736646	0.0	361565	2057.2772932959724	0.75
11636.623208712983	750	19.302140228761605	0.0	378327	2164.351048604855	0.75
11638.86297461488	750	21.062374326864607	0.0	390680	2239.7659018969957	0.75
11640.932222592433	750	22.993126349310334	0.0	345516	2069.247977554275	0.75
11647.39306459725	1850	20.53228434449422	0.0	1025005	6460.842004816113	0.75
11652.734669867697	1850	19.190679074047015	0.0	886255	5341.605270447207	1.85
11658.349596832646	1850	17.575752109098996	0.0	973972	5614.926964948014	1.85
11664.145193317252	1850	15.7801556244939	0.0	958994	5795.596484605097	1.85
11669.787763635011	1850	14.137585306734099	0.0	982064	5642.570317759801	1.85
11674.783243919412	1850	13.14210502233454	0.0	830730	4995.4802843995585	1.85
11680.002186283684	1850	11.923162658063058	0.0	846370	5218.942364271482	1.85

