25652.634943714	750	4.0	1.0922145276701807	450283	1092.2145276701806	-3.946522468981777
25653.611573050614	750	7.023370663384656	0.0	398865	976.6293366153432	0.75
25654.480181554336	750	10.154762159663594	0.0	350812	868.6085037210629	0.75
25655.419697205	750	13.215246509000941	0.0	382355	939.5156506626541	0.75
25657.645262284466	1850	14.989681429536137	0.0	996749	2225.5650794648027	0.75
25659.31134626653	1850	17.323597447470558	0.0	801058	1666.08398206558	1.85
25661.184253692736	1850	19.45069002126657	0.0	905515	1872.9074262039871	1.85
25663.438627782496	1850	21.196315931502784	0.0	1060487	2254.3740897637886	1.85
25665.31389871704	1850	23.321044996962854	0.0	852833	1875.2709345399303	1.85
25667.31769454087	1850	25.317249173132364	0.0	913888	2003.7958238304893	1.85
25669.404910966063	1850	27.230032747938903	0.0	939819	2087.2164251934614	1.85
25671.4446666022	1850	29.19027711179742	0.0	917428	2039.755636141478	1.85
25673.534984538463	1850	31.099959175536767	0.0	946851	2090.3179362606525	1.85
25678.452593742888	4300	30.18234997110966	0.0	2275376	4917.60920442711	1.8499999999999996
25682.971122620333	4300	29.663821093665018	0.0	2005399	4518.528877444642	4.3
25687.61741986657	4300	29.01752384742918	0.0	2152483	4646.2972462358375	4.3
25692.343563306873	4300	28.291380407126113	0.0	2289689	4726.143440303068	4.3
25696.53635875813	4300	28.098584955867214	0.0	2059512	4192.7954512589	4.3
25701.062923715028	4300	27.57201999896927	0.0	2220726	4526.564956897943	4.3
25709.24179415528	4300	23.393149558716935	0.0	2156729	8178.870440252335	4.3
25714.027892989776	4300	22.607050724219576	0.0	2039773	4786.09883449736	4.3
25718.79443435361	4300	21.84050936038256	0.0	2176469	4766.541363837014	4.3
25723.826979734615	4300	20.807963979380432	0.0	2221506	5032.545381002126	4.3
25728.527406645688	4300	20.107537068305707	0.0	2044075	4700.426911074724	4.3
25733.67215454091	4300	18.962789173087994	0.0	2186790	5144.747895217713	4.3
25738.116833525226	4300	18.518110188768997	0.0	2105231	4444.678984318994	4.3
25743.77911926125	4300	16.85582445274608	0.0	2395588	5662.285736022917	4.3
25748.0996511254	4300	16.535292588596555	0.0	1972048	4320.531864149525	4.3
25752.742479842014	4300	15.892463871983484	0.0	2134614	4642.828716613073	4.3
25757.397721611123	4300	15.237222102875974	0.0	2164140	4655.241769107509	4.3
25762.617469922636	4300	14.017473791362447	0.0	2113193	5219.748311513527	4.3
25765.93061221336	1850	14.704331500634314	0.0	954453	3313.142290728132	-0.6000000000000001
25769.559469120606	1850	15.075474593389051	0.0	885062	3628.856907245262	1.85
25772.00449652365	1850	16.63044719034678	0.0	1035329	2445.0274030422747	1.85
25774.45596786737	1850	18.178975846628404	0.0	1026056	2451.4713437183755	1.85
25777.38805150442	1850	19.24689220957532	0.0	943942	2932.083637053079	1.85
25779.62744696775	1850	21.007496746245632	0.0	728962	2239.3954633296885	1.85
25781.814582462466	1850	22.82036125152693	0.0	938587	2187.135494718703	1.85
25783.934542822357	1850	24.700400891636402	0.0	908665	2119.960359890527	1.85
25785.96789519091	1850	26.66704852308171	0.0	930577	2033.3523685546945	1.85
25787.782818967036	1850	28.8521247469563	0.0	858450	1814.9237761254117	1.85
25789.936509066927	1850	30.698434647064005	0.0	1025005	2153.6900998922924	1.85
25791.9299430492	1850	32.705000664792344	0.0	886255	1993.433982271662	1.85
25796.754688790614	4300	31.880254923378953	0.0	2219102	4824.745741413389	1.8499999999999996
25801.432110799426	4300	31.20283291456739	0.0	2124950	4677.422008811561	4.3
25806.603510048542	4300	30.03143366545064	0.0	2246506	5171.399249116756	4.3
25810.862178703595	4300	29.77276501039733	0.0	1961140	4258.6686550533095	4.3
25816.081576281373	4300	28.553367432621595	0.0	2155012	5219.397577775734	4.3

