21118.337021692078	750	4.0	10.153665094468437	450283	10153.665094468437	-42.910759906214274
21121.88533222826	300	4.451689463819656	0.0	155580	3548.310536180344	-0.15000000000000002
21125.10594817313	300	5.231073518944847	0.0	139857	3220.615944874807	0.3
21128.69976798527	300	5.637253706808384	0.0	155432	3593.8198121364644	0.3
21132.49574605208	300	5.841275639995944	0.0	163442	3795.978066812441	0.3
21135.44501175166	300	6.892009940418525	0.0	126289	2949.2656995774187	0.3
21139.00552408655	300	7.3314976055291465	0.0	153295	3560.5123348893785	0.3
21143.02109111509	300	7.315930576987066	0.0	173849	4015.56702854208	0.3
21146.5385418373	300	7.798479854777159	0.0	150710	3517.450722209907	0.3
21149.785824188086	300	8.551197503990679	0.0	139105	3247.2823507864787	0.3
21153.057608000094	300	9.279413691987285	0.0	141840	3271.7838120033935	0.3
21156.723364468187	300	9.6136572238931	0.0	156148	3665.756468094185	0.3
21160.55483453826	300	9.78218715382106	0.0	160746	3831.47007007204	0.3
21164.878938685564	300	9.458083006517706	0.0	179801	4324.104147303355	0.3
21168.190692487908	300	10.146329204171904	0.0	140051	3311.753802345803	0.3
21171.412102312544	300	10.924919379531149	0.0	138313	3221.4098246407543	0.3
21174.72362663336	300	11.61339505871502	0.0	143509	3311.5243208161305	0.3
21178.253085322263	300	12.083936369810944	0.0	150616	3529.4586889040747	0.3
21181.94606692951	300	12.39095476256504	0.0	165384	3692.9816072459057	0.3
21185.03433757117	300	13.30268412090777	0.0	140881	3088.2706416572687	0.3
21188.676392003024	300	13.660629689053486	0.0	157671	3642.054431854284	0.3
21192.346843489657	300	13.990178202419962	0.0	157812	3670.451486633525	0.3
21196.16593419472	300	14.171087497357174	0.0	163927	3819.0907050627875	0.3
21199.378986020583	300	14.958035671494256	0.0	137654	3213.0518258629154	0.3
21206.783998678653	750	11.553023013425022	0.0	359903	7405.012658069234	0.3
21210.386223234134	300	11.950798457945567	0.0	153938	3602.2245554794576	-0.15000000000000002
21214.520336093978	300	11.816685598103934	0.0	181901	4134.112859841632	0.3
21217.111403620278	300	13.225618071803936	0.0	111155	2591.0675262999985	0.3
21220.684866543106	300	13.652155148975357	0.0	153605	3573.462922828579	0.3
21224.15868848411	300	14.178333207973097	0.0	149029	3473.8219410022584	0.3
21227.669582619852	300	14.667439072228063	0.0	157421	3510.8941357450326	0.3
21231.07341585977	300	15.263605832312695	0.0	157488	3403.83323991537	0.3
21238.820555273694	750	11.516466418391028	0.0	369834	7747.139413921665	0.3
21242.329551831142	300	12.00746986094221	0.0	163444	3508.9965574488183	-0.15000000000000002
21246.244752072726	300	12.092269619357348	0.0	179328	3915.2002415848615	0.3
21249.935135701668	300	12.401885990415398	0.0	159914	3690.38362894195	0.3
21252.90266362131	300	13.434358070773804	0.0	131610	2967.5279196415936	0.3
21255.65511505745	300	14.681906634633666	0.0	124011	2752.4514361401375	0.3
21258.87123449636	300	15.46578719572355	0.0	144254	3216.119438910117	0.3
21267.103228461412	750	11.233793230672845	0.0	390680	8231.993965050704	0.3
21270.242782745092	300	12.094238946990826	0.0	147968	3139.554283682019	-0.15000000000000002
21273.683542181054	300	12.653479511032627	0.0	161857	3440.7594359582004	0.3
21276.782244383117	300	13.554777308966933	0.0	145210	3098.702202065693	0.3
21280.368682919918	300	13.968338772167154	0.0	172312	3586.4385367997784	0.3
21284.144072920735	300	14.192948771350949	0.0	167025	3775.3900008162077	0.3
21287.91567946463	300	14.421342227456451	0.0	160064	3771.6065438944966	0.3
21291.097053134068	300	15.239968558018989	0.0	137507	3181.373669437462	0.3
21297.950713069138	750	12.386308622950404	0.0	314107	6853.659935068584	0.3

