6662.9462291736045	750	4.0	6.61671832638596	450283	6616.71832638596	-27.701888803459624
6665.4919804814745	300	5.4542486921299576	0.0	155580	2545.751307870042	-0.15000000000000002
6667.641734378262	300	7.304494795342382	0.0	139857	2149.7538967875753	0.3
6669.888473417329	300	9.057755756275926	0.0	155432	2246.7390390664586	0.3
6672.162605144352	300	10.783624029252602	0.0	163442	2274.131727023324	0.3
6673.716341284387	300	13.229887889216803	0.0	126289	1553.7361400357993	0.3
6675.585225364449	300	15.361003809156088	0.0	153295	1868.8840800607165	0.3
6681.748633727672	750	13.197595445932421	0.0	437162	6163.408363223665	0.3
6687.02671286366	750	11.919516309945264	0.0	374758	5278.079135987158	0.75
6692.017770510959	750	10.928458662644964	0.0	362795	4991.057647300299	0.75
6696.376174745889	750	10.570054427715142	0.0	353220	4358.404234929821	0.75
6701.12762032539	750	9.818608848214414	0.0	405134	4751.445579500729	0.75
6703.191168984238	300	11.75506018936685	0.0	160746	2063.548658847564	-0.15000000000000002
6705.775665962543	300	13.170563211061168	0.0	179801	2584.4969783056818	0.3
6707.7796744844345	300	15.166554689170217	0.0	140051	2004.0085218909492	0.3
6712.467170059704	750	14.479059113901657	0.0	366214	4687.495575268559	0.3
6717.285451499426	750	13.660777674179565	0.0	360831	4818.281439722093	0.75
6726.059221520233	750	8.887007653372562	0.0	372963	8773.770020807002	0.75
6728.600120012219	300	10.346109161386384	0.0	165384	2540.8984919861787	-0.15000000000000002
6730.414619334993	300	12.531609838612576	0.0	140881	1814.4993227738066	0.3
6732.435833854489	300	14.510395319116911	0.0	157671	2021.2145194956654	0.3
6734.556656695845	300	16.38957247776179	0.0	157812	2120.8228413551233	0.3
6739.928077969223	750	15.018151204383681	0.0	401853	5371.421273378106	0.3
6744.357157851815	750	14.589071321790321	0.0	343800	4429.079882593359	0.75
6748.56308931785	750	14.38313985575443	0.0	359903	4205.93146603589	0.75
6753.074350071054	750	13.87187910255097	0.0	379700	4511.26075320346	0.75
6758.180435315227	750	12.765793858377663	0.0	425781	5106.085244173307	0.75
6761.669409044044	750	13.276820129560623	0.0	277716	3488.973728817041	0.75
6766.919233475004	750	12.026995698600253	0.0	400396	5249.824430960371	0.75
6771.897340909197	750	11.048888264407397	0.0	400508	4978.107434192855	0.75
6776.44222488964	750	10.504004283964521	0.0	358218	4544.883980442875	0.75
6781.912205443393	750	9.034023730211615	0.0	400322	5469.980553752906	0.75
6786.348105708923	750	8.598123464680775	0.0	369834	4435.900265530839	0.75
6788.142713481276	300	10.803515692328622	0.0	163444	1794.6077723521541	-0.15000000000000002
6790.323043836054	300	12.623185337549131	0.0	179328	2180.330354779489	0.3
6792.457803395463	300	14.488425778140186	0.0	159914	2134.7595594089453	0.3
6794.228880509499	300	16.71734866410507	0.0	131610	1771.0771140351146	0.3
6798.9529363648335	750	15.993292808770533	0.0	361565	4724.055855334537	0.3
6803.500087096353	750	15.446142077250872	0.0	378327	4547.150731519661	0.75
6808.817190064536	750	14.129039109068492	0.0	390680	5317.10296818238	0.75
6813.452035862918	750	13.494193310686056	0.0	345516	4634.8457983824355	0.75
6818.138708727659	750	12.807520445945011	0.0	384505	4686.672864741046	0.75
6822.518692820777	750	12.427536352826445	0.0	372093	4379.984093118564	0.75
6827.53676207164	750	11.409467101964202	0.0	438281	5018.069250862244	0.75
6829.467104001313	300	13.479125172291042	0.0	167025	1930.341929673159	-0.15000000000000002
6831.3319481953495	300	15.614280978254286	0.0	160064	1864.844194036756	0.3
6835.112374170226	750	15.833855003377892	0.0	331053	3780.425974876395	0.3
6838.771618377978	750	16.174610795626254	0.0	314107	3659.2442077516375	0.75

