24951.152670320087	750	4.0	6.329423018419316	450283	6329.423018419316	-26.46651897920306
24951.66446850398	300	7.488201816109912	0.0	155580	511.798183890088	-0.15000000000000002
24952.718115402593	750	10.434554917492806	0.0	350812	1053.6468986171071	0.3
24953.859307037776	750	13.293363282312868	0.0	382355	1141.191635179937	0.75
24956.61854073122	1850	14.534129588867915	0.0	996749	2759.233693444954	0.75
24958.791099243106	1850	16.361571076982028	0.0	801058	2172.5585118858876	1.85
24961.302467061465	1850	17.850203258622784	0.0	905515	2511.3678183592438	1.85
24964.366805144822	1850	18.785865175265304	0.0	1060487	3064.3380833574824	1.85
24966.864035051516	1850	20.288635268567436	0.0	852833	2497.229906697865	1.85
24969.549869321316	1850	21.60280099876645	0.0	913888	2685.8342698009847	1.85
24972.369087025785	1850	22.78358329429977	0.0	939819	2819.2177044666823	1.85
24975.16181734921	1850	23.99085297087221	0.0	917428	2792.730323427555	1.85
24977.921422982068	1850	25.23124733801726	0.0	946851	2759.605632854952	1.85
24980.897094184056	1850	26.255576136029536	0.0	1036454	2975.671201987723	1.85
25043.366165361327	1850	4.0	36.21349504123907	821631	62469.071177268605	-153.868028677328
25043.848663774344	300	7.517501586980211	0.0	138313	482.498413019789	-1.25
25046.735547671095	1850	8.630617690229473	0.0	966699	2886.8838967507386	0.30000000000000004
25048.4887497476	1200	10.877415613721853	0.0	581493	1753.2020765076186	0.5499999999999999
25051.409203749252	1850	11.956961612070836	0.0	987708	2920.4540016510164	1.2000000000000002
25054.08424859588	1850	13.281916765443828	0.0	923755	2675.0448466270077	1.85
25056.666688327143	1850	14.699477034181806	0.0	891604	2582.4397312620226	1.85
25059.39315106644	1850	15.973014294881162	0.0	955231	2726.4627393006426	1.85
25062.167924846886	1850	17.19824051443411	0.0	968026	2774.7737804470526	1.85
25064.73316281622	1850	18.633002545098197	0.0	874175	2565.237969335915	1.85
25067.38077040717	1850	19.985394954152206	0.0	897976	2647.607590945991	1.85
25070.10606954342	1850	21.26009581789996	0.0	905935	2725.2991362522434	1.85
25073.27820610404	1850	22.087959257282	0.0	1076599	3172.13656061796	1.85
25075.487443639093	1850	23.87872172223102	0.0	758197	2209.2375350509774	1.85
25078.272948889684	1850	25.093216471638073	0.0	972798	2785.505250592947	1.85
25081.030745933866	1850	26.335419427458554	0.0	975811	2757.797044179517	1.85
25083.58629328445	1850	27.779872076871264	0.0	873429	2555.5473505872906	1.85
25086.45664584875	1850	28.90951951256958	0.0	954453	2870.3525643016815	1.85
25089.07244698735	1850	30.293718373970183	0.0	885062	2615.8011385993996	1.85
25092.08504857404	1850	31.281116787278318	0.0	1035329	3012.601586691863	1.85
25095.0624051758	1850	32.30376018552317	0.0	1026056	2977.356601755153	1.85
25101.127801409923	4300	30.238363951397535	0.0	2143948	6065.39623412563	1.8499999999999996
25106.80369511136	4300	28.56247024995863	0.0	1919781	5675.893701438908	4.3
25112.96816496065	4300	26.398000400671386	0.0	2147467	6164.469849287241	4.3
25119.083479513232	4300	24.282685848087745	0.0	2133870	6115.31455258364	4.3
25125.23971065326	4300	22.126454708060017	0.0	2146120	6156.231140027728	4.3
25131.24038571693	4300	20.125779644390388	0.0	2108491	6000.675063669629	4.3
25137.67417008773	4300	17.691995273590276	0.0	2184571	6433.784370800111	4.3
25143.72244931668	4300	15.64371604464012	0.0	2121928	6048.279228950156	4.3
25149.829088167862	4300	13.537077193459998	0.0	2219102	6106.638851180122	4.3
25155.731146456623	4300	11.635018904699702	0.0	2124950	5902.058288760296	4.3
25162.077039019077	4300	9.289126342243287	0.0	2246506	6345.892562456414	4.3
25167.491513312063	4300	7.874652049258822	0.0	1961140	5414.474292984465	4.3
25169.86832743346	1850	9.497837927861022	0.0	846370	2376.8141213978	-0.6000000000000001

