29568.180586474653	750	4.0	2.000623801897429	450283	2000.6238018974288	-7.852682348158945
29569.961893458803	750	6.2186930158504365	0.0	398865	1781.3069841495635	0.75
29571.526807666956	750	8.653778807695055	0.0	350812	1564.9142081553816	0.75
29573.08009923606	750	11.100487238590693	0.0	382355	1553.2915691043606	0.75
29574.745927462372	750	13.434659012277033	0.0	411561	1665.8282263136607	0.75
29576.053419336207	750	16.127167138442083	0.0	318564	1307.491873834948	0.75
29577.53947664764	750	18.641109827011693	0.0	352642	1486.0573114303909	0.75
29581.965783794665	1850	18.214802679984263	0.0	1060487	4426.307147027428	0.75
29585.62023142284	1850	18.56035505180967	0.0	852833	3654.4476281745942	1.85
29589.522404643278	1850	18.658181831369436	0.0	913888	3902.1732204402324	1.85
29593.823184008637	1850	18.3574024660124	0.0	939819	4300.779365357035	1.85
29598.269719675907	1850	17.910866798742568	0.0	917428	4446.53566726983	1.85
29602.28607215341	1850	17.894514321242177	0.0	946851	4016.352477500391	1.85
29606.941851487303	1850	17.23873498734341	0.0	1036454	4655.779333898764	1.85
29610.715511306233	1850	17.465075168415833	0.0	821631	3773.659818927581	1.85
29614.91847853857	1850	17.262107936079396	0.0	923170	4202.967232336436	1.85
29619.21648083987	1850	16.964105634778672	0.0	966699	4298.002301300721	1.85
29623.052399056345	1850	17.128187418305327	0.0	885714	3835.9182164733456	1.85
29627.241852037434	1850	16.938734437215594	0.0	987708	4189.452981089732	1.85
29631.246329217047	1850	16.934257257603676	0.0	923755	4004.4771796119144	1.85
29635.09612269762	1850	17.084463777029672	0.0	891604	3849.7934805740033	1.85
29639.173476616354	1850	17.007109858297337	0.0	955231	4077.3539187323377	1.85
29643.258643250774	1850	16.92194322387503	0.0	968026	4085.1666344223067	1.85
29646.96099502695	1850	17.219591447698186	0.0	874175	3702.351776176845	1.85
29650.791915906382	1850	17.388670568266928	0.0	897976	3830.920879431257	1.85
29654.728181006525	1850	17.45240546812196	0.0	905935	3936.265100144967	1.85
29659.45147837759	1850	16.7291080970598	0.0	1076599	4723.29737106216	1.85
29662.6786493629	1850	17.501937111750014	0.0	758197	3227.1709853097886	1.85
29666.887189380996	1850	17.293397093654832	0.0	972798	4208.540018095181	1.85
29671.26178887542	1850	16.91879759922996	0.0	975811	4374.599494424872	1.85
29675.173784214363	1850	17.00680226028716	0.0	873429	3911.9953389428	1.85
29679.31182976856	1850	16.868756706090686	0.0	954453	4138.045554196477	1.85
29683.204282099417	1850	16.97630437523285	0.0	885062	3892.4523308578364	1.85
29687.41780541056	1850	16.762781064089715	0.0	1035329	4213.523311143132	1.85
29691.59132319383	1850	16.589263280818884	0.0	1026056	4173.517783270832	1.85
29695.460115225727	1850	16.720471248919726	0.0	943942	3868.792031899158	1.85
29698.461957677704	1850	17.718628796945254	0.0	728962	3001.842451974471	1.85
29702.575353045057	1850	17.60523342959296	0.0	938587	4113.395367352294	1.85
29706.39857384144	1850	17.78201263320828	0.0	908665	3823.2207963846827	1.85
29710.16471471553	1850	18.01587175911901	0.0	930577	3766.140874089272	1.85
29713.686819136656	1850	18.493767337992598	0.0	858450	3522.1044211264098	1.85
29718.282283448025	1850	17.89830302662266	0.0	1025005	4595.464311369938	1.85
29722.001792446175	1850	18.178794028475515	0.0	886255	3719.508998147144	1.85
29725.954451596026	1850	18.226134878624414	0.0	973972	3952.6591498511025	1.85
29729.951236934572	1850	18.22934954007788	0.0	958994	3996.7853385465323	1.85
29734.056063619853	1850	18.124522854797945	0.0	982064	4104.826685279936	1.85
29737.59810620055	1850	18.58248027409872	0.0	830730	3542.0425806992234	1.85
29741.190106410584	1850	18.99048006406203	0.0	846370	3592.0002100366924	1.85

