45891.37168847435	750	4.0	1.7134930595916904	450283	1713.4930595916903	-6.618020156244269
45893.66853071202	1200	5.703157762325676	0.0	611087	2296.8422376743233	0.75
45896.92696422409	1850	6.4447242502537065	0.0	877771	3258.43351207197	1.2000000000000002
45900.38273949146	1850	6.988948982882946	0.0	933276	3455.7752673707596	1.85
45904.06713698739	1850	7.304551486960838	0.0	996749	3684.3974959221086	1.85
45907.0583616441	1850	8.3133268302508	0.0	801058	2991.2246567100365	1.85
45910.43814691977	1850	8.933541554576035	0.0	905515	3379.7852756747657	1.85
45914.389739531965	1850	8.981948942380845	0.0	1060487	3951.5926121951916	1.85
45917.58167835142	1850	9.790010122931438	0.0	852833	3191.9388194494063	1.85
45920.99271484331	1850	10.37897363104076	0.0	913888	3411.0364918906794	1.85
45924.48221082139	1850	10.889477652957519	0.0	939819	3489.4959780832396	1.85
45930.119421843345	2850	9.252266631003385	0.0	1519951	5637.211021954135	1.85
45935.38678385558	2850	7.98490461876354	0.0	1422919	5267.362012239845	2.85
45941.244685945276	2850	6.127002529067861	0.0	1578343	5857.90208969568	2.85
45945.809297446176	2850	5.562391028165868	0.0	1231445	4564.611500901993	2.85
45949.29129157482	1850	6.0803968995293545	0.0	923170	3481.994128636513	0.8500000000000001
45952.924649926936	1850	6.44703854740423	0.0	966699	3633.3583521251244	1.85
45956.251163739194	1850	7.120524735142318	0.0	885714	3326.5138122619123	1.85
45959.916876421725	1850	7.454812052610687	0.0	987708	3665.712682531632	1.85
45963.35112916396	1850	8.020559310376958	0.0	923755	3434.252742233728	1.85
45966.66952085561	1850	8.702167618723765	0.0	891604	3318.3916916531953	1.85
45970.22342636041	1850	9.14826211392416	0.0	955231	3553.905504799604	1.85
45973.83077205474	1850	9.540916419599187	0.0	968026	3607.3456943249726	1.85
45977.09650296077	1850	10.275185513568603	0.0	874175	3265.730906030583	1.85
45980.43403719629	1850	10.93765127805011	0.0	897976	3337.5342355184926	1.85
45985.91689373624	2850	9.454794738097048	0.0	1480464	5482.856539953064	1.85
45991.650590230216	2850	7.721098244122475	0.0	1547572	5733.696493974572	2.85
45995.937486785646	2850	7.4342016887019255	0.0	1141971	4286.89655542055	2.85
46001.53404892119	2850	5.837639553152386	0.0	1498470	5596.562135549539	2.85
46007.37236041866	2850	4.0	0.0006719443200681781	1561263	5838.311497472455	2.847110639423707
46010.689731952254	1850	4.682628466407316	0.0	873429	3317.371533592684	0.8500000000000001
46014.27243369029	1850	5.099926728380215	0.0	954453	3582.7017380271004	1.85
46017.5794896217	1850	5.792870796965619	0.0	885062	3307.0559314145953	1.85
46021.4529288466	1850	5.9194315720688895	0.0	1035329	3873.4392248967297	1.85
46025.319569811385	1850	6.052790607285951	0.0	1026056	3866.6409647829373	1.85
46028.87026458987	1850	6.5020958288023065	0.0	943942	3550.694778483645	1.85
46031.60480385877	1850	7.767556559897435	0.0	728962	2734.539268904871	1.85
46035.11644246016	1850	8.255917958509647	0.0	938587	3511.638601387789	1.85
46038.52190912541	1850	8.850451293255794	0.0	908665	3405.466665253853	1.85
46041.99913613331	1850	9.373224285363689	0.0	930577	3477.2270078921038	1.85
46045.220934660916	1850	10.151425757753945	0.0	858450	3221.7985276097447	1.85
46049.05880742018	1850	10.313552998491327	0.0	1025005	3837.872759262618	1.85
46052.39468184094	1850	10.977678577731767	0.0	886255	3335.8744207595587	1.85
46058.29062034147	2850	9.081740077211338	0.0	1587250	5895.938500520429	1.85
46063.806549287685	2850	7.565811130993205	0.0	1464921	5515.928946218133	2.85
46069.393463529246	2850	5.9788968894314145	0.0	1483527	5586.91424156179	2.85
46074.00228738289	2850	5.370073035782697	0.0	1231456	4608.823853648718	2.85
46079.080339369575	2850	4.292021049103159	0.0	1364537	5078.051986679538	2.85

