42766.46166636968	750	4.0	4.674753207003463	450283	4674.753207003463	-19.35143879011489
42768.13118469582	300	6.330481673861679	0.0	155580	1669.5183261383204	-0.15000000000000002
42769.64066853463	300	8.820997835048995	0.0	139857	1509.4838388126834	0.3
42771.30934505446	300	11.152321315215644	0.0	155432	1668.676519833351	0.3
42773.073104936135	300	13.388561433536946	0.0	163442	1763.7598816786979	0.3
42776.45844150238	750	14.003224867296614	0.0	318564	3385.336566240332	0.3
42780.0667029086	750	14.394963461065608	0.0	352642	3608.261406231006	0.75
42784.52527088515	750	13.936395484525244	0.0	437162	4458.567976540365	0.75
42788.47985952427	750	13.981806845406636	0.0	374758	3954.588639118608	0.75
42792.53776092484	750	13.923905444829979	0.0	362795	4057.9014005766558	0.75
42796.56690680223	750	13.894759567441811	0.0	353220	4029.1458773881677	0.75
42800.97094451687	750	13.490721852802883	0.0	405134	4404.03771463893	0.75
42805.157663830694	750	13.304002538975718	0.0	386351	4186.719313827165	0.75
42809.86719071277	750	12.594475656897586	0.0	434409	4709.526882078132	0.75
42813.49512642485	750	12.966539944817818	0.0	337059	3627.9357120797695	0.75
42817.33888992113	750	13.122776448536474	0.0	366214	3843.763496281345	0.75
42821.29484423303	750	13.166822136633218	0.0	360831	3955.9543119032555	0.75
42825.35457115709	750	13.107095212571906	0.0	372963	4059.726924061311	0.75
42829.70290015712	750	12.758766212541026	0.0	405596	4348.329000030881	0.75
42833.477996230744	750	12.983670138920218	0.0	350713	3775.0960736208094	0.75
42837.54726468241	750	12.91440168724915	0.0	386472	4069.2684516710665	0.75
42841.784789762	750	12.676876607665722	0.0	399894	4237.525079583426	0.75
42846.07386551471	750	12.387800854955062	0.0	401853	4289.0757527106625	0.75
42849.77232753849	750	12.689338831173014	0.0	343800	3698.4620237820477	0.75
42853.64876217389	750	12.81290419577314	0.0	359903	3876.434635399876	0.75
42857.7597527136	750	12.701913656061777	0.0	379700	4110.990539711362	0.75
42862.56094089716	750	11.9007254725098	0.0	425781	4801.188183551979	0.75
42865.62189852492	750	12.839767844747382	0.0	277716	3060.9576277624183	0.75
42869.82380049768	750	12.637865871991723	0.0	400396	4201.901972755659	0.75
42873.962247040494	750	12.49941932917698	0.0	400508	4138.446542814742	0.75
42877.66762445492	750	12.79404191474874	0.0	358218	3705.37741442824	0.75
42881.827630283806	750	12.634036085870147	0.0	400322	4160.005828878594	0.75
42885.67362956688	750	12.788036802791543	0.0	369834	3845.999283078603	0.75
42889.93183539205	750	12.529830977619232	0.0	412837	4258.205825172311	0.75
42894.252696774725	750	12.208969594944453	0.0	401088	4320.8613826747805	0.75
42897.997547744715	750	12.464118624959381	0.0	365161	3744.8509699850706	0.75
42901.32577909082	750	13.135887278856867	0.0	321064	3328.2313461025146	0.75
42905.12318707571	750	13.338479293957118	0.0	361565	3797.4079848997485	0.75
42909.18821663148	750	13.273449738192214	0.0	378327	4065.0295557649047	0.75
42913.27379706127	750	13.187869308398183	0.0	390680	4085.58042979403	0.75
42917.07951501015	750	13.38215135951883	0.0	345516	3805.717948879354	0.75
42921.421830511696	750	13.039835857972253	0.0	384505	4342.315501546576	0.75
42925.415300256114	750	13.046366113556394	0.0	372093	3993.4697444158587	0.75
42930.01577568469	750	12.445890684973179	0.0	438281	4600.475428583216	0.75
42934.37919558368	750	12.082470785984208	0.0	398987	4363.419898988972	0.75
42938.672462474904	750	11.78920389476155	0.0	393804	4293.266891222655	0.75
42942.25595284583	750	12.205713523840684	0.0	331053	3583.490370920866	0.75
42945.629515173605	750	12.832151196061375	0.0	314107	3373.562327779309	0.75

