14259.055950425676	750	4.0	7.176394561655279	450283	7176.394561655279	-30.108496615117698
14260.708009048974	300	6.347941376703209	0.0	155580	1652.0586232967914	-0.15000000000000002
14262.178610645804	300	8.877339779872134	0.0	139857	1470.601596831075	0.3
14263.394704939761	300	11.661245485916908	0.0	155432	1216.0942939552253	0.3
14266.482914984761	750	12.57303544091648	0.0	411561	3088.210045000428	0.3
14271.271454223934	750	11.784496201743119	0.0	318564	4788.53923917336	0.75
14274.51930690048	750	12.536643525197743	0.0	352642	3247.8526765453757	0.75
14277.692358359045	750	13.363592066634807	0.0	437162	3173.0514585629376	0.75
14280.486835748647	750	14.569114677033497	0.0	374758	2794.477389601311	0.75
14283.253027970914	750	15.802922454765207	0.0	362795	2766.19222226829	0.75
14286.18139776063	750	16.87455266504839	0.0	353220	2928.3697897168145	0.75
14289.368654062237	750	17.6872963634445	0.0	405134	3187.256301603892	0.75
14292.269492840693	750	18.786457584988288	0.0	386351	2900.8387784562146	0.75
14295.627163910474	750	19.42878651520539	0.0	434409	3357.6710697828958	0.75
14298.257917170544	750	20.79803325513718	0.0	337059	2630.7532600682107	0.75
14300.926790530557	750	22.129159895124342	0.0	366214	2668.873360012838	0.75
14303.556541760156	750	23.49940866552518	0.0	360831	2629.7512295991633	0.75
14306.264271195187	750	24.79167923049462	0.0	372963	2707.7294350305624	0.75
14314.241123895501	1850	20.81482653017938	0.0	987708	7976.852700315236	0.75
14323.161780130253	1850	15.894170295428683	0.0	923755	8920.656234750697	1.85
14326.06475409486	750	16.99119633082176	0.0	386472	2902.9739646069243	-0.3500000000000001
14329.054907462725	750	18.001042962956525	0.0	399894	2990.1533678652354	0.75
14331.98385003066	750	19.072100395022808	0.0	401853	2928.942567933719	0.75
14334.51575500399	750	20.54019542169215	0.0	343800	2531.9049733306565	0.75
14337.200128998818	750	21.8558214268625	0.0	359903	2684.3739948296484	0.75
14340.039925902884	750	23.016024522796464	0.0	379700	2839.7969040660405	0.75
14343.236103854979	750	23.819846570702698	0.0	425781	3196.177952093762	0.75
14345.3326044614	750	25.72334596428221	0.0	277716	2096.5006064204904	0.75
14348.304779745298	750	26.75117068038445	0.0	400396	2972.175283897758	0.75
14351.287595650385	750	27.768354775297084	0.0	400508	2982.815905087367	0.75
14357.680374839663	1850	25.375575586017394	0.0	873429	6392.779189279688	0.75
14364.562074263642	1850	22.493876162038703	0.0	954453	6881.699423978694	1.85
14370.953296229118	1850	20.102654196562632	0.0	885062	6391.221965476072	1.85
14378.509499313941	1850	16.546451111739522	0.0	1035329	7556.203084823107	1.85
14386.162463081702	1850	12.893487343977716	0.0	1026056	7652.963767761807	1.85
14396.258471902996	1850	6.797478522683592	0.0	943942	10096.008821294125	1.85
14398.593040620104	750	8.462909805575915	0.0	321064	2334.568717107677	-0.3500000000000001
14401.257395058612	750	9.798555367067946	0.0	361565	2664.35443850797	0.75
14404.087355421267	750	10.968595004412366	0.0	378327	2829.9603626555795	0.75
14409.033431548181	750	10.022518877498063	0.0	390680	4946.076126914301	0.75
14412.186720083868	750	10.869230341812282	0.0	345516	3153.288535685782	0.75
14415.097465518224	750	11.958484907457253	0.0	384505	2910.7454343550294	0.75
14417.841615410323	750	13.214335015356676	0.0	372093	2744.149892100576	0.75
14421.041420165142	750	14.014530260538852	0.0	438281	3199.8047548178233	0.75
14423.915396394212	750	15.140554031468753	0.0	398987	2873.976229070099	0.75
14426.797442248451	750	16.258508177230713	0.0	393804	2882.0458542380393	0.75
14429.281870845494	750	17.7740795801872	0.0	331053	2484.4285970435167	0.75
14431.6221967409	750	19.433753684782868	0.0	314107	2340.325895404332	0.75

