29960.82256936373	750	4.0	4.4431302062730005	450283	4443.130206273	-18.3554598869739
29962.41181333401	300	6.410756029716595	0.0	155580	1589.243970283405	-0.15000000000000002
29963.849658337473	300	8.97291102625237	0.0	139857	1437.8450034642246	0.3
29965.4387180526	300	11.383851311125838	0.0	155432	1589.059715126532	0.3
29967.108635527722	300	13.713933836003267	0.0	163442	1669.91747512257	0.3
29970.310821010517	750	14.511748353209203	0.0	318564	3202.1854827940642	0.3
29973.8026570509	750	15.019912312823722	0.0	352642	3491.8360403854804	0.75
29978.07705918262	750	14.745510181105583	0.0	437162	4274.4021317181405	0.75
29981.776974716508	750	15.045594647218076	0.0	374758	3699.915533887506	0.75
29985.485696994052	750	15.336872369674712	0.0	362795	3708.7222775433647	0.75
29989.068835973074	750	15.753733390653764	0.0	353220	3583.1389790209464	0.75
29993.14556621625	750	15.677003147473219	0.0	405134	4076.730243180545	0.75
29997.125875635626	750	15.696693728101446	0.0	386351	3980.309419371773	0.75
30001.504759678257	750	15.317809685471158	0.0	434409	4378.884042630287	0.75
30004.871268841955	750	15.951300521772112	0.0	337059	3366.509163699048	0.75
30012.387168732665	750	12.435400631061803	0.0	366214	7515.899890710308	0.75
30014.117844369088	300	14.704724994641268	0.0	143509	1730.6756364205341	-0.15000000000000002
30017.90779906754	750	14.914770296188793	0.0	372963	3789.9546984524745	0.3
30021.94585072277	750	14.8767186409584	0.0	405596	4038.051655230394	0.75
30025.417256793273	750	15.405312570455491	0.0	350713	3471.4060705029087	0.75
30029.257579270663	750	15.564990093062494	0.0	386472	3840.3224773929965	0.75
30033.388886061006	750	15.433683302721377	0.0	399894	4131.306790341117	0.75
30038.922342782447	750	13.900226581279503	0.0	401853	5533.456721441875	0.75
30042.34835586382	750	14.47421349990608	0.0	343800	3426.0130813734227	0.75
30046.001598065453	750	14.820971298272461	0.0	359903	3653.2422016336186	0.75
30049.87149400587	750	14.95107535785793	0.0	379700	3869.8959404145317	0.75
30054.175873950902	750	14.646695412825178	0.0	425781	4304.3799450327515	0.75
30056.970953653505	750	15.851615710225127	0.0	277716	2795.07970260005	0.75
30060.958030963953	750	15.864538399773984	0.0	400396	3987.0773104511422	0.75
30064.938891646027	750	15.883677717700762	0.0	400508	3980.8606820732234	0.75
30068.503761024713	750	16.31880833901387	0.0	358218	3564.869378686892	0.75
30072.487685249045	750	16.334884114681994	0.0	400322	3983.924224331874	0.75
30076.205140346054	750	16.617429017674418	0.0	369834	3717.4550970075757	0.75
30080.34259076256	750	16.47997860116889	0.0	412837	4137.450416505528	0.75
30084.310408226575	750	16.512161137153132	0.0	401088	3967.81746401576	0.75
30087.950108544224	750	16.872460819504656	0.0	365161	3639.7003176484754	0.75
30091.120540605913	750	17.70202875781314	0.0	321064	3170.432061691515	0.75
30094.648738495474	750	18.173830868255305	0.0	361565	3528.197889557834	0.75
30098.334285237543	750	18.488284126185388	0.0	378327	3685.546742069918	0.75
30102.30398953523	750	18.51857982849884	0.0	390680	3969.7042976865464	0.75
30105.849959061463	750	18.97261030226825	0.0	345516	3545.9695262305927	0.75
30109.702511913307	750	19.120057450422177	0.0	384505	3852.5528518460737	0.75
30114.421166260712	750	18.401403103017383	0.0	372093	4718.654347404793	0.75
30118.894426532508	750	17.928142831221518	0.0	438281	4473.260271795865	0.75
30122.911873479465	750	17.910695884266833	0.0	398987	4017.4469469546875	0.75
30126.825321564986	750	17.997247798742226	0.0	393804	3913.4480855246056	0.75
30130.072587420367	750	18.749981943362165	0.0	331053	3247.2658553800575	0.75
30133.201127714507	750	19.6214416492228	0.0	314107	3128.540294139368	0.75

