29745.633236616857	750	4.0	4.4431302062730005	450283	4443.130206273	-18.3554598869739
29747.22248058714	300	6.410756029716595	0.0	155580	1589.243970283405	-0.15000000000000002
29748.660325590605	300	8.97291102625237	0.0	139857	1437.8450034642246	0.3
29750.249385305728	300	11.383851311125838	0.0	155432	1589.059715126532	0.3
29751.91930278085	300	13.713933836003267	0.0	163442	1669.91747512257	0.3
29753.237037372448	300	16.39619924440918	0.0	126289	1317.7345915940896	0.3
29756.77267772517	750	16.860558891688523	0.0	352642	3535.640352720654	0.3
29761.0376250127	750	16.59561160415923	0.0	437162	4264.94728752929	0.75
29764.730392066296	750	16.90284455056429	0.0	374758	3692.767053594943	0.75
29768.366525466885	750	17.266711149974448	0.0	362795	3636.133400589841	0.75
29771.99174795539	750	17.641488661468546	0.0	353220	3625.2224885059045	0.75
29776.047380404194	750	17.5858562126705	0.0	405134	4055.6324487980464	0.75
29779.995478950503	750	17.637757666358908	0.0	386351	3948.0985463115903	0.75
29784.415435034334	750	17.217801582528214	0.0	434409	4419.956083830695	0.75
29787.817882577292	750	17.815354039570238	0.0	337059	3402.4475429579743	0.75
29791.44822710969	750	18.185009507171735	0.0	366214	3630.3445323985034	0.75
29799.177777853274	750	14.455458763587583	0.0	360831	7729.550743584149	0.75
29802.962890131086	750	14.670346485775092	0.0	372963	3785.1122778124927	0.75
29807.000941786315	750	14.632294830544698	0.0	405596	4038.051655230394	0.75
29810.469272463975	750	15.163964152886209	0.0	350713	3468.3306776584895	0.75
29814.31714565913	750	15.31609095773036	0.0	386472	3847.8731951558493	0.75
29818.560524746244	750	15.072711870619067	0.0	399894	4243.379087111293	0.75
29823.976778475517	750	13.656458141345938	0.0	401853	5416.2537292731295	0.75
29827.402791556888	750	14.230445059972515	0.0	343800	3426.0130813734227	0.75
29831.062769606364	750	14.570467010498074	0.0	359903	3659.9780494744414	0.75
29834.931320308664	750	14.701916308197719	0.0	379700	3868.5507023003556	0.75
29839.23141222807	750	14.40182438878975	0.0	425781	4300.091919407969	0.75
29842.026491930672	750	15.606744686189701	0.0	277716	2795.07970260005	0.75
29846.01277187038	750	15.620464746478289	0.0	400396	3986.2799397114118	0.75
29849.993224832553	750	15.640011784308331	0.0	400508	3980.4529621699567	0.75
29853.55809421124	750	16.075142405621442	0.0	358218	3564.869378686892	0.75
29857.542669292205	750	16.09056732465756	0.0	400322	3984.575080963879	0.75
29861.26352110522	750	16.369715511641186	0.0	369834	3720.8518130163766	0.75
29865.39599519796	750	16.237241418900137	0.0	412837	4132.474092741049	0.75
29869.365241241812	750	16.267995375047814	0.0	401088	3969.246043852322	0.75
29873.00494155946	750	16.628295057399338	0.0	365161	3639.7003176484754	0.75
29876.17008964394	750	17.463146972918814	0.0	321064	3165.1480844805237	0.75
29879.698109645626	750	17.935126971233352	0.0	361565	3528.020001685459	0.75
29883.383656387698	750	18.249580229163435	0.0	378327	3685.546742069918	0.75
29887.36889068949	750	18.2643459273719	0.0	390680	3985.2343017915396	0.75
29890.906373785445	750	18.72686283141563	0.0	345516	3537.4830959562696	0.75
29894.81600975483	750	18.81722686202501	0.0	384505	3909.6359693906174	0.75
29899.5447585373	750	18.08847807955691	0.0	372093	4728.748782468103	0.75
29903.951308850767	750	17.68192776609266	0.0	438281	4406.550313464248	0.75
29907.970051921955	750	17.66318469490229	0.0	398987	4018.7430711903685	0.75
29911.87561965632	750	17.757616960538964	0.0	393804	3905.5677343633274	0.75
29915.125437606093	750	18.50779901076534	0.0	331053	3249.817949773629	0.75
29918.254965357293	750	19.378271259564755	0.0	314107	3129.5277512005855	0.75

