46472.52054975366	750	4.0	4.6858260580381055	450283	4685.826058038106	-19.399052049563853
46474.104292278585	300	6.416257475068406	0.0	155580	1583.742524931594	-0.15000000000000002
46475.51012572963	300	9.01042402402604	0.0	139857	1405.833451042365	0.3
46477.06360896581	300	11.456940787846108	0.0	155432	1553.4832361799329	0.3
46478.73007223645	300	13.790477517194471	0.0	163442	1666.4632706516375	0.3
46480.10405585405	300	16.41649389960352	0.0	126289	1373.9836175909495	0.3
46483.789298601354	750	16.731251152300135	0.0	352642	3685.2427473033863	0.3
46491.0520900176	1200	13.468459736060531	0.0	709534	7262.791416239603	0.75
46497.86384961747	1200	10.656700136187082	0.0	584846	6811.759599873448	1.2
46503.71346913721	1200	8.807080616438288	0.0	560821	5849.619519748794	1.2
46507.19493998301	750	9.325609770638756	0.0	353220	3481.470845799531	0.3
46511.27601198296	750	9.244537770684186	0.0	405134	4081.0719999545713	0.75
46515.24369096903	750	9.276858784618238	0.0	386351	3967.6789860659487	0.75
46519.7559015813	750	8.764648172342131	0.0	434409	4512.210612276107	0.75
46523.411503641895	750	9.10904611174496	0.0	337059	3655.602060597172	0.75
46527.21407008815	750	9.30647966549209	0.0	366214	3802.566446252869	0.75
46530.827979223795	750	9.692570529842262	0.0	360831	3613.909135649828	0.75
46534.4597443895	750	10.060805364132026	0.0	372963	3631.7651657102365	0.75
46538.748527405194	750	9.77202234844077	0.0	405596	4288.783015691258	0.75
46542.38483739898	750	10.135712354650972	0.0	350713	3636.309993789797	0.75
46546.30734510271	750	10.213204650931793	0.0	386472	3922.5077037191786	0.75
46550.33869646239	750	10.181853291241183	0.0	399894	4031.3513596906105	0.75
46554.5823490106	750	9.938200743043456	0.0	401853	4243.652548197726	0.75
46557.96327595142	750	10.557273802216795	0.0	343800	3380.9269408266637	0.75
46561.52672655074	750	10.9938232028934	0.0	359903	3563.4505993233943	0.75
46565.2689349145	750	11.251614839135746	0.0	379700	3742.2083637576543	0.75
46568.97277763798	750	11.547772115651306	0.0	425781	3703.8427234844407	0.75
46571.53549965257	750	12.985050101058972	0.0	277716	2562.722014592332	0.75
46575.33080302878	750	13.189746724855937	0.0	400396	3795.3033762030364	0.75
46579.232636162335	750	13.287913591298063	0.0	400508	3901.8331335578755	0.75
46582.81267755801	750	13.70787219561969	0.0	358218	3580.041395678372	0.75
46587.02506490659	750	13.495484847042945	0.0	400322	4212.3873485767435	0.75
46591.136830976204	750	13.38371877743076	0.0	369834	4111.766069612187	0.75
46595.31967717003	750	13.200872583602566	0.0	412837	4182.846193828194	0.75
46599.40230012151	750	13.118249632122243	0.0	401088	4082.6229514803244	0.75
46603.20850912933	750	13.312040624305615	0.0	365161	3806.2090078166275	0.75
46606.55737957985	750	13.9631701737825	0.0	321064	3348.8704505231162	0.75
46610.1652594564	750	14.35529029723122	0.0	361565	3607.879876551281	0.75
46613.89603271143	750	14.624517042206634	0.0	378327	3730.7732550245855	0.75
46617.712353272684	750	14.80819648095677	0.0	390680	3816.320561249862	0.75
46621.071413398065	750	15.449136355577677	0.0	345516	3359.0601253790946	0.75
46624.78112366757	750	15.739426086072976	0.0	384505	3709.710269504701	0.75
46632.267938205834	1200	12.252611547809273	0.0	599477	7486.814538263701	0.75
46638.4492929314	1200	10.071256822238794	0.0	634861	6181.35472557048	1.2
46644.73816751597	1200	7.782382237671699	0.0	630203	6288.874584567096	1.2
46653.20113620504	1200	4.0	0.680586451393986	638661	8462.968689065685	-1.7265217409941396
46655.00433798279	300	6.196798222247564	0.0	137507	1803.201777752436	-0.6000000000000001
46658.703092115305	750	6.498044089733879	0.0	314107	3698.754132513684	0.3

