13291.924985130128	750	4.0	4.067650480708028	450283	4067.6504807080273	-16.740897067044518
13293.455351547876	300	6.46963358225069	0.0	155580	1530.3664177493097	-0.15000000000000002
13295.019855590055	300	8.905129540072082	0.0	139857	1564.5040421786089	0.3
13296.749679569433	300	11.17530556069382	0.0	155432	1729.8239793782618	0.3
13298.476731051445	300	13.448254078681472	0.0	163442	1727.0514820123474	0.3
13300.971721833586	750	14.953263296539905	0.0	318564	2494.9907821415663	0.3
13303.800470589455	750	16.124514540670976	0.0	352642	2828.7487558689318	0.75
13308.006764858415	750	15.91822027171127	0.0	437162	4206.294268959703	0.75
13311.300824217624	750	16.624160912502845	0.0	374758	3294.059359208425	0.75
13314.595089135559	750	17.32989599456644	0.0	362795	3294.264917936404	0.75
13318.237277417611	750	17.68770771251398	0.0	353220	3642.188282052459	0.75
13322.589931616532	750	17.33505351359377	0.0	405134	4352.654198920208	0.75
13326.53764148884	750	17.387343641286485	0.0	386351	3947.709872307291	0.75
13330.96582876671	750	16.959156363416426	0.0	434409	4428.187277870055	0.75
13334.476886572982	750	17.448098557143897	0.0	337059	3511.057806272528	0.75
13337.932168531777	750	17.992816598347815	0.0	366214	3455.281958796083	0.75
13341.203800577392	750	18.721184552732453	0.0	360831	3271.6320456153617	0.75
13344.500607019245	750	19.42437811088044	0.0	372963	3296.8064418520094	0.75
13348.025016433294	750	19.899968696832826	0.0	405596	3524.4094140476136	0.75
13351.156465520768	750	20.76851960935862	0.0	350713	3131.4490874742023	0.75
13354.711308725535	750	21.213676404592732	0.0	386472	3554.8432047658857	0.75
13359.58764718971	750	20.337337940415587	0.0	399894	4876.338464177147	0.75
13362.73045783009	750	21.1945273000351	0.0	401853	3142.8106403804836	0.75
13365.534893778513	750	22.39009135161346	0.0	343800	2804.4359484216416	0.75
13368.829430975316	750	23.09555415480899	0.0	359903	3294.537196804469	0.75
13372.338128540981	750	23.586856589143462	0.0	379700	3508.697565665527	0.75
13376.14870481101	750	23.776280319114008	0.0	425781	3810.576270029454	0.75
13378.484309970461	750	25.44067515966371	0.0	277716	2335.6051594503006	0.75
13382.137303734156	750	25.78768139596797	0.0	400396	3652.9937636957393	0.75
13386.083791652649	750	25.841193477475976	0.0	400508	3946.487918491993	0.75
13393.771192299155	1850	22.15379283097046	0.0	873429	7687.400646505515	0.75
13401.875275065804	1850	18.04971006432148	0.0	954453	8104.082766648979	1.85
13410.484977071208	1850	13.440008058916774	0.0	885062	8609.702005404706	1.85
13414.505208412844	750	13.419776717280483	0.0	412837	4020.2313416362904	-0.3500000000000001
13418.236886358573	750	13.688098771552676	0.0	401088	3731.6779457278085	0.75
13421.623759694769	750	14.301225435356228	0.0	365161	3386.873336196447	0.75
13424.724481265748	750	15.200503864376659	0.0	321064	3100.721570979569	0.75
13428.010940722159	750	15.914044407966008	0.0	361565	3286.4594564106496	0.75
13431.429853414791	750	16.495131715334303	0.0	378327	3418.9126926317044	0.75
13435.603097618328	750	16.321887511796298	0.0	390680	4173.244203538004	0.75
13438.605764095948	750	17.31922103417836	0.0	345516	3002.6664776179423	0.75
13441.833259387538	750	18.091725742587442	0.0	384505	3227.495291590916	0.75
13444.984794968565	750	18.9401901615607	0.0	372093	3151.535581026741	0.75
13449.173168681955	750	18.75181644817057	0.0	438281	4188.3737133901295	0.75
13452.91988169795	750	19.005103432177087	0.0	398987	3746.7130159934845	0.75
13456.220899731336	750	19.70408539878983	0.0	393804	3301.0180333872554	0.75
13459.149651435611	750	20.775333694514742	0.0	331053	2928.7517042750883	0.75
13461.992939770676	750	21.932045359450175	0.0	314107	2843.2883350645684	0.75

