24149.743451983053	750	4.0	3.3283439349152446	450283	3328.3439349152445	-13.561878920135552
24150.945806922937	300	6.7976450601197165	0.0	155580	1202.3549398802836	-0.15000000000000002
24152.035443738045	300	9.70800824501057	0.0	139857	1089.6368151091474	0.3
24153.23882124256	300	12.504630740494765	0.0	155432	1203.3775045158031	0.3
24156.29335910565	750	13.450092877403327	0.0	411561	3054.5378630914383	0.3
24158.666074305496	750	15.077377677557982	0.0	318564	2372.715199845347	0.75
24161.280906577056	750	16.462545405999514	0.0	352642	2614.832271558468	0.75
24164.554119563716	750	17.18933241933544	0.0	437162	3273.2129866640757	0.75
24167.437742388727	750	18.30570959432387	0.0	374758	2883.622825011573	0.75
24170.75624142461	750	18.987210558444477	0.0	362795	3318.499035879391	0.75
24173.674552730972	750	20.068899252081064	0.0	353220	2918.3113063634137	0.75
24176.699183188062	750	21.0442687949939	0.0	405134	3024.630457087167	0.75
24179.590777264442	750	22.152674718613945	0.0	386351	2891.594076379954	0.75
24182.830033313985	750	22.913418669072016	0.0	434409	3239.256049541929	0.75
24185.33662292892	750	24.406829054137496	0.0	337059	2506.589614934521	0.75
24188.064454750318	750	25.678997232739047	0.0	366214	2727.83182139845	0.75
24190.824519350816	750	26.918932632242242	0.0	360831	2760.0646004968053	0.75
24193.64647956597	750	28.096972417085837	0.0	372963	2821.9602151564063	0.75
24200.84793988778	1850	24.895512095276395	0.0	987708	7201.460321809442	0.75
24207.7260178827	1850	22.017434100357963	0.0	923755	6878.077994918428	1.85
24214.25309158481	1850	19.490360398242	0.0	891604	6527.073702115966	1.85
24221.224751664417	1850	16.518700318638295	0.0	955231	6971.660079603706	1.85
24228.259714624604	1850	13.48373735844908	0.0	968026	7034.962960189214	1.85
24234.67683138791	1850	11.066620595143783	0.0	874175	6417.116763305296	1.85
24237.337244341954	750	12.406207641098357	0.0	359903	2660.412954045426	-0.3500000000000001
24240.155021092043	750	13.588430891012209	0.0	379700	2817.776750086149	0.75
24243.31639547674	750	14.427056506314978	0.0	425781	3161.374384697232	0.75
24245.400204508824	750	16.34324747423349	0.0	277716	2083.8090320814863	0.75
24248.367906383803	750	17.37554559925496	0.0	400396	2967.7018749785325	0.75
24251.43831813418	750	18.305133848873318	0.0	400508	3070.4117503816396	0.75
24254.195636475753	750	19.547815507299738	0.0	358218	2757.3183415735784	0.75
24257.1770879462	750	20.566364036853663	0.0	400322	2981.4514704460776	0.75
24259.93927173596	750	21.804180247091985	0.0	369834	2762.183789761676	0.75
24263.017203943597	750	22.726248039455857	0.0	412837	3077.9322076361263	0.75
24266.02012170107	750	23.723330281981852	0.0	401088	3002.917757474006	0.75
24268.76706589978	750	24.976386083268906	0.0	365161	2746.9441987129453	0.75
24271.170260954612	750	26.573191028440654	0.0	321064	2403.1950548282525	0.75
24273.859419782955	750	27.88403220009596	0.0	361565	2689.158828344695	0.75
24280.585995382215	1850	25.157456600835086	0.0	908665	6726.5755992608765	0.75
24287.334930818357	1850	22.408521164694804	0.0	930577	6748.93543614028	1.85
24293.61029296377	1850	20.13315901928295	0.0	858450	6275.362145411855	1.85
24301.370884902884	1850	16.372567080168942	0.0	1025005	7760.591939114007	1.85
24308.432073980443	1850	13.311378002608473	0.0	886255	7061.18907756047	1.85
24315.84527229757	1850	9.898179685480843	0.0	973972	7413.1983171276315	1.85
24318.76638189383	750	10.977070089222613	0.0	398987	2921.1095962582294	-0.3500000000000001
24321.65199563072	750	12.091456352335825	0.0	393804	2885.613736886787	0.75
24324.09149913453	750	13.651952848526257	0.0	331053	2439.5035038095693	0.75
24326.433400347007	750	15.31005163604933	0.0	314107	2341.9012124769265	0.75

