10275.337442651517	750	4.0	1.883435618487275	450283	1883.435618487275	-7.348773159495282
10276.040558588658	300	7.296884062857691	0.0	155580	703.1159371423088	-0.15000000000000002
10277.52560131999	750	9.811841331524821	0.0	350812	1485.0427313328682	0.3
10280.013526923152	1200	11.323915728364225	0.0	617681	2487.925603160597	0.75
10284.018005662421	1850	11.31943698909452	0.0	996749	4004.4787392697044	1.2000000000000002
10291.185382670676	1850	8.152059980838645	0.0	801058	7167.377008255874	1.85
10292.660522654676	750	10.676919996837722	0.0	352642	1475.1399840009242	-0.3500000000000001
10295.80403622845	1200	11.533406423064806	0.0	709534	3143.5135737729165	0.75
10299.789205738445	1850	11.548236913069484	0.0	852833	3985.1695099953213	1.2000000000000002
10303.721581591986	1850	11.615861059529555	0.0	913888	3932.375853539928	1.85
10307.842710313866	1850	11.494732337649747	0.0	939819	4121.128721879808	1.85
10311.605329214202	1850	11.732113437314332	0.0	917428	3762.6189003354166	1.85
10315.423651246463	1850	11.913791405052235	0.0	946851	3818.3220322620964	1.85
10319.985404437963	1850	11.352038213552412	0.0	1036454	4561.7531914998235	1.85
10323.483820856809	1850	11.85362179470569	0.0	821631	3498.416418846721	1.85
10327.44562086454	1850	11.891821786974878	0.0	923170	3961.8000077308116	1.85
10335.52174559569	1850	7.815697055825875	0.0	966699	8076.124731149004	1.85
10337.024947121796	750	10.312495529720104	0.0	372963	1503.2015261057702	-0.3500000000000001
10339.544106256328	1200	11.793336395186888	0.0	639204	2519.1591345332185	0.75
10343.132256468805	1850	12.205186182711168	0.0	923755	3588.15021247572	1.2000000000000002
10350.701727697788	1850	8.635714953728758	0.0	891604	7569.471228982409	1.85
10352.436832120136	750	10.900610531379836	0.0	399894	1735.1044223489218	-0.3500000000000001
10355.233872273888	1200	12.103570377629545	0.0	656471	2797.040153750291	0.75
10358.693188534944	1850	12.644254116573759	0.0	874175	3459.316261055786	1.2000000000000002
10362.393893517536	1850	12.943549133982232	0.0	897976	3700.7049825915255	1.85
10366.25390475078	1850	13.083537900737781	0.0	905935	3860.0112332444514	1.85
10372.760867222258	2850	10.576575429260025	0.0	1547572	6506.962471477756	1.85
10374.930412467043	1200	12.407030184472937	0.0	487160	2169.545244787088	-0.44999999999999996
10378.928277536428	1850	12.40916511508916	0.0	972798	3997.865069383778	1.2000000000000002
10382.945175220286	1850	12.392267431230849	0.0	975811	4016.8976838583103	1.85
10386.840258827224	1850	12.497183824293664	0.0	873429	3895.0836069371835	1.85
10391.965160070018	1850	11.372282581498581	0.0	954453	5124.901242795084	1.85
10395.902169396517	1850	11.435273254999084	0.0	885062	3937.009326499497	1.85
10400.204410086726	1850	11.133032564790364	0.0	1035329	4302.240690208719	1.85
10404.469679253221	1850	10.867763398296905	0.0	1026056	4265.269166493459	1.85
10406.980946775611	1200	12.356495875906381	0.0	598727	2511.267522390525	0.5499999999999999
10409.977192551534	1850	13.360250099982544	0.0	728962	2996.2457759238364	1.2000000000000002
10415.998312330776	2850	11.339130320742559	0.0	1499009	6021.119779239986	1.85
10419.768555357134	1850	11.568887294383547	0.0	908665	3770.2430263590118	0.8500000000000001
10423.529796191471	1850	11.807646460045952	0.0	930577	3761.2408343375964	1.85
10426.906322975383	1850	12.431119676134458	0.0	858450	3376.526783911492	1.85
10430.84359972776	1850	12.493842923757482	0.0	1025005	3937.276752376976	1.85
10438.366870517704	1850	8.970572133812846	0.0	886255	7523.270789944636	1.85
10440.123052004628	750	11.214390646888791	0.0	438281	1756.181486924056	-0.3500000000000001
10444.005196232549	1850	11.332246418967902	0.0	958994	3882.1442279208886	0.75
10448.074264836116	1850	11.263177815400109	0.0	982064	4069.0686035677923	1.85
10451.411077722467	1850	11.926364929048562	0.0	830730	3336.8128863515476	1.85
10460.43648837335	1850	6.900954278165347	0.0	846370	9025.410650883216	1.85

