10752.266386808373	750	4.0	6.88290595244879	450283	6882.90595244879	-28.846495595529795
10753.4703767197	300	6.796010088672784	0.0	155580	1203.9899113272165	-0.15000000000000002
10754.56077559506	300	9.7056112133129	0.0	139857	1090.3988753598824	0.3
10755.917565238156	300	12.34882157021575	0.0	155432	1356.7896430971518	0.3
10760.195634147522	300	12.07075266085205	0.0	163442	4278.068909363699	0.3
10761.702059654173	300	14.56432715420015	0.0	126289	1506.4255066518997	0.3
10763.025258408337	300	17.2411284000346	0.0	153295	1323.1987541655462	0.3
10764.515146925334	300	19.751239883038444	0.0	173849	1489.8885169961582	0.3
10765.817381729079	300	22.449005079292142	0.0	150710	1302.2348037463028	0.3
10766.930882300217	300	25.33550450815436	0.0	139105	1113.5005711377803	0.3
10771.686202432213	1200	24.58018437615764	0.0	607410	4755.320131996722	0.29999999999999993
10786.863993761435	1200	13.402393046934932	0.0	594078	15177.791329222706	1.2
10790.965725413313	300	13.30066139505668	0.0	160746	4101.731651878252	-0.6000000000000001
10795.563133665404	300	12.70325314296682	0.0	179801	4597.408252089859	0.3
10799.189982937936	300	13.0764038704341	0.0	140051	3626.8492725327214	0.3
10803.000886491527	300	13.2655003168418	0.0	138313	3810.9035535922985	0.3
10807.33725095578	300	12.929135852591063	0.0	143509	4336.364464250737	0.3
10811.331413599766	300	12.93497320860299	0.0	150616	3994.162643988072	0.3
10815.629740795785	300	12.636646012585707	0.0	165384	4298.327196017284	0.3
10819.19980357289	300	13.066583235479525	0.0	140881	3570.0627771061804	0.3
10822.384824096396	300	13.88156271197302	0.0	157671	3185.020523506506	0.3
10823.627900874908	300	16.638485933461773	0.0	157812	1243.076778511248	0.3
10824.916045294034	300	19.3503415143364	0.0	163927	1288.1444191253727	0.3
10826.010557313837	300	22.25582949453317	0.0	137654	1094.5120198032298	0.3
10827.172136468487	300	25.094250339883082	0.0	146754	1161.579154650088	0.3
10830.244515443688	750	26.02187136468103	0.0	379700	3072.3789752020525	0.3
10842.532402983374	1200	17.733983824996447	0.0	696376	12287.887539684583	0.75
10849.645625012497	750	14.62076179587135	0.0	277716	7113.222029125095	0.3
10852.873239122306	300	15.393147686065277	0.0	153605	3227.614109806073	-0.15000000000000002
10853.862960788672	300	18.403426019697086	0.0	149029	989.7216663681905	0.3
10854.9039099626	300	21.362476845768878	0.0	157421	1040.949173928208	0.3
10855.945268126401	300	24.321118681968585	0.0	157488	1041.3581638002913	0.3
10856.903564720209	300	27.362822088159852	0.0	143881	958.2965938087327	0.3
10863.910804778781	750	24.3555820295891	0.0	412837	7007.240058570752	0.3
10873.284940803012	750	18.981446005358304	0.0	401088	9374.136024230802	0.75
10875.69019018749	750	20.576196620879728	0.0	365161	2405.2493844785763	0.75
10877.814641452487	750	22.45174535588092	0.0	321064	2124.451264998808	0.75
10880.272933724129	750	23.993453084239093	0.0	361565	2458.2922716418284	0.75
10882.865177173227	750	25.40120963514114	0.0	378327	2592.2434490979554	0.75
10890.971533003258	750	21.294853805111533	0.0	390680	8106.3558300296045	0.75
10895.326557206809	750	20.939829601562273	0.0	345516	4355.024203549259	0.75
10898.092126215255	750	22.17426059311454	0.0	384505	2765.5690084477333	0.75
10900.664397730625	750	23.601989077745362	0.0	372093	2572.2715153691775	0.75
10903.63799817627	750	24.62838863209969	0.0	438281	2973.600445645671	0.75
10912.344214763167	750	19.9221720452018	0.0	398987	8706.216586897888	0.75
10921.981882485932	750	14.284504322435955	0.0	393804	9637.667722765846	0.75
10931.708171633036	750	8.55821517533288	0.0	331053	9726.289147103076	0.75
10934.767096998596	300	9.499289809770735	0.0	118421	3058.9253655621455	-0.15000000000000002

