45700.29279085223	750	4.0	2.279723424287246	450283	2279.723424287246	-9.052810724435156
45702.3213269587	750	5.971463893532884	0.0	398865	2028.5361064671158	0.75
45704.12547839001	750	8.167312462225453	0.0	350812	1804.1514313074317	0.75
45706.09581636662	750	10.196974485610879	0.0	382355	1970.337976614573	0.75
45709.384169681085	1200	10.908621171140911	0.0	652874	3288.353314469968	0.75
45711.986157064246	1200	12.306633787984858	0.0	520315	2601.9873831560535	1.2
45714.87559723785	1200	13.417193614378766	0.0	561791	2889.440173606092	1.2
45720.35286088185	1850	11.93992997037362	0.0	1060487	5477.263644005145	1.2000000000000002
45724.59793998857	1850	11.694850863653658	0.0	852833	4245.079106719963	1.85
45729.160474510994	1850	11.132316341223694	0.0	913888	4562.5345224299635	1.85
45733.953664036126	1850	10.339126816095566	0.0	939819	4793.1895251281285	1.85
45738.4465093338	1850	9.846281518423385	0.0	917428	4492.84529767218	1.85
45743.106379516445	1850	9.186411335776345	0.0	946851	4659.87018264704	1.85
45748.554559447475	1850	7.738231404749102	0.0	1036454	5448.179931027244	1.85
45752.46120667132	1850	7.831584180907161	0.0	821631	3906.6472238419406	1.85
45756.90256213595	1850	7.3902287162799825	0.0	923170	4441.355464627179	1.85
45761.537740924854	1850	6.755049927369189	0.0	966699	4635.178788910793	1.85
45765.68172882083	1850	6.611062031395428	0.0	885714	4143.987895973762	1.85
45770.29019415796	1850	6.002596694262408	0.0	987708	4608.46533713302	1.85
45774.50674875465	1850	5.786042097578776	0.0	923755	4216.554596683632	1.85
45778.636894982905	1850	5.6558958693224435	0.0	891604	4130.146228256333	1.85
45783.122481868355	1850	5.170308983872635	0.0	955231	4485.586885449808	1.85
45787.73310632434	1850	4.559684527894133	0.0	968026	4610.624455978503	1.85
45791.898284316245	1850	4.394506535988887	0.0	874175	4165.177991905246	1.85
45794.70125597568	1200	5.5915348765513855	0.0	587236	2802.9716594375013	0.5499999999999999
45797.52312552679	1200	6.769665325434986	0.0	590335	2821.8695511163987	1.2
45802.61378941605	1850	5.679001436178221	0.0	1076599	5090.663889256765	1.2000000000000002
45806.201280238565	1850	6.091510613658751	0.0	758197	3587.49082251947	1.85
45810.696543399776	1850	5.596247452452683	0.0	972798	4495.263161206068	1.85
45815.31671462786	1850	4.9760762243701	0.0	975811	4620.171228082583	1.85
45819.49139729587	1850	4.80139355635339	0.0	873429	4174.6826680167105	1.85
45823.923469662965	1850	4.369321189261908	0.0	954453	4432.072367091482	1.85
45826.66975413873	1200	5.623036713497455	0.0	584349	2746.284475764453	0.5499999999999999
45829.85231471107	1200	6.440476141152812	0.0	670129	3182.560572344643	1.2
45834.718074521596	1850	5.5747163306315315	0.0	1026056	4865.759810521281	1.2000000000000002
45839.21748140701	1850	5.075309445217679	0.0	943942	4499.406885413853	1.85
45842.72066054566	1850	5.5721303065683365	0.0	728962	3503.179138649342	1.85
45847.20299139431	1850	5.089799457918681	0.0	938587	4482.330848649656	1.85
45851.50120904767	1850	4.791581804558903	0.0	908665	4298.217653359778	1.85
45855.86865888782	1850	4.424131964406388	0.0	930577	4367.449840152515	1.85
45858.54773055789	1200	5.745060294338064	0.0	566904	2679.071670068324	0.5499999999999999
45861.56769409541	1200	6.725096756814155	0.0	641452	3019.9635375239086	1.2
45865.73551946127	1850	6.557271390957291	0.0	886255	4167.825365856865	1.2000000000000002
45870.409295148515	1850	5.883495703711367	0.0	973972	4673.775687245923	1.85
45874.92376603857	1850	5.36902481365523	0.0	958994	4514.470890056137	1.85
45879.44033106967	1850	4.852459782554629	0.0	982064	4516.565031100601	1.85
45883.27408911938	1850	5.018701732842063	0.0	830730	3833.758049712567	1.85
45889.65819541476	2850	4.0	1.3654045625385425	1364537	6384.106295380605	-4.0212396189157324

