26274.688348820135	750	4.0	4.664598025000137	450283	4664.598025000137	-19.307771507500586
26276.335358407105	300	6.352990413027774	0.0	155580	1647.0095869722265	-0.15000000000000002
26277.818559496904	300	8.869789323231036	0.0	139857	1483.201089796738	0.3
26279.458026322227	300	11.230322497907407	0.0	155432	1639.4668253236275	0.3
26281.297082765133	300	13.391266055003616	0.0	163442	1839.0564429037913	0.3
26282.844478584608	300	15.843870235528776	0.0	126289	1547.3958194748404	0.3
26287.024768072486	750	15.66358074764816	0.0	352642	4180.2894878806155	0.3
26292.112792899767	750	14.575555920370768	0.0	437162	5088.024827277394	0.75
26296.308377568304	750	14.37997125183237	0.0	374758	4195.584668538398	0.75
26300.282755077213	750	14.405593742923843	0.0	362795	3974.3775089085248	0.75
26303.99737728524	750	14.690971534900081	0.0	353220	3714.622208023762	0.75
26308.266592989457	750	14.421755830680748	0.0	405134	4269.215704219335	0.75
26312.38869167047	750	14.29965714966647	0.0	386351	4122.098681014279	0.75
26317.06195847098	750	13.626390349158978	0.0	434409	4673.266800507491	0.75
26320.816413500645	750	13.871935319491175	0.0	337059	3754.455029667802	0.75
26325.05860923526	750	13.629739584873416	0.0	366214	4242.19573461776	0.75
26329.23268768578	750	13.455661134353132	0.0	360831	4174.078450520284	0.75
26333.64277502516	750	13.0455737949754	0.0	372963	4410.087339377733	0.75
26338.266937830926	750	12.421410989210061	0.0	405596	4624.162805765339	0.75
26341.967976311895	750	12.72037250824057	0.0	350713	3701.03848096949	0.75
26346.543329783217	750	12.145019036920518	0.0	386472	4575.353471320053	0.75
26351.450672603827	750	11.237676216310113	0.0	399894	4907.342820610404	0.75
26355.649823509735	750	11.038525310403541	0.0	401853	4199.150905906572	0.75
26359.27436204483	750	11.41398677530638	0.0	343800	3624.538535097162	0.75
26363.201936175003	750	11.486412645131196	0.0	359903	3927.574130175184	0.75
26367.6140403821	750	11.074308438031782	0.0	379700	4412.104207099415	0.75
26372.610838237266	750	10.07751058286763	0.0	425781	4996.797855164152	0.75
26375.559410676622	750	11.128938143514311	0.0	277716	2948.5724393533173	0.75
26379.825588193442	750	10.862760626692584	0.0	400396	4266.177516821729	0.75
26384.0886899032	750	10.599658916935294	0.0	400508	4263.101709757289	0.75
26387.85218100558	750	10.836167814555415	0.0	358218	3763.4911023798804	0.75
26391.989816946778	750	10.698531873356988	0.0	400322	4137.635941198427	0.75
26395.833874567492	750	10.854474252646337	0.0	369834	3844.0576207106506	0.75
26400.159386755462	750	10.528962064674047	0.0	412837	4325.51218797229	0.75
26404.39639496104	750	10.291953859096058	0.0	401088	4237.0082055779885	0.75
26408.2699167791	750	10.418432041034684	0.0	365161	3873.521818061374	0.75
26411.734775901223	750	10.953572918911622	0.0	321064	3464.8591221230645	0.75
26415.581243306482	750	11.107105513653885	0.0	361565	3846.4674052577348	0.75
26419.55696499546	750	11.131383824674588	0.0	378327	3975.721688979299	0.75
26423.6154049409	750	11.072943879229957	0.0	390680	4058.43994544463	0.75
26427.175481418464	750	11.512867401669745	0.0	345516	3560.076477560212	0.75
26431.20065688108	750	11.487691939056267	0.0	384505	4025.175462613477	0.75
26435.095107089786	750	11.593241730346826	0.0	372093	3894.45020870944	0.75
26439.60678671358	750	11.081562106555012	0.0	438281	4511.679623791816	0.75
26445.9854183645	1200	8.702930455632984	0.0	630203	6378.631650922028	0.75
26452.466662341518	1200	6.221686478616878	0.0	638661	6481.243977016106	1.2
26458.002985914183	1200	4.685362905952135	0.0	538612	5536.323572664743	1.2
26463.766398433858	1200	4.0	1.078049613721665	550906	5763.4125196738005	-3.43561333900316

