34255.208093186215	750	4.0	4.689174015171542	450283	4689.174015171542	-19.41344826523763
34256.87173999232	300	6.336353193892029	0.0	155580	1663.6468061079713	-0.15000000000000002
34258.37274156794	300	8.835351618269648	0.0	139857	1501.001575622381	0.3
34260.03199120794	300	11.176101978264944	0.0	155432	1659.2496400047044	0.3
34262.48033561062	300	12.727757575587741	0.0	163442	2448.344402677204	0.3
34264.907189695085	300	14.30090349112755	0.0	126289	2426.8540844601916	0.3
34267.077579173405	300	16.130514012800237	0.0	153295	2170.3894783273095	0.3
34271.749440658634	750	15.458652527572626	0.0	437162	4671.8614852276105	0.3
34275.622738431724	750	15.585354754486954	0.0	374758	3873.2977730856724	0.75
34280.440367932264	750	14.767725253940542	0.0	362795	4817.629500546412	0.75
34284.57768804666	750	14.630405139551007	0.0	353220	4137.320114389536	0.75
34289.07611483232	750	14.131978353891242	0.0	405134	4498.426785659765	0.75
34293.394265273906	750	13.813827912306063	0.0	386351	4318.150441585178	0.75
34298.91160062722	750	12.296492558991925	0.0	434409	5517.335353314138	0.75
34305.00667816995	750	10.201415016258798	0.0	337059	6095.077542733129	0.75
34307.45409699585	300	11.753996190361141	0.0	138313	2447.4188258976583	-0.15000000000000002
34309.18841183545	300	14.019681350761978	0.0	143509	1734.3148395991623	0.3
34311.004653352575	300	16.203439833637145	0.0	150616	1816.2415171248313	0.3
34315.52746534836	750	15.680627837858351	0.0	405596	4522.811995778795	0.3
34323.71557968657	750	11.49251349964989	0.0	350713	8188.114338208459	0.75
34325.53445406839	300	13.673639117831694	0.0	157671	1818.874381818197	-0.15000000000000002
34327.34470207886	300	15.863391107362633	0.0	157812	1810.2480104690599	0.3
34331.26254453701	750	15.945548649213523	0.0	401853	3917.8424581491113	0.3
34335.02300026805	750	16.185092918170643	0.0	343800	3760.4557310428813	0.75
34340.036366341774	750	15.171726844444802	0.0	359903	5013.366073725839	0.75
34346.49490242724	750	12.713190758983902	0.0	379700	6458.536085460899	0.75
34353.168246275505	750	10.039846910720145	0.0	425781	6673.343848263757	0.75
34354.3264544401	300	12.881638746122073	0.0	111155	1158.208164598072	-0.15000000000000002
34355.896429386106	300	15.311663800117964	0.0	153605	1569.9749460041103	0.3
34360.30078079414	750	14.907312392088842	0.0	400508	4404.351408029122	0.3
34364.39478787304	750	14.813305313191242	0.0	358218	4094.007078897601	0.75
34368.564080971366	750	14.644012214857279	0.0	400322	4169.293098333963	0.75
34372.74578568964	750	14.462307496583719	0.0	369834	4181.7047182735605	0.75
34377.84770292696	750	13.360390259266739	0.0	412837	5101.91723731698	0.75
34381.7206714302	750	13.48742175603288	0.0	401088	3872.9685032338584	0.75
34386.348863647	750	12.859229539233857	0.0	365161	4628.192216799023	0.75
34390.49162912294	750	12.716464063299448	0.0	321064	4142.76547593441	0.75
34394.756676531055	750	12.45141665518051	0.0	361565	4265.047408118937	0.75
34399.767490371254	750	11.440602814980776	0.0	378327	5010.813840199733	0.75
34403.66163572209	750	11.54645746414772	0.0	390680	3894.1453508330574	0.75
34406.76964592543	750	12.438447260812	0.0	345516	3108.0102033357193	0.75
34410.49471664456	750	12.713376541680171	0.0	384505	3725.0707191318284	0.75
34414.7415901203	750	12.466503065940776	0.0	372093	4246.873475739394	0.75
34420.69041525035	750	10.517677935893662	0.0	438281	5948.825130047115	0.75
34425.11316854718	750	10.094924639061341	0.0	398987	4422.753296832321	0.75
34429.669489636966	750	9.538603549271697	0.0	393804	4556.321089789644	0.75
34433.07603905149	750	10.132054134747378	0.0	331053	3406.5494145243188	0.75
34434.34597935778	300	12.862113828459911	0.0	118421	1269.9403062874655	-0.15000000000000002

