14551.142126630895	750	4.0	2.6105126764687223	450283	2610.5126764687225	-10.475204508815505
14552.096459355436	300	7.045667275457871	0.0	155580	954.3327245421299	-0.15000000000000002
14552.962431536027	300	10.179695094867249	0.0	139857	865.97218059062	0.3
14555.246975801057	750	11.895150829835899	0.0	382355	2284.5442650313507	0.3
14557.736177822879	750	13.405948808015948	0.0	411561	2489.20202181995	0.75
14559.621085851779	750	15.521040779114488	0.0	318564	1884.9080289014605	0.75
14561.58064014506	750	17.56148648583247	0.0	352642	1959.5542932820133	0.75
14563.990679431248	750	19.151447199644917	0.0	437162	2410.0392861875544	0.75
14566.085244734211	750	21.056881896682416	0.0	374758	2094.5653029625014	0.75
14568.117153436566	750	23.02497319432751	0.0	362795	2031.9087023549055	0.75
14573.554317236794	1850	21.587809394099896	0.0	939819	5437.163800227618	0.75
14578.510334755389	1850	20.631791875505513	0.0	917428	4956.01751859438	1.85
14585.225827033182	1850	17.916299597712836	0.0	946851	6715.492277792676	1.85
14591.414801028837	1850	15.727325602059809	0.0	1036454	6188.9739956530275	1.85
14596.412505665585	1850	14.72962096531107	0.0	821631	4997.704636748738	1.85
14602.549137302063	1850	12.59298932883239	0.0	923170	6136.631636478682	1.85
14608.794206666475	1850	10.347919964421166	0.0	966699	6245.0693644112225	1.85
14615.92090292286	1850	7.221223708035664	0.0	885714	7126.696256385501	1.85
14618.264517409774	750	8.877609221122839	0.0	405596	2343.6144869128266	-0.3500000000000001
14620.307844993584	750	10.834281637311673	0.0	350713	2043.3275838111665	0.75
14622.620919776096	750	12.521206854799447	0.0	386472	2313.074782512226	0.75
14625.011548248736	750	14.130578382159916	0.0	399894	2390.6284726395297	0.75
14627.263833136434	750	15.878293494462273	0.0	401853	2252.284887697642	0.75
14629.184740310644	750	17.95738632025211	0.0	343800	1920.907174210165	0.75
14631.214402501377	750	19.927724129521355	0.0	359903	2029.662190730756	0.75
14633.396916388412	750	21.745210242484962	0.0	379700	2182.513887036392	0.75
14635.837386750803	750	23.304739880093987	0.0	425781	2440.470362390974	0.75
14637.485213325415	750	25.656913305482664	0.0	277716	1647.8265746113245	0.75
14643.017188135786	1850	24.124938495112065	0.0	972798	5531.974810370595	0.75
14648.432277662712	1850	22.709848968185685	0.0	975811	5415.089526926382	1.85
14653.428321231826	1850	21.713805399072786	0.0	873429	4996.043569112899	1.85
14659.273052891793	1850	19.86907373910496	0.0	954453	5844.731659967826	1.85
14664.404214690796	1850	18.737911940101764	0.0	885062	5131.161799003195	1.85
14670.760693356919	1850	16.38143327397803	0.0	1035329	6356.478666123735	1.85
14676.831308703644	1850	14.310817927251854	0.0	1026056	6070.615346726176	1.85
14682.042071281589	1850	13.100055349308988	0.0	943942	5210.762577942865	1.85
14686.03318589804	1850	13.108940732855281	0.0	728962	3991.114616453707	1.85
14691.244996377372	1850	11.897130253524038	0.0	938587	5211.810479331243	1.85
14696.140990419628	1850	11.001136211268381	0.0	908665	4895.994042255656	1.85
14701.142433595238	1850	9.999693035657994	0.0	930577	5001.443175610387	1.85
14705.985220194054	1850	9.156906436841405	0.0	858450	4842.786598816589	1.85
14711.750913462762	1850	7.391213168133539	0.0	1025005	5765.693268707867	1.85
14718.072847840944	1850	5.069278789950781	0.0	886255	6321.934378182757	1.85
14720.606156753942	750	6.535969876952844	0.0	438281	2533.3089129979376	-0.3500000000000001
14721.621091011173	300	9.521035619721797	0.0	167025	1014.9342572310469	-0.15000000000000002
14722.847682400052	300	12.294444230845167	0.0	160064	1226.5913888766293	0.3
14724.197858700783	300	14.94426793011229	0.0	137507	1350.1763007328775	0.3
14727.179320206702	750	15.96280642419403	0.0	314107	2981.461505918259	0.3

