36458.01443025764	750	4.0	3.74372891450712	450283	3743.7289145071204	-15.348034332380617
36459.36030737163	300	6.654122886009425	0.0	155580	1345.8771139905743	-0.15000000000000002
36460.557817233646	300	9.456613023997276	0.0	139857	1197.5098620121494	0.3
36461.878279502	300	12.13615075563574	0.0	155432	1320.4622683615362	0.3
36465.22758802885	750	12.78684222879077	0.0	411561	3349.3085268449704	0.3
36467.782187696146	750	14.232242561493472	0.0	318564	2554.5996672972974	0.75
36472.36563780574	750	13.648792451895407	0.0	352642	4583.450109598065	0.75
36477.41984172384	750	12.594588533800318	0.0	437162	5054.203918095089	0.75
36480.27109890197	750	13.743331355661956	0.0	374758	2851.2571781383617	0.75
36483.13271506393	750	14.881715193697286	0.0	362795	2861.61616196467	0.75
36485.94924553144	750	16.06518472619278	0.0	353220	2816.5304675045063	0.75
36489.24972610073	750	16.76470415690475	0.0	405134	3300.4805692880295	0.75
36495.84691241888	750	14.167517838750372	0.0	386351	6597.186318154379	0.75
36499.43436423708	750	14.580066020553966	0.0	434409	3587.4518181964063	0.75
36505.86373976622	750	12.150690491416379	0.0	337059	6429.375529137587	0.75
36515.37117378256	750	6.643256475074794	0.0	366214	9507.434016341585	0.75
36519.066758439694	300	6.947671817931662	0.0	143509	3695.584657143132	-0.15000000000000002
36521.37364826315	300	8.64078199448225	0.0	150616	2306.8898234494122	0.3
36522.692705144	300	11.321725113628363	0.0	165384	1319.0568808538858	0.3
36523.828185555845	300	14.186244701789393	0.0	140881	1135.4804118389702	0.3
36526.82499781442	750	15.189432443214162	0.0	386472	2996.8122585752317	0.3
36529.97604713415	750	16.038383123487904	0.0	399894	3151.0493197262585	0.75
36532.44370598854	750	17.57072426909733	0.0	401853	2467.658854390575	0.75
36534.256215120215	750	19.758215137424934	0.0	343800	1812.509131672395	0.75
36542.80747112565	1850	15.206959131987409	0.0	897976	8551.256005437524	0.75
36547.5602002209	1850	14.45423003674034	0.0	905935	4752.7290952470685	1.85
36557.188925221075	1850	8.825505036559171	0.0	1076599	9628.72500018117	1.85
36558.68890660056	750	11.325523657082254	0.0	277716	1499.9813794769163	-0.3500000000000001
36560.81615942149	750	13.198270836153537	0.0	400396	2127.2528209287166	0.75
36563.14678735851	750	14.867642899129963	0.0	400508	2330.627937023574	0.75
36565.350108508705	750	16.66432174893988	0.0	358218	2203.3211501900823	0.75
36570.41105737515	750	15.603372882491131	0.0	400322	5060.94886644875	0.75
36577.499740917556	750	12.514689340093831	0.0	369834	7088.683542397299	0.75
36578.86721400232	300	15.147216255334504	0.0	163444	1367.4730847593275	-0.15000000000000002
36582.17030852455	750	15.844121733097788	0.0	401088	3303.0945222367163	0.3
36590.341937787976	750	11.672492469677978	0.0	365161	8171.629263419812	0.75
36592.49393059229	300	13.520499665366666	0.0	131610	2151.992804311312	-0.15000000000000002
36594.408544277336	750	15.605885980327793	0.0	361565	1914.6136850388716	0.3
36596.40820987444	750	17.606220383216066	0.0	378327	1999.6655971117261	0.75
36598.60822658088	750	19.406203676778183	0.0	390680	2200.016706437886	0.75
36600.682803084936	750	21.331627172724993	0.0	345516	2074.57650405319	0.75
36606.33782097243	1850	19.67660928522269	0.0	1025005	5655.0178875023	0.75
36610.89859032653	1850	19.115839931134808	0.0	886255	4560.769354087884	1.85
36615.93554019595	1850	18.07889006171378	0.0	973972	5036.94986942103	1.85
36624.933091353305	1850	13.081338904360447	0.0	958994	8997.55115735333	1.85
36627.15820040591	750	14.856229851757194	0.0	393804	2225.1090526032535	-0.3500000000000001
36631.46837788936	1850	14.546052368308112	0.0	830730	4310.1774834490825	0.75
36635.872988193965	1850	14.141442063701108	0.0	846370	4404.610304607004	1.85

