45509.49732893559	750	4.0	5.368573732660492	450283	5368.573732660492	-22.334867050440113
45511.390400637174	300	6.1069282984214865	0.0	155580	1893.0717015785133	-0.15000000000000002
45513.100242319706	300	8.397086615893745	0.0	139857	1709.8416825277423	0.3
45514.998952022666	300	10.498376912929528	0.0	155432	1898.709702964215	0.3
45517.0094788877	300	12.487850047896291	0.0	163442	2010.5268650332375	0.3
45518.581165891395	300	14.916163044199672	0.0	126289	1571.6870036966172	0.3
45523.34273874316	750	14.154590192440804	0.0	352642	4761.5728517588705	0.3
45528.86703327764	750	12.630295657955656	0.0	437162	5524.294534485147	0.75
45533.326313397796	750	12.171015537796688	0.0	374758	4459.280120158967	0.75
45537.69479596984	750	11.802532965755235	0.0	362795	4368.482572041453	0.75
45541.97731449808	750	11.520014437507973	0.0	353220	4282.518528247262	0.75
45546.857045244746	750	10.640283690847388	0.0	405134	4879.7307466605835	0.75
45551.473284531436	750	10.02404440415471	0.0	386351	4616.23928669268	0.75
45556.5621581195	750	8.935170816094642	0.0	434409	5088.873588060067	0.75
45560.612408571586	750	8.884920364010503	0.0	337059	4050.25045208414	0.75
45564.958997257345	750	8.538331678251911	0.0	366214	4346.588685758592	0.75
45569.66883432203	750	7.828494613569001	0.0	360831	4709.83706468291	0.75
45574.11499177808	750	7.382337157517564	0.0	372963	4446.157456051436	0.75
45578.9660544233	750	6.531274512299386	0.0	405596	4851.062645218179	0.75
45583.135612643666	750	6.3617162919243375	0.0	350713	4169.558220375048	0.75
45587.71565724893	750	5.781671686650599	0.0	386472	4580.044605273739	0.75
45592.46980989987	750	5.027519035714668	0.0	399894	4754.15265093593	0.75
45597.17555754695	750	4.321771388639458	0.0	401853	4705.74764707521	0.75
45598.89377784756	300	6.6035510880320905	0.0	137654	1718.2203006073676	-0.15000000000000002
45600.720297251246	300	8.777031684343614	0.0	146754	1826.5194036884773	0.3
45605.24310580572	750	8.254223129872447	0.0	379700	4522.808554471166	0.3
45610.38808911482	750	7.109239820769419	0.0	425781	5144.983309103028	0.75
45613.72578098387	750	7.771547951722879	0.0	277716	3337.6918690465404	0.75
45618.451300377514	750	7.046028558083841	0.0	400396	4725.519393639039	0.75
45623.239840614544	750	6.257488321050494	0.0	400508	4788.540237033347	0.75
45627.69989473191	750	5.7974342036847215	0.0	358218	4460.054117365773	0.75
45632.73789407257	750	4.75943486302381	0.0	400322	5037.999340660911	0.75
45634.56432155591	300	6.933007379680179	0.0	143881	1826.4274833436307	-0.15000000000000002
45636.628204720386	300	8.869124215206647	0.0	163444	2063.8831644735324	0.3
45641.54553377467	750	7.951795160922954	0.0	401088	4917.329054283692	0.3
45645.88753124857	750	7.609797687017069	0.0	365161	4341.997473905884	0.75
45649.73302690631	750	7.764302029276003	0.0	321064	3845.495657741067	0.75
45654.08628808207	750	7.411040853518138	0.0	361565	4353.261175757865	0.75
45658.66143657308	750	6.835892362508233	0.0	378327	4575.148491009905	0.75
45663.375623414715	750	6.121705520869895	0.0	390680	4714.186841638338	0.75
45667.53010428566	750	5.9672246499279336	0.0	345516	4154.480870941961	0.75
45672.130481059154	750	5.3668478764268714	0.0	384505	4600.376773501062	0.75
45673.965221652405	300	7.53210728317921	0.0	145210	1834.7405932476613	-0.15000000000000002
45679.35563016326	750	6.1416987723246645	0.0	438281	5390.408510854545	0.3
45684.19095805594	750	5.306370879650428	0.0	398987	4835.327892674237	0.75
45689.13985780204	750	4.357471133548347	0.0	393804	4948.899746102081	0.75
45693.87916064391	750	4.0	0.3818317083209922	331053	4739.302841869339	-0.8918763457802665
45698.01306742795	750	4.0	0.13390678403663242	314107	4133.906784036632	0.17420082864248065

