38947.14981248339	750	4.0	33.84142253878498	450283	33841.42253878498	-144.76811691677543
38958.23985219819	300	4.0	7.090039714807608	155580	11090.039714807608	-30.63717077367271
39038.24465388476	1850	4.0	76.0048016865686	877771	80004.8016865686	-326.52064725224494
39150.99870755642	2850	4.0	108.75405367165851	1520281	112754.0536716585	-465.7924307881316
39263.65499023583	2850	4.0	108.656282679411	1472558	112656.282679411	-464.3720155214673
39321.411928483205	2850	4.0	53.756938247373704	1224260	57756.938247373706	-228.30483446370692
39327.603114535996	2850	4.0	2.1911860527886575	1388403	6191.186052788657	-6.572100026991228
39334.5023766021	2850	4.0	2.8992620661067576	1638769	6899.262066106758	-9.616826884259059
39339.97946072886	2850	4.0	1.4770841267544383	1348011	5477.084126754438	-3.5014617450440846
39346.14958816124	2850	4.0	2.1701274323878335	1429765	6170.127432387833	-6.481547959267683
39354.63117136927	4300	4.0	4.48158320802701	2173522	8481.58320802701	-16.420807794516143
39362.63436114789	4300	4.0	4.0031897786213415	2102452	8003.189778621341	-12.913716048071766
39371.33271547964	4300	4.0	4.698354331754348	2209463	8698.354331754348	-15.902923626543693
39381.0912751516	4300	4.0	5.75855967196132	2275376	9758.55967196132	-20.461806589433674
39384.38655435202	1850	4.704720799578774	0.0	821631	3295.2792004212265	-0.6000000000000001
39385.98360101892	750	7.107674132680555	0.0	366214	1597.0466668982185	-0.3500000000000001
39387.566033648305	750	9.525241503296977	0.0	360831	1582.4326293835773	0.75
39389.19898165098	750	11.892293500623186	0.0	372963	1632.948002673792	0.75
39390.92808025843	750	14.163194893175731	0.0	405596	1729.0986074474552	0.75
39392.41746829545	750	16.67380685615404	0.0	350713	1489.3880370216882	0.75
39394.05055875244	750	19.040716399159734	0.0	386472	1633.0904569943111	0.75
39398.53739357928	1850	18.553881572318335	0.0	955231	4486.834826841399	0.75
39402.75405216092	1850	18.337222990682655	0.0	968026	4216.658581635681	1.85
39406.32836444305	1850	18.762910708555175	0.0	874175	3574.312282127477	1.85
39409.9690686625	1850	19.122206489102076	0.0	897976	3640.704219453097	1.85
39413.75069174199	1850	19.340583409612584	0.0	905935	3781.6230794894964	1.85
39418.53730247884	1850	18.55397267276024	0.0	1076599	4786.610736852344	1.85
39421.913241636015	1850	19.178033515584765	0.0	758197	3375.939157175474	1.85
39426.023485485144	1850	19.06778966645513	0.0	972798	4110.2438491296325	1.85
39430.48217995293	1850	18.60909519866771	0.0	975811	4458.694467787422	1.85
39434.000671318005	1850	19.090603833600962	0.0	873429	3518.4913650667468	1.85
39437.99686173266	1850	19.094413418942842	0.0	954453	3996.1904146581164	1.85
39441.808351530504	1850	19.282923621097964	0.0	885062	3811.489797844879	1.85
39446.023004124385	1850	19.06827102721826	0.0	1035329	4214.652593879704	1.85
39450.12137173172	1850	18.969903419887057	0.0	1026056	4098.367607331202	1.85
39453.91595375909	1850	19.175321392517528	0.0	943942	3794.58202736953	1.85
39456.88167705623	1850	20.209598095378126	0.0	728962	2965.7232971394064	1.85
39460.73608907564	1850	20.35518607596533	0.0	938587	3854.4120194127945	1.85
39464.84775725495	1850	20.243517896655046	0.0	908665	4111.668179310285	1.85
39468.75172666784	1850	20.33954848376329	0.0	930577	3903.9694128917536	1.85
39472.17969083923	1850	20.911584312375027	0.0	858450	3427.9641713882625	1.85
39476.45119395757	1850	20.640081194039706	0.0	1025005	4271.503118335319	1.85
39480.42012288031	1850	20.67115227129567	0.0	886255	3968.928922744036	1.85
39484.80996233938	1850	20.28131281222923	0.0	973972	4389.839459066438	1.85
39488.87698245967	1850	20.214292691945012	0.0	958994	4067.020120284221	1.85
39492.82026373801	1850	20.271011413600814	0.0	982064	3943.281278344201	1.85
39496.24754693879	1850	20.843728212823958	0.0	830730	3427.2832007768543	1.85
39499.65142573583	1850	21.439849415779744	0.0	846370	3403.878797044213	1.85

