31359.12019791854	750	4.0	4.968504930079961	450283	4968.504930079961	-20.614571199343832
31361.058407308778	300	6.061790609763531	0.0	155580	1938.2093902364695	-0.15000000000000002
31362.819571816042	300	8.300626102496778	0.0	139857	1761.1645072667511	0.3
31364.74492322641	300	10.375274692125442	0.0	155432	1925.3514103713374	0.3
31366.63684471798	300	12.483353200556706	0.0	163442	1891.9214915687346	0.3
31368.116887260585	300	15.003310657950008	0.0	126289	1480.0425426066981	0.3
31372.522201153126	750	14.597996765410267	0.0	352642	4405.313892539742	0.3
31377.97902192486	750	13.141175993676203	0.0	437162	5456.820771734066	0.75
31384.646527657176	750	10.473670261361335	0.0	374758	6667.505732314869	0.75
31388.574777770285	300	10.545420148253411	0.0	139105	3928.250113107922	-0.15000000000000002
31391.24045541965	300	11.879742498887468	0.0	141840	2665.6776493659436	0.3
31393.35106680699	300	13.769131111550212	0.0	156148	2110.611387337256	0.3
31395.509350932363	300	15.610846986176966	0.0	160746	2158.2841253732454	0.3
31400.933442090154	750	14.186755828385456	0.0	434409	5424.091157791511	0.3
31404.693423289504	750	14.426774629033488	0.0	337059	3759.981199351967	0.75
31409.30036553782	750	13.819832380718784	0.0	366214	4606.942248314704	0.75
31413.86180241318	750	13.258395505356791	0.0	360831	4561.436875361994	0.75
31418.43178878311	750	12.6884091354261	0.0	372963	4569.9863699306925	0.75
31423.34408483532	750	11.776113083217822	0.0	405596	4912.296052208278	0.75
31427.65771203053	750	11.462485888006807	0.0	350713	4313.627195211016	0.75
31429.66457051313	300	13.455627405405874	0.0	157671	2006.858482600931	-0.15000000000000002
31432.502227881214	300	14.617970037320807	0.0	157812	2837.6573680850674	0.3
31439.120806470706	750	11.999391447830254	0.0	401853	6618.578589490553	0.3
31443.258182134552	750	11.862015783982267	0.0	343800	4137.375663847986	0.75
31447.90439878703	750	11.21579913150827	0.0	359903	4646.216652473999	0.75
31453.12587334499	750	9.994324573547473	0.0	379700	5221.474557960796	0.75
31455.501231217426	300	11.61896670111422	0.0	181901	2375.3578724332538	-0.15000000000000002
31456.97271729811	300	14.147480620426899	0.0	111155	1471.4860806873198	0.3
31458.95452688346	300	16.165671035080013	0.0	153605	1981.8095853468858	0.3
31464.00860059606	750	15.111597322480375	0.0	400508	5054.0737125996375	0.3
31468.59363415859	750	14.526563759947152	0.0	358218	4585.033562533224	0.75
31474.60571170012	750	12.514486218419403	0.0	400322	6012.07754152775	0.75
31479.931837823795	750	11.18836009474403	0.0	369834	5326.126123675373	0.75
31485.098866555196	750	10.02133136334359	0.0	412837	5167.02873140044	0.75
31487.376131605506	300	11.744066313032272	0.0	179328	2277.265050311319	-0.15000000000000002
31489.418677746307	300	13.70152017223038	0.0	159914	2042.546140801892	0.3
31491.113862768198	300	16.006335150337755	0.0	131610	1695.1850218926236	0.3
31495.54688375464	750	15.573314163895075	0.0	361565	4433.0209864426815	0.3
31500.278139218633	750	14.842058699903303	0.0	378327	4731.25546399177	0.75
31505.07064682702	750	14.049551091516195	0.0	390680	4792.50760838711	0.75
31509.246177244408	750	13.87402067412877	0.0	345516	4175.530417387423	0.75
31513.976745850923	750	13.143452067611744	0.0	384505	4730.568606517027	0.75
31518.687052681693	750	12.433145236845577	0.0	372093	4710.306830766167	0.75
31524.216809159727	750	10.903388758813337	0.0	438281	5529.756478032242	0.75
31529.25833470513	750	9.861863213409324	0.0	398987	5041.525545404012	0.75
31531.434894071423	300	11.685303847116083	0.0	160064	2176.5593662932406	-0.15000000000000002
31533.269513273444	300	13.850684645093665	0.0	137507	1834.6192020224196	0.3
31536.990750965266	750	14.129446953269284	0.0	314107	3721.2376918243804	0.3

