5608.742145869098	750	4.0	8.371443692260712	450283	8371.443692260713	-35.24720787672106
5611.89239639712	300	4.849749471977654	0.0	155580	3150.250528022346	-0.15000000000000002
5615.009789647104	300	5.732356221993807	0.0	139857	3117.393249983847	0.3
5618.035351080573	300	6.706794788525414	0.0	155432	3025.5614334683924	0.3
5621.114121237478	300	7.628024631619044	0.0	163442	3078.7701569063697	0.3
5623.507375617795	300	9.234770251301919	0.0	126289	2393.254380317125	0.3
5626.393056191622	300	10.349089677475064	0.0	153295	2885.6805738268563	0.3
5629.642074913503	300	11.100070955594058	0.0	173849	3249.0187218810065	0.3
5632.473397226497	300	12.268748642601446	0.0	150710	2831.3223129926123	0.3
5635.096613552773	300	13.645532316324552	0.0	139105	2623.216326276893	0.3
5637.767666008173	300	14.974479860924577	0.0	141840	2671.052455399974	0.3
5645.96695518498	750	10.775190684118144	0.0	405134	8199.289176806433	0.3
5649.037771593044	300	11.704374276053914	0.0	160746	3070.81640806423	-0.15000000000000002
5652.391313598866	300	12.35083227023256	0.0	179801	3353.542005821352	0.3
5655.004285060186	300	13.737860808912435	0.0	140051	2612.9714613201245	0.3
5657.764528976496	300	14.977616892602047	0.0	138313	2760.2439163103877	0.3
5664.957543144248	750	11.784602724849549	0.0	360831	7193.014167752498	0.3
5672.54085866644	750	8.201287202658058	0.0	372963	7583.315522191489	0.75
5675.548104309163	300	9.194041559934721	0.0	165384	3007.2456427233365	-0.15000000000000002
5678.129286210975	300	10.61285965812323	0.0	140881	2581.181901811491	0.3
5681.018519008609	300	11.723626860489336	0.0	157671	2889.232797633895	0.3
5683.891524722241	300	12.850621146856644	0.0	157812	2873.00571363269	0.3
5686.86146525595	300	13.880680613147511	0.0	163927	2969.9405337091343	0.3
5689.40913541983	300	15.33301044926713	0.0	137654	2547.67016388038	0.3
5696.076479826719	750	12.665666042377493	0.0	359903	6667.344406889637	0.3
5703.859859931078	750	8.882285938019075	0.0	379700	7783.380104358418	0.75
5707.291495260786	300	9.45065060831021	0.0	181901	3431.635329708864	-0.15000000000000002
5709.409603250063	300	11.332542619033125	0.0	111155	2118.107989277085	0.3
5712.304237405343	300	12.437908463753201	0.0	153605	2894.6341552799245	0.3
5715.095515329642	300	13.646630539453955	0.0	149029	2791.2779242992465	0.3
5718.072546395626	300	14.669599473470566	0.0	157421	2977.031065983391	0.3
5721.577422404309	300	15.164723464788116	0.0	157488	3504.8760086824504	0.3
5729.344624422769	750	11.397521446327461	0.0	369834	7767.202018460655	0.3
5732.301821512723	300	12.440324356372804	0.0	163444	2957.1970899546577	-0.15000000000000002
5736.078191705177	300	12.663954163918268	0.0	179328	3776.3701924545358	0.3
5739.420803763058	300	13.32134210603781	0.0	159914	3342.6120578804575	0.3
5741.941153813575	300	14.800992055521673	0.0	131610	2520.350050516136	0.3
5744.284103702258	300	16.458042166837956	0.0	124011	2342.949888683715	0.3
5751.142618392675	750	13.59952747642065	0.0	378327	6858.514690417306	0.3
5758.537846545343	750	10.204299323752341	0.0	390680	7395.22815266831	0.75
5761.777549827892	300	10.964596041204663	0.0	147968	3239.703282547677	-0.15000000000000002
5765.056354785159	300	11.68579108393639	0.0	161857	3278.8049572682726	0.3
5767.728911918028	300	13.013233951067837	0.0	145210	2672.5571328685533	0.3
5771.33677785931	300	13.40536800978587	0.0	172312	3607.865941281969	0.3
5774.863352626339	300	13.878793242756052	0.0	167025	3526.574767029816	0.3
5777.7794999318585	300	14.962645937236857	0.0	160064	2916.147305519195	0.3
5783.916037065849	750	12.826108803246013	0.0	331053	6136.537133990843	0.3
5790.467793601166	750	10.274352267930233	0.0	314107	6551.756535315782	0.75

