29978.89825636148	750	4.0	2.012954157948128	450283	2012.9541579481279	-7.90570287917695
29979.64612303176	300	7.252133329720265	0.0	155580	747.8666702797346	-0.15000000000000002
29981.232072654682	750	9.666183706798462	0.0	350812	1585.9496229218041	0.3
29983.93386321978	1200	10.96439314170325	0.0	617681	2701.790565095213	0.75
29986.769052391526	1200	12.12920396995616	0.0	652874	2835.1891717470876	1.2
29990.782455810382	1850	12.115800551100094	0.0	801058	4013.4034188560677	1.2000000000000002
29995.385869385704	1850	11.51238697577719	0.0	905515	4603.413575322903	1.85
30000.16006103893	1850	10.738195322551297	0.0	1060487	4774.191653225893	1.85
30002.625826506868	1200	12.272429854614376	0.0	584846	2465.7654679369207	0.5499999999999999
30006.88692144405	1850	12.011334917430275	0.0	913888	4261.0949371841025	1.2000000000000002
30010.8796291404	1850	12.018627221083326	0.0	939819	3992.7076963469485	1.85
30014.788882458197	1850	12.10937390328588	0.0	917428	3909.2533177974483	1.85
30019.110819704325	1850	11.787436657155736	0.0	946851	4321.937246130145	1.85
30024.412255251013	1850	10.48600111046671	0.0	1036454	5301.435546689024	1.85
30027.072844963142	1200	11.825411398336891	0.0	526950	2660.5897121298185	0.5499999999999999
30031.13936282685	1850	11.758893534628466	0.0	923170	4066.5178637084236	1.2000000000000002
30035.279312503815	1850	11.618943857665116	0.0	966699	4139.9496769633515	1.85
30039.169114363624	1850	11.729141997856825	0.0	885714	3889.8018598082904	1.85
30043.73242913494	1850	11.165827226540877	0.0	987708	4563.314771315948	1.85
30048.59865031699	1850	10.299606044488478	0.0	923755	4866.221182052401	1.85
30051.668234445373	1200	11.230021916105946	0.0	601738	3069.5841283825316	0.5499999999999999
30055.99138425229	1850	10.906872109187644	0.0	955231	4323.149806918302	1.2000000000000002
30058.76336962027	1200	12.134886741211464	0.0	656471	2771.985367976181	0.5499999999999999
30063.08694453389	1850	11.811311827587515	0.0	874175	4323.574913623948	1.2000000000000002
30067.362870364213	1850	11.535385997262912	0.0	897976	4275.925830324602	1.85
30071.914023105706	1850	10.984233255771619	0.0	905935	4551.152741491293	1.85
30075.460467200755	1200	11.437789160721637	0.0	696376	3546.444095049982	0.5499999999999999
30079.17451351894	1850	11.723742842537828	0.0	758197	3714.046318183809	1.2000000000000002
30083.24219954541	1850	11.656056816069343	0.0	972798	4067.6860264684838	1.85
30088.024718539946	1850	10.873537821533136	0.0	975811	4782.518994536209	1.85
30090.788440438384	1200	12.109815923095727	0.0	570392	2763.7218984374067	0.5499999999999999
30095.14412489067	1850	11.754131470809195	0.0	954453	4355.684452286533	1.2000000000000002
30099.387358306343	1850	11.510898055134287	0.0	885062	4243.23341567491	1.85
30104.315639971854	1850	10.582616389627931	0.0	1035329	4928.281665506355	1.85
30107.755739054122	1200	11.142517307359192	0.0	690253	3440.0990822687395	0.5499999999999999
30112.27507339408	1850	10.623182967398229	0.0	943942	4519.334339960965	1.2000000000000002
30114.584951586898	1200	12.31330477458365	0.0	487812	2309.8781928145795	0.5499999999999999
30119.106082567956	1850	11.792173793524363	0.0	938587	4521.130981059286	1.2000000000000002
30122.986618691586	1850	11.91163766989619	0.0	908665	3880.536123628172	1.85
30126.854899818438	1850	12.04335654304369	0.0	930577	3868.2811268525006	1.85
30130.465875481113	1850	12.432380880370452	0.0	858450	3610.9756626732383	1.85
30134.990623708767	1850	11.907632652718714	0.0	1025005	4524.7482276517385	1.85
30139.02110393108	1850	11.877152430405276	0.0	886255	4030.480222313438	1.85
30144.026041302397	1850	10.872215059086907	0.0	973972	5004.9373713183695	1.85
30147.039922776028	1200	11.858333585457508	0.0	630203	3013.881473629397	0.5499999999999999
30151.228936847547	1850	11.6693195139413	0.0	982064	4189.014071516209	1.2000000000000002
30154.730608339818	1850	12.167648021671496	0.0	830730	3501.6714922698025	1.85
30158.7582349631	1850	12.14002139838816	0.0	846370	4027.6266232833373	1.85

