43964.563925258866	750	4.0	1.7748058149880053	450283	1774.8058149880053	-6.881665004448422
43966.14520050442	750	6.418724754442894	0.0	398865	1581.2752455571065	0.75
43967.54561059667	750	9.018314662195191	0.0	350812	1400.4100922477023	0.75
43969.05617938288	750	11.507745875984082	0.0	382355	1510.5687862111092	0.75
43970.67135689738	750	13.89256836149053	0.0	411561	1615.1775144935507	0.75
43971.93964317749	750	16.624282081383512	0.0	318564	1268.2862801070157	0.75
43973.335044950414	750	19.22888030846034	0.0	352642	1395.4017729231746	0.75
43978.33559688916	1850	18.228328369712422	0.0	1060487	5000.551938747916	0.75
43981.632712010185	1850	18.931213248690298	0.0	852833	3297.115121022123	1.85
43985.036352844894	1850	19.527572413980657	0.0	913888	3403.6408347096453	1.85
43988.40430501172	1850	20.159620247154916	0.0	939819	3367.9521668257394	1.85
43991.93549406269	1850	20.62843119619255	0.0	917428	3531.1890509623627	1.85
43995.28114533364	1850	21.282779925239872	0.0	946851	3345.651270952679	1.85
43998.57857604532	1850	21.985349213562827	0.0	1036454	3297.4307116770487	1.85
44001.650345035436	1850	22.913580223448246	0.0	821631	3071.7689901145795	1.85
44005.04608696086	1850	23.517838298024216	0.0	923170	3395.7419254240317	1.85
44008.331124846656	1850	24.232800412220843	0.0	966699	3285.037885803374	1.85
44011.75672644609	1850	24.807198812791942	0.0	885714	3425.6015994288996	1.85
44015.691282967186	1850	24.872642291696692	0.0	987708	3934.55652109525	1.85
44019.29173887281	1850	25.272186386073365	0.0	923755	3600.4559056233284	1.85
44022.640572385724	1850	25.923352873167186	0.0	891604	3348.8335129061766	1.85
44026.3573452411	1850	26.206580017788443	0.0	955231	3716.7728553787424	1.85
44030.12270987555	1850	26.441215383339713	0.0	968026	3765.364634448733	1.85
44032.84491863724	1850	27.719006621644887	0.0	874175	2722.2087616948265	1.85
44035.97445622035	1850	28.589469038534556	0.0	897976	3129.53758311033	1.85
44039.873061994076	1850	28.690863264810755	0.0	905935	3898.605773723802	1.85
44044.38311608751	1850	28.180809171376378	0.0	1076599	4510.054093434376	1.85
44047.56597814421	1850	28.997947114681352	0.0	758197	3182.862056695025	1.85
44051.33235820341	1850	29.23156705547521	0.0	972798	3766.3800592061402	1.85
44054.63680810064	1850	29.927117158253804	0.0	975811	3304.449897221405	1.85
44057.724568535596	1850	30.83935672329344	0.0	873429	3087.7604349603644	1.85
44061.900163927865	1850	30.663761331025146	0.0	954453	4175.595392268292	1.85
44067.35992753749	1850	29.20399772140364	0.0	885062	5459.76360962151	1.85
44072.105396898354	1850	28.45852836054149	0.0	1035329	4745.469360862149	1.85
44076.04884393905	1850	28.515081319851358	0.0	1026056	3943.4470406901314	1.85
44079.2053647522	1850	29.35856050669552	0.0	943942	3156.5208131558356	1.85
44081.631146790445	1850	30.932778468449722	0.0	728962	2425.782038245796	1.85
44084.66936236228	1850	31.894562896614023	0.0	938587	3038.2155718357026	1.85
44088.205997695455	1850	32.35792756343771	0.0	908665	3536.6353331763075	1.85
44092.06306059747	1850	32.50086466142233	0.0	930577	3857.0629020153883	1.85
44095.27619628114	1850	33.2877289777506	0.0	858450	3213.135683671731	1.85
44099.346492664474	1850	33.21743259442049	0.0	1025005	4070.2963833301023	1.85
44102.58214246905	1850	33.981782789840004	0.0	886255	3235.6498045804833	1.85
44105.72070638804	1850	34.84321887084655	0.0	973972	3138.5639189934586	1.85
44110.246859263796	1850	34.317065995095085	0.0	958994	4526.152875751461	1.85
44115.63932594314	1850	32.92459931574258	0.0	982064	5392.4666793525	1.85
44119.45481512945	1850	33.109110129434036	0.0	830730	3815.489186308551	1.85
44122.934650402734	1850	33.62927485615326	0.0	846370	3479.8352732807753	1.85

