23811.876871639368	750	4.0	3.3283439349152446	450283	3328.3439349152445	-13.561878920135552
23813.079226579248	300	6.7976450601197165	0.0	155580	1202.3549398802836	-0.15000000000000002
23814.168863394356	300	9.70800824501057	0.0	139857	1089.6368151091474	0.3
23815.372240898872	300	12.504630740494765	0.0	155432	1203.3775045158031	0.3
23818.426778761965	750	13.450092877403327	0.0	411561	3054.5378630914383	0.3
23820.79949396181	750	15.077377677557982	0.0	318564	2372.715199845347	0.75
23823.414326233367	750	16.462545405999514	0.0	352642	2614.832271558468	0.75
23826.68753922003	750	17.18933241933544	0.0	437162	3273.2129866640757	0.75
23829.571162045042	750	18.30570959432387	0.0	374758	2883.622825011573	0.75
23832.889661080924	750	18.987210558444477	0.0	362795	3318.499035879391	0.75
23835.807972387287	750	20.068899252081064	0.0	353220	2918.3113063634137	0.75
23838.832602844377	750	21.0442687949939	0.0	405134	3024.630457087167	0.75
23841.724196920757	750	22.152674718613945	0.0	386351	2891.594076379954	0.75
23844.9634529703	750	22.913418669072016	0.0	434409	3239.256049541929	0.75
23847.470042585235	750	24.406829054137496	0.0	337059	2506.589614934521	0.75
23850.197874406633	750	25.678997232739047	0.0	366214	2727.83182139845	0.75
23857.370243819387	1850	22.50662781998596	0.0	966699	7172.369412753084	0.75
23863.852579209146	1850	20.024292430226176	0.0	885714	6482.335389759787	1.85
23871.19483458418	1850	16.682037055189348	0.0	987708	7342.255375036828	1.85
23877.940464121973	1850	13.93640751739374	0.0	923755	6745.629537795607	1.85
23884.46049746681	1850	11.416374172558369	0.0	891604	6520.03334483537	1.85
23887.413209628463	750	12.463662010903922	0.0	399894	2952.712161654447	-0.3500000000000001
23890.372353908893	750	13.50451773047371	0.0	401853	2959.1442804302133	0.75
23892.951853233673	750	14.925018405692914	0.0	343800	2579.4993247807956	0.75
23895.647282436148	750	16.22958920321923	0.0	359903	2695.4292024736847	0.75
23898.44963484402	750	17.42723679534531	0.0	379700	2802.352407873922	0.75
23901.59057248805	750	18.28629915131312	0.0	425781	3140.9376440321885	0.75
23903.680401410948	750	20.196470228414782	0.0	277716	2089.8289228983367	0.75
23906.65535048575	750	21.2215211536119	0.0	400396	2974.9490748028834	0.75
23909.623860117572	750	22.25301152178765	0.0	400508	2968.50963182425	0.75
23912.338247232925	750	23.538624406434103	0.0	358218	2714.3871153535424	0.75
23915.422104272046	750	24.454767367314265	0.0	400322	3083.8570391198423	0.75
23918.205986100522	750	25.67088553883942	0.0	369834	2783.881828474843	0.75
23925.79856334164	1850	22.07830829772113	0.0	1035329	7592.577241118293	0.75
23933.34551309822	1850	18.53135854114246	0.0	1026056	7546.9497565786705	1.85
23940.31060830182	1850	15.566263337537778	0.0	943942	6965.095203604682	1.85
23945.652145218024	1850	14.22472642133227	0.0	728962	5341.5369162055085	1.85
23952.456079398602	1850	11.4207922407552	0.0	938587	6803.934180577071	1.85
23955.282649607016	750	12.59422203234511	0.0	378327	2826.570208410091	-0.3500000000000001
23958.185689900445	750	13.69118173891131	0.0	390680	2903.040293433799	0.75
23960.75121334102	750	15.125658298336443	0.0	345516	2565.5234405748665	0.75
23963.983656241915	750	15.893215397441317	0.0	384505	3232.4429008951242	0.75
23967.28273871521	750	16.594132924147296	0.0	372093	3299.0824732940214	0.75
23970.4909328765	750	17.385938762857556	0.0	438281	3208.1941612897385	0.75
23973.524234875902	750	18.352636763451322	0.0	398987	3033.301999406232	0.75
23976.64858791638	750	19.22828372297036	0.0	393804	3124.353040480961	0.75
23979.131700520826	750	20.74517111852642	0.0	331053	2483.1126044439397	0.75
23981.44839598196	750	22.428475657391388	0.0	314107	2316.695461135034	0.75

