30160.604271403932	750	4.0	1.8460364408296137	450283	1846.0364408296136	-7.187956695567339
30161.294465325227	300	7.309806078701015	0.0	155580	690.193921298986	-0.15000000000000002
30162.750370646725	750	9.853900757202492	0.0	350812	1455.9053214985206	0.3
30165.22176434836	1200	11.382507055565847	0.0	617681	2471.393701636645	0.75
30169.107284419686	1850	11.496986984243057	0.0	996749	3885.5200713227914	1.2000000000000002
30172.28793502391	1850	12.31633638002148	0.0	801058	3180.650604221575	1.85
30175.868014623757	1850	12.736256780170617	0.0	905515	3580.0795998508647	1.85
30180.04506458954	1850	12.559206814386377	0.0	1060487	4177.049965784241	1.85
30183.447294871705	1850	13.156976532219549	0.0	852833	3402.230282166828	1.85
30190.307448872285	2850	10.296822531640803	0.0	1429765	6860.154000578746	1.85
30192.66532972981	1200	11.938941674117531	0.0	607410	2357.88085752327	-0.44999999999999996
30196.846224905566	1850	11.75804649836299	0.0	917428	4180.895175754543	1.2000000000000002
30202.04356056716	1850	10.560710836768502	0.0	946851	5197.335661594489	1.85
30205.802522168073	1200	10.801749235852869	0.0	687371	3758.9616009156316	0.5499999999999999
30208.686340111988	1200	11.91793129193681	0.0	526950	2883.817943916059	1.2
30212.861345618912	1850	11.74292578501686	0.0	923170	4175.00550691995	1.2000000000000002
30217.770645658402	1850	10.833625745525529	0.0	966699	4909.300039491331	1.85
30221.08005817154	1200	11.524213232388599	0.0	581493	3309.4125131369306	0.5499999999999999
30225.642475993827	1850	10.961795410101576	0.0	987708	4562.417822287021	1.2000000000000002
30228.16966379665	1200	12.434607607279345	0.0	586839	2527.187802822232	0.5499999999999999
30231.831321491332	1850	12.772949912595191	0.0	891604	3661.6576946841515	1.2000000000000002
30235.540099349753	1850	13.064172054173934	0.0	955231	3708.7778584212574	1.85
30241.518113011152	2850	11.086158392774395	0.0	1505760	5978.013661399538	1.85
30245.00725698911	1850	11.59701441481708	0.0	874175	3489.1439779573157	0.8500000000000001
30249.739436198004	1850	10.86483520592368	0.0	897976	4732.179208893403	1.85
30252.999115890238	1200	11.60515551369053	0.0	590335	3259.679692233148	0.5499999999999999
30258.941696046106	1850	9.66257535782179	0.0	1076599	5942.58015586874	1.2000000000000002
30261.712455418514	1200	10.89181598541761	0.0	487160	2770.75937240418	0.5499999999999999
30265.192562242268	1200	11.41170916166125	0.0	622896	3480.106823756359	1.2
30270.719914270234	1850	9.884357133696769	0.0	975811	5527.352027964482	1.2000000000000002
30273.294458212058	1200	11.309813191870562	0.0	570392	2574.543941826206	0.5499999999999999
30277.59951016526	1850	11.004761238672112	0.0	954453	4305.051953198449	1.2000000000000002
30282.03760271	1850	10.566668693934869	0.0	885062	4438.092544737243	1.85
30284.7931890759	1200	11.811082328034722	0.0	670129	2755.586365900147	0.5499999999999999
30290.20596701393	1850	10.398304390001453	0.0	1026056	5412.777938033269	1.2000000000000002
30293.836040769405	1200	10.768230634528983	0.0	598727	3630.0737554724697	0.5499999999999999
30296.75741147273	1200	11.846859931204898	0.0	487812	2921.370703324085	1.2
30300.539433245976	1850	12.064838157958846	0.0	938587	3782.0217732460537	1.2000000000000002
30304.10814826464	1850	12.496123139294824	0.0	908665	3568.7150186640224	1.85
30307.989318810956	1850	12.614952592978412	0.0	930577	3881.170546316411	1.85
30312.397472638273	1850	12.206798765660077	0.0	858450	4408.153827318336	1.85
30316.34092331518	1850	12.263348088751483	0.0	1025005	3943.450676908593	1.85
30320.63674140792	1850	11.967529996011672	0.0	886255	4295.8180927398125	1.85
30325.89192631101	1850	10.712345092920204	0.0	973972	5255.184903091466	1.85
30328.84825290642	1200	11.756018497512214	0.0	630203	2956.32659540799	0.5499999999999999
30332.83631511701	1850	11.767956286922221	0.0	982064	3988.0622105899934	1.2000000000000002
30336.269637680703	1850	12.334633723230768	0.0	830730	3433.3225636914526	1.85
30339.772995816427	1850	12.831275587502908	0.0	846370	3503.35813572786	1.85

