14716.81536693443	750	4.0	2.6105126764687223	450283	2610.5126764687225	-10.475204508815505
14717.769699658971	300	7.045667275457871	0.0	155580	954.3327245421299	-0.15000000000000002
14718.635671839562	300	10.179695094867249	0.0	139857	865.97218059062	0.3
14720.920216104592	750	11.895150829835899	0.0	382355	2284.5442650313507	0.3
14723.409418126414	750	13.405948808015948	0.0	411561	2489.20202181995	0.75
14725.294326155314	750	15.521040779114488	0.0	318564	1884.9080289014605	0.75
14727.253880448596	750	17.56148648583247	0.0	352642	1959.5542932820133	0.75
14729.663919734783	750	19.151447199644917	0.0	437162	2410.0392861875544	0.75
14731.758485037746	750	21.056881896682416	0.0	374758	2094.5653029625014	0.75
14736.892416116829	1850	19.922950817601134	0.0	913888	5133.931079081281	0.75
14742.190767488992	1850	18.62459944543749	0.0	939819	5298.3513721636455	1.85
14747.969097922187	1850	16.846269012241127	0.0	917428	5778.330433196364	1.85
14754.135493835434	1850	14.679873098994818	0.0	946851	6166.395913246308	1.85
14760.366407617368	1850	12.448959317062151	0.0	1036454	6230.913781932666	1.85
14765.429242807839	1850	11.386124126590726	0.0	821631	5062.8351904714245	1.85
14768.179625408286	750	12.635741526144391	0.0	366214	2750.3826004463353	-0.3500000000000001
14770.830569342033	750	13.984797592395822	0.0	360831	2650.9439337485696	0.75
14773.127917801998	750	15.687449132431702	0.0	372963	2297.3484599641206	0.75
14775.619276746364	750	17.19609018806562	0.0	405596	2491.358944366083	0.75
14778.939823175875	750	17.875543758554652	0.0	350713	3320.546429510966	0.75
14781.936269187932	750	18.87909774649754	0.0	386472	2996.446012057114	0.75
14784.248061048873	750	20.567305885558287	0.0	399894	2311.791860939255	0.75
14789.860769766505	1850	18.954597167926373	0.0	968026	5612.7087176319155	0.75
14794.708405567628	1850	18.106961366803553	0.0	874175	4847.635801122817	1.85
14799.712436936643	1850	17.102929997788777	0.0	897976	5004.031369014774	1.85
14804.877687834673	1850	15.93767909975849	0.0	905935	5165.250898030288	1.85
14810.95107626963	1850	13.864290664800434	0.0	1076599	6073.388434958057	1.85
14815.124891077032	1850	13.690475857398926	0.0	758197	4173.814807401508	1.85
14820.822265140328	1850	11.993101794102461	0.0	972798	5697.374063296463	1.85
14826.847399937486	1850	9.967966996945583	0.0	975811	6025.13479715688	1.85
14831.72186401738	1850	9.093502917050724	0.0	873429	4874.4640798948585	1.85
14834.333455193566	750	10.48191174086541	0.0	400322	2611.591176185316	-0.3500000000000001
14836.752243696455	750	12.063123237976933	0.0	369834	2418.7885028884753	0.75
14839.248945936424	750	13.566420998007242	0.0	412837	2496.7022399696907	0.75
14841.669937867318	750	15.145429067112637	0.0	401088	2420.9919308946055	0.75
14843.76084510119	750	17.05452183324346	0.0	365161	2090.907233869175	0.75
14845.589178916556	750	19.226188017875494	0.0	321064	1828.3338153679629	0.75
14847.632273306179	750	21.18309362825373	0.0	361565	2043.094389621765	0.75
14849.742118839276	750	23.0732480951545	0.0	378327	2109.845533099231	0.75
14854.865503893494	1850	21.949863040936414	0.0	930577	5123.385054218088	0.75
14859.572827977567	1850	21.242538956864358	0.0	858450	4707.324084072052	1.85
14865.073166621012	1850	19.74220031341735	0.0	1025005	5500.338643447007	1.85
14869.964059017644	1850	18.851307916787032	0.0	886255	4890.892396630319	1.85
14875.46246092125	1850	17.3529060131793	0.0	973972	5498.40190360773	1.85
14881.950461018438	1850	14.864905915992484	0.0	958994	6488.000097186818	1.85
14887.746788075921	1850	13.06857885850703	0.0	982064	5796.327057485455	1.85
14892.712269465306	1200	12.103097469121819	0.0	538612	4965.481389385211	0.5499999999999999
14895.400311624724	750	13.415055309704814	0.0	314107	2688.0421594170034	0.3

