43322.554914629516	750	4.0	1.580058486333707	450283	1580.0584863337072	-6.04425149123494
43323.96368082356	750	6.59123380595871	0.0	398865	1408.76619404129	0.75
43325.21236477944	750	9.342549850073855	0.0	350812	1248.6839558848558	0.75
43326.54237148719	750	12.012543142328864	0.0	382355	1330.0067077449903	0.75
43327.8733530411	750	14.681561588418317	0.0	411561	1330.9815539105484	0.75
43330.388250374934	1850	16.166664254578436	0.0	801058	2514.8973338398832	0.75
43333.408446878864	1850	17.146467750646273	0.0	905515	3020.1965039321612	1.85
43337.04671123402	1850	17.50820339549062	0.0	1060487	3638.2643551556516	1.85
43339.85442825072	1850	18.70048637878368	0.0	852833	2807.7170167069403	1.85
43342.87486014058	1850	19.680054488918376	0.0	913888	3020.4318898653028	1.85
43346.0092071957	1850	20.545707433806935	0.0	939819	3134.347055111439	1.85
43349.510231732274	1850	21.044682897231354	0.0	917428	3501.0245365755823	1.85
43353.140173523774	1850	21.41474110572868	0.0	946851	3629.9417915026706	1.85
43356.775012935184	1850	21.779901694323375	0.0	1036454	3634.8394114053076	1.85
43359.47612185548	1850	23.07879277402941	0.0	821631	2701.108920293964	1.85
43362.474962397995	1850	24.07995223151092	0.0	923170	2998.840542518489	1.85
43365.639146276255	1850	24.915768353247774	0.0	966699	3164.1838782631453	1.85
43368.59567605932	1850	25.959238570185228	0.0	885714	2956.529783062546	1.85
43371.96832512647	1850	26.586589503035878	0.0	987708	3372.6490671493534	1.85
43375.566676499846	1850	26.9882381296589	0.0	923755	3598.3513733769746	1.85
43379.08465313988	1850	27.470261489619404	0.0	891604	3517.976640039497	1.85
43382.77509015159	1850	27.779824477910275	0.0	955231	3690.437011709126	1.85
43385.98923016974	1850	28.56568445975671	0.0	968026	3214.140018153565	1.85
43389.017088096465	1850	29.53782653303551	0.0	874175	3027.857926721202	1.85
43392.34467820854	1850	30.210236420963984	0.0	897976	3327.5901120715257	1.85
43395.508817686794	1850	31.046096942704345	0.0	905935	3164.139478259638	1.85
43399.17696958022	1850	31.377945049283298	0.0	1076599	3668.1518934210476	1.85
43401.745893586565	1850	32.80902104293031	0.0	758197	2568.9240063529855	1.85
43404.992759037246	1850	33.56215559225036	0.0	972798	3246.865450679948	1.85
43408.22676625675	1850	34.32814837274845	0.0	975811	3234.0072195019075	1.85
43411.186285674296	1850	35.36862895520315	0.0	873429	2959.519417545301	1.85
43414.44601303254	1850	36.108901596959825	0.0	954453	3259.727358243327	1.85
43417.54538379626	1850	37.009530833244305	0.0	885062	3099.370763715522	1.85
43421.216042323926	1850	37.33887230557606	0.0	1035329	3670.6585276682376	1.85
43424.77839898767	1850	37.776515641829974	0.0	1026056	3562.3566637460913	1.85
43427.85281595231	1850	38.702098677193504	0.0	943942	3074.4169646364667	1.85
43430.23070563404	1850	40.32420899546183	0.0	728962	2377.8896817316763	1.85
43433.255058138086	1850	41.299856491417835	0.0	938587	3024.352504043992	1.85
43436.363922773664	1850	42.190991855835804	0.0	908665	3108.8646355820297	1.85
43439.66375441033	1850	42.8911602191785	0.0	930577	3299.831636657303	1.85
43443.010892470455	1850	43.54402215904672	0.0	858450	3347.138060131782	1.85
43446.879265201016	1850	43.67564942848811	0.0	1025005	3868.372730558618	1.85
43450.096346288155	1850	44.458568341356404	0.0	886255	3217.0810871316985	1.85
43453.30024678249	1850	45.254667847022624	0.0	973972	3203.9004943337786	1.85
43456.85181715133	1850	45.70309747818442	0.0	958994	3551.5703688382046	1.85
43460.586418683015	1850	45.9684959464975	0.0	982064	3734.6015316869257	1.85
43463.42417877352	1850	47.13073585598967	0.0	830730	2837.760090507832	1.85
43466.271350739524	1850	48.28356388998826	0.0	846370	2847.1719660014082	1.85

