44182.40989821187	750	4.0	5.369517235609343	450283	5369.517235609343	-22.33892411312017
44184.27298416657	300	6.136914045297466	0.0	155580	1863.0859547025339	-0.15000000000000002
44185.95587047822	300	8.454027733645374	0.0	139857	1682.886311652091	0.3
44187.830839386035	300	10.579058825824221	0.0	155432	1874.9689078211532	0.3
44189.839705073115	300	12.570193138743562	0.0	163442	2008.8656870806587	0.3
44191.41010851137	300	14.999789700485776	0.0	126289	1570.4034382577872	0.3
44195.71311376648	750	14.696784445386106	0.0	352642	4303.00525509967	0.3
44200.84218436151	750	13.567713850350511	0.0	437162	5129.070595035592	0.75
44205.25561794077	750	13.154280271095464	0.0	374758	4413.433579255048	0.75
44209.69669187298	750	12.713206338878335	0.0	362795	4441.073932217129	0.75
44214.116339149936	750	12.293559061925462	0.0	353220	4419.647276952873	0.75
44219.07803429794	750	11.331863913921513	0.0	405134	4961.695148003948	0.75
44223.8774635468	750	10.53243466506881	0.0	386351	4799.4292488527035	0.75
44234.08267892229	750	4.327219289573066	0.0	434409	10205.215375495744	0.75
44235.84879406489	300	6.5611041469706395	0.0	140051	1766.115142602426	-0.15000000000000002
44237.59398491478	300	8.815913297074749	0.0	138313	1745.1908498958903	0.3
44239.378166032926	300	11.031732178933122	0.0	143509	1784.1811181416278	0.3
44241.228801673264	300	13.181096538595543	0.0	150616	1850.6356403375783	0.3
44243.25304932783	300	15.156848884019736	0.0	165384	2024.2476545758088	0.3
44244.95562166102	300	17.454276550835406	0.0	140881	1702.5723331843267	0.3
44249.458466322576	750	16.95143188928114	0.0	386472	4502.844661554266	0.3
44254.04960202898	750	16.36029618287576	0.0	399894	4591.135706405377	0.75
44258.22826133067	750	16.1816368811955	0.0	401853	4178.659301680262	0.75
44262.28463124681	750	16.12526696504765	0.0	343800	4056.3699161478507	0.75
44266.61074156463	750	15.799156647229458	0.0	359903	4326.110317818191	0.75
44271.18437309787	750	15.225525113987617	0.0	379700	4573.631533241843	0.75
44276.28313301969	750	14.126765192170337	0.0	425781	5098.75992181728	0.75
44279.587080550875	750	14.822817660988136	0.0	277716	3303.947531182201	0.75
44284.43305328465	750	13.976844927209012	0.0	400396	4845.9727337791255	0.75
44289.003136341125	750	13.406761870739915	0.0	400508	4570.083056469094	0.75
44293.316501094894	750	13.09339711697482	0.0	358218	4313.364753765096	0.75
44297.96569986508	750	12.44419834678483	0.0	400322	4649.19877018999	0.75
44302.355356727116	750	12.054541484749633	0.0	369834	4389.656862035198	0.75
44304.38236390522	300	14.027534306646732	0.0	163444	2027.0071781028996	-0.15000000000000002
44309.23693091746	750	13.172967294404305	0.0	401088	4854.567012242428	0.3
44313.18783391893	750	13.222064292938459	0.0	365161	3950.9030014658456	0.75
44316.73655508777	750	13.673343124093753	0.0	321064	3548.7211688447064	0.75
44320.811698643716	750	13.598199568154286	0.0	361565	4075.143555939468	0.75
44324.763584495195	750	13.646313716671397	0.0	378327	3951.885851482889	0.75
44328.85742874154	750	13.552469470327344	0.0	390680	4093.8442463440533	0.75
44333.06345661109	750	13.346441600773602	0.0	345516	4206.027869553742	0.75
44337.51001424223	750	12.899883969628961	0.0	384505	4446.557631144639	0.75
44341.46235044362	750	12.947547768246698	0.0	372093	3952.336201382262	0.75
44346.74027943241	750	11.669618779456567	0.0	438281	5277.928988790131	0.75
44351.61804080256	750	10.791857409302658	0.0	398987	4877.761370153908	0.75
44356.43181388031	750	9.978084331554918	0.0	393804	4813.773077747742	0.75
44358.12152715668	300	12.288371055183998	0.0	137507	1689.7132763709194	-0.15000000000000002
44359.58781189783	300	14.822086314035397	0.0	118421	1466.2847411486007	0.3

