21132.54041436515	750	4.0	1.8071968350406733	450283	1807.1968350406732	-7.020946390674895
21133.21718857958	300	7.323225785571234	0.0	155580	676.7742144287657	-0.15000000000000002
21134.642834264832	750	9.897580100314878	0.0	350812	1425.645685256358	0.3
21136.189866435052	750	12.35054793009573	0.0	382355	1547.0321702191463	0.75
21137.853095389495	750	14.687318975649035	0.0	411561	1663.2289544466944	0.75
21141.01467556787	1850	15.525738797276546	0.0	801058	3161.58017837249	0.75
21144.54471446028	1850	15.995699904866667	0.0	905515	3530.0388924098793	1.85
21148.681389484867	1850	15.859024880277664	0.0	1060487	4136.675024589003	1.85
21152.036464169905	1850	16.503950195239664	0.0	852833	3355.0746850379996	1.85
21155.632670157294	1850	16.907744207847905	0.0	913888	3596.20598739176	1.85
21159.292108403486	1850	17.24830596165831	0.0	939819	3659.438246189593	1.85
21162.88126416672	1850	17.65915019842471	0.0	917428	3589.1557632336003	1.85
21166.638302950727	1850	17.902111414415124	0.0	946851	3757.0387840095873	1.85
21170.74618202179	1850	17.794232343355574	0.0	1036454	4107.8790710595495	1.85
21173.988877688163	1850	18.55153667698356	0.0	821631	3242.6956663720143	1.85
21177.60564474032	1850	18.934769624823733	0.0	923170	3616.767052159826	1.85
21181.396236693006	1850	19.144177672137573	0.0	966699	3790.591952686161	1.85
21184.89010711596	1850	19.650307249180635	0.0	885714	3493.870422956938	1.85
21188.767410586643	1850	19.77300377849931	0.0	987708	3877.303470681328	1.85
21192.379827036228	1850	20.160587328913632	0.0	923755	3612.4164495856753	1.85
21195.884155492226	1850	20.656258872918873	0.0	891604	3504.3284559947588	1.85
21199.609807985707	1850	20.93060637943412	0.0	955231	3725.652493484752	1.85
21203.36408575553	1850	21.176328609611513	0.0	968026	3754.2777698226073	1.85
21206.750607050122	1850	21.789807315021477	0.0	874175	3386.521294590036	1.85
21210.242097112852	1850	22.298317252290097	0.0	897976	3491.4900627313805	1.85
21213.77752765469	1850	22.762886710456005	0.0	905935	3535.4305418340928	1.85
21217.989497237937	1850	22.550917127207402	0.0	1076599	4211.969583248604	1.85
21220.980976978793	1850	23.55943738635009	0.0	758197	2991.47974085731	1.85
21224.783188883233	1850	23.757225481910147	0.0	972798	3802.2119044399456	1.85
21228.5848984085	1850	23.955515956644224	0.0	975811	3801.7095252659233	1.85
21232.017386650685	1850	24.523027714456674	0.0	873429	3432.488242187547	1.85
21235.749697864067	1850	24.790716501076187	0.0	954453	3732.3112133804893	1.85
21239.21289106066	1850	25.327523304483762	0.0	885062	3463.193196592422	1.85
21243.25557747858	1850	25.28483688656219	0.0	1035329	4042.686417921573	1.85
21247.24155160277	1850	25.298862762373048	0.0	1026056	3985.9741241891434	1.85
21250.9134933889	1850	25.626920976245334	0.0	943942	3671.941786127715	1.85
21253.76710655025	1850	26.773307814894014	0.0	728962	2853.613161351317	1.85
21257.41372183164	1850	27.12669253350665	0.0	938587	3646.615281387367	1.85
21260.941485128256	1850	27.59892923688804	0.0	908665	3527.763296618608	1.85
21264.55120502077	1850	27.989209344375787	0.0	930577	3609.7198925122552	1.85
21267.897115037715	1850	28.643299327434676	0.0	858450	3345.9100169411113	1.85
21271.89256579308	1850	28.647848572065477	0.0	1025005	3995.4507553691965	1.85
21275.348412187086	1850	29.19200217806208	0.0	886255	3455.846394003398	1.85
21279.107703785987	1850	29.432710579162293	0.0	973972	3759.2915988997884	1.85
21282.830192613455	1850	29.710221751691925	0.0	958994	3722.4888274703653	1.85
21286.645793638967	1850	29.89462072618141	0.0	982064	3815.6010255105152	1.85
21289.890407100043	1850	30.65000726510316	0.0	830730	3244.613461078253	1.85
21293.208964440735	1850	31.33144992441113	0.0	846370	3318.557340692027	1.85

