30442.919873778945	750	4.0	1.4350650477597209	450283	1435.065047759721	-5.420779705366799
30444.200203394485	750	6.719670384458927	0.0	398865	1280.3296155410735	0.75
30445.33592408466	750	9.583949694282564	0.0	350812	1135.7206901763632	0.75
30446.56656911531	750	12.353304663632578	0.0	382355	1230.6450306499871	0.75
30449.37747419917	1850	13.542399579773488	0.0	996749	2810.9050838590897	0.75
30451.633593292994	1850	15.28628048594873	0.0	801058	2256.1190938247582	1.85
30454.122050906044	1850	16.797822872896422	0.0	905515	2488.4576130523083	1.85
30457.013326725635	1850	17.90654705330288	0.0	1060487	2891.2758195935403	1.85
30459.42122946916	1850	19.498644309776157	0.0	852833	2407.902743526718	1.85
30461.999518348435	1850	20.920355430499235	0.0	913888	2578.288879276922	1.85
30464.420280934042	1850	22.4995928448918	0.0	939819	2420.762585607434	1.85
30466.757422919538	1850	24.162450859395722	0.0	917428	2337.1419854960786	1.85
30469.247891245803	1850	25.671982533134237	0.0	946851	2490.4683262614835	1.85
30472.00355411487	1850	26.916319664063856	0.0	1036454	2755.6628690703783	1.85
30474.378905798178	1850	28.540967980755873	0.0	821631	2375.3516833079857	1.85
30477.115382833163	1850	29.80449094577064	0.0	923170	2736.47703498523	1.85
30480.191484609677	1850	30.728389169254793	0.0	966699	3076.1017765158467	1.85
30483.054294084333	1850	31.86557969460161	0.0	885714	2862.8094746531847	1.85
30485.805947508477	1850	33.113926270459295	0.0	987708	2751.653424142306	1.85
30488.48178305123	1850	34.43809072770744	0.0	923755	2675.8355427518613	1.85
30491.755130917707	1850	35.16474286123237	0.0	891604	3273.3478664750705	1.85
30494.793723682855	1850	36.12615009608491	0.0	955231	3038.592765147456	1.85
30497.54338950614	1850	37.376484272801775	0.0	968026	2749.6658232831423	1.85
30502.81374726097	4300	36.10612651796983	0.0	2044075	5270.357754831954	1.8499999999999996
30509.268603825185	4300	33.65126995375363	0.0	2186790	6454.856564216191	4.3
30514.57582234221	4300	32.34405143672971	0.0	2105231	5307.218517023925	4.3
30520.699633922748	4300	30.220239856192478	0.0	2395588	6123.811580537227	4.3
30526.401924165148	4300	28.5179496137921	0.0	1972048	5702.290242400375	4.3
30534.508227094182	4300	24.411646684759333	0.0	2134614	8106.30292903277	4.3
30540.404862609947	4300	22.515011168994413	0.0	2164140	5896.63551576492	4.3
30546.12112868569	4300	20.79874509324977	0.0	2113193	5716.266075744642	4.3
30553.20389176997	4300	17.715982008972468	0.0	2147852	7082.763084277304	4.3
30561.518242042526	4300	13.401631736414801	0.0	2191074	8314.350272557665	4.3
30565.0642366073	1850	13.855637171640014	0.0	1035329	3545.9945647747886	-0.6000000000000001
30568.769894279532	1850	14.1499794994087	0.0	1026056	3705.657672231315	1.85
30571.425398026873	1850	15.494475752068142	0.0	943942	2655.5037473405555	1.85
30573.387194584444	1850	17.532679194496186	0.0	728962	1961.7965575719559	1.85
30575.962704729493	1850	18.957169049445845	0.0	938587	2575.510145050345	1.85
30578.513082402314	1850	20.40679137662608	0.0	908665	2550.3776728197627	1.85
30580.95796291756	1850	21.96191086138089	0.0	930577	2444.880515245192	1.85
30583.103957852087	1850	23.81591592685295	0.0	858450	2145.994934527942	1.85
30585.831427398723	1850	25.088446380216702	0.0	1025005	2727.4695466362455	1.85
30588.522358380753	1850	26.39751539818592	0.0	886255	2690.930982030783	1.85
30591.347067211747	1850	27.572806567191197	0.0	973972	2824.708830994721	1.85
30594.012236817725	1850	28.907636961212326	0.0	958994	2665.1696059788687	1.85
30596.633882744918	1850	30.285991034016348	0.0	982064	2621.6459271959775	1.85
30598.802960972127	1850	32.116912806809445	0.0	830730	2169.0782272069036	1.85
30601.07778555544	1850	33.842088223493306	0.0	846370	2274.8245833161336	1.85

