47038.505081208496	750	4.0	2.1666411634703295	450283	2166.6411634703295	-8.566557002922417
47040.43344796378	750	6.071633244720336	0.0	398865	1928.3667552796642	0.75
47043.155499180655	1200	7.349582027843625	0.0	571051	2722.051216876711	0.75
47046.090204447646	1200	8.414876760849761	0.0	617681	2934.705266993864	1.2
47049.12309060314	1200	9.38199060535309	0.0	652874	3032.886155496671	1.2
47052.84662046924	1850	9.658460739264905	0.0	801058	3723.5298660881863	1.2000000000000002
47057.154153531985	1850	9.350927676519397	0.0	905515	4307.533062745509	1.85
47062.06200911606	1850	8.443072092438888	0.0	1060487	4907.855584080509	1.85
47066.03445613042	1850	8.470625078080797	0.0	852833	3972.447014358092	1.85
47070.26335230988	1850	8.2417288986303	0.0	913888	4228.896179450497	1.85
47074.6517417422	1850	7.853339466305067	0.0	939819	4388.3894323252325	1.85
47078.97831003277	1850	7.5267711757379	0.0	917428	4326.5682905671665	1.85
47083.46163581858	1850	7.043445389927797	0.0	946851	4483.325785810103	1.85
47088.40754022294	1850	6.097540985566318	0.0	1036454	4945.9044043614795	1.85
47092.31978642988	1850	6.1852947786344625	0.0	821631	3912.2462069318553	1.85
47096.61460760811	1850	5.890473600396526	0.0	923170	4294.821178237936	1.85
47101.13669978759	1850	5.368381420919864	0.0	966699	4522.092179476663	1.85
47105.31606561594	1850	5.1890155925668795	0.0	885714	4179.365828352984	1.85
47109.93116836536	1850	4.573912843145302	0.0	987708	4615.102749421578	1.85
47114.23589820115	1850	4.26918300734858	0.0	923755	4304.729835796721	1.85
47117.12531552782	1200	5.379765680683282	0.0	601738	2889.4173266652992	0.5499999999999999
47120.03529886774	1200	6.4697823407614035	0.0	616206	2909.983339921879	1.2
47124.563288825455	1850	5.941792383052123	0.0	968026	4527.98995770928	1.2000000000000002
47128.79485864757	1850	5.710222560935419	0.0	874175	4231.569822116704	1.85
47133.59310066432	1850	4.911980544182795	0.0	897976	4798.242016752624	1.85
47136.44163552592	1200	6.063445682578761	0.0	590335	2848.5348616040337	0.5499999999999999
47139.72534779163	1200	6.779733416873417	0.0	696376	3283.712265705344	1.2
47141.97989691617	1200	8.525184292332986	0.0	487160	2254.5491245404314	1.2
47144.87495036118	1200	9.630130847322485	0.0	622896	2895.053445010501	1.2
47147.90205460064	1200	10.603026607868284	0.0	641447	3027.104239454201	1.2
47151.907553078316	1850	10.59752813019075	0.0	873429	4005.498477677534	1.2000000000000002
47156.2809794072	1850	10.224101801304478	0.0	954453	4373.426328886271	1.85
47160.67103669492	1850	9.834044513582619	0.0	885062	4390.057287721858	1.85
47166.12211872191	1850	8.382962486593893	0.0	1035329	5451.082026988727	1.85
47170.993273311964	1850	7.511807896538489	0.0	1026056	4871.154590055404	1.85
47175.42376019442	1850	7.081321014080002	0.0	943942	4430.486882458487	1.85
47178.912900381634	1850	7.592180826867995	0.0	728962	3489.140187212007	1.85
47183.349232828485	1850	7.155848380014062	0.0	938587	4436.332446853933	1.85
47187.5936503602	1850	6.911430848297162	0.0	908665	4244.4175317169	1.85
47192.390253717254	1850	6.114827491239715	0.0	930577	4796.603357057447	1.85
47196.86262016753	1850	5.642461040957759	0.0	858450	4472.366450281956	1.85
47201.81635949003	1850	4.6887217184567405	0.0	1025005	4953.739322501018	1.85
47204.69424020659	1200	5.810841001891765	0.0	599477	2877.880716564976	0.5499999999999999
47207.7271089238	1200	6.777972284680511	0.0	634861	3032.868717211253	1.2
47212.32135019062	1850	6.183731017857213	0.0	958994	4594.241266823298	1.2000000000000002
47217.49673406184	1850	5.008347146648331	0.0	982064	5175.383871208882	1.85
47221.86118953567	1850	4.643891672813189	0.0	830730	4364.455473835143	1.85
47225.750168586084	1850	4.75491262240087	0.0	846370	3888.9790504123184	1.85

