28691.110154822065	750	4.0	2.2926673230063432	450283	2292.6673230063434	-9.108469488927275
28691.95466687807	300	7.155487943996715	0.0	155580	844.5120560032846	-0.15000000000000002
28693.758538862843	750	9.351615959226022	0.0	350812	1803.871984770692	0.3
28696.643826411142	1200	10.466328410927773	0.0	617681	2885.287548298251	0.75
28699.64309186101	1200	11.467062961061028	0.0	652874	2999.2654498667434	1.2
28703.172217470328	1850	11.937937351742132	0.0	801058	3529.125609318897	1.2000000000000002
28707.376370840448	1850	11.733783981622057	0.0	905515	4204.153370120075	1.85
28712.278606303786	1850	10.831548518287617	0.0	1060487	4902.23546333444	1.85
28714.979931336205	1200	12.13022348586622	0.0	584846	2701.325032421397	0.5499999999999999
28719.195439214713	1850	11.914715607357804	0.0	913888	4215.507878508415	1.2000000000000002
28723.793070632717	1850	11.317084189354603	0.0	939819	4597.631418003203	1.85
28728.030814136342	1850	11.0793406857304	0.0	917428	4237.743503624201	1.85
28732.335880346123	1850	10.774274475947076	0.0	946851	4305.066209783325	1.85
28735.556322835215	1200	11.553831986857341	0.0	687371	3220.4424890897335	0.5499999999999999
28739.768814595755	1850	11.341340226318056	0.0	821631	4212.491760539286	1.2000000000000002
28744.348495177102	1850	10.761659644972882	0.0	923170	4579.680581345174	1.85
28747.349146634762	1200	11.761008187312717	0.0	617242	3000.6514576601667	0.5499999999999999
28751.634927379142	1850	11.475227442932107	0.0	885714	4285.78074438061	1.2000000000000002
28756.42990808685	1850	10.680246735224873	0.0	987708	4794.980707707235	1.85
28759.124111952806	1200	11.986042869273435	0.0	586839	2694.203865951439	0.5499999999999999
28763.223306760472	1850	11.8868480616046	0.0	891604	4099.194807668835	1.2000000000000002
28767.730556929862	1850	11.37959789221374	0.0	955231	4507.25016939086	1.85
28772.361357737384	1850	10.748797084693466	0.0	968026	4630.800807520275	1.85
28774.92440559654	1200	12.18574922553725	0.0	536667	2563.047859156215	0.5499999999999999
28779.45280353631	1850	11.657351285764925	0.0	897976	4528.397939772325	1.2000000000000002
28784.035427115854	1850	11.07472770622151	0.0	905935	4582.623579543414	1.85
28789.120236009578	1850	9.98991881249752	0.0	1076599	5084.808893723991	1.85
28791.396521987965	1200	11.7136328341116	0.0	487160	2276.285978385918	0.5499999999999999
28795.961156476304	1850	11.148998345770066	0.0	972798	4564.634488341534	1.2000000000000002
28800.430501576575	1850	10.679653245499164	0.0	975811	4469.345100270902	1.85
28803.07534335426	1200	12.034811467816063	0.0	570392	2644.841777683103	0.5499999999999999
28807.536876945265	1850	11.573277876809636	0.0	954453	4461.533591006426	1.2000000000000002
28811.90173511476	1850	11.208419707313162	0.0	885062	4364.858169496473	1.85
28816.758866649274	1850	10.351288172801473	0.0	1035329	4857.13153451169	1.85
28820.058932529133	1200	11.051222292942413	0.0	690253	3300.06587985906	0.5499999999999999
28824.407388190713	1850	10.702766631362142	0.0	943942	4348.455661580273	1.2000000000000002
28826.6550054717	1200	12.455149350371833	0.0	487812	2247.6172809903073	0.5499999999999999
28830.91098159173	1850	12.199173230346513	0.0	938587	4255.976120025319	1.2000000000000002
28835.125166338952	1850	11.984988483122917	0.0	908665	4214.184747223598	1.85
28844.352288986316	1850	6.75786583575532	0.0	930577	9227.122647367598	1.85
28845.163561714962	300	9.946593107112284	0.0	147968	811.2727286430369	-1.25
28848.32342302791	1200	10.786731794165132	0.0	641452	3159.861312947153	0.29999999999999993
28851.149783159402	1200	11.9603716626738	0.0	599477	2826.360131491331	1.2
28855.881945429606	1850	11.228209392470642	0.0	973972	4732.162270203159	1.2000000000000002
28860.777545365414	1850	10.332609456660371	0.0	958994	4895.599935810271	1.85
28864.21541138365	1200	10.894743438423703	0.0	638661	3437.8660182366684	0.5499999999999999
28867.211062385948	1200	11.8990924361301	0.0	538612	2995.651002293602	1.2
28871.247591646257	1850	11.862563175820242	0.0	846370	4036.529260309859	1.2000000000000002

