5050.802024830461	750	4.0	5.289240610757688	450283	5289.240610757688	-21.99373462625806
5052.6578986632885	300	6.144126167172188	0.0	155580	1855.873832827812	-0.15000000000000002
5054.334301714052	300	8.467723116408598	0.0	139857	1676.40305076359	0.3
5056.192049886574	300	10.609974943886623	0.0	155432	1857.7481725219743	0.3
5058.156355958628	300	12.645668871832456	0.0	163442	1964.3060720541687	0.3
5059.692328900305	300	15.109695930154984	0.0	126289	1535.9729416774692	0.3
5063.820582638767	750	14.98144219169422	0.0	352642	4128.253738460764	0.3
5069.369101205714	750	13.43292362474714	0.0	437162	5548.518566947081	0.75
5074.002329058994	750	12.799695771466263	0.0	374758	4633.227853280877	0.75
5078.240087823907	750	12.561937006554116	0.0	362795	4237.758764912148	0.75
5082.387806592809	750	12.414218237651701	0.0	353220	4147.718768902413	0.75
5092.231882484702	750	6.57014234575969	0.0	405134	9844.075891892011	0.75
5094.210852688587	300	8.591172141875209	0.0	160746	1978.97020388448	-0.15000000000000002
5096.414928818808	300	10.38709601165341	0.0	179801	2204.0761302217998	0.3
5098.120132220802	300	12.681892609659437	0.0	140051	1705.203401993973	0.3
5099.800781215441	300	15.001243615019602	0.0	138313	1680.6489946398344	0.3
5104.049918731121	750	14.752106099340832	0.0	360831	4249.137515678772	0.3
5108.449906094332	750	14.352118736129647	0.0	372963	4399.987363211185	0.75
5113.262115014016	750	13.53990981644535	0.0	405596	4812.208919684297	0.75
5117.430186232912	750	13.37183859754849	0.0	350713	4168.071218896861	0.75
5121.99364936456	750	12.808375465901022	0.0	386472	4563.463131647466	0.75
5126.722555752921	750	12.079469077540002	0.0	399894	4728.90638836102	0.75
5131.432118850479	750	11.369905979981596	0.0	401853	4709.563097558409	0.75
5138.222302317082	750	8.579722513378357	0.0	343800	6790.183466603236	0.75
5140.23350533165	300	10.568519498809852	0.0	146754	2011.2030145685064	-0.15000000000000002
5142.339245888341	300	12.462778942118744	0.0	153938	2105.7405566911066	0.3
5144.544842121518	300	14.257182708941677	0.0	181901	2205.5962331770684	0.3
5145.904329290675	300	16.897695539784735	0.0	111155	1359.4871691569408	0.3
5150.574886424164	750	16.227138406295587	0.0	400396	4670.5571334891465	0.3
5155.284510250652	750	15.517514579808132	0.0	400508	4709.623826487455	0.75
5159.521136325272	750	15.28088850518762	0.0	358218	4236.626074620513	0.75
5164.254754652432	750	14.547270178027688	0.0	400322	4733.618327159933	0.75
5168.770976572789	750	14.031048257671271	0.0	369834	4516.221920356416	0.75
5173.565058492159	750	13.236966338300757	0.0	412837	4794.081919370515	0.75
5178.233517674414	750	12.568507156045618	0.0	401088	4668.459182255139	0.75
5182.51965303143	750	12.282371799029763	0.0	365161	4286.135357015856	0.75
5186.289624889394	750	12.512399941064356	0.0	321064	3769.9718579654073	0.75
5190.527792653118	750	12.274232177340357	0.0	361565	4238.167763723998	0.75
5194.963188865049	750	11.838835965409883	0.0	378327	4435.396211930472	0.75
5199.542162362128	750	11.259862468331399	0.0	390680	4578.973497078485	0.75
5203.626919747223	750	11.175105083235739	0.0	345516	4084.757385095662	0.75
5210.177771616916	750	8.624253213542689	0.0	384505	6550.85186969305	0.75
5211.9420285382985	300	10.859996292159854	0.0	145210	1764.256921382834	-0.15000000000000002
5214.020635236441	300	12.781389594017035	0.0	172312	2078.60669814282	0.3
5216.04559694282	300	14.756427887637198	0.0	167025	2024.961706379837	0.3
5217.989546087836	300	16.812478742622147	0.0	160064	1943.9491450150492	0.3
5221.9510060565635	750	16.85101877389401	0.0	331053	3961.45996872814	0.3
5225.705350597792	750	17.096674232665166	0.0	314107	3754.344541228841	0.75

