12850.6618850046	750	4.0	1.5664722166227987	450283	1566.4722166227987	-5.985830531478034
12852.058616350629	750	6.6032686539726075	0.0	398865	1396.7313460273929	0.75
12853.296715348943	750	9.365169655658487	0.0	350812	1238.0989983141208	0.75
12854.6565101908	750	12.005374813801701	0.0	382355	1359.7948418567853	0.75
12856.201922723847	750	14.459962280755805	0.0	411561	1545.4125330458965	0.75
12857.416208232378	750	17.24567677222309	0.0	318564	1214.2855085327155	0.75
12858.751832566266	750	19.910052438337296	0.0	352642	1335.6243338857935	0.75
12862.33788011314	1850	20.324004891462398	0.0	1060487	3586.047546874896	0.75
12865.173920725567	1850	21.48796427903531	0.0	852833	2836.0406124270894	1.85
12868.242145871785	1850	22.419739132818314	0.0	913888	3068.225146216996	1.85
12871.343264271174	1850	23.31862073342878	0.0	939819	3101.1183993895365	1.85
12874.313413330692	1850	24.348471673909444	0.0	917428	2970.149059519337	1.85
12877.401268592512	1850	25.260616412089146	0.0	946851	3087.8552618203	1.85
12880.829991280267	1850	25.831893724334144	0.0	1036454	3428.7226877550024	1.85
12883.744772484886	1850	26.917112519714895	0.0	821631	2914.7812046192494	1.85
12886.945419917882	1850	27.716465086719406	0.0	923170	3200.647432995486	1.85
12890.22917123053	1850	28.432713774071093	0.0	966699	3283.7513126483145	1.85
12893.301183953121	1850	29.360701051479758	0.0	885714	3072.012722591334	1.85
12896.698760920208	1850	29.963124084392515	0.0	987708	3397.5769670872437	1.85
12899.835768339595	1850	30.82611666500534	0.0	923755	3137.0074193871715	1.85
12903.50309681233	1850	31.158788192269242	0.0	891604	3667.3284727360983	1.85
12907.431866349103	1850	31.23001865549585	0.0	955231	3928.7695367733954	1.85
12911.060403580928	1850	31.601481423670894	0.0	968026	3628.537231824953	1.85
12914.121355903422	1850	32.54052910117596	0.0	874175	3060.952322494933	1.85
12917.417881939888	1850	33.2440030647098	0.0	897976	3296.526036466161	1.85
12920.995521877001	1850	33.66636312759848	0.0	905935	3577.63993711132	1.85
12924.848820851634	1850	33.81306415296605	0.0	1076599	3853.298974632433	1.85
12927.540590381937	1850	35.121294622661594	0.0	758197	2691.769530304451	1.85
12930.922967823612	1850	35.73891718098757	0.0	972798	3382.377441674032	1.85
12934.416814374934	1850	36.24507062966596	0.0	975811	3493.846551321605	1.85
12937.639194061529	1850	37.02269094307049	0.0	873429	3222.379686595479	1.85
12945.48738058925	4300	33.17450441535166	0.0	2147852	7848.186527718816	1.8499999999999996
12953.250477091373	4300	29.411407913229116	0.0	2191074	7763.096502122551	4.3
12961.347537760368	4300	25.31434724423335	0.0	2286761	8097.060668995764	4.3
12969.640409617901	4300	21.021475386699844	0.0	2307787	8292.871857533508	4.3
12977.24209142868	4300	17.419793575919837	0.0	2143948	7601.6818107800045	4.3
12984.322330596175	4300	14.339554408424824	0.0	1919781	7080.239167495012	4.3
12991.717623582965	4300	10.944261421635092	0.0	2147467	7395.292986789733	4.3
12994.998515036077	1850	11.663369968523854	0.0	908665	3280.891453111239	-0.6000000000000001
12998.560435114228	1850	12.101449890371256	0.0	930577	3561.920078152597	1.85
13002.181900989022	1850	12.479984015578749	0.0	858450	3621.465874792505	1.85
13005.80481133913	1850	12.857073665469485	0.0	1025005	3622.910350109264	1.85
13009.000202261026	1850	13.661682743572701	0.0	886255	3195.390921896784	1.85
13012.609424216427	1850	14.052460788173528	0.0	973972	3609.2219553991717	1.85
13016.137528954474	1850	14.524356050125473	0.0	958994	3528.1047380480554	1.85
13019.757058974928	1850	14.904826029671156	0.0	982064	3619.5300204543155	1.85
13022.836847594424	1850	15.825037410175428	0.0	830730	3079.7886194957287	1.85
13025.77293893562	1850	16.888946068981014	0.0	846370	2936.091341194412	1.85

