35286.24559817513	750	4.0	7.375311610704221	450283	7375.3116107042215	-30.96383992602815
35288.754072576	300	5.491525599133535	0.0	155580	2508.4744008664647	-0.15000000000000002
35291.04143637881	300	7.204161796321972	0.0	139857	2287.3638028115624	0.3
35293.57853444232	300	8.667063732805074	0.0	155432	2537.0980635168985	0.3
35296.22765396163	300	10.017944213497792	0.0	163442	2649.119519307282	0.3
35298.289271018824	300	11.956327156298524	0.0	126289	2061.617057199267	0.3
35300.7662833428	300	13.479314832333737	0.0	153295	2477.0123239647883	0.3
35303.5572081715	300	14.688390003624122	0.0	173849	2790.924828709615	0.3
35306.76104313693	300	15.484555038192921	0.0	150710	3203.8349654312005	0.3
35310.02411984242	300	16.22147833271086	0.0	139105	3263.0767054820626	0.3
35312.350823649234	300	17.894774525895073	0.0	141840	2326.7038068157854	0.3
35314.9038250048	300	19.34177317033054	0.0	156148	2553.0013555645323	0.3
35317.518380868016	300	20.727217307112454	0.0	160746	2614.555863218087	0.3
35320.429192817784	300	21.816405357348735	0.0	179801	2910.811949763717	0.3
35322.69654554249	300	23.54905263264592	0.0	140051	2267.352724702814	0.3
35328.50917793538	750	21.73642023974631	0.0	366214	5812.632392899613	0.3
35334.27186209992	750	19.97373607520793	0.0	360831	5762.684164538378	0.75
35340.40629631568	750	17.839301859444888	0.0	372963	6134.434215763043	0.75
35346.78342689428	750	15.462171280842812	0.0	405596	6377.130578602077	0.75
35352.36323045748	750	13.882367717647645	0.0	350713	5579.803563195167	0.75
35358.495996226906	750	11.749601948214774	0.0	386472	6132.76576943287	0.75
35364.877977804375	750	9.367620370741374	0.0	399894	6381.981577473401	0.75
35371.26085826928	750	6.984739905845696	0.0	401853	6382.8804648956775	0.75
35376.696538263786	750	5.5490599113379275	0.0	343800	5435.679994507768	0.75
35379.064836936705	300	7.180761238417528	0.0	146754	2368.2986729203994	-0.15000000000000002
35381.5680497299	300	8.67754844521906	0.0	153938	2503.2127931984683	0.3
35384.59355434823	300	9.652043826902908	0.0	181901	3025.504618316153	0.3
35386.461953268	300	11.783644907126218	0.0	111155	1868.3989197766903	0.3
35388.950349296705	300	13.295248878420043	0.0	153605	2488.396028706174	0.3
35391.372106278424	300	14.87349189669907	0.0	149029	2421.7569817209724	0.3
35394.05071788218	300	16.194880292945204	0.0	157421	2678.6116037538654	0.3
35400.50425300785	750	13.741345167271957	0.0	400322	6453.535125673247	0.3
35406.38590859656	750	11.859689578562774	0.0	369834	5881.655588709182	0.75
35412.86259643121	750	9.383001743914829	0.0	412837	6476.687834647945	0.75
35418.932984524	750	7.3126136511277355	0.0	401088	6070.388092787093	0.75
35424.77960262527	750	5.46599554985517	0.0	365161	5846.618101272566	0.75
35426.94250932823	300	7.303088846891973	0.0	131610	2162.906702963197	-0.15000000000000002
35428.96613659866	300	9.27946157645866	0.0	124011	2023.627270433312	0.3
35431.30703287616	300	10.938565298958382	0.0	144254	2340.8962775002783	0.3
35433.72128296303	300	12.524315212088906	0.0	149991	2414.2500868694747	0.3
35436.0973553065	300	14.148242868616855	0.0	147968	2376.072343472051	0.3
35438.70859412586	300	15.537004049257918	0.0	161857	2611.238819358938	0.3
35444.727987380626	750	13.517610794494741	0.0	372093	6019.393254763176	0.3
35451.753297421805	750	10.492300753310962	0.0	438281	7025.310041183779	0.75
35458.19279121345	750	8.052806961669734	0.0	398987	6439.493791641228	0.75
35464.58340647861	750	5.662191696500185	0.0	393804	6390.61526516955	0.75
35469.99359120973	750	4.252006965389931	0.0	331053	5410.184731110254	0.75
35474.97922633074	750	4.0	0.7336281556264075	314107	4985.635121016338	-2.404601069193552

