16902.632904328668	750	4.0	2.8224282704295933	450283	2822.4282704295933	-11.386441562847251
16903.6604572905	300	6.972447038166139	0.0	155580	1027.5529618338605	-0.15000000000000002
16904.592250031106	300	10.040654297561959	0.0	139857	931.7927406041794	0.3
16909.047382885758	1200	9.585521442911341	0.0	617681	4455.132854650617	0.29999999999999993
16913.050608351095	1200	9.58229597757153	0.0	652874	4003.2254653398118	1.2
16916.05315225081	1200	10.57975207785548	0.0	520315	3002.5438997160504	1.2
16919.24055503195	1200	11.392349296718622	0.0	561791	3187.402781136856	1.2
16925.82755057847	1850	8.805353750193758	0.0	1060487	6586.995546524865	1.2000000000000002
16928.25362996676	750	10.379274361907987	0.0	374758	2426.07938828577	-0.3500000000000001
16931.9573171967	1200	10.675587131967905	0.0	560821	3703.6872299400825	0.75
16936.1558577182	1200	10.477046610466514	0.0	607410	4198.540521501392	1.2
16940.0368172385	1200	10.59608709016908	0.0	594078	3880.959520297434	1.2
16944.040898267023	1200	10.592006061644781	0.0	624282	4004.081028524298	1.2
16948.516558521296	1200	10.116345807372099	0.0	687371	4475.660254272681	1.2
16951.99614212657	1200	10.636762202102032	0.0	526950	3479.5836052700674	1.2
16955.811036102376	1200	10.821868226293907	0.0	587876	3814.8939758081256	1.2
16962.4043333052	1200	8.228571023473359	0.0	617242	6593.297202820548	1.2
16964.706538976738	750	9.926365351937216	0.0	372963	2302.205671536143	0.3
16968.55413617187	1200	10.078768156803381	0.0	639204	3847.597195133835	0.75
16972.064665315094	1200	10.568239013576216	0.0	586839	3510.529143227164	1.2
16975.65018264627	1200	10.98272168240148	0.0	601738	3585.5173311747344	1.2
16979.358995550672	1200	11.273908777997576	0.0	616206	3708.812904403905	1.2
16984.858031854084	1850	9.774872474586449	0.0	968026	5499.036303411126	1.2000000000000002
16988.087735147637	1200	10.54516918103625	0.0	536667	3229.7032935501998	0.5499999999999999
16992.05142710554	1200	10.58147722313394	0.0	587236	3963.691957902311	1.2
16995.939209052478	1200	10.693695276194296	0.0	590335	3887.7819469396436	1.2
17002.603932737977	1200	8.02897159069648	0.0	696376	6664.7236854978155	1.2
17004.35319112911	750	10.279713199561193	0.0	277716	1749.258391135288	0.3
17008.24030880947	1200	10.392595519202525	0.0	622896	3887.117680358667	0.75
17012.445527615957	1200	10.18737671271523	0.0	641447	4205.218806487295	1.2
17016.845921016622	1200	9.786983312049644	0.0	570392	4400.3934006655845	1.2
17025.741230045493	1200	4.891674283178862	0.0	620283	8895.309028870783	1.2
17027.32266685147	300	7.310237477205714	0.0	143881	1581.4368059731476	-0.6000000000000001
17030.129868727432	750	8.503035601242452	0.0	412837	2807.2018759632606	0.3
17032.790030561337	750	9.84287376733627	0.0	401088	2660.161833906182	0.75
17036.323049354625	1200	10.309854974046168	0.0	598727	3533.0187932901017	0.75
17039.21815845765	1200	11.414745871017058	0.0	487812	2895.1091030291104	1.2
17044.698941611467	1850	9.933962717201874	0.0	938587	5480.783153815183	1.2000000000000002
17048.27171046617	1200	10.361193862493762	0.0	605884	3572.768854708113	0.5499999999999999
17052.029213920643	1200	10.603690408023136	0.0	587506	3757.5034544706255	1.2
17055.60887420361	1200	11.024030125053814	0.0	566904	3579.660282969322	1.2
17061.899115142423	1850	8.733789186240791	0.0	1025005	6290.240938813023	1.2000000000000002
17064.2213151703	750	10.411589158366315	0.0	372093	2322.200027874479	-0.3500000000000001
17068.143923486543	1200	10.488980842124857	0.0	634861	3922.6083162414575	0.75
17072.328753525333	1200	10.304150803336823	0.0	630203	4184.830038788034	1.2
17078.128221696774	1200	8.504682631891852	0.0	638661	5799.468171444971	1.2
17081.483452295703	750	9.149452032963666	0.0	331053	3355.230598928187	0.3
17089.172176575437	1200	5.460727753227577	0.0	550906	7688.724279736089	0.75

