26822.98733772954	750	4.0	1.5003753806185098	450283	1500.3753806185098	-5.701614136659592
26824.32551986431	750	6.661817865230529	0.0	398865	1338.1821347694715	0.75
26825.512123329296	750	9.475214400241754	0.0	350812	1186.6034649887752	0.75
26826.798226221603	750	12.18911150793538	0.0	382355	1286.1028923063723	0.75
26828.173867088994	750	14.813470640544121	0.0	411561	1375.6408673912592	0.75
26830.77565469288	1850	16.211683036656787	0.0	801058	2601.787603887333	0.75
26833.702202580407	1850	17.285135149130298	0.0	905515	2926.547887526487	1.85
26837.112486779526	1850	17.874850950011247	0.0	1060487	3410.2841991190494	1.85
26839.863228789633	1850	19.124108939904662	0.0	852833	2750.7420101065895	1.85
26842.811804981193	1850	20.175532748341343	0.0	913888	2948.5761915633193	1.85
26845.87283283376	1850	21.114504895777912	0.0	939819	3061.0278525634308	1.85
26848.84257754994	1850	22.144760179596442	0.0	917428	2969.7447161814666	1.85
26851.88293356767	1850	23.104404161870598	0.0	946851	3040.3560177258496	1.85
26855.224389504187	1850	23.76294822535407	0.0	1036454	3341.455936516525	1.85
26857.890932576564	1850	25.096405152978143	0.0	821631	2666.5430723759287	1.85
26860.8378154284	1850	26.149522301144433	0.0	923170	2946.8828518337123	1.85
26863.92479576465	1850	27.06254196489221	0.0	966699	3086.9803362522266	1.85
26866.76797091531	1850	28.2193668142324	0.0	885714	2843.1751506598057	1.85
26869.951169434557	1850	29.036168294986656	0.0	987708	3183.198519245746	1.85
26872.945748973827	1850	30.04158875571332	0.0	923755	2994.579539273333	1.85
26875.829146406646	1850	31.158191322892776	0.0	891604	2883.3974328205427	1.85
26878.931497200047	1850	32.05584052949306	0.0	955231	3102.350793399718	1.85
26882.143606921403	1850	32.843730808132925	0.0	968026	3212.109721360136	1.85
26884.998503641094	1850	33.988834088442374	0.0	874175	2854.8967196905514	1.85
26887.889381811234	1850	35.09795591830411	0.0	897976	2890.87817013827	1.85
26890.88257382736	1850	36.10476390217996	0.0	905935	2993.192016124145	1.85
26894.424719468378	1850	36.56261826116136	0.0	1076599	3542.1456410186015	1.85
26896.885427773504	1850	38.1019099560337	0.0	758197	2460.7083051276613	1.85
26900.028115066678	1850	38.959222662861926	0.0	972798	3142.687293171772	1.85
26903.192684923313	1850	39.79465280622659	0.0	975811	3164.569856635342	1.85
26906.060168744847	1850	40.92716898469369	0.0	873429	2867.4838215329028	1.85
26909.192056838183	1850	41.79528089135596	0.0	954453	3131.888093337729	1.85
26912.03110051932	1850	42.9562372102203	0.0	885062	2839.0436811356553	1.85
26915.359905590325	1850	43.62743213921784	0.0	1035329	3328.805071002465	1.85
26918.698758920866	1850	44.28857880867524	0.0	1026056	3338.853330542603	1.85
26921.755147632233	1850	45.232190097310024	0.0	943942	3056.3887113652063	1.85
26924.12958934465	1850	46.85774838489213	0.0	728962	2374.441712417893	1.85
26927.126085803586	1850	47.86125192595704	0.0	938587	2996.4964589350943	1.85
26930.02949578335	1850	48.95784194619337	0.0	908665	2903.4099797636745	1.85
26933.026208811625	1850	49.96112891791785	0.0	930577	2996.7130282755143	1.85
26935.79952708028	1850	51.187810649263895	0.0	858450	2773.318268653954	1.85
26939.100545616366	1850	51.88679211317826	0.0	1025005	3301.0185360856412	1.85
26942.233253570877	1850	52.75408415866904	0.0	886255	3132.7079545092165	1.85
26945.68883618999	1850	53.29850153955174	0.0	973972	3455.5826191173064	1.85
26948.792438326866	1850	54.19489940268086	0.0	958994	3103.6021368708753	1.85
26952.017706736107	1850	54.96963099343809	0.0	982064	3225.268409242776	1.85
26954.788032212604	1850	56.19930551694026	0.0	830730	2770.325476497826	1.85
26957.538630263985	1850	57.448707465560595	0.0	846370	2750.598051379663	1.85

