20035.120402543806	750	4.0	7.346141423456698	450283	7346.141423456698	-30.8384081208638
20037.595693252624	300	5.5247092911814715	0.0	155580	2475.2907088185284	-0.15000000000000002
20039.825596354796	300	7.294806189007635	0.0	139857	2229.9031021738365	0.3
20042.294232690056	300	8.826169853749175	0.0	155432	2468.6363352584613	0.3
20044.8752612786	300	10.245141265204413	0.0	163442	2581.02858854476	0.3
20046.88390037959	300	12.23650216421483	0.0	126289	2008.6391009895826	0.3
20049.3051165835	300	13.815285960304681	0.0	153295	2421.2162039101477	0.3
20056.090096502885	750	11.030306040919577	0.0	437162	6784.979919385105	0.3
20058.49617094102	300	12.624231602783563	0.0	150710	2406.0744381360123	-0.15000000000000002
20060.71755616811	300	14.40284637569386	0.0	139105	2221.3852270897046	0.3
20062.98104404137	300	16.13935850242975	0.0	141840	2263.4878732641077	0.3
20069.27062551028	750	13.849777033521987	0.0	405134	6289.581468907764	0.3
20075.280395634447	750	11.84000690935313	0.0	386351	6009.7701241688565	0.75
20078.138269865656	300	12.98213267814544	0.0	179801	2857.874231207691	-0.15000000000000002
20080.373954548755	300	14.746447995045077	0.0	140051	2235.6846831003645	0.3
20082.578611249442	300	16.54179129435522	0.0	138313	2204.656700689853	0.3
20088.172978930263	750	14.947423613538698	0.0	360831	5594.367680816524	0.3
20093.99687417681	750	13.12352836698907	0.0	372963	5823.895246549628	0.75
20100.291044186488	750	10.829358357314105	0.0	405596	6294.1700096749655	0.75
20102.521099852816	300	12.59930269098548	0.0	140881	2230.0556663286247	-0.15000000000000002
20105.008607739048	300	14.111794804754929	0.0	157671	2487.5078862305513	0.3
20107.50233142197	300	15.618071121834914	0.0	157812	2493.7236829200165	0.3
20113.70555017892	750	13.414852364885208	0.0	401853	6203.2187569497055	0.3
20119.02919654699	750	12.091205996814697	0.0	343800	5323.646368070511	0.75
20124.596122530467	750	10.52428001333608	0.0	359903	5566.925983478618	0.75
20127.038409846376	300	12.081992697425415	0.0	153938	2442.287315910666	-0.15000000000000002
20129.91133743717	300	13.209065106630817	0.0	181901	2872.9275907945985	0.3
20131.696422288343	300	15.423980255460505	0.0	111155	1785.0848511703107	0.3
20134.132647473092	300	16.987755070710506	0.0	153605	2436.225184749998	0.3
20140.340561984143	750	14.779840559659037	0.0	400508	6207.91451105147	0.3
20145.902413597963	750	13.217988945837943	0.0	358218	5561.851613821095	0.75
20152.522172540444	750	10.598230003357314	0.0	400322	6619.75894248063	0.75
20155.36046468484	300	11.759937858962068	0.0	143881	2838.292144395245	-0.15000000000000002
20157.962034285367	300	13.158368258435749	0.0	163444	2601.5696005263203	0.3
20160.795675516816	300	14.324727026985972	0.0	179328	2833.6412314497766	0.3
20163.31846115613	300	15.801941387673551	0.0	159914	2522.7856393124216	0.3
20168.28615581128	750	14.834246732521885	0.0	321064	4967.694655151665	0.3
20173.875820127483	750	13.244582416317273	0.0	361565	5589.664316204614	0.75
20179.72308129271	750	11.39732125109414	0.0	378327	5847.261165223131	0.75
20185.77224054179	750	9.3481620020074	0.0	390680	6049.159249086741	0.75
20188.10396776148	300	11.016434782323024	0.0	147968	2331.7272196843765	-0.15000000000000002
20190.645858867625	300	12.474543676175957	0.0	161857	2541.891106147066	0.3
20192.939817878443	300	14.1805846653598	0.0	145210	2293.9590108161574	0.3
20199.74282073323	750	11.37758181057428	0.0	438281	6803.00285478552	0.3
20202.390391315694	300	12.730011228111263	0.0	167025	2647.570582463017	-0.15000000000000002
20204.91971583065	300	14.200686713156177	0.0	160064	2529.3245149550853	0.3
20207.10723044802	300	16.01317209578906	0.0	137507	2187.514617367118	0.3
20212.0172086667	750	15.103193877106156	0.0	314107	4909.978218682903	0.3

