185.04168393072283	750	4.0	1.6636513739301029	450283	1663.6513739301029	-6.4037009078994425
186.52449750632445	750	6.517186424398367	0.0	398865	1482.8135756016336	0.75
187.8383080339064	750	9.203375896816452	0.0	350812	1313.8105275819141	0.75
189.25103748594483	750	11.790646444778003	0.0	382355	1412.7294520384476	0.75
190.74771498838732	750	14.293968942335542	0.0	411561	1496.67750244246	0.75
191.92427771393244	750	17.11740621679041	0.0	318564	1176.5627255451313	0.75
193.21814391558013	750	19.82354001514275	0.0	352642	1293.8662016476633	0.75
199.2753298187942	1850	17.76635411192865	0.0	1060487	6057.185903214099	0.75
202.36954925876768	1850	18.672134671955174	0.0	852833	3094.219439973478	1.85
205.62211633732667	1850	19.419567593396184	0.0	913888	3252.5670785589914	1.85
208.89670149239163	1850	20.144982438331237	0.0	939819	3274.585155064945	1.85
212.12553343204547	1850	20.916150498677354	0.0	917428	3228.8319396538836	1.85
215.4619443225574	1850	21.579739608165458	0.0	946851	3336.4108905118965	1.85
219.11229972217163	1850	21.92938420855124	0.0	1036454	3650.355399614219	1.85
222.01902060230339	1850	23.022663328419487	0.0	821631	2906.720880131754	1.85
225.2802570069996	1850	23.76142692372328	0.0	923170	3261.2364046962048	1.85
228.71681360761016	1850	24.32487032311274	0.0	966699	3436.5566006105405	1.85
231.90336480457313	1850	25.138319126149778	0.0	885714	3186.551196962961	1.85
235.45140481951753	1850	25.59027911120535	0.0	987708	3548.040014944425	1.85
238.70980550597957	1850	26.331878424743337	0.0	923755	3258.400686462018	1.85
241.8698957216421	1850	27.17178820908082	0.0	891604	3160.090215662517	1.85
245.26191912897028	1850	27.779764801752645	0.0	955231	3392.0234073281754	1.85
248.77394295111398	1850	28.267740979608956	0.0	968026	3512.0238221436884	1.85
251.92693164758413	1850	29.114752283138806	0.0	874175	3152.9886964701495	1.85
255.14002006954914	1850	29.901663861173787	0.0	897976	3213.0884219650197	1.85
258.33524188212215	1850	30.706442048600827	0.0	905935	3195.22181257296	1.85
262.09673112682503	1850	30.944952803897916	0.0	1076599	3761.4892447029115	1.85
264.7540724945244	1850	32.28761143619853	0.0	758197	2657.341367699381	1.85
268.12871936897494	1850	32.912964561748	0.0	972798	3374.646874450533	1.85
271.52259166540154	1850	33.519092265321405	0.0	975811	3393.872296426587	1.85
274.6107441716722	1850	34.43093975905072	0.0	873429	3088.152506270687	1.85
277.9115696386522	1850	35.13011429207071	0.0	954453	3300.825466980018	1.85
280.94059706297753	1850	36.10108686774534	0.0	885062	3029.027424325365	1.85
284.5247192981718	1850	36.51696463255108	0.0	1035329	3584.122235194262	1.85
288.0946490208395	1850	36.94703490988342	0.0	1026056	3569.9297226676545	1.85
295.5169336906391	4300	33.52475024008382	0.0	2143948	7422.284669799598	1.8499999999999996
302.13873064747196	4300	30.90295328325096	0.0	1919781	6621.7969568328635	4.3
309.5395955901885	4300	27.502088340534385	0.0	2147467	7400.864942716571	4.3
316.92990996859976	4300	24.11177396212315	0.0	2133870	7390.314378411237	4.3
324.3153265939108	4300	20.726357336812093	0.0	2146120	7385.416625311054	4.3
331.6160766162464	4300	17.425607314476444	0.0	2108491	7300.7500223356465	4.3
339.12064727945784	4300	13.921036651265066	0.0	2184571	7504.570663211381	4.3
342.18534768704075	1850	14.856336243682126	0.0	886255	3064.70040758294	-0.6000000000000001
345.6040146713584	1850	15.437669259364501	0.0	973972	3418.6669843176264	1.85
348.95514922094554	1850	16.086534709777332	0.0	958994	3351.134549587168	1.85
352.37911796833015	1850	16.66256596239271	0.0	982064	3423.9687473846234	1.85
355.32745712501554	1850	17.714226805707312	0.0	830730	2948.339156685396	1.85
358.323738353968	1850	18.717945576754857	0.0	846370	2996.281228952454	1.85

