32994.543088105376	750	4.0	7.531318275061943	450283	7531.318275061943	-31.634668582766352
32997.20623748994	300	5.336850615435176	0.0	155580	2663.1493845648233	-0.15000000000000002
32999.58954918912	300	6.95353891625552	0.0	139857	2383.3116991796564	0.3
33002.22936631681	300	8.313721788568724	0.0	155432	2639.817127686797	0.3
33004.98084240756	300	9.562245697818245	0.0	163442	2751.4760907504797	0.3
33007.12442988614	300	11.418658219231567	0.0	126289	2143.5874785866786	0.3
33009.76851633797	300	12.774571767401353	0.0	153295	2644.0864518302146	0.3
33012.806765049594	300	13.736323055779101	0.0	173849	3038.2487116222505	0.3
33016.26345811523	300	14.279629990143523	0.0	150710	3456.693065635578	0.3
33019.05958480705	300	15.483503298326807	0.0	139105	2796.1266918167144	0.3
33025.17790072728	750	13.365187378095133	0.0	353220	6118.3159202316765	0.3
33032.28759013806	750	10.255497967311907	0.0	405134	7109.689410783225	0.75
33035.043231154494	300	11.499856950886194	0.0	160746	2755.641016425712	-0.15000000000000002
33038.07367307219	300	12.469415033183457	0.0	179801	3030.441917702738	0.3
33040.651263562846	300	13.891824542534412	0.0	140051	2577.590490649045	0.3
33043.202967513425	300	15.34012059195491	0.0	138313	2551.7039505795024	0.3
33045.84561497321	300	16.69747313217253	0.0	143509	2642.647459782381	0.3
33051.933140895555	750	14.609947209826037	0.0	372963	6087.525922346494	0.3
33058.50562610083	750	12.037462004546901	0.0	405596	6572.485205279135	0.75
33064.20596859665	750	10.3371195087262	0.0	350713	5700.3424958207015	0.75
33066.98397923924	300	11.559108866136762	0.0	157671	2778.0106425894373	-0.15000000000000002
33069.79333981395	300	12.749748291430887	0.0	157812	2809.360574705875	0.3
33072.76017395047	300	13.782914154912639	0.0	163927	2966.8341365182487	0.3
33075.29465309849	300	15.24843500688431	0.0	137654	2534.4791480283293	0.3
33078.01787632004	300	16.52521178533781	0.0	146754	2723.2232215465	0.3
33084.51070827657	750	14.032379828812122	0.0	379700	6492.831956525691	0.3
33091.65732033522	750	10.885767770152526	0.0	425781	7146.612058659595	0.75
33096.075891942804	750	10.467196162569223	0.0	277716	4418.5716075833025	0.75
33098.55437404661	300	11.988714058766032	0.0	153605	2478.4821038031923	-0.15000000000000002
33101.17202486027	300	13.371063245099888	0.0	149029	2617.6508136661428	0.3
33104.044184797414	300	14.498903307959448	0.0	157421	2872.15993714044	0.3
33106.78019276987	300	15.762895335507555	0.0	157488	2736.0079724518955	0.3
33109.26277985793	300	17.280308247444825	0.0	143881	2482.5870880627294	0.3
33115.88537063698	750	14.657717468398419	0.0	412837	6622.590779046403	0.3
33122.21548661722	750	12.327601488157097	0.0	401088	6330.115980241322	0.75
33127.982858899566	750	10.560229205813089	0.0	365161	5767.3722823440075	0.75
33135.772771668024	750	6.7703164373547144	0.0	321064	7789.9127684583755	0.75
33137.859781011924	300	8.68330709345099	0.0	124011	2087.009343903724	-0.15000000000000002
33140.297621663245	300	10.245466442132965	0.0	144254	2437.8406513180253	0.3
33143.20020196694	300	11.342886138433329	0.0	149991	2902.5803036996367	0.3
33145.96235364311	300	12.580734462263743	0.0	147968	2762.151676169586	0.3
33148.68487322595	300	13.858214879424194	0.0	161857	2722.519582839549	0.3
33152.720844748575	300	13.822243356795159	0.0	145210	4035.971522629036	0.3
33157.53149628423	300	13.011591821146043	0.0	172312	4810.651535649116	0.3
33160.35146838007	300	14.191619725307307	0.0	167025	2819.972095838737	0.3
33163.08798190872	300	15.455106196652979	0.0	160064	2736.5135286543264	0.3
33171.20629999104	750	11.336788114332903	0.0	331053	8118.318082320076	0.3
33173.16624048338	300	13.376847621995696	0.0	118421	1959.9404923372078	-0.15000000000000002

