37048.83035750693	750	4.0	1.9620912859185582	450283	1962.0912859185582	-7.6869925294498
37049.56065023898	300	7.269707267955465	0.0	155580	730.2927320445349	-0.15000000000000002
37051.10697299199	750	9.723384514940891	0.0	350812	1546.3227530145737	0.3
37053.62780676406	1200	11.202550742871285	0.0	617681	2520.8337720696063	0.75
37057.522141296875	1850	11.308216210051224	0.0	996749	3894.3345328200594	1.2000000000000002
37060.90789054218	1850	11.922466964752575	0.0	801058	3385.7492452986503	1.85
37064.544398728154	1850	12.28595877877587	0.0	905515	3636.5081859767056	1.85
37068.68774624932	1850	12.142611257614139	0.0	1060487	4143.3475211617315	1.85
37072.09725555806	1850	12.733101948876369	0.0	852833	3409.5093087377695	1.85
37075.668161782894	1850	13.162195724039089	0.0	913888	3570.9062248372793	1.85
37081.464714508365	2850	11.36564299857185	0.0	1354548	5796.55272546724	1.85
37085.45980529404	1850	11.370552212893312	0.0	917428	3995.090785678539	0.8500000000000001
37089.36562871328	1850	11.464728793654112	0.0	946851	3905.8234192391997	1.85
37093.44495073049	1850	11.385406776444372	0.0	1036454	4079.3220172097404	1.85
37096.77341940721	1850	12.056938099721874	0.0	821631	3328.468676722498	1.85
37100.591838213426	1850	12.238519293507313	0.0	923170	3818.4188062145613	1.85
37104.5424787893	1850	12.287878717635806	0.0	966699	3950.640575871509	1.85
37108.01095415729	1850	12.819403349639407	0.0	885714	3468.4753679964	1.85
37112.1383218541	1850	12.692035652831542	0.0	987708	4127.367696807863	1.85
37115.91805309573	1850	12.912304411206456	0.0	923755	3779.731241625086	1.85
37119.549708101134	1850	13.280649405801435	0.0	891604	3631.6550054050213	1.85
37126.21024705579	2850	10.62011045114833	0.0	1468126	6660.538954653106	1.85
37129.508622336085	1200	11.321735170848534	0.0	656471	3298.375280299796	-0.44999999999999996
37133.07968618805	1850	11.750671318884336	0.0	874175	3571.0638519641966	1.2000000000000002
37136.6450410963	1850	12.185316410635606	0.0	897976	3565.3549082487316	1.85
37140.29292825025	1850	12.537429256678962	0.0	905935	3647.8871539566435	1.85
37144.79759833112	1850	12.032759175817516	0.0	1076599	4504.670080861448	1.85
37148.07975411438	1850	12.75060339256065	0.0	758197	3282.155783256866	1.85
37152.40513462294	1850	12.425222883998988	0.0	972798	4325.380508561663	1.85
37156.5122975752	1850	12.318059931728925	0.0	975811	4107.162952270062	1.85
37160.00794902763	1850	12.822408479301144	0.0	873429	3495.6514524277804	1.85
37163.76009224712	1850	13.070265259817551	0.0	954453	3752.1432194835934	1.85
37169.442669560754	2850	11.387687946187103	0.0	1358081	5682.57731363045	1.85
37173.79314559405	1850	11.037211912895204	0.0	1035329	4350.4760332918995	0.8500000000000001
37178.23617688432	1850	10.594180622625444	0.0	1026056	4443.03129026976	1.85
37180.82230269833	1200	12.008054808612773	0.0	598727	2586.1258140126715	0.5499999999999999
37183.86488348456	1850	12.965474022387582	0.0	728962	3042.5807862251913	1.2000000000000002
37187.67938766745	1850	13.150969839496426	0.0	938587	3814.504182891156	1.85
37194.009177852546	2850	10.821179654397776	0.0	1427478	6329.790185098649	1.85
37196.70414101662	1200	12.126216490327273	0.0	587506	2694.9631640705034	-0.44999999999999996
37200.47140267892	1850	12.358954828023856	0.0	858450	3767.2616623034182	1.2000000000000002
37204.56544549445	1850	12.264912012493971	0.0	1025005	4094.0428155298846	1.85
37208.14334680649	1850	12.687010700447201	0.0	886255	3577.9013120467694	1.85
37212.0882627878	1850	12.742094719139695	0.0	973972	3944.9159813075066	1.85
37215.95994326469	1850	12.87041424225552	0.0	958994	3871.6804768841735	1.85
37219.72131281735	1850	13.1090446895929	0.0	982064	3761.369552662622	1.85
37224.65270200022	2850	12.177655506726397	0.0	1231456	4931.389182866503	1.85
37228.098801292675	1850	12.731556214266586	0.0	846370	3446.0992924598117	0.8500000000000001

