45685.30794518908	750	4.0	1.7748058149880053	450283	1774.8058149880053	-6.881665004448422
45685.97352778646	300	7.334417402620499	0.0	155580	665.582597379501	-0.15000000000000002
45687.373937878714	750	9.934007310372797	0.0	350812	1400.4100922477023	0.3
45689.770511179784	1200	11.537434009305398	0.0	617681	2396.573301067399	0.75
45693.56851811531	1850	11.739427073774744	0.0	996749	3798.006935530656	1.2000000000000002
45697.27870085186	1850	12.029244337227576	0.0	801058	3710.1827365471677	1.85
45701.08865523317	1850	12.219289955910753	0.0	905515	3809.954381316822	1.85
45705.081167217744	1850	12.226777971340125	0.0	1060487	3992.511984570629	1.85
45708.14479928977	1850	13.163145899323602	0.0	852833	3063.6320720165218	1.85
45713.546236745984	2850	11.761708443105595	0.0	1429765	5401.437456218007	1.85
45716.685294174	1850	12.622651015089685	0.0	939819	3139.057428015911	0.8500000000000001
45719.63710436757	1850	13.670840821522914	0.0	917428	2951.810193566772	1.85
45724.96422124833	2850	12.343723940764985	0.0	1422919	5327.116880757929	1.85
45728.48052803761	1850	12.827417151482644	0.0	1036454	3516.306789282342	0.8500000000000001
45731.58416950118	1850	13.723775687910798	0.0	821631	3103.6414635718456	1.85
45737.38554401779	2850	11.9224011713079	0.0	1471065	5801.374516602898	1.85
45741.1005144755	1850	12.207430713591563	0.0	966699	3714.970457716337	0.8500000000000001
45744.42397016233	1850	12.883975026760076	0.0	885714	3323.4556868314876	1.85
45748.37588431561	1850	12.932060873481886	0.0	987708	3951.9141532781905	1.85
45751.64705596782	1850	13.660889221267897	0.0	923755	3271.171652213988	1.85
45756.316448257494	2850	12.991496931601123	0.0	1415116	4669.392289666773	1.85
45760.41985288537	1850	12.888092303727094	0.0	955231	4103.40462787403	0.8500000000000001
45764.48314429085	1850	12.824800898244732	0.0	968026	4063.2914054823614	1.85
45768.14221876764	1850	13.165726421448959	0.0	874175	3659.0744767957735	1.85
45773.2373283443	2850	12.070616844792102	0.0	1383735	5095.109576656856	1.85
45776.34724185061	1850	12.960703338479552	0.0	905935	3109.9135063125505	0.8500000000000001
45780.170120030474	1850	13.137825158613072	0.0	1076599	3822.8781798664795	1.85
45787.12961497946	2850	10.178330209627081	0.0	1141971	6959.494948985991	1.85
45790.291748565374	1200	11.01619662371122	0.0	622896	3162.1335859158603	-0.44999999999999996
45794.24975669976	1850	11.058188489324877	0.0	975811	3958.0081343863444	1.2000000000000002
45797.43328948511	1850	11.87465570397671	0.0	873429	3183.5327853481663	1.85
45800.624068028366	1850	12.683877160719787	0.0	954453	3190.778543256923	1.85
45803.509049270826	1850	13.798895918263021	0.0	885062	2884.981242456766	1.85
45809.40527301766	2850	11.90267217142983	0.0	1587293	5896.2237468331905	1.85
45813.4903655207	1850	11.817579668387669	0.0	1026056	4085.0925030421604	0.8500000000000001
45817.06646096495	1850	12.241484224137832	0.0	943942	3576.095444249838	1.85
45820.03195700916	1850	13.275988179927669	0.0	728962	2965.496044210162	1.85
45825.12127267008	2850	12.186672519003299	0.0	1499009	5089.315660924371	1.85
45828.88458932088	1850	12.423355868211209	0.0	908665	3763.316650792091	0.8500000000000001
45833.81835572037	1850	11.48958946872607	0.0	930577	4933.76639948514	1.85
45838.22900215394	1850	11.078943035148153	0.0	858450	4410.646433577916	1.85
45842.573162213106	1850	10.734782975976879	0.0	1025005	4344.160059171273	1.85
45844.85347749974	1200	12.454467689346831	0.0	599477	2280.315286630049	0.5499999999999999
45848.50018603938	1850	12.807759149703102	0.0	973972	3646.7085396437283	1.2000000000000002
45852.08035591639	1850	13.227589272694786	0.0	958994	3580.1698770083162	1.85
45859.56297257529	2850	9.744972613798021	0.0	1483527	7482.616658896764	1.85
45861.74237150126	1200	11.56557368782557	0.0	538612	2179.398925972452	-0.44999999999999996
45866.40764951277	1850	10.900295676319987	0.0	846370	4665.278011505582	1.2000000000000002

