4145.963670050994	750	4.0	2.1363906390048166	450283	2136.3906390048164	-8.43647974772071
4146.7541860056635	300	7.209484045330671	0.0	155580	790.5159546693287	-0.15000000000000002
4148.436304035547	750	9.527366015446004	0.0	350812	1682.1180298846673	0.3
4150.285657271708	750	11.678012779285224	0.0	382355	1849.3532361607818	0.75
4152.284279872227	750	13.679390178766806	0.0	411561	1998.6226005184176	0.75
4153.849367356492	750	16.114302694501898	0.0	318564	1565.0874842649064	0.75
4155.83422963574	750	18.129440415254155	0.0	352642	1984.8622792477454	0.75
4158.400519055856	750	19.563150995137583	0.0	437162	2566.289420116567	0.75
4160.398481449158	750	21.56518860183673	0.0	374758	1997.962393300857	0.75
4162.128201082763	750	23.835468968231414	0.0	362795	1729.719633605316	0.75
4166.671637688434	1850	23.292032362560004	0.0	939819	4543.436605671409	0.75
4171.159580531549	1850	22.804089519444968	0.0	917428	4487.942843115032	1.85
4175.466912775579	1850	22.496757275415074	0.0	946851	4307.332244029893	1.85
4180.923344855329	1850	21.040325195665453	0.0	1036454	5456.432079749623	1.85
4185.2500598786255	1850	20.71361017236863	0.0	821631	4326.7150232968215	1.85
4189.2471196376855	1850	20.716550413308305	0.0	923170	3997.059759060325	1.85
4193.697144570441	1850	20.26652548055337	0.0	966699	4450.024932754934	1.85
4197.830769700055	1850	20.132900350939533	0.0	885714	4133.625129613836	1.85
4202.3266376649835	1850	19.637032386010613	0.0	987708	4495.867964928921	1.85
4206.540244028484	1850	19.423426022510355	0.0	923755	4213.606363500257	1.85
4210.930397439102	1850	19.03327261189209	0.0	891604	4390.153410618266	1.85
4215.712218192476	1850	18.251451858518767	0.0	955231	4781.820753373327	1.85
4220.491478752376	1850	17.472191298619094	0.0	968026	4779.260559899672	1.85
4224.395903847921	1850	17.56776620307398	0.0	874175	3904.4250955451157	1.85
4228.358552963135	1850	17.605117087859938	0.0	897976	3962.6491152140434	1.85
4232.711748674375	1850	17.251921376619467	0.0	905935	4353.195711240469	1.85
4238.544641252881	1850	15.419028798113478	0.0	1076599	5832.892578505987	1.85
4242.429872800868	1850	15.533797250126165	0.0	758197	3885.231547987315	1.85
4247.285895893119	1850	14.677774157874548	0.0	972798	4856.023092251617	1.85
4252.934640542599	1850	13.02902950839566	0.0	975811	5648.744649478889	1.85
4257.307126498581	1850	12.656543552413256	0.0	873429	4372.4859559824035	1.85
4261.355818855567	1850	12.607851195427704	0.0	954453	4048.692356985552	1.85
4265.278107186302	1850	12.685562864692866	0.0	885062	3922.2883307348384	1.85
4270.494816308422	1850	11.468853742572719	0.0	1035329	5216.709122120146	1.85
4275.5877785544435	1850	10.375891496551386	0.0	1026056	5092.962246021331	1.85
4280.066161431101	1850	9.897508619893522	0.0	943942	4478.3828766578645	1.85
4283.511301448496	1850	10.452368602498362	0.0	728962	3445.1400173951597	1.85
4287.941142619822	1850	10.02252743117259	0.0	938587	4429.841171325772	1.85
4292.264977149874	1850	9.69869290112067	0.0	908665	4323.83453005192	1.85
4296.534635695069	1850	9.42903435592619	0.0	930577	4269.658545194481	1.85
4301.041474148267	1850	8.922195902727337	0.0	858450	4506.838453198853	1.85
4306.214322269965	1850	7.749347781029198	0.0	1025005	5172.848121698139	1.85
4310.816490056696	1850	7.1471799942975	0.0	886255	4602.1677867316985	1.85
4315.475636648382	1850	6.488033402612082	0.0	973972	4659.146591685418	1.85
4319.872733085152	1850	6.090936965842538	0.0	958994	4397.096436769544	1.85
4324.537349206048	1850	5.426320844946458	0.0	982064	4664.616120896079	1.85
4328.600092273343	1850	5.36357777765228	0.0	830730	4062.743067294178	1.85
4332.472328688951	1850	5.491341362043117	0.0	846370	3872.236415609164	1.85

