44364.23323383255	750	4.0	4.645421934725081	450283	4645.421934725081	-19.22531431931785
44365.851573660446	300	6.381660172102209	0.0	155580	1618.3398278977907	-0.15000000000000002
44367.3010870375	300	8.93214679504489	0.0	139857	1449.513377057319	0.3
44368.90311456007	300	11.330119272484179	0.0	155432	1602.0275225607102	0.3
44370.59195186243	300	13.641281970120128	0.0	163442	1688.8373023640509	0.3
44373.835253417674	750	14.39798041487786	0.0	318564	3243.301555242268	0.3
44377.38114054003	750	14.852093292524625	0.0	352642	3545.8871223532356	0.75
44381.677985440656	750	14.55524839189716	0.0	437162	4296.844900627464	0.75
44385.285272684065	750	14.947961148486241	0.0	374758	3607.28724341092	0.75
44388.931269295084	750	15.301964537475362	0.0	362795	3645.9966110108803	0.75
44392.506567004304	750	15.726666828256278	0.0	353220	3575.297709219085	0.75
44396.59811671468	750	15.63511711787467	0.0	405134	4091.5497103816065	0.75
44400.46116505943	750	15.772068773119273	0.0	386351	3863.0483447553975	0.75
44404.67513981769	750	15.558094014856781	0.0	434409	4213.974758262491	0.75
44407.969079003524	750	16.264154829032186	0.0	337059	3293.939185824592	0.75
44411.55778165102	750	16.67545218153105	0.0	366214	3588.702647501138	0.75
44415.14203120829	750	17.091202624259022	0.0	360831	3584.2495572720286	0.75
44419.50803670845	750	16.7251971240987	0.0	372963	4366.005500160321	0.75
44423.85585154328	750	16.37738228926357	0.0	405596	4347.814834835132	0.75
44427.39157433818	750	16.841659494362297	0.0	350713	3535.7227949012727	0.75
44431.28149225844	750	16.951741574110848	0.0	386472	3889.917920251451	0.75
44435.33710683079	750	16.89612700175866	0.0	399894	4055.6145723521886	0.75
44439.373724975136	750	16.85950885741154	0.0	401853	4036.618144347122	0.75
44442.86405665703	750	17.369177175520566	0.0	343800	3490.3316818909725	0.75
44446.573503234074	750	17.65973059848169	0.0	359903	3709.4465770388742	0.75
44450.36395144749	750	17.86928238506006	0.0	379700	3790.4482134216296	0.75
44454.6785904107	750	17.55464342185425	0.0	425781	4314.638963205809	0.75
44457.51878485344	750	18.714448979113413	0.0	277716	2840.194442740839	0.75
44461.47814748446	750	18.75508634809642	0.0	400396	3959.3626310169966	0.75
44466.504123238024	750	17.729110594526407	0.0	400508	5025.975753570014	0.75
44470.11667994489	750	18.11655388766807	0.0	358218	3612.556706858336	0.75
44474.01316974066	750	18.220064091896532	0.0	400322	3896.4897957715366	0.75
44477.6289800781	750	18.604253754458544	0.0	369834	3615.810337437991	0.75
44481.716858717635	750	18.516375114923047	0.0	412837	4087.8786395354955	0.75
44486.363027127845	750	17.87020670471432	0.0	401088	4646.168410208728	0.75
44490.13092621607	750	18.102307616486105	0.0	365161	3767.899088228214	0.75
44493.403580296166	750	18.829653536391028	0.0	321064	3272.6540800950734	0.75
44497.4710784558	750	18.76215537676207	0.0	361565	4067.4981596289595	0.75
44501.20455796425	750	19.02867586830961	0.0	378327	3733.4795084524626	0.75
44505.077314121794	750	19.155919710763442	0.0	390680	3872.756157546167	0.75
44508.52245596391	750	19.710777868650126	0.0	345516	3445.141842113319	0.75
44512.28709651908	750	19.94613731347928	0.0	384505	3764.640555170846	0.75
44516.211045465825	750	20.022188366736234	0.0	372093	3923.948946743048	0.75
44520.96139165954	750	19.27184217302266	0.0	438281	4750.346193713577	0.75
44525.120016512956	750	19.11321731961264	0.0	398987	4158.624853410017	0.75
44529.375915088756	750	18.857318743805276	0.0	393804	4255.898575807366	0.75
44533.95142234605	750	18.281811486515732	0.0	331053	4575.507257289546	0.75
44537.18182738999	750	19.05140644256989	0.0	314107	3230.4050439458424	0.75

