34031.326036852835	750	4.0	4.689174015171542	450283	4689.174015171542	-19.41344826523763
34032.98968365894	300	6.336353193892029	0.0	155580	1663.6468061079713	-0.15000000000000002
34034.49068523456	300	8.835351618269648	0.0	139857	1501.001575622381	0.3
34036.149934874564	300	11.176101978264944	0.0	155432	1659.2496400047044	0.3
34038.59827927724	300	12.727757575587741	0.0	163442	2448.344402677204	0.3
34041.025133361705	300	14.30090349112755	0.0	126289	2426.8540844601916	0.3
34043.19552284003	300	16.130514012800237	0.0	153295	2170.3894783273095	0.3
34047.86738432526	750	15.458652527572626	0.0	437162	4671.8614852276105	0.3
34051.740682098345	750	15.585354754486954	0.0	374758	3873.2977730856724	0.75
34056.55831159889	750	14.767725253940542	0.0	362795	4817.629500546412	0.75
34060.69563171328	750	14.630405139551007	0.0	353220	4137.320114389536	0.75
34065.19405849894	750	14.131978353891242	0.0	405134	4498.426785659765	0.75
34069.51220894053	750	13.813827912306063	0.0	386351	4318.150441585178	0.75
34075.029544293844	750	12.296492558991925	0.0	434409	5517.335353314138	0.75
34081.12462183657	750	10.201415016258798	0.0	337059	6095.077542733129	0.75
34083.57204066247	300	11.753996190361141	0.0	138313	2447.4188258976583	-0.15000000000000002
34085.30635550207	300	14.019681350761978	0.0	143509	1734.3148395991623	0.3
34087.122597019195	300	16.203439833637145	0.0	150616	1816.2415171248313	0.3
34091.64540901498	750	15.680627837858351	0.0	405596	4522.811995778795	0.3
34099.83352335319	750	11.49251349964989	0.0	350713	8188.114338208459	0.75
34101.65239773501	300	13.673639117831694	0.0	157671	1818.874381818197	-0.15000000000000002
34103.46264574548	300	15.863391107362633	0.0	157812	1810.2480104690599	0.3
34107.38048820363	750	15.945548649213523	0.0	401853	3917.8424581491113	0.3
34111.14094393467	750	16.185092918170643	0.0	343800	3760.4557310428813	0.75
34116.1543100084	750	15.171726844444802	0.0	359903	5013.366073725839	0.75
34122.61284609386	750	12.713190758983902	0.0	379700	6458.536085460899	0.75
34129.286189942126	750	10.039846910720145	0.0	425781	6673.343848263757	0.75
34130.44439810672	300	12.881638746122073	0.0	111155	1158.208164598072	-0.15000000000000002
34132.014373052734	300	15.311663800117964	0.0	153605	1569.9749460041103	0.3
34136.41872446076	750	14.907312392088842	0.0	400508	4404.351408029122	0.3
34140.51273153966	750	14.813305313191242	0.0	358218	4094.007078897601	0.75
34144.68202463799	750	14.644012214857279	0.0	400322	4169.293098333963	0.75
34148.863729356264	750	14.462307496583719	0.0	369834	4181.7047182735605	0.75
34153.965646593584	750	13.360390259266739	0.0	412837	5101.91723731698	0.75
34157.83861509682	750	13.48742175603288	0.0	401088	3872.9685032338584	0.75
34162.46680731362	750	12.859229539233857	0.0	365161	4628.192216799023	0.75
34166.60957278956	750	12.716464063299448	0.0	321064	4142.76547593441	0.75
34170.874620197676	750	12.45141665518051	0.0	361565	4265.047408118937	0.75
34175.88543403788	750	11.440602814980776	0.0	378327	5010.813840199733	0.75
34179.77957938871	750	11.54645746414772	0.0	390680	3894.1453508330574	0.75
34182.88758959206	750	12.438447260812	0.0	345516	3108.0102033357193	0.75
34186.612660311184	750	12.713376541680171	0.0	384505	3725.0707191318284	0.75
34190.85953378692	750	12.466503065940776	0.0	372093	4246.873475739394	0.75
34196.80835891697	750	10.517677935893662	0.0	438281	5948.825130047115	0.75
34198.675972209734	300	12.650064643125228	0.0	167025	1867.6132927684341	-0.15000000000000002
34200.48106206161	300	14.844974791243839	0.0	160064	1805.0898518813885	0.3
34204.38301250573	750	14.943024347135895	0.0	331053	3901.950444107945	0.3
34207.75069714603	750	15.575339706830444	0.0	314107	3367.6846403054524	0.75

