35118.549497074004	750	4.0	4.5457995898013674	450283	4545.799589801368	-18.79693823614588
35120.78173696126	300	5.767760112736862	0.0	155580	2232.239887263138	-0.15000000000000002
35123.08647960156	300	7.463017472432779	0.0	139857	2304.742640304083	0.3
35125.27576178899	300	9.273735285009066	0.0	155432	2189.282187423715	0.3
35127.23770779568	300	11.311789278316574	0.0	163442	1961.9460066924908	0.3
35128.77185715288	300	13.777639921118375	0.0	126289	1534.1493571981985	0.3
35130.453668443544	300	16.09582863045524	0.0	153295	1681.8112906631327	0.3
35134.781301171235	750	15.768195902767008	0.0	437162	4327.632727688234	0.3
35138.36400250479	750	16.18549456921029	0.0	374758	3582.7013335567167	0.75
35142.0478763336	750	16.501620740406796	0.0	362795	3683.8738288034942	0.75
35145.68671294043	750	16.862784133583137	0.0	353220	3638.836606823662	0.75
35149.53408273309	750	17.015414340917545	0.0	405134	3847.3697926655905	0.75
35153.31695948734	750	17.232537586661874	0.0	386351	3782.8767542556698	0.75
35157.711428200266	750	16.838068873736646	0.0	434409	4394.468712925228	0.75
35161.168202338085	750	17.38129473592242	0.0	337059	3456.774137814229	0.75
35164.802475048455	750	17.74702202555703	0.0	366214	3634.272710365387	0.75
35168.384921149525	750	18.16457592448876	0.0	360831	3582.446101068274	0.75
35172.05266645396	750	18.496830620051433	0.0	372963	3667.7453044373246	0.75
35176.010482900136	750	18.5390141738736	0.0	405596	3957.8164461778338	0.75
35179.56137204499	750	18.988125029018462	0.0	350713	3550.889144855138	0.75
35183.335584057204	750	19.21391301680398	0.0	386472	3774.2120122144847	0.75
35187.167128971436	750	19.382368102572922	0.0	399894	3831.544914231052	0.75
35190.98503698536	750	19.564460088646666	0.0	401853	3817.90801392626	0.75
35194.300790270936	750	20.248706803070025	0.0	343800	3315.7532855766394	0.75
35197.72608153565	750	20.8234155383582	0.0	359903	3425.2912647118237	0.75
35201.29962570927	750	21.249871364743132	0.0	379700	3573.5441736150683	0.75
35205.384554022625	750	21.16494305138536	0.0	425781	4084.9283133577687	0.75
35208.07631321553	750	22.473183858477952	0.0	277716	2691.759192907413	0.75
35211.929156831364	750	22.62034024264494	0.0	400396	3852.8436158330096	0.75
35215.82349512355	750	22.726001950453416	0.0	400508	3894.338292191525	0.75
35219.26260816457	750	23.28688890943081	0.0	358218	3439.113041022603	0.75
35224.41266478582	750	22.13683228817746	0.0	400322	5150.056621253354	0.75
35229.01781557823	750	21.531681495774407	0.0	369834	4605.150792403051	0.75
35233.0207379367	750	21.528759137307954	0.0	412837	4002.92235846645	0.75
35236.8266197446	750	21.722877329405446	0.0	401088	3805.88180790251	0.75
35240.420790525364	750	22.128706548641137	0.0	365161	3594.1707807643083	0.75
35244.27801904675	750	22.271478027251206	0.0	321064	3857.228521389929	0.75
35248.68941664861	750	21.860080425392884	0.0	361565	4411.397601858323	0.75
35252.50483908475	750	22.044657989251796	0.0	378327	3815.4224361410884	0.75
35256.19572599938	750	22.353771074627023	0.0	390680	3690.886914624771	0.75
35259.46583329109	750	23.083663782915973	0.0	345516	3270.107291711051	0.75
35263.113679838025	750	23.435817235985187	0.0	384505	3647.846546930785	0.75
35266.71906049819	750	23.830436575823686	0.0	372093	3605.380660161502	0.75
35270.895221816376	750	23.65427525763664	0.0	438281	4176.161318187044	0.75
35274.72798334821	750	23.821513725801154	0.0	398987	3832.7615318354874	0.75
35278.53281390124	750	24.016683172775597	0.0	393804	3804.8305530255566	0.75
35281.72755149603	750	24.821945577984184	0.0	331053	3194.737594791412	0.75
35284.77326407376	750	25.77623300025034	0.0	314107	3045.7125777338442	0.75

