38704.72401290578	750	4.0	8.129839025422095	450283	8129.839025422095	-34.20830780931501
38707.768003814446	300	4.9560090913431685	0.0	155580	3043.9909086568314	-0.15000000000000002
38710.75648558653	300	5.967527319264911	0.0	139857	2988.481772078257	0.3
38713.72929052738	300	6.994722378409193	0.0	155432	2972.8049408557185	0.3
38716.67257806032	300	8.05143484546587	0.0	163442	2943.2875329433236	0.3
38718.98034061216	300	9.743672293630997	0.0	126289	2307.762551834873	0.3
38721.76766258514	300	10.9563503206477	0.0	153295	2787.321972983295	0.3
38725.400075098434	300	11.32393780735362	0.0	173849	3632.4125132940826	0.3
38728.410506032276	300	12.313506873516275	0.0	150710	3010.430933837343	0.3
38730.923857492635	300	13.800155413153353	0.0	139105	2513.351460362921	0.3
38733.51956712477	300	15.204445781020102	0.0	141840	2595.709632133252	0.3
38736.42431304815	300	16.29969985764288	0.0	156148	2904.7459233772206	0.3
38744.11446556652	750	12.60954733927497	0.0	386351	7690.152518367911	0.3
38751.83858135841	750	8.885431547376964	0.0	434409	7724.115791898005	0.75
38754.39904877744	300	10.324964128339632	0.0	140051	2560.467419037331	-0.15000000000000002
38756.945957429925	300	11.778055475864383	0.0	138313	2546.9086524752493	0.3
38759.541741089306	300	13.182271816484361	0.0	143509	2595.783659380023	0.3
38762.23595885777	300	14.488054048027207	0.0	150616	2694.217768457155	0.3
38765.564507979296	300	15.159504926501517	0.0	165384	3328.5491215256893	0.3
38768.49058975989	300	16.233423145908553	0.0	140881	2926.0817805929655	0.3
38775.80588258042	750	12.91813032537015	0.0	386472	7315.292820538401	0.3
38783.42113595415	750	9.30287695164612	0.0	399894	7615.25337372403	0.75
38786.98517225421	300	9.738840651586955	0.0	163927	3564.0363000591647	-0.15000000000000002
38789.73166671704	300	10.992346188755288	0.0	137654	2746.4944628316675	0.3
38792.38333016776	300	12.34068273804062	0.0	146754	2651.6634507146687	0.3
38795.16690335562	300	13.557109550171964	0.0	153938	2783.573187868657	0.3
38802.94720170298	750	9.776811202817928	0.0	425781	7780.298347354034	0.3
38805.11403777773	300	11.609975128063484	0.0	111155	2166.836074754443	-0.15000000000000002
38808.103312232364	300	12.620700673422233	0.0	153605	2989.2744546412523	0.3
38811.2818939504	300	13.442118955390603	0.0	149029	3178.58171803163	0.3
38818.23414870089	750	10.489864204911013	0.0	358218	6952.254750479588	0.3
38821.09329158088	300	11.630721324918357	0.0	157488	2859.1428799926566	-0.15000000000000002
38823.69633171965	300	13.027681186141592	0.0	143881	2603.0401387767647	0.3
38826.66991115518	300	14.054101750617917	0.0	163444	2973.5794355236744	0.3
38834.181200196996	750	10.542812708801714	0.0	401088	7511.289041816205	0.3
38837.09054748468	300	11.63346542111467	0.0	159914	2909.3472876870446	-0.15000000000000002
38839.48621995189	300	13.237792953903424	0.0	131610	2395.6724672112455	0.3
38841.81075633313	300	14.91325657266334	0.0	124011	2324.5363812400847	0.3
38844.50402029536	300	16.219992610430975	0.0	144254	2693.2639622323636	0.3
38851.46498774079	750	13.259025165008548	0.0	390680	6960.967445422428	0.3
38858.11575883825	750	10.608254067541113	0.0	345516	6650.7710974674355	0.75
38861.54910836303	300	11.174904542762317	0.0	161857	3433.349524778796	-0.15000000000000002
38864.6291747339	300	12.094838171897939	0.0	145210	3080.0663708643788	0.3
38867.81574943992	300	12.908263465878196	0.0	172312	3186.574706019742	0.3
38870.98769758704	300	13.736315318755997	0.0	167025	3171.948147122201	0.3
38874.49086745808	300	14.233145447715128	0.0	160064	3503.169871040869	0.3
38877.14462505003	300	15.579387855767353	0.0	137507	2653.7575919477745	0.3
38882.76066319254	750	13.963349713258872	0.0	314107	5616.038142508482	0.3

