2403.595126437509	750	4.0	2.110278007653057	450283	2110.278007653057	-8.324195432908144
2404.3766200591435	300	7.2185063783650225	0.0	155580	781.4936216349778	-0.15000000000000002
2406.0383939400604	750	9.556732497448388	0.0	350812	1661.7738809166333	0.3
2409.350633175692	1200	10.24449326181676	0.0	617681	3312.239235631629	0.75
2412.791398560366	1200	10.803727877142618	0.0	652874	3440.7653846741414	1.2
2415.181586777225	1200	12.41353966028356	0.0	520315	2390.1882168590596	1.2
2419.247000004052	1850	12.348126433456324	0.0	905515	4065.413226827236	1.2000000000000002
2424.1238856690325	1850	11.471240768475836	0.0	1060487	4876.885664980487	1.85
2428.2068300025053	1850	11.388296435002891	0.0	852833	4082.9443334729463	1.85
2432.4135368912284	1850	11.181589546279774	0.0	913888	4206.706888723116	1.85
2436.7199603178583	1850	10.875166119649663	0.0	939819	4306.423426630112	1.85
2439.4273598689742	1200	12.167766568533672	0.0	594078	2707.3995511159897	0.5499999999999999
2443.6850369340036	1850	11.910089503504512	0.0	946851	4257.67706502916	1.2000000000000002
2448.3769183342097	1850	11.218208103298242	0.0	1036454	4691.881400206269	1.85
2452.124275766103	1850	11.470850671404975	0.0	821631	3747.357431893268	1.85
2456.346258641218	1850	11.248867796290186	0.0	923170	4221.982875114788	1.85
2461.1182899789346	1850	10.4768364585734	0.0	966699	4772.031337716786	1.85
2463.9867305142275	1200	11.608395923280488	0.0	581493	2868.4405352929125	0.5499999999999999
2468.4872009004266	1850	11.107925537081137	0.0	987708	4500.470386199352	1.2000000000000002
2472.845230569878	1850	10.749895867629792	0.0	923755	4358.029669451346	1.85
2475.7909563917096	1200	11.804170045797937	0.0	601738	2945.7258218318552	0.5499999999999999
2480.314584179044	1850	11.280542258464214	0.0	955231	4523.627787333723	1.2000000000000002
2484.7008933435827	1850	10.894233093925358	0.0	968026	4386.309164538856	1.85
2487.092069224999	1200	12.503057212509278	0.0	536667	2391.17588141608	0.5499999999999999
2491.103543982404	1850	12.491582455103595	0.0	897976	4011.474757405684	1.2000000000000002
2495.165094188062	1850	12.430032249445931	0.0	905935	4061.550205657664	1.85
2499.948510543082	1850	11.646615894425544	0.0	1076599	4783.416355020386	1.85
2503.347305306308	1850	12.247821131199748	0.0	758197	3398.794763225797	1.85
2507.6261451440123	1850	11.968981293495293	0.0	972798	4278.839837704454	1.85
2511.980001444003	1850	11.615124993504304	0.0	975811	4353.856299990989	1.85
2516.019319653851	1850	11.575806783656361	0.0	873429	4039.318209847945	1.85
2520.4535678700995	1850	11.141558567407701	0.0	954453	4434.2482162486585	1.85
2524.4023593922743	1850	11.192767045232904	0.0	885062	3948.7915221747967	1.85
2528.9453686535244	1850	10.649757783982931	0.0	1035329	4543.009261249972	1.85
2536.7082540887427	1200	6.886872348764309	0.0	690253	7762.885435218623	0.5499999999999999
2537.533976107656	300	10.061150329850905	0.0	159914	825.7220189134035	-0.6000000000000001
2539.877742319747	1200	11.717384117760075	0.0	487812	2343.7662120908303	0.29999999999999993
2544.225852081626	1850	11.369274355881243	0.0	938587	4348.109761878831	1.2000000000000002
2548.4069258488494	1850	11.188200588657606	0.0	908665	4181.073767223637	1.85
2552.675731517652	1850	10.919394919855193	0.0	930577	4268.805668802413	1.85
2555.2893738681423	1200	12.305752569364769	0.0	566904	2613.642350490424	0.5499999999999999
2559.8425461211464	1850	11.752580316360545	0.0	1025005	4553.172253004225	1.2000000000000002
2563.7447824704304	1850	11.85034396707662	0.0	886255	3902.236349283926	1.85
2568.0393122829864	1850	11.55581415452043	0.0	973972	4294.52981255619	1.85
2572.3370578789795	1850	11.258068558527622	0.0	958994	4297.7455959928075	1.85
2576.699920181338	1850	10.89520625616929	0.0	982064	4362.862302358332	1.85
2579.041958054194	1200	12.553168383313167	0.0	538612	2342.0378728561245	0.5499999999999999
2582.678146896634	1850	12.916979540872543	0.0	846370	3636.188842440624	1.2000000000000002

