37132.70659491341	750	4.0	3.74372891450712	450283	3743.7289145071204	-15.348034332380617
37134.052472027404	300	6.654122886009425	0.0	155580	1345.8771139905743	-0.15000000000000002
37135.24998188942	300	9.456613023997276	0.0	139857	1197.5098620121494	0.3
37136.57044415778	300	12.13615075563574	0.0	155432	1320.4622683615362	0.3
37139.919752684626	750	12.78684222879077	0.0	411561	3349.3085268449704	0.3
37142.47435235192	750	14.232242561493472	0.0	318564	2554.5996672972974	0.75
37147.05780246152	750	13.648792451895407	0.0	352642	4583.450109598065	0.75
37152.11200637961	750	12.594588533800318	0.0	437162	5054.203918095089	0.75
37154.96326355774	750	13.743331355661956	0.0	374758	2851.2571781383617	0.75
37157.82487971971	750	14.881715193697286	0.0	362795	2861.61616196467	0.75
37160.641410187214	750	16.06518472619278	0.0	353220	2816.5304675045063	0.75
37163.941890756505	750	16.76470415690475	0.0	405134	3300.4805692880295	0.75
37170.53907707465	750	14.167517838750372	0.0	386351	6597.186318154379	0.75
37174.126528892855	750	14.580066020553966	0.0	434409	3587.4518181964063	0.75
37180.55590442199	750	12.150690491416379	0.0	337059	6429.375529137587	0.75
37190.06333843833	750	6.643256475074794	0.0	366214	9507.434016341585	0.75
37193.75892309547	300	6.947671817931662	0.0	143509	3695.584657143132	-0.15000000000000002
37196.065812918925	300	8.64078199448225	0.0	150616	2306.8898234494122	0.3
37197.384869799775	300	11.321725113628363	0.0	165384	1319.0568808538858	0.3
37198.52035021162	300	14.186244701789393	0.0	140881	1135.4804118389702	0.3
37201.5171624702	750	15.189432443214162	0.0	386472	2996.8122585752317	0.3
37204.668211789925	750	16.038383123487904	0.0	399894	3151.0493197262585	0.75
37207.13587064431	750	17.57072426909733	0.0	401853	2467.658854390575	0.75
37208.94837977599	750	19.758215137424934	0.0	343800	1812.509131672395	0.75
37210.842036652124	750	21.864558261286803	0.0	359903	1893.6568761381325	0.75
37219.44696612358	1850	17.25962878983002	0.0	905935	8604.92947145678	0.75
37221.725178136614	750	18.981416776794603	0.0	425781	2278.212013035419	-0.3500000000000001
37223.30684764736	750	21.399747266046653	0.0	277716	1581.6695107479507	0.75
37232.35617259642	1850	16.35042231699132	0.0	972798	9049.324949055332	0.75
37237.594823844025	1850	15.111771069383078	0.0	975811	5238.651247608242	1.85
37246.63116742356	1850	10.075427489845719	0.0	873429	9036.343579537359	1.85
37252.93263382381	750	7.773961089597279	0.0	400322	6301.46640024844	-0.3500000000000001
37255.925872124564	750	8.780722788840562	0.0	369834	2993.2383007567187	0.75
37258.37463820123	300	10.331956712179846	0.0	163444	2448.766076660715	-0.15000000000000002
37262.39302371273	300	10.31357120068543	0.0	179328	4018.385511494417	0.3
37266.10071950523	300	10.605875408183259	0.0	159914	3707.695792502171	0.3
37267.42466885512	300	13.28192605828867	0.0	131610	1323.949349894589	0.3
37269.33928254017	750	15.3673123732498	0.0	361565	1914.6136850388716	0.3
37271.33894813727	750	17.367646776138074	0.0	378327	1999.6655971117261	0.75
37273.571814262104	750	19.134780651310273	0.0	390680	2232.866124827801	0.75
37275.64639076616	750	21.060204147257082	0.0	345516	2074.57650405319	0.75
37281.27847879025	1850	19.428116123171257	0.0	1025005	5632.088024085824	0.75
37285.82436175449	1850	18.882233158933214	0.0	886255	4545.882964238043	1.85
37290.87040382868	1850	17.8361910847371	0.0	973972	5046.042074196114	1.85
37299.88137005928	1850	12.825224854134204	0.0	958994	9010.966230602897	1.85
37302.106479111884	750	14.60011580153095	0.0	393804	2225.1090526032535	-0.3500000000000001
37303.889669215016	750	16.816925698399384	0.0	331053	1783.1901031315672	0.75
37305.54546293412	750	19.161131979297416	0.0	314107	1655.7937191019655	0.75

