15627.208659528429	750	4.0	1.5410476022445434	450283	1541.0476022445434	-5.8765046896515365
15628.582869507196	750	6.625790021232714	0.0	398865	1374.209978767286	0.75
15629.80116038524	750	9.407499143187989	0.0	350812	1218.2908780447244	0.75
15631.11398829778	750	12.094671230647704	0.0	382355	1312.8279125402858	0.75
15632.451654839413	750	14.75700468901602	0.0	411561	1337.6665416316837	0.75
15634.979563763014	1850	16.22909576541443	0.0	801058	2527.9089236015884	0.75
15637.795258376487	1850	17.41340115194351	0.0	905515	2815.6946134709206	1.85
15641.052268583748	1850	18.156390944680748	0.0	1060487	3257.010207262763	1.85
15643.82482615861	1850	19.383833369818284	0.0	852833	2772.5575748624638	1.85
15646.82016645608	1850	20.38849307234904	0.0	913888	2995.340297469245	1.85
15650.004320903634	1850	21.204338624795533	0.0	939819	3184.1544475535093	1.85
15653.006947852562	1850	22.201711675869404	0.0	917428	3002.626948926127	1.85
15655.988075379937	1850	23.220584148492406	0.0	946851	2981.1275273769975	1.85
15659.300193973862	1850	23.90846555456805	0.0	1036454	3312.118593924357	1.85
15661.954713132924	1850	25.25394639550629	0.0	821631	2654.5191590617605	1.85
15664.902067589455	1850	26.30659193897334	0.0	923170	2947.3544565329476	1.85
15667.987168668633	1850	27.221490859796084	0.0	966699	3085.1010791772565	1.85
15670.825504243254	1850	28.383155285175345	0.0	885714	2838.33557462074	1.85
15673.924169136155	1850	29.284490392273884	0.0	987708	3098.6648929014596	1.85
15676.789073378739	1850	30.419586149689312	0.0	923755	2864.9042425845732	1.85
15679.490711546532	1850	31.717947981895836	0.0	891604	2701.638167793477	1.85
15682.364042641111	1850	32.84461688731703	0.0	955231	2873.3310945788016	1.85
15685.374731766764	1850	33.83392776166376	0.0	968026	3010.68912565328	1.85
15688.119236045595	1850	35.08942348283294	0.0	874175	2744.504278830812	1.85
15691.003723861344	1850	36.20493566708491	0.0	897976	2884.487815748034	1.85
15693.995246046275	1850	37.213413482153356	0.0	905935	2991.522184931552	1.85
15697.674677528817	1850	37.533981999611065	0.0	1076599	3679.4314825422944	1.85
15700.136010883398	1850	39.072648645030654	0.0	758197	2461.3333545804103	1.85
15703.254361601525	1850	39.95429792690511	0.0	972798	3118.3507181255372	1.85
15706.337541826739	1850	40.87111770169145	0.0	975811	3083.1802252136654	1.85
15709.16909838306	1850	42.03956114536935	0.0	873429	2831.5565563221026	1.85
15712.38115606334	1850	42.827503465088114	0.0	954453	3212.0576802812334	1.85
15715.612199068071	1850	43.59646046035711	0.0	885062	3231.0430047310056	1.85
15719.493982230935	1850	43.71467729749373	0.0	1035329	3881.783162863379	1.85
15723.334620067742	1850	43.874039460688074	0.0	1026056	3840.6378368056558	1.85
15726.904409826431	1850	44.304249701999055	0.0	943942	3569.789758689017	1.85
15729.511218201324	1850	45.6974413271058	0.0	728962	2606.8083748932513	1.85
15732.504757620656	1850	46.703901907773776	0.0	938587	2993.539419332026	1.85
15735.456454560759	1850	47.75220496767241	0.0	908665	2951.696940101361	1.85
15738.516265490507	1850	48.69239403792265	0.0	930577	3059.810929749766	1.85
15741.275023980388	1850	49.933635548041885	0.0	858450	2758.758489880764	1.85
15744.525238113398	1850	50.68342141503227	0.0	1025005	3250.2141330096106	1.85
15747.274298513443	1850	51.93436101498792	0.0	886255	2749.060400044346	1.85
15750.290358142809	1850	52.918301385620005	0.0	973972	3016.0596293679164	1.85
15753.265909458174	1850	53.94275007025702	0.0	958994	2975.551315362989	1.85
15756.451729685754	1850	54.75692984267763	0.0	982064	3185.820227579385	1.85
15759.219630117635	1850	55.989029410795325	0.0	830730	2767.900431882308	1.85
15761.828122179051	1850	57.38053734938048	0.0	846370	2608.4920614148423	1.85

