33543.87861565332	750	4.0	2.616233552389556	450283	2616.2335523895563	-10.49980427527509
33544.834925032264	300	7.043690621052167	0.0	155580	956.3093789478332	-0.15000000000000002
33545.70267410548	300	10.175941547832556	0.0	139857	867.7490732196112	0.3
33546.65214384416	300	13.226471809151434	0.0	155432	949.4697386811226	0.3
33548.86651888164	750	15.012096771674134	0.0	411561	2214.3750374772994	0.3
33550.5986070276	750	17.28000862571541	0.0	318564	1732.0881459587235	0.75
33552.520414521	750	19.358201132314008	0.0	352642	1921.8074934014044	0.75
33554.910545214974	750	20.968070438335367	0.0	437162	2390.1306939786396	0.75
33559.60275031219	1850	20.275865341118813	0.0	852833	4692.205097216551	0.75
33564.60012543113	1850	19.278490222181166	0.0	913888	4997.375118937649	1.85
33569.75418936915	1850	18.12442628415956	0.0	939819	5154.0639380216	1.85
33574.893721437635	1850	16.98489421567445	0.0	917428	5139.53206848511	1.85
33580.188347725016	1850	15.6902679282898	0.0	946851	5294.626287384654	1.85
33585.79949696396	1850	14.079118689346492	0.0	1036454	5611.149238943306	1.85
33590.23699159754	1850	13.641624055771073	0.0	821631	4437.494633575419	1.85
33595.12868526835	1850	12.749930384960651	0.0	923170	4891.693670810422	1.85
33600.331436389344	1850	11.54717926396545	0.0	966699	5202.751120995201	1.85
33602.45760174605	750	13.42101390725341	0.0	372963	2126.16535671204	-0.3500000000000001
33604.8187454424	750	15.05987021090817	0.0	405596	2361.143696345241	0.75
33606.87719666501	750	17.00141898829588	0.0	350713	2058.4512226122897	0.75
33609.10280625796	750	18.775809395348155	0.0	386472	2225.609592947726	0.75
33611.3734447943	750	20.505170859005894	0.0	399894	2270.638536342261	0.75
33613.647349529194	750	22.231266124109514	0.0	401853	2273.9047348963813	0.75
33618.45643181014	1850	21.422183843162497	0.0	874175	4809.082280947016	0.75
33623.468426991625	1850	20.410188661679292	0.0	897976	5011.995181483207	1.85
33628.276570853894	1850	19.60204479940758	0.0	905935	4808.143862271709	1.85
33634.11670018658	1850	17.761915466721277	0.0	1076599	5840.129332686306	1.85
33638.0238442832	1850	17.85477137009989	0.0	758197	3907.1440966213854	1.85
33643.2660627093	1850	16.61255294399816	0.0	972798	5242.218426101727	1.85
33648.780643559345	1850	15.097972093957369	0.0	975811	5514.580850040793	1.85
33653.721818868355	1850	14.1567967849471	0.0	873429	4941.175309010269	1.85
33663.87628421677	1850	8.002331436533082	0.0	954453	10154.465348414018	1.85
33665.909064465035	750	9.96955118826687	0.0	369834	2032.7802482662123	-0.3500000000000001
33668.16890714947	750	11.709708503836886	0.0	412837	2259.8426844299834	0.75
33670.34026073917	750	13.538354914137857	0.0	401088	2171.353589699029	0.75
33672.30926375171	750	15.569351901601184	0.0	365161	1969.0030125366739	0.75
33674.05014994497	750	17.82846570834102	0.0	321064	1740.8861932601637	0.75
33679.591350340736	750	16.287265312567143	0.0	361565	5541.200395773876	0.75
33681.65756959834	750	18.221046054965328	0.0	378327	2066.219257601813	0.75
33683.78864218782	750	20.08997346548618	0.0	390680	2131.0725894791444	0.75
33685.690335665255	750	22.188279988046045	0.0	345516	1901.6934774401363	0.75
33691.25256275745	1850	20.626052895855295	0.0	1025005	5562.227092190748	0.75
33696.244354665585	1850	19.634260987721373	0.0	886255	4991.791908133925	1.85
33701.7203167573	1850	18.158298896006116	0.0	973972	5475.962091715256	1.85
33706.860983399434	1850	17.017632253871206	0.0	958994	5140.666642134913	1.85
33712.061551334096	1850	15.817064319208447	0.0	982064	5200.567934662758	1.85
33716.618241135606	1850	15.260374517704555	0.0	830730	4556.689801503891	1.85
33721.41143445039	1850	14.467181202919342	0.0	846370	4793.193314785213	1.85

