37762.63369027785	750	4.0	2.4613678825406633	450283	2461.3678825406632	-9.833881894924852
37763.53649108349	300	7.09719919436071	0.0	155580	902.8008056392899	-0.15000000000000002
37764.35613918912	300	10.277551088728277	0.0	139857	819.6481056324346	0.3
37766.410396023755	750	12.223294254086897	0.0	382355	2054.256834641379	0.3
37768.55911883771	750	14.074571440141122	0.0	411561	2148.7228139457748	0.75
37770.24038964447	750	16.39330063337901	0.0	318564	1681.2708067621124	0.75
37772.10265702439	750	18.531033253451138	0.0	352642	1862.2673799278725	0.75
37774.39573350987	750	20.2379567679773	0.0	437162	2293.0764854738413	0.75
37776.392486878256	750	22.24120339959503	0.0	374758	1996.7533683822703	0.75
37778.38395323301	750	24.249737044836763	0.0	362795	1991.466354758266	0.75
37783.201720437006	1850	23.431969840845877	0.0	939819	4817.767203990886	0.75
37787.859709284574	1850	22.773980993280823	0.0	917428	4657.988847565052	1.85
37793.51186739069	1850	21.12182288716348	0.0	946851	5652.158106117346	1.85
37799.9508907072	1850	18.682799570650207	0.0	1036454	6439.023316513271	1.85
37804.96709026778	1850	17.666600010069338	0.0	821631	5016.199560580869	1.85
37812.6867415136	1850	13.946948764254925	0.0	923170	7719.6512458144125	1.85
37818.04041751757	1850	12.593272760286565	0.0	966699	5353.6760039683595	1.85
37826.231477691166	1850	8.402212586694784	0.0	885714	8191.060173591781	1.85
37828.59208445896	750	10.041605818907046	0.0	405596	2360.606767787737	-0.3500000000000001
37830.41620352809	750	12.217486749770606	0.0	350713	1824.1190691364407	0.75
37833.17293885696	750	13.460751420901286	0.0	386472	2756.7353288693193	0.75
37837.35277624262	750	13.280914035247012	0.0	399894	4179.837385654275	0.75
37839.47109273054	750	15.162597547318468	0.0	401853	2118.316487928543	0.75
37841.294947345414	750	17.338742932447275	0.0	343800	1823.8546148711919	0.75
37843.21906927779	750	19.414621000077474	0.0	359903	1924.1219323698008	0.75
37845.25983865643	750	21.373851621439197	0.0	379700	2040.7693786382777	0.75
37847.57204837904	750	23.06164189882393	0.0	425781	2312.209722615268	0.75
37849.31896051144	750	25.31472976642699	0.0	277716	1746.9121323969373	0.75
37855.37671203408	1850	23.256978243789884	0.0	972798	6057.751522637107	0.75
37861.073402297865	1850	21.560287980005278	0.0	975811	5696.690263784606	1.85
37866.26771492287	1850	20.36597535499766	0.0	873429	5194.3126250076175	1.85
37873.0070631894	1850	17.626627088468265	0.0	954453	6739.348266529396	1.85
37877.73367352445	1850	16.900016753411407	0.0	885062	4726.610335056856	1.85
37883.086737867954	1850	15.546952409917084	0.0	1035329	5353.064343494322	1.85
37888.870126268506	1850	13.76356400936536	0.0	1026056	5783.388400551725	1.85
37893.79884195205	1850	12.834848325826439	0.0	943942	4928.715683538922	1.85
37897.6962348536	1850	12.93745542426938	0.0	728962	3897.392901557057	1.85
37902.50026702084	1850	12.133423257025301	0.0	938587	4804.032167244081	1.85
37907.10690648876	1850	11.526783789106641	0.0	908665	4606.63946791866	1.85
37912.08998115774	1850	10.543709120126394	0.0	930577	4983.074668980246	1.85
37917.347546187804	1850	9.286144090068728	0.0	858450	5257.565030057665	1.85
37919.84361562112	750	10.790074656748763	0.0	384505	2496.0694333199663	-0.3500000000000001
37922.2608510941	750	12.372839183775126	0.0	372093	2417.235472973636	0.75
37925.01015544397	750	13.623534833902609	0.0	438281	2749.3043498725183	0.75
37927.44668677375	750	15.187003504119296	0.0	398987	2436.5313297833113	0.75
37929.908910115926	750	16.724780161942668	0.0	393804	2462.223342176629	0.75
37932.0542640475	750	18.579426230366057	0.0	331053	2145.353931576608	0.75
37934.08217103713	750	20.551519240740586	0.0	314107	2027.9069896254734	0.75

