14806.182475183883	750	4.0	2.6105126764687223	450283	2610.5126764687225	-10.475204508815505
14807.136807908426	300	7.045667275457871	0.0	155580	954.3327245421299	-0.15000000000000002
14808.002780089015	300	10.179695094867249	0.0	139857	865.97218059062	0.3
14810.287324354047	750	11.895150829835899	0.0	382355	2284.5442650313507	0.3
14812.776526375867	750	13.405948808015948	0.0	411561	2489.20202181995	0.75
14814.661434404768	750	15.521040779114488	0.0	318564	1884.9080289014605	0.75
14816.62098869805	750	17.56148648583247	0.0	352642	1959.5542932820133	0.75
14819.031027984238	750	19.151447199644917	0.0	437162	2410.0392861875544	0.75
14821.125593287199	750	21.056881896682416	0.0	374758	2094.5653029625014	0.75
14823.157501989555	750	23.02497319432751	0.0	362795	2031.9087023549055	0.75
14825.191590863267	750	24.99088432061473	0.0	353220	2034.0888737127825	0.75
14830.487773655424	1850	23.694701528458488	0.0	917428	5296.18279215624	0.75
14835.942578716016	1850	22.23989646786782	0.0	946851	5454.805060590667	1.85
14842.988057523668	1850	19.194417660216274	0.0	1036454	7045.478807651547	1.85
14847.932990434778	1850	18.2494847491064	0.0	821631	4944.932911109874	1.85
14853.572322790038	1850	16.610152393845276	0.0	923170	5639.332355261122	1.85
14860.347092953054	1850	13.835382230829612	0.0	966699	6774.770163015664	1.85
14866.090318693598	1850	12.092156490287385	0.0	885714	5743.225740542228	1.85
14873.279824201494	1850	8.902650982389662	0.0	987708	7189.505507897723	1.85
14875.322267201198	750	10.860207982685033	0.0	350713	2042.4429997046304	-0.3500000000000001
14877.63534198371	750	12.547133200172809	0.0	386472	2313.074782512226	0.75
14880.02597045635	750	14.156504727533278	0.0	399894	2390.6284726395297	0.75
14882.280155655417	750	15.902319528466585	0.0	401853	2254.1851990666923	0.75
14884.201062829628	750	17.98141235425642	0.0	343800	1920.907174210165	0.75
14886.229905176535	750	19.952570007348935	0.0	359903	2028.8423469074835	0.75
14888.412419063572	750	21.770056120312542	0.0	379700	2182.513887036392	0.75
14890.85240425394	750	23.330070929944487	0.0	425781	2439.985190368056	0.75
14892.50023082855	750	25.68224435533316	0.0	277716	1647.8265746113245	0.75
14898.032663792002	1850	24.1498113918795	0.0	972798	5532.432963453663	0.75
14903.448469589559	1850	22.734005594322795	0.0	975811	5415.805797556703	1.85
14908.442169023032	1850	21.740306160851567	0.0	873429	4993.69943347123	1.85
14914.285793231595	1850	19.896681952286887	0.0	954453	5843.624208564682	1.85
14919.419958272967	1850	18.76251691091455	0.0	885062	5134.1650413723355	1.85
14925.772666627987	1850	16.40980855589495	0.0	1035329	6352.7083550196	1.85
14931.847223580386	1850	14.335251603495704	0.0	1026056	6074.556952399245	1.85
14937.058345642388	1850	13.124129541494625	0.0	943942	5211.122062001079	1.85
14941.049460258842	1850	13.133014925040918	0.0	728962	3991.114616453707	1.85
14946.260765888223	1850	11.92170929565899	0.0	938587	5211.305629381927	1.85
14951.157613541995	1850	11.024861641888318	0.0	908665	4896.847653770674	1.85
14956.159051711076	1850	10.02342347280615	0.0	930577	5001.4381690821665	1.85
14961.000500736374	1850	9.181974447508022	0.0	858450	4841.449025298128	1.85
14966.766402799345	1850	7.416072384537743	0.0	1025005	5765.90206297028	1.85
14973.088080093905	1850	5.094395089978897	0.0	886255	6321.6772945588455	1.85
14975.621389006903	750	6.56108617698096	0.0	438281	2533.3089129979376	-0.3500000000000001
14978.430718195208	750	7.751756988677837	0.0	398987	2809.329188303124	0.75
14982.148354882313	750	8.03412030157238	0.0	393804	3717.6366871054574	0.75
14984.959088460519	750	9.223386723366726	0.0	331053	2810.733578205652	0.75
14987.549489850408	750	10.632985333476917	0.0	314107	2590.4013898898083	0.75

