43224.26981470061	750	4.0	8.811377471574117	450283	8811.377471574116	-37.1389231277687
43227.41661953788	300	4.853195162735916	0.0	155580	3146.804837264084	-0.15000000000000002
43230.194882370924	300	6.074932329687275	0.0	139857	2778.262833048641	0.3
43233.348640986624	300	6.921173713992579	0.0	155432	3153.758615694697	0.3
43236.70550498932	300	7.564309711296312	0.0	163442	3356.8640026962667	0.3
43239.38353089367	300	8.886283806948198	0.0	126289	2678.025904348113	0.3
43242.58497211917	300	9.684842581448237	0.0	153295	3201.4412254999634	0.3
43246.16530563669	300	10.104509063922919	0.0	173849	3580.333517525318	0.3
43249.10510031725	300	11.164714383366832	0.0	150710	2939.794680556086	0.3
43251.87360269352	300	12.396212007092341	0.0	139105	2768.5023762744913	0.3
43254.877602207016	300	13.392212493601003	0.0	141840	3003.999513491339	0.3
43258.02654749984	300	14.243267200778432	0.0	156148	3148.9452928225714	0.3
43261.13754719602	300	15.132267504593038	0.0	160746	3110.9996961853944	0.3
43264.832964360176	300	15.436850340438925	0.0	179801	3695.4171641541125	0.3
43267.76515194907	300	16.504662751542817	0.0	140051	2932.1875888961094	0.3
43270.68590064089	300	17.583914059720186	0.0	138313	2920.748691822627	0.3
43273.751557440744	300	18.518257259870268	0.0	143509	3065.6567998499177	0.3
43276.98373771579	300	19.286076984821285	0.0	150616	3232.180275048984	0.3
43280.38868499827	300	19.881129702346573	0.0	165384	3404.9472824747118	0.3
43283.35805408546	300	20.911760615149266	0.0	140881	2969.3690871973095	0.3
43286.75344850887	300	21.516366191745256	0.0	157671	3395.3944234040086	0.3
43289.77519148556	300	22.49462321504783	0.0	157812	3021.7429766974246	0.3
43292.89275658435	300	23.37705811625952	0.0	163927	3117.565098788314	0.3
43295.64478851192	300	24.625026188686657	0.0	137654	2752.03192757286	0.3
43298.68145296243	300	25.588361738176125	0.0	146754	3036.664450510531	0.3
43306.40846267405	750	21.861352026549213	0.0	379700	7727.009711626913	0.3
43313.825682552546	750	18.444132148057236	0.0	425781	7417.219878491976	0.75
43319.27619671943	750	16.993617981175028	0.0	277716	5450.51416688221	0.75
43327.09410012603	750	13.17571457457849	0.0	400396	7817.903406596536	0.75
43334.799264838846	750	9.470549861760665	0.0	400508	7705.164712817827	0.75
43341.81791382926	750	6.451900871348391	0.0	358218	7018.648990412274	0.75
43344.80524818337	300	7.464566517236228	0.0	157488	2987.334354112163	-0.15000000000000002
43347.493921172085	300	8.77589352852195	0.0	143881	2688.6729887142774	0.3
43350.53425323013	300	9.735561470469563	0.0	163444	3040.3320580523896	0.3
43353.935383425516	300	10.33443127508146	0.0	179328	3401.1301953881007	0.3
43357.26616848033	300	11.003646220268651	0.0	159914	3330.7850548128094	0.3
43360.01855207005	300	12.251262630553345	0.0	131610	2752.383589715306	0.3
43362.614726951004	300	13.655087749591845	0.0	124011	2596.1748809614996	0.3
43365.42073573252	300	14.849078968077608	0.0	144254	2806.008781514238	0.3
43368.24481257311	300	16.02500212748625	0.0	149991	2824.076840591357	0.3
43371.04978527079	300	17.220029429805155	0.0	147968	2804.972697681095	0.3
43374.10495720384	300	18.164857496761112	0.0	161857	3055.171933044043	0.3
43376.77978091384	300	19.490033786762726	0.0	145210	2674.8237099983853	0.3
43384.67790667485	750	15.59190802576183	0.0	438281	7898.125761000898	0.3
43392.12579271341	750	12.144021987207775	0.0	398987	7447.886038554055	0.75
43399.66187494128	750	8.60793975932653	0.0	393804	7536.082227881246	0.75
43406.169520754614	750	6.100293945993618	0.0	331053	6507.645813332913	0.75
43414.26045644975	750	4.0	1.9906417491454822	314107	8090.9356951391	-7.809759521325573

