28014.937272156432	750	4.0	6.829559467151675	450283	6829.559467151676	-28.617105708752202
28017.329087500962	300	5.608184655470529	0.0	155580	2391.815344529471	-0.15000000000000002
28019.479762711406	300	7.457509445027952	0.0	139857	2150.6752104425764	0.3
28021.854164320994	300	9.083107835439504	0.0	155432	2374.401609588447	0.3
28024.356358572946	300	10.580913583489545	0.0	163442	2502.194251949959	0.3
28026.3217920878	300	12.615480068631973	0.0	126289	1965.4335148575733	0.3
28028.690612150604	300	14.246660005830742	0.0	153295	2368.820062801229	0.3
28035.34983573773	750	11.587436418705154	0.0	437162	6659.223587125588	0.3
28041.011372830697	750	9.925899325737594	0.0	374758	5661.53709296756	0.75
28046.44907407242	750	8.488198084014709	0.0	362795	5437.701241722887	0.75
28051.80903816097	750	7.1282339954659815	0.0	353220	5359.964088548727	0.75
28058.02873615283	750	4.908536003603057	0.0	405134	6219.697991862924	0.75
28060.542908577616	300	6.3943635788175195	0.0	160746	2514.1724247855373	-0.15000000000000002
28063.336266983217	300	7.601005173216081	0.0	179801	2793.3584056014392	0.3
28065.552579420782	300	9.384692735650798	0.0	140051	2216.312437565283	0.3
28067.75881857753	300	11.178453578902863	0.0	138313	2206.239156747936	0.3
28070.015887893078	300	12.921384263357366	0.0	143509	2257.069315545497	0.3
28072.29474587851	300	14.642526277923618	0.0	150616	2278.8579854337486	0.3
28078.414595523245	750	12.522676633187627	0.0	405596	6119.84964473599	0.3
28083.705480740027	750	11.231791416407697	0.0	350713	5290.8852167799305	0.75
28089.66683168013	750	9.270440476304548	0.0	386472	5961.35094010315	0.75
28095.63060102325	750	7.306671133184781	0.0	399894	5963.769343119767	0.75
28102.098454024355	750	4.838818132078156	0.0	401853	6467.853001106625	0.75
28104.75973554229	300	6.177536614144959	0.0	137654	2661.2815179331974	-0.15000000000000002
28107.004853838014	300	7.932418318419433	0.0	146754	2245.1182957255255	0.3
28109.28955467818	300	9.647717478254803	0.0	153938	2284.7008401646317	0.3
28111.986911047967	300	10.950361108470673	0.0	181901	2697.3563697841296	0.3
28113.670222534187	300	13.267049622248669	0.0	111155	1683.3114862220039	0.3
28115.976613796473	300	14.960658359964421	0.0	153605	2306.3912622842467	0.3
28118.249271954388	300	16.688000202049455	0.0	149029	2272.658157914967	0.3
28123.4329873343	750	15.504284822137025	0.0	358218	5183.715379912427	0.3
28129.15494642368	750	13.78232573275574	0.0	400322	5721.959089381285	0.75
28134.305415986386	750	12.63185617004951	0.0	369834	5150.46956270623	0.75
28140.415302167876	750	10.521969988558228	0.0	412837	6109.886181491283	0.75
28146.411383977495	750	8.52588817893976	0.0	401088	5996.0818096184685	0.75
28151.882788596966	750	7.05448355946831	0.0	365161	5471.404619471448	0.75
28156.696059748247	750	6.241212408186522	0.0	321064	4813.271151281788	0.75
28158.585392010667	300	8.351880145766158	0.0	124011	1889.3322624203656	-0.15000000000000002
28160.770071564762	300	10.167200591668639	0.0	144254	2184.679554097519	0.3
28163.00913527535	300	11.928136881081054	0.0	149991	2239.063710587585	0.3
28165.211430668456	300	13.725841487977963	0.0	147968	2202.295393103092	0.3
28167.65923867546	300	15.278033480970592	0.0	161857	2447.8080070073697	0.3
28173.25102631759	750	13.68624583884288	0.0	372093	5591.787642127713	0.3
28179.709816942323	750	11.227455214109641	0.0	438281	6458.790624733238	0.75
28185.641298437942	750	9.295973718490155	0.0	398987	5931.481495619486	0.75
28191.681686683158	750	7.255585473271959	0.0	393804	6040.388245218196	0.75
28196.451898762767	750	6.485373393666219	0.0	331053	4770.212079605741	0.75
28204.42624753828	1200	4.0	1.4889753818477338	550906	7974.348775513952	-5.652594141945255

