32765.745465828295	750	4.0	7.531318275061943	450283	7531.318275061943	-31.634668582766352
32768.40861521286	300	5.336850615435176	0.0	155580	2663.1493845648233	-0.15000000000000002
32770.79192691204	300	6.95353891625552	0.0	139857	2383.3116991796564	0.3
32773.43174403973	300	8.313721788568724	0.0	155432	2639.817127686797	0.3
32776.18322013048	300	9.562245697818245	0.0	163442	2751.4760907504797	0.3
32778.32680760906	300	11.418658219231567	0.0	126289	2143.5874785866786	0.3
32780.97089406089	300	12.774571767401353	0.0	153295	2644.0864518302146	0.3
32784.00914277251	300	13.736323055779101	0.0	173849	3038.2487116222505	0.3
32787.46583583815	300	14.279629990143523	0.0	150710	3456.693065635578	0.3
32790.26196252997	300	15.483503298326807	0.0	139105	2796.1266918167144	0.3
32796.3802784502	750	13.365187378095133	0.0	353220	6118.3159202316765	0.3
32803.48996786098	750	10.255497967311907	0.0	405134	7109.689410783225	0.75
32806.24560887741	300	11.499856950886194	0.0	160746	2755.641016425712	-0.15000000000000002
32809.27605079511	300	12.469415033183457	0.0	179801	3030.441917702738	0.3
32811.853641285765	300	13.891824542534412	0.0	140051	2577.590490649045	0.3
32814.405345236344	300	15.34012059195491	0.0	138313	2551.7039505795024	0.3
32820.71487690493	750	13.030588923368084	0.0	360831	6309.531668586826	0.3
32826.55380004513	750	11.191665783172029	0.0	372963	5838.923140196055	0.75
32833.16496422369	750	8.580501604608143	0.0	405596	6611.164178563886	0.75
32835.536512562656	300	10.208953265644118	0.0	140881	2371.5483389640262	-0.15000000000000002
32838.31452320524	300	11.43094262305468	0.0	157671	2778.0106425894373	0.3
32841.12762007692	300	12.61784575138244	0.0	157812	2813.09687167224	0.3
32844.09445421344	300	13.65101161486419	0.0	163927	2966.8341365182487	0.3
32846.63193509612	300	15.113530732183902	0.0	137654	2537.4808826802882	0.3
32852.97061709314	750	12.774848735163692	0.0	359903	6338.6819970202105	0.3
32859.50245835394	750	10.243007474361475	0.0	379700	6531.841260802217	0.75
32862.496489118654	300	11.248976709646413	0.0	181901	2994.030764715063	-0.15000000000000002
32864.31361272218	300	13.43185310612489	0.0	111155	1817.1236035215218	0.3
32866.79306764294	300	14.952398185363814	0.0	153605	2479.4549207610767	0.3
32873.468361130304	750	12.277104698000002	0.0	400508	6675.293487363811	0.3
32879.65567206998	750	10.089793758319779	0.0	358218	6187.310939680226	0.75
32882.281994793084	300	11.463471035218019	0.0	157488	2626.322723101759	-0.15000000000000002
32884.638543815265	300	13.106922013035149	0.0	143881	2356.5490221828686	0.3
32887.29295966982	300	14.452506158480075	0.0	163444	2654.415854555074	0.3
32890.18621047519	300	15.559255353110789	0.0	179328	2893.2508053692854	0.3
32895.91050913235	750	13.834956695954604	0.0	365161	5724.298657156185	0.3
32901.0307238104	750	12.71474201790734	0.0	321064	5120.214678047263	0.75
32909.52947530198	750	8.215990526330165	0.0	361565	8498.751491577177	0.75
32912.04337869739	300	9.702087130912108	0.0	144254	2513.903395418056	-0.15000000000000002
32914.94595900109	300	10.799506827212472	0.0	149991	2902.5803036996367	0.3
32917.636152144594	300	12.109313683709258	0.0	147968	2690.193143503213	0.3
32920.35867172743	300	13.38679410086971	0.0	161857	2722.519582839549	0.3
32925.48746192609	300	12.25800390220689	0.0	145210	5128.790198662819	0.3
32929.20755575699	300	12.537910071304145	0.0	172312	3720.0938309027447	0.3
32932.03030020675	300	13.715165621547627	0.0	167025	2822.744449756518	0.3
32934.77019571465	300	14.975270113644248	0.0	160064	2739.895507903378	0.3
32942.86707007441	750	10.878395753888078	0.0	331053	8096.87435975617	0.3
32944.82701056675	300	12.918455261550871	0.0	118421	1959.9404923372078	-0.15000000000000002

