8241.017553290625	750	4.0	1.1854918201902331	450283	1185.491820190233	-4.347614826818003
8241.479518448949	300	7.538034841676908	0.0	155580	461.96515832309126	-0.15000000000000002
8242.420798569283	750	10.596754721342418	0.0	350812	941.280120334492	0.3
8244.017269972794	1200	13.000283317831904	0.0	617681	1596.4714035105112	0.75
8247.264635942744	2850	13.75291734788094	0.0	1472558	3247.365969950964	1.2000000000000002
8249.807566859403	2850	15.2099864312212	0.0	1224260	2542.930916659741	2.85
8254.651307415055	4300	14.366245875568463	0.0	2157535	4843.740555652735	2.8499999999999996
8258.688624481874	2850	14.32892880874971	0.0	1638769	4037.3170668187536	1.4000000000000001
8262.140713676567	2850	14.876839614057806	0.0	1348011	3452.089194691904	2.85
8265.844921848477	2850	15.172631442148269	0.0	1429765	3704.2081719095368	2.85
8270.936834393304	4300	14.08071889732138	0.0	2173522	5091.912544826889	2.8499999999999996
8273.931912109598	2850	15.08564118102565	0.0	1519951	2995.077716295731	1.4000000000000001
8278.582013139197	4300	14.435540151426524	0.0	2209463	4650.101029599125	2.8499999999999996
8282.249839012296	2850	14.767714278327915	0.0	1578343	3667.825873098609	1.4000000000000001
8285.340377038294	2850	15.6771762523304	0.0	1231445	3090.5380259975177	2.85
8290.458162920893	4300	14.559390369730208	0.0	2152483	5117.78588260019	2.8499999999999996
8293.562934512289	2850	15.454618778335258	0.0	1491626	3104.7715913949514	1.4000000000000001
8298.00937000362	4300	15.008183287005382	0.0	2059512	4446.435491329876	2.8499999999999996
8303.256607386165	4300	13.76094590445817	0.0	2220726	5247.237382547211	4.3
8306.249463460843	2850	14.768089829782182	0.0	1336050	2992.856074675989	1.4000000000000001
8308.968354413711	2850	16.049198876912282	0.0	1415116	2718.890952869899	2.85
8313.143229991609	4300	15.874323299015863	0.0	2176469	4174.8755778964205	2.8499999999999996
8317.74967421993	4300	15.267879070696585	0.0	2221506	4606.4442283192775	4.3
8322.661010649466	4300	14.356542641158008	0.0	2044075	4911.336429538577	4.3
8325.779708098646	2850	15.237845191978646	0.0	1383735	3118.697449179362	1.4000000000000001
8330.600957217628	4300	14.416596072997676	0.0	2105231	4821.249118980971	2.8499999999999996
8333.878470511976	2850	15.139082778649058	0.0	1547572	3277.5132943486165	1.4000000000000001
8337.865498495736	4300	15.152054794889704	0.0	1972048	3987.0279837593553	2.8499999999999996
8342.560276295611	4300	14.45727699501367	0.0	2134614	4694.777799876034	4.3
8346.514245856202	2850	14.503307434421755	0.0	1561263	3953.9695605919155	1.4000000000000001
8349.796465327749	2850	15.221087962875746	0.0	1341201	3282.219471546008	2.85
8354.93240953801	4300	14.085143752614421	0.0	2147852	5135.944210261326	2.8499999999999996
8358.095424797071	2850	14.922128493552496	0.0	1358081	3163.015259061925	1.4000000000000001
8361.369897748848	2850	15.647655541776686	0.0	1587293	3274.4729517758096	2.85
8366.334057777229	4300	14.683495513396531	0.0	2307787	4964.160028380156	2.8499999999999996
8369.43035093385	2850	15.587202356774393	0.0	1439896	3096.2931566221387	1.4000000000000001
8373.518107844648	4300	15.499445445976123	0.0	1919781	4087.7569107982695	2.8499999999999996
8378.447059879381	4300	14.570493411241518	0.0	2147467	4928.952034734607	4.3
8381.77017021553	2850	15.24738307509363	0.0	1427478	3323.1103361478877	1.4000000000000001
8386.717745594027	4300	14.299807696597796	0.0	2146120	4947.575378495834	2.8499999999999996
8389.565085213211	2850	15.452468077414046	0.0	1339500	2847.3396191837487	1.4000000000000001
8394.524236477364	4300	14.493316813260664	0.0	2184571	4959.151264153383	2.8499999999999996
8399.170907372498	2850	13.846645918127422	0.0	1343002	4646.670895133243	1.4000000000000001
8402.536251091427	2850	14.48130219919595	0.0	1587250	3365.3437189314714	2.85
8405.777782529776	2850	15.23977076084699	0.0	1464921	3241.531438348961	2.85
8410.811019901825	4300	14.20653338879939	0.0	2246506	5033.237372047601	2.8499999999999996
8413.630599264612	2850	15.386954026012953	0.0	1231456	2819.5793627864373	1.4000000000000001
8419.053209259268	4300	13.964344031356847	0.0	2155012	5422.609994656106	2.8499999999999996

