42324.241516851216	750	4.0	4.693727869945956	450283	4693.727869945956	-19.43302984076761
42325.91608666338	300	6.325430187832606	0.0	155580	1674.5698121673945	-0.15000000000000002
42327.429638555026	300	8.81187829618464	0.0	139857	1513.5518916479666	0.3
42331.41373034828	750	8.827786502927518	0.0	382355	3984.0917932571206	0.3
42335.66474980827	750	8.576767042941498	0.0	411561	4251.019459986021	0.75
42338.9483814033	750	9.293135447903765	0.0	318564	3283.631595037732	0.75
42344.69875482188	1200	7.5427620293240585	0.0	561791	5750.373418579707	0.75
42349.19240668086	750	7.049110170345788	0.0	437162	4493.651858978271	0.3
42353.08714333422	750	7.154373516990365	0.0	374758	3894.736653355423	0.75
42356.884106799305	750	7.357410051903431	0.0	362795	3796.9634650869343	0.75
42360.6011618544	750	7.64035499680726	0.0	353220	3717.055055096171	0.75
42364.84913744123	750	7.392379409979364	0.0	405134	4247.975586827896	0.75
42368.8748894074	750	7.366627443811165	0.0	386351	4025.7519661681986	0.75
42373.41214372196	750	6.829373129251676	0.0	434409	4537.254314559488	0.75
42374.93465830408	300	9.306858547135022	0.0	140051	1522.514582116655	-0.15000000000000002
42383.12821568503	1200	5.113301166189058	0.0	587876	8193.557380945964	0.29999999999999993
42384.65305328187	300	7.588463569341928	0.0	143509	1524.8375968471291	-0.6000000000000001
42388.51972190699	750	7.721794944224058	0.0	372963	3866.6686251178708	0.3
42392.71866901785	750	7.52284783335937	0.0	405596	4198.9471108646885	0.75
42396.33856992386	750	7.902946927351927	0.0	350713	3619.9009060074422	0.75
42400.30456916997	750	7.936947681230069	0.0	386472	3965.9992461218576	0.75
42404.41623168914	750	7.825285162069158	0.0	399894	4111.662519160911	0.75
42408.57245063103	750	7.6690662201779976	0.0	401853	4156.21894189116	0.75
42422.150378717604	750	4.0	5.908861866390131	343800	13577.928086568128	-24.65810602547756
42423.71374268818	300	6.4366360294233775	0.0	146754	1563.3639705766225	-0.15000000000000002
42425.34972128435	300	8.800657433251388	0.0	153938	1635.9785961719892	0.3
42433.42517055888	750	4.725208158720343	0.0	425781	8075.449274531045	0.3
42435.873458447924	300	6.276920269682903	0.0	111155	2448.28788903744	-0.15000000000000002
42439.30549731868	300	6.844881398930852	0.0	153605	3432.0388707520515	0.3
42442.27968739069	300	7.870691326918142	0.0	149029	2974.190072012709	0.3
42445.99766256113	750	8.152716156475966	0.0	358218	3717.9751704421756	0.3
42455.104893172116	750	4.0	0.9545144545088078	400322	9107.230610984774	-3.354412154387873
42456.62765616237	300	6.477237009752094	0.0	143881	1522.7629902479055	-0.15000000000000002
42463.056157855375	300	4.048735316738667	0.0	163444	6428.501693013427	0.3
42467.030475032516	300	4.074418139601776	0.0	179328	3974.3171771368916	0.3
42468.90197362603	300	6.202919546084704	0.0	159914	1871.4985935170714	0.3
42470.317242749574	300	8.7876504225472	0.0	131610	1415.2691235375046	0.3
42484.04448426202	750	4.0	4.939591089901003	361565	13727.241512448203	-20.94024168657431
42485.56716690727	300	6.477317354753452	0.0	144254	1522.6826452465489	-0.15000000000000002
42487.14722522553	300	8.897259036487235	0.0	149991	1580.0583182662185	0.3
42490.702521739855	750	9.34196252215992	0.0	345516	3555.296514327313	0.3
42499.855128553274	1200	4.1893557087477316	0.0	641452	9152.606813412189	0.75
42502.57397655374	300	5.470507708282512	0.0	145210	2718.8480004652197	-0.6000000000000001
42504.57643871356	300	7.468045548464441	0.0	172312	2002.4621598180715	0.3
42508.68181881109	750	7.36266545093667	0.0	398987	4105.380097527771	0.3
42512.73607220804	750	7.308412053983633	0.0	393804	4054.2533969530364	0.75
42516.14610594296	750	7.898378319067728	0.0	331053	3410.033734915905	0.75
42519.38906593109	750	8.655418330934225	0.0	314107	3242.959988133504	0.75

