31332.48318778588	750	4.0	2.8286425470739207	450283	2828.642547073921	-11.413162952417858
31333.512887879988	300	6.970299905895268	0.0	155580	1029.7000941047313	-0.15000000000000002
31334.446610762498	300	10.036577023383343	0.0	139857	933.7228825119256	0.3
31336.91698689765	750	11.566200888232283	0.0	382355	2470.37613515106	0.3
31339.584364550785	750	12.898823235099634	0.0	411561	2667.377653132648	0.75
31341.775352326244	750	14.707835459641581	0.0	318564	2190.987775458055	0.75
31344.228926672753	750	16.254261113133932	0.0	352642	2453.574346507649	0.75
31347.10417246321	750	17.37901532267742	0.0	437162	2875.245790456513	0.75
31349.516836745443	750	18.96635104044383	0.0	374758	2412.664282233593	0.75
31351.838082385235	750	20.645105400649864	0.0	362795	2321.245639793963	0.75
31354.090066316723	750	22.39312146916187	0.0	353220	2251.9839314879946	0.75
31356.651025283627	750	23.832162502259713	0.0	405134	2560.9589669021566	0.75
31359.083472902075	750	25.399714883813736	0.0	386351	2432.447618445979	0.75
31365.61252839122	1850	22.870659394669904	0.0	1036454	6529.055489143834	0.75
31370.56001072494	1850	21.923177060948454	0.0	821631	4947.482333721447	1.85
31376.756551300034	1850	19.726636485852644	0.0	923170	6196.540575095812	1.85
31383.7604440574	1850	16.722743728484783	0.0	966699	7003.892757367859	1.85
31390.352800321765	1850	14.130387464122071	0.0	885714	6592.356264362713	1.85
31397.150305531137	1850	11.332882254749075	0.0	987708	6797.505209372996	1.85
31402.72150417144	1850	9.761683614445381	0.0	923755	5571.198640303694	1.85
31408.10410329087	1850	8.379084495022031	0.0	891604	5382.59911942335	1.85
31413.949116313455	1850	6.534071472434338	0.0	955231	5845.013022587693	1.85
31416.601382133507	750	7.881805652381285	0.0	401853	2652.2658200530536	-0.3500000000000001
31418.818127796214	750	9.665059989674326	0.0	343800	2216.7456627069596	0.75
31421.134954946432	750	11.348232839455529	0.0	359903	2316.827150218798	0.75
31423.55984186065	750	12.923345925238262	0.0	379700	2424.886914217266	0.75
31426.264565123147	750	14.218622662736731	0.0	425781	2704.723262501531	0.75
31428.017988953812	750	16.46519883207052	0.0	277716	1753.4238306662087	0.75
31430.484332720822	750	17.998855065059026	0.0	400396	2466.3437670114927	0.75
31432.9669321033	750	19.51625568258277	0.0	400508	2482.599382476257	0.75
31435.219006538584	750	21.264181247294886	0.0	358218	2252.0744352878874	0.75
31437.743300463077	750	22.739887322803693	0.0	400322	2524.2939244911904	0.75
31440.139939021366	750	24.3432487645124	0.0	369834	2396.638558291295	0.75
31446.529915528496	1850	21.95327225738495	0.0	1035329	6389.976507127449	0.75
31454.880119873484	1850	17.60306791239884	0.0	1026056	8350.204344986112	1.85
31462.267600881103	1850	14.215586904777648	0.0	943942	7387.481007621189	1.85
31466.755210668423	1850	13.72797711746014	0.0	728962	4487.609787317507	1.85
31472.686156676482	1850	11.79703110939825	0.0	938587	5930.946008061891	1.85
31478.221286564793	1850	10.261901221088896	0.0	908665	5535.129888309353	1.85
31480.80201767563	750	11.681170110252493	0.0	390680	2580.731110836403	-0.3500000000000001
31483.084893582443	750	13.398294203440388	0.0	345516	2282.8759068121053	0.75
31485.49056658422	750	14.992621201665385	0.0	384505	2405.673001775004	0.75
31487.82116578124	750	16.662022004647227	0.0	372093	2330.599197018157	0.75
31490.670983762186	750	17.81220402369765	0.0	438281	2849.817980949578	0.75
31493.284115977527	750	19.19907180835923	0.0	398987	2613.1322153384203	0.75
31495.799082495916	750	20.68410528996813	0.0	393804	2514.9665183910993	0.75
31497.92604740946	750	22.55714037642503	0.0	331053	2126.9649135431036	0.75
31500.025013454808	750	24.458174331079388	0.0	314107	2098.966045345641	0.75

