9323.204039260565	750	4.0	9.398277533758339	450283	9398.277533758339	-39.662593395160854
9326.52202101646	300	4.682018244104192	0.0	155580	3317.9817558958075	-0.15000000000000002
9329.511958567062	300	5.692080693501488	0.0	139857	2989.937550602705	0.3
9332.829168402177	300	6.374870858387648	0.0	155432	3317.20983511384	0.3
9336.315531129068	300	6.888508131496408	0.0	163442	3486.36272689124	0.3
9339.028679052208	300	8.175360208356413	0.0	126289	2713.147923139995	0.3
9342.384001452741	300	8.8200378078226	0.0	153295	3355.3224005338134	0.3
9346.171237512353	300	9.032801748211394	0.0	173849	3787.236059611205	0.3
9349.45015076059	300	9.75388849997511	0.0	150710	3278.913248236284	0.3
9352.485222853196	300	10.718816407367823	0.0	139105	3035.072092607287	0.3
9355.565072960057	300	11.638966300507407	0.0	141840	3079.8501068604164	0.3
9358.912516879596	300	12.291522380968328	0.0	156148	3347.4439195390787	0.3
9362.336186781711	300	12.867852478851606	0.0	160746	3423.669902116722	0.3
9366.15550716966	300	13.04853209090322	0.0	179801	3819.320387948384	0.3
9369.15915672668	300	14.04488253388359	0.0	140051	3003.649557019632	0.3
9372.141691980396	300	15.062347280169437	0.0	138313	2982.5352537141525	0.3
9375.246371408726	300	15.957667851837696	0.0	143509	3104.6794283317417	0.3
9383.604050203001	750	11.599989057563082	0.0	372963	8357.678794274614	0.3
9391.847738015322	750	7.356301245242041	0.0	405596	8243.68781232104	0.75
9394.893312763701	300	8.310726496864419	0.0	140881	3045.574748377621	-0.15000000000000002
9398.286411859208	300	8.917627401355563	0.0	157671	3393.099095508857	0.3
9401.6826587827	300	9.521380477865048	0.0	157812	3396.2469234905147	0.3
9405.209995922061	300	9.994043338504845	0.0	163927	3527.3371393602024	0.3
9407.823983041868	300	11.380056218697831	0.0	137654	2613.9871198070146	0.3
9410.537316001371	300	12.666723259194876	0.0	146754	2713.332959502955	0.3
9413.825069810462	300	13.37896945010362	0.0	153938	3287.7538090912567	0.3
9422.748599370088	750	8.455439890476026	0.0	425781	8923.529559627594	0.3
9425.150835029845	300	10.053204230719954	0.0	111155	2402.2356597560715	-0.15000000000000002
9428.420494529211	300	10.783544731351919	0.0	153605	3269.6594993680346	0.3
9431.578259793576	300	11.625779466988613	0.0	149029	3157.765264363305	0.3
9434.837689567014	300	12.366349693550832	0.0	157421	3259.429773437782	0.3
9438.018943029736	300	13.185096230829156	0.0	157488	3181.253462721676	0.3
9440.871525142677	300	14.332514117886916	0.0	143881	2852.5821129422397	0.3
9444.080716327397	300	15.12332293316703	0.0	163444	3209.1911847198867	0.3
9451.810664006454	750	11.393375254109596	0.0	401088	7729.947679057433	0.3
9455.20873120959	300	11.995308050975657	0.0	159914	3398.06720313394	-0.15000000000000002
9457.98810366657	300	13.215935593995335	0.0	131610	2779.3724569803207	0.3
9460.576747225252	300	14.627292035314593	0.0	124011	2588.643558680743	0.3
9463.55507025609	300	15.648969004476111	0.0	144254	2978.32303083848	0.3
9471.259645360882	750	11.944393899685096	0.0	390680	7704.575104791017	0.3
9474.11926366367	300	13.084775596896645	0.0	147968	2859.6183027884517	-0.15000000000000002
9477.219429463854	300	13.984609796713295	0.0	161857	3100.1658001833493	0.3
9480.072895221694	300	15.13114403887347	0.0	145210	2853.4657578398255	0.3
9483.421577399187	300	15.782461861380972	0.0	172312	3348.6821774924997	0.3
9491.259117808695	750	11.944921451872654	0.0	398987	7837.540409508318	0.3
9494.552739513649	300	12.651299746919127	0.0	160064	3293.621704953526	-0.15000000000000002
9497.381290850977	300	13.822748409592103	0.0	137507	2828.551337327025	0.3
9499.939680198597	300	15.264359061971154	0.0	118421	2558.389347620949	0.3

