47415.43186159099	750	4.0	3.9717982204052706	450283	3971.7982204052705	-16.328732347742662
47416.856311412674	300	6.575550178309678	0.0	155580	1424.4498216903219	-0.15000000000000002
47418.14392612817	300	9.287935462812401	0.0	139857	1287.6147154972775	0.3
47419.566025347085	300	11.86583624390185	0.0	155432	1422.0992189105505	0.3
47421.057288024895	300	14.374573566093044	0.0	163442	1491.262677808805	0.3
47422.09416240549	300	17.337699185498604	0.0	126289	1036.8743805944378	0.3
47424.77254016251	1200	18.659321428486546	0.0	561791	2678.3777570120587	0.29999999999999993
47428.157902223335	1200	19.273959367655415	0.0	709534	3385.3620608311307	1.2
47431.004766800506	1200	20.427094790482144	0.0	584846	2846.86457717327	1.2
47435.017515240936	1200	20.414346350056203	0.0	560821	4012.7484404259408	1.2
47440.48929240309	1200	18.942569187906063	0.0	607410	5471.7771621501415	1.2
47445.83722389264	1200	17.594637698356316	0.0	594078	5347.9314895497455	1.2
47449.56419102328	1200	17.867670567707528	0.0	624282	3726.9671306487908	1.2
47453.057155115115	1200	18.374706475878135	0.0	687371	3492.964091829394	1.2
47457.794618919994	1200	17.637242671003186	0.0	526950	4737.463804874946	1.2
47463.25163538918	1200	16.18022620181723	0.0	587876	5457.016469185956	1.2
47470.21282961943	1200	13.219031971563993	0.0	617242	6961.194230253236	1.2
47476.379369419636	1200	11.05249217135851	0.0	581493	6166.539800205482	1.2
47480.06214238413	750	11.369719206865092	0.0	405596	3682.7729644934175	0.3
47483.273988301655	750	12.157873289332617	0.0	350713	3211.845917532475	0.75
47486.74216653844	750	12.689695052546895	0.0	386472	3468.1782367857236	0.75
47490.3215519129	750	13.11030967808423	0.0	399894	3579.3853744626654	0.75
47493.91613395312	750	13.515727637867704	0.0	401853	3594.582040216527	0.75
47498.7067311762	1200	12.725130414784925	0.0	536667	4790.597223082779	0.75
47503.96422109483	1200	11.46764049614855	0.0	587236	5257.489918636374	1.2
47509.191330872956	1200	10.240530718023871	0.0	590335	5227.109778124679	1.2
47516.80273583433	1200	6.629125756646227	0.0	696376	7611.404961377644	1.2
47519.390113156274	750	8.041748434700978	0.0	277716	2587.377321945249	0.3
47521.18206754018	750	10.24979405078838	0.0	400396	1791.954383912599	0.75
47522.974500797245	750	12.457360793732697	0.0	400508	1792.4332570556826	0.75
47527.07568868495	1200	12.356172906027707	0.0	570392	4101.187887704989	0.75
47532.54736407249	1200	10.884497518490207	0.0	620283	5471.675387537499	1.2
47537.607193257	1200	9.82466833398108	0.0	584349	5059.829184509125	1.2
47543.13840518884	1200	8.29345640214174	0.0	670129	5531.2119318393425	1.2
47548.71171238853	1200	6.720149202444998	0.0	690253	5573.307199696741	1.2
47553.495189804795	1200	5.936671786184369	0.0	598727	4783.477416260629	1.2
47555.313568066056	750	8.118293524920505	0.0	321064	1818.378261263863	0.3
47556.907719116614	750	10.524142474360826	0.0	361565	1594.15105055968	0.75
47558.572065567474	750	12.859796023501112	0.0	378327	1664.3464508597128	0.75
47564.776077052134	1200	10.655784538842761	0.0	587506	6204.011484658351	0.75
47569.648398402525	1200	9.783463188447312	0.0	566904	4872.321350395449	1.2
47574.946373920786	1200	8.485487670192004	0.0	641452	5297.975518255308	1.2
47576.61779607526	750	10.814065515711874	0.0	372093	1671.422154480129	0.3
47578.57230081813	750	12.859560772844619	0.0	438281	1954.5047428672547	0.75
47580.85387706676	750	14.577984524211137	0.0	398987	2281.5762486334834	0.75
47590.36275685461	1850	9.06910473636709	0.0	982064	9508.879787844047	0.75
47597.69873489981	1850	5.733126691160632	0.0	830730	7335.978045206457	1.85
47602.41582406628	1200	5.016037524689907	0.0	550906	4717.089166470725	0.5499999999999999

