30153.467898435418	750	4.0	1.4350650477597209	450283	1435.065047759721	-5.420779705366799
30154.748228050958	750	6.719670384458927	0.0	398865	1280.3296155410735	0.75
30155.883948741135	750	9.583949694282564	0.0	350812	1135.7206901763632	0.75
30157.114593771785	750	12.353304663632578	0.0	382355	1230.6450306499871	0.75
30158.335802753394	750	15.132095682024664	0.0	411561	1221.2089816079133	0.75
30160.591921847215	1850	16.875976588199904	0.0	801058	2256.1190938247582	0.75
30163.118783680286	1850	18.349114755131943	0.0	905515	2526.8618330679606	1.85
30166.010059499877	1850	19.457838935538405	0.0	1060487	2891.2758195935403	1.85
30168.3695300099	1850	21.098368425517155	0.0	852833	2359.4705100212504	1.85
30170.947818889174	1850	22.520079546240233	0.0	913888	2578.288879276922	1.85
30173.52857145966	1850	23.939326975753822	0.0	939819	2580.7525704864083	1.85
30175.865713445157	1850	25.602184990257744	0.0	917428	2337.1419854960786	1.85
30178.285220972237	1850	27.182677463179918	0.0	946851	2419.5075270778293	1.85
30181.040883841306	1850	28.42701459410954	0.0	1036454	2755.6628690703783	1.85
30183.243016892535	1850	30.22488154288305	0.0	821631	2202.13305122649	1.85
30185.97949392752	1850	31.48840450789782	0.0	923170	2736.47703498523	1.85
30188.886306767534	1850	32.581591667883465	0.0	966699	2906.8128400143582	1.85
30191.771229968064	1850	33.696668467355806	0.0	885714	2884.923200527661	1.85
30194.771095926266	1850	34.69680250915231	0.0	987708	2999.8659582034843	1.85
30197.349762747654	1850	36.11813568776525	0.0	923755	2578.666821387066	1.85
30200.207260029427	1850	37.26063840598859	0.0	891604	2857.497281776659	1.85
30203.70849285907	1850	37.75940557634578	0.0	955231	3501.23282964281	1.85
30206.477556266447	1850	38.990342168969256	0.0	968026	2769.0634073765236	1.85
30208.96696336593	1850	40.50093506948789	0.0	874175	2489.407099481364	1.85
30211.29553016364	1850	42.17236827177861	0.0	897976	2328.5667977092803	1.85
30213.64402660662	1850	43.8238718287971	0.0	905935	2348.4964429815013	1.85
30216.910175333545	1850	44.557723101869996	0.0	1076599	3266.14872692711	1.85
30219.300490736074	1850	46.16740769933914	0.0	758197	2390.315402530861	1.85
30221.806742873086	1850	47.66115556232706	0.0	972798	2506.2521370120717	1.85
30224.32050972301	1850	49.147388712405615	0.0	975811	2513.76684992145	1.85
30226.532127599035	1850	50.935770836379625	0.0	873429	2211.617876025984	1.85
30228.938705662466	1850	52.529192772947205	0.0	954453	2406.5780634324174	1.85
30231.34211815199	1850	54.125780283420134	0.0	885062	2403.4124895270706	1.85
30234.224488217224	1850	55.243410218189986	0.0	1035329	2882.370065230151	1.85
30237.349132936917	1850	56.11876549849469	0.0	1026056	3124.644719695302	1.85
30240.471629899603	1850	56.996268535810124	0.0	943942	3122.4969626845614	1.85
30243.84073120001	1850	57.62716723540245	0.0	728962	3369.101300407668	1.85
30246.925102793204	1850	58.54279564220786	0.0	938587	3084.371593194601	1.85
30249.468475587342	1850	59.99942284807312	0.0	908665	2543.37279413474	1.85
30253.512359233788	1850	59.95553920162503	0.0	930577	2543.8836464480923	1.85
30257.86848809389	1850	59.5994103415256	0.0	858450	2356.128860099434	1.85
30261.890514280738	1850	59.57738415467977	0.0	1025005	3022.026186845828	1.85
30265.610245174306	1850	59.676359154435026	0.0	886255	3401.0250002447424	1.85
30269.619698565173	1850	59.66690576357026	0.0	973972	4009.4533908647672	1.85
30273.4940278992	1850	59.792576429547644	0.0	958994	3374.3293340226146	1.85
30277.39972255203	1850	59.88688177671786	0.0	982064	3405.694652829793	1.85
30281.218818517995	1850	59.87142542925464	0.0	830730	3015.4563474632187	1.85
30285.483700792287	1850	59.606543154963006	0.0	846370	2264.882274291632	1.85

