21581.78785007132	750	4.0	5.804809317470427	450283	5804.809317470427	-24.210680065122837
21583.79240338782	300	5.995446683499395	0.0	155580	2004.5533165006048	-0.15000000000000002
21585.60246029221	300	8.185389779104067	0.0	139857	1810.0569043953278	0.3
21590.340114221734	750	7.447735849583194	0.0	382355	4737.653929520873	0.3
21595.78318696095	750	6.004663110364767	0.0	411561	5443.072739218427	0.75
21597.709025131382	300	8.078824939934217	0.0	126289	1925.8381704305498	-0.15000000000000002
21602.837515622075	750	6.9503344492392625	0.0	352642	5128.490490694954	0.3
21604.988869620418	300	8.79898045089838	0.0	173849	2151.353998340882	-0.15000000000000002
21609.67428161885	750	8.113568452465772	0.0	374758	4685.411998432608	0.3
21614.4389468136	750	7.348903257716089	0.0	362795	4764.665194749682	0.75
21619.033910701586	750	6.753939369727625	0.0	353220	4594.963887988464	0.75
21621.03766813195	300	8.75018193936578	0.0	156148	2003.7574303618458	-0.15000000000000002
21625.853361265363	750	7.934488805954628	0.0	386351	4815.6931334111505	0.3
21631.350678578237	750	6.4371714930786545	0.0	434409	5497.317312875974	0.75
21633.27202355244	300	8.515826518878104	0.0	140051	1921.3449742005516	-0.15000000000000002
21638.254389159796	750	7.533460911524897	0.0	366214	4982.365607353207	0.3
21642.874532842015	750	6.913317229306834	0.0	360831	4620.143682218063	0.75
21644.85087435245	300	8.936975718869485	0.0	150616	1976.3415104373478	-0.15000000000000002
21649.791020680615	750	7.996829390706306	0.0	405596	4940.1463281631795	0.3
21654.138383472622	750	7.64946659869969	0.0	350713	4347.3627920066165	0.75
21659.469323527686	750	6.318526543634071	0.0	386472	5330.940055065618	0.75
21661.611977430744	300	8.175872640574047	0.0	157812	2142.6539030600243	-0.15000000000000002
21666.62069167311	750	7.167158398208949	0.0	401853	5008.7142423650985	0.3
21672.624187699104	750	5.163662372215158	0.0	343800	6003.496025993791	0.75
21675.533200218302	300	6.2546498530185435	0.0	146754	2909.012519196615	-0.15000000000000002
21678.417880349767	300	7.369969721554418	0.0	153938	2884.680131464125	0.3
21684.03328572286	750	5.754564348461831	0.0	425781	5615.405373092587	0.3
21685.433689422734	300	8.354160648587436	0.0	111155	1400.403699874395	-0.15000000000000002
21690.304608131362	750	7.4832419399560655	0.0	400396	4870.9187086313705	0.3
21695.209406736518	750	6.578443334800845	0.0	400508	4904.798605155221	0.75
21697.175197450062	300	8.61265262126084	0.0	157421	1965.7907135400042	-0.15000000000000002
21702.04585485818	750	7.741995213139734	0.0	400322	4870.6574081211065	0.3
21707.04772641339	750	6.740123657931935	0.0	369834	5001.871555207798	0.75
21709.318759697635	300	8.469090373688978	0.0	163444	2271.033284242958	-0.15000000000000002
21714.42488004572	750	7.36297002560446	0.0	401088	5106.120348084518	0.3
21720.025179725984	750	5.762670345339	0.0	365161	5600.29968026546	0.75
21721.59742258026	300	8.19042749106313	0.0	131610	1572.2428542758694	-0.15000000000000002
21725.742312603103	750	8.045537468224245	0.0	361565	4144.890022838885	0.3
21730.00133655224	750	7.786513519086179	0.0	378327	4259.023949138067	0.75
21734.324423399765	750	7.463426671562804	0.0	390680	4323.086847523375	0.75
21738.83267368749	750	6.955176383835986	0.0	345516	4508.250287726818	0.75
21740.849655963833	300	8.93819410749377	0.0	161857	2016.9822763422164	-0.15000000000000002
21745.286589293984	750	8.501260777344541	0.0	372093	4436.933330149229	0.3
21750.44474705372	750	7.343103017609129	0.0	438281	5158.157759735413	0.75
21755.22781056921	750	6.56003950212059	0.0	398987	4783.0635154885385	0.75
21757.318412252414	300	8.469437818914964	0.0	160064	2090.6016832056275	-0.15000000000000002
21761.393249055378	750	8.394601015951704	0.0	331053	4074.836802963258	0.3
21765.09461403491	750	8.693236036418995	0.0	314107	3701.364979532709	0.75

