5567.275987947859	750	4.0	9.032616978701375	450283	9032.616978701375	-38.090253008415914
5570.427505615788	300	4.848482332070899	0.0	155580	3151.5176679291008	-0.15000000000000002
5573.29142616904	300	5.984561778818021	0.0	139857	2863.920553252879	0.3
5576.479075995121	300	6.796911952737075	0.0	155432	3187.6498260809453	0.3
5579.832861825581	300	7.4431261222773974	0.0	163442	3353.785830459678	0.3
5582.449308216767	300	8.826679731090861	0.0	126289	2616.4463911865373	0.3
5585.60617765567	300	9.66981029218793	0.0	153295	3156.86943890293	0.3
5589.174176539391	300	10.10181140846697	0.0	173849	3567.9988837209607	0.3
5592.27947484623	300	10.996513101628334	0.0	150710	3105.2983068386375	0.3
5595.154382178549	300	12.12160576930933	0.0	139105	2874.9073323190046	0.3
5598.088212410457	300	13.187775537400414	0.0	141840	2933.8302319089166	0.3
5601.29075931231	300	13.985228635547799	0.0	156148	3202.546901852615	0.3
5604.575627377074	300	14.70036057078427	0.0	160746	3284.868064763531	0.3
5608.241144501038	300	15.034843446819643	0.0	179801	3665.517123964627	0.3
5611.148359020039	300	16.127628927819554	0.0	140051	2907.214519000088	0.3
5614.043293458888	300	17.232694488970193	0.0	138313	2894.934438849364	0.3
5617.120856835612	300	18.155131112246323	0.0	143509	3077.5633767238705	0.3
5620.3944347846855	300	18.88155316317283	0.0	150616	3273.577949073495	0.3
5624.108317537783	300	19.167670410075544	0.0	165384	3713.882753097284	0.3
5627.15939685513	300	20.116591092728733	0.0	140881	3051.0793173468096	0.3
5630.524371978105	300	20.75161596975368	0.0	157671	3364.975122975053	0.3
5633.879744651837	300	21.396243296021524	0.0	157812	3355.3726737321545	0.3
5637.357135639162	300	21.918852308696554	0.0	163927	3477.390987324968	0.3
5640.287515505809	300	22.988472442048717	0.0	137654	2930.379866647837	0.3
5643.395261956751	300	23.880725991107834	0.0	146754	3107.746450940884	0.3
5646.640082345772	300	24.635905602086765	0.0	153938	3244.820389021068	0.3
5655.32779152382	750	19.948196424037967	0.0	425781	8687.709178048795	0.3
5660.980388067992	750	18.295599879866344	0.0	277716	5652.596544171621	0.75
5668.954947530852	750	14.321040417005952	0.0	400396	7974.559462860395	0.75
5676.948592416057	750	10.327395531801576	0.0	400508	7993.644885204375	0.75
5684.112779354741	750	7.163208593117653	0.0	358218	7164.1869386839235	0.75
5687.31410506581	300	7.961882882048949	0.0	157488	3201.325711068703	-0.15000000000000002
5690.2669668884155	300	9.009021059442642	0.0	143881	2952.8618226063086	0.3
5693.583885553459	300	9.692102394398237	0.0	163444	3316.918665044405	0.3
5697.225142609213	300	10.050845338644645	0.0	179328	3641.2570557535914	0.3
5700.510995635525	300	10.764992312333241	0.0	159914	3285.8530263114044	0.3
5703.292809093236	300	11.983178854622352	0.0	131610	2781.8134577108885	0.3
5705.9366739006455	300	13.339314047213026	0.0	124011	2643.8648074093253	0.3
5708.888313965436	300	14.387673982422395	0.0	144254	2951.640064790632	0.3
5711.940444647607	300	15.335543300251123	0.0	149991	3052.1306821712715	0.3
5714.95953812851	300	16.316449819348687	0.0	147968	3019.093480902437	0.3
5718.245707934349	300	17.03028001350903	0.0	161857	3286.1698058396546	0.3
5721.19464440176	300	18.081343546098214	0.0	145210	2948.93646741082	0.3
5724.680339581544	300	18.59564836631419	0.0	172312	3485.6951797840247	0.3
5732.653173370416	750	14.622814577442005	0.0	398987	7972.833788872186	0.3
5740.513445706319	750	10.762542241538773	0.0	393804	7860.2723359032325	0.75
5746.840280904383	750	8.435707043475263	0.0	331053	6326.835198063508	0.75
5757.267633486811	1200	4.0	1.9916455389537695	550906	10427.352582429034	-7.814075817501209

