22910.848900145018	750	4.0	1.0067386518144827	450283	1006.7386518144828	-3.5789762028022754
22911.74981413101	750	7.099086014004563	0.0	398865	900.9139859954378	0.75
22912.551829041455	750	10.297071103558594	0.0	350812	802.0149104459692	0.75
22913.418763385445	750	13.43013675956931	0.0	382355	866.9343439892837	0.75
22914.3458073251	750	16.50309281991487	0.0	411561	927.0439396544404	0.75
22916.07475401812	1850	18.77414612689743	0.0	801058	1728.9466930174367	0.75
22918.01908404848	1850	20.82981609653566	0.0	905515	1944.330030361774	1.85
22920.28247997335	1850	22.56642017166609	0.0	1060487	2263.3959248695674	1.85
22924.52877988052	4300	22.320120264496634	0.0	2055469	4246.299907169457	1.8499999999999996
22929.031224439597	4300	21.817675705417233	0.0	2169201	4502.444559079397	4.3
22933.508936341357	4300	21.339963803658588	0.0	2173522	4477.711901758644	4.3
22937.949270279143	4300	20.899629865870967	0.0	2102452	4440.333937787623	4.3
22942.645306212755	4300	20.203593932260876	0.0	2209463	4696.035933610093	4.3
22947.306182506814	4300	19.54271763820035	0.0	2275376	4660.876294060522	4.3
22951.445104193725	4300	19.403795951288565	0.0	2005399	4138.92168691179	4.3
22955.918058431333	4300	18.930841713681847	0.0	2152483	4472.95423760672	4.3
22960.64354024191	4300	18.205359903104966	0.0	2289689	4725.481810576878	4.3
22964.944914490945	4300	17.90398565406831	0.0	2059512	4301.3742490366585	4.3
22969.627066535835	4300	17.221833609179235	0.0	2220726	4682.152044889077	4.3
22974.197346178553	4300	16.651553966458806	0.0	2156729	4570.279642720428	4.3
22976.134543576416	1850	18.71435656859607	0.0	891604	1937.1973978627382	-0.6000000000000001
22978.171344100305	1850	20.67755604470839	0.0	955231	2036.800523887683	1.85
22982.780072250105	4300	20.068827894908406	0.0	2221506	4608.728149799985	1.8499999999999996
22987.01443942328	4300	19.834460721733894	0.0	2044075	4234.367173174512	4.3
22991.496886156452	4300	19.352013988565677	0.0	2186790	4482.446733168216	4.3
22995.867371114913	4300	18.9815290301032	0.0	2105231	4370.484958462476	4.3
23000.806902088225	4300	18.041998056791748	0.0	2395588	4939.530973311453	4.3
23004.920948376723	4300	17.92795176829367	0.0	1972048	4114.046288498075	4.3
23009.33574403788	4300	17.51315610713941	0.0	2134614	4414.795661154261	4.3
23018.005357464885	4300	12.843542680134282	0.0	2164140	8669.613427005128	4.3
23019.879423901162	1850	14.969476243853235	0.0	873429	1874.0664362810467	-0.6000000000000001
23024.366251238745	4300	14.482648906271091	0.0	2147852	4486.827337582143	1.8499999999999996
23026.259626505576	1850	16.58927363943804	0.0	885062	1893.3752668330521	-0.6000000000000001
23030.934600963144	4300	15.914299181869229	0.0	2286761	4674.974457568812	1.8499999999999996
23033.062164845585	1850	17.786735299430582	0.0	1026056	2127.563882438648	-0.6000000000000001
23037.421615136464	4300	17.427285008552143	0.0	2143948	4359.450290878438	1.8499999999999996
23041.442630901296	4300	17.406269243718803	0.0	1919781	4021.015764833342	4.3
23045.848061297434	4300	17.000838847579487	0.0	2147467	4405.430396139313	4.3
23047.740738472345	1850	19.108161672668977	0.0	908665	1892.6771749105103	-0.6000000000000001
23052.143076762586	4300	18.705823382430026	0.0	2146120	4402.338290238953	1.8499999999999996
23056.594507705675	4300	18.254392439341448	0.0	2108491	4451.430943088579	4.3
23061.139907579465	4300	17.70899256554932	0.0	2184571	4545.399873792128	4.3
23065.536242228205	4300	17.312657916809716	0.0	2121928	4396.334648739604	4.3
23070.171377096794	4300	16.677523048222618	0.0	2219102	4635.1348685871	4.3
23072.229922791106	1850	18.618977353911337	0.0	958994	2058.5456943112817	-0.6000000000000001
23076.946610705185	4300	17.902289439832234	0.0	2246506	4716.6879140791025	1.8499999999999996
23081.075590335044	4300	17.77330980997342	0.0	1961140	4128.979629858817	4.3
23085.585231162513	4300	17.263668982505575	0.0	2155012	4509.640827467843	4.3

