12788.5936333441	750	4.0	1.5664722166227987	450283	1566.4722166227987	-5.985830531478034
12789.99036469013	750	6.6032686539726075	0.0	398865	1396.7313460273929	0.75
12791.228463688443	750	9.365169655658487	0.0	350812	1238.0989983141208	0.75
12792.5882585303	750	12.005374813801701	0.0	382355	1359.7948418567853	0.75
12794.133671063346	750	14.459962280755805	0.0	411561	1545.4125330458965	0.75
12795.347956571879	750	17.24567677222309	0.0	318564	1214.2855085327155	0.75
12796.683580905765	750	19.910052438337296	0.0	352642	1335.6243338857935	0.75
12800.26962845264	1850	20.324004891462398	0.0	1060487	3586.047546874896	0.75
12803.105669065068	1850	21.48796427903531	0.0	852833	2836.0406124270894	1.85
12806.173894211284	1850	22.419739132818314	0.0	913888	3068.225146216996	1.85
12809.275012610673	1850	23.31862073342878	0.0	939819	3101.1183993895365	1.85
12812.245161670193	1850	24.348471673909444	0.0	917428	2970.149059519337	1.85
12815.333016932012	1850	25.260616412089146	0.0	946851	3087.8552618203	1.85
12818.761739619767	1850	25.831893724334144	0.0	1036454	3428.7226877550024	1.85
12821.676520824385	1850	26.917112519714895	0.0	821631	2914.7812046192494	1.85
12824.877168257382	1850	27.716465086719406	0.0	923170	3200.647432995486	1.85
12828.160919570031	1850	28.432713774071093	0.0	966699	3283.7513126483145	1.85
12831.232932292622	1850	29.360701051479758	0.0	885714	3072.012722591334	1.85
12838.760850221668	4300	25.832783122434222	0.0	2220726	7527.917929045536	1.8499999999999996
12847.479518132614	4300	21.114115211487093	0.0	2156729	8718.667910947128	4.3
12854.7159513157	4300	17.877682028399782	0.0	2039773	7236.433183087312	4.3
12862.773707105049	4300	13.819926239053402	0.0	2176469	8057.755789346377	4.3
12870.478239995879	4300	10.11539334822374	0.0	2221506	7704.532890829661	4.3
12878.017666220961	4300	6.575967123141638	0.0	2044075	7539.426225082103	4.3
12881.28953338553	1850	7.304099958573207	0.0	897976	3271.867164568431	-0.6000000000000001
12884.527649612586	1850	8.065983731517301	0.0	905935	3238.1162270559053	1.85
12888.448962153838	1850	8.144671190267799	0.0	1076599	3921.3125412495037	1.85
12891.109016866178	1850	9.484616477927649	0.0	758197	2660.05471234015	1.85
12894.447392502663	1850	10.14624084144119	0.0	972798	3338.3756364864585	1.85
12898.083448610132	1850	10.510184733973196	0.0	975811	3636.0561074679936	1.85
12901.395939393426	1850	11.197693950680911	0.0	873429	3312.4907832922845	1.85
12904.987836447677	1850	11.605796896430363	0.0	954453	3591.8970542505494	1.85
12907.948631908153	1850	12.645001435953022	0.0	885062	2960.7954604773395	1.85
12911.586604517508	1850	13.007028826599662	0.0	1035329	3637.9726093533595	1.85
12915.398227603368	1850	13.19540574073894	0.0	1026056	3811.6230858607237	1.85
12918.971236853844	1850	13.622396490263963	0.0	943942	3573.0092504749755	1.85
12921.671586037159	1850	14.922047306948421	0.0	728962	2700.349183315543	1.85
12925.072368780677	1850	15.521264563430332	0.0	938587	3400.7827435180893	1.85
12928.180372100545	1850	16.413261243561834	0.0	908665	3108.0033198684964	1.85
12931.43652038815	1850	17.157112955955785	0.0	930577	3256.1482876060513	1.85
12934.566666051303	1850	18.026967292802258	0.0	858450	3130.1456631535248	1.85
12938.755961460818	1850	17.837671883288937	0.0	1025005	4189.295409513323	1.85
12942.148037700365	1850	18.445595643742173	0.0	886255	3392.0762395467636	1.85
12945.564246775992	1850	19.029386568114592	0.0	973972	3416.2090756275816	1.85
12949.119195419175	1850	19.47443792493381	0.0	958994	3554.9486431807827	1.85
12952.741871005173	1850	19.851762338934346	0.0	982064	3622.6755859994637	1.85
12955.80885008525	1850	20.784783258859573	0.0	830730	3066.9790800747724	1.85
12958.945115170034	1850	21.648518174075587	0.0	846370	3136.265084783985	1.85

