12322.62198625336	750	4.0	7.414677459365185	450283	7414.677459365185	-31.133113075270295
12324.601989688095	300	6.019996565265677	0.0	155580	1980.0034347343233	-0.15000000000000002
12326.213817015958	300	8.408169237403245	0.0	139857	1611.8273278624324	0.3
12327.83728872505	300	10.784697528310602	0.0	155432	1623.4717090926424	0.3
12329.5403013806	300	13.081684872760139	0.0	163442	1703.0126555504637	0.3
12330.924283454682	300	15.697702798678765	0.0	126289	1383.9820740813736	0.3
12335.440308087664	750	15.181678165698472	0.0	352642	4516.024632980293	0.3
12340.120947661033	750	14.501038592328795	0.0	437162	4680.639573369675	0.75
12344.73195302203	750	13.890033231330312	0.0	374758	4611.005360998483	0.75
12349.32543066588	750	13.296555587481645	0.0	362795	4593.477643848665	0.75
12353.35376865336	750	13.268217600002293	0.0	353220	4028.3379874793513	0.75
12357.634009701882	750	12.987976551479168	0.0	405134	4280.241048523127	0.75
12362.437074773114	750	12.184911480245741	0.0	386351	4803.065071233426	0.75
12370.783061114025	750	7.838925139336092	0.0	434409	8345.986340909649	0.75
12372.807669371667	300	9.814316881693417	0.0	140051	2024.6082576426747	-0.15000000000000002
12374.75049800232	300	11.871488251038391	0.0	138313	1942.828630655028	0.3
12376.717507525436	300	13.904478727923038	0.0	143509	1967.0095231153525	0.3
12378.352019854166	300	16.26996639919409	0.0	150616	1634.5123287289496	0.3
12383.152601789654	750	15.469384463706062	0.0	405596	4800.581935488027	0.3
12388.457891159791	750	14.164095093567244	0.0	350713	5305.2893701388175	0.75
12393.27827165182	750	13.343714601539185	0.0	386472	4820.380492028059	0.75
12398.260388065237	750	12.361598188121132	0.0	399894	4982.116413418053	0.75
12403.138828210658	750	11.483158042701088	0.0	401853	4878.440145420042	0.75
12406.82274723674	750	11.799239016618797	0.0	343800	3683.9190260822897	0.75
12411.346658350514	750	11.275327902843678	0.0	359903	4523.911113775121	0.75
12416.174367413809	750	10.447618839547978	0.0	379700	4827.709063295699	0.75
12419.483137563037	300	11.138848690320794	0.0	181901	3308.7701492271844	-0.15000000000000002
12422.095239451919	300	12.52674680143839	0.0	111155	2612.1018888824033	0.3
12424.232944439187	300	14.389041814170135	0.0	153605	2137.704987268256	0.3
12426.152898362867	300	16.469087890491142	0.0	149029	1919.9539236789942	0.3
12430.615072046267	750	16.00691420709187	0.0	358218	4462.173683399268	0.3
12436.249986140601	750	14.372000112758329	0.0	400322	5634.914094333542	0.75
12441.985052022284	750	12.636934231075236	0.0	369834	5735.065881683093	0.75
12447.325495206764	750	11.29649104659497	0.0	412837	5340.4431844802675	0.75
12451.680073366506	750	10.941912886853245	0.0	401088	4354.578159741723	0.75
12455.696414364567	750	10.925571888792332	0.0	365161	4016.340998060914	0.75
12459.227199360485	750	11.394786892875029	0.0	321064	3530.7849959173036	0.75
12463.024099103317	750	11.597887150042878	0.0	361565	3796.8997428321513	0.75
12467.291909094301	750	11.330077159057993	0.0	378327	4267.809990984883	0.75
12472.078540910123	750	10.543445343236552	0.0	390680	4786.631815821442	0.75
12479.058712332942	750	7.563273920418797	0.0	345516	6980.171422817755	0.75
12480.813208408754	300	9.80877784460677	0.0	161857	1754.496075812027	-0.15000000000000002
12482.395482485059	300	12.226503768300743	0.0	145210	1582.274076306026	0.3
12484.518024947542	300	14.103961305819073	0.0	172312	2122.5424624816687	0.3
12487.171959096666	300	15.450027156693858	0.0	167025	2653.934149125215	0.3
12492.510896245976	750	14.11109000738429	0.0	393804	5338.937149309569	0.3
12495.989536616382	750	14.632449636979864	0.0	331053	3478.640370404426	0.75
12498.933662146354	750	15.68832410700649	0.0	314107	2944.1255299733725	0.75

