34430.577318121745	750	4.0	5.507574150500108	450283	5507.574150500109	-22.932568847150463
34432.284123074154	300	6.293195047592906	0.0	155580	1706.8049524070937	-0.15000000000000002
34433.82652222718	300	8.75079589456039	0.0	139857	1542.3991530325163	0.3
34435.5287237528	300	11.048594368938382	0.0	155432	1702.201525622008	0.3
34437.28096760951	300	13.296350512235056	0.0	163442	1752.2438567033262	0.3
34440.670211264245	750	13.90710685749621	0.0	318564	3389.2436547388465	0.3
34446.41741057474	750	12.159907547006169	0.0	352642	5747.199310490041	0.75
34451.22394721724	750	11.353370904510054	0.0	437162	4806.536642496114	0.75
34455.520887421226	750	11.056430700514653	0.0	374758	4296.940203995402	0.75
34459.77458810093	750	10.802730020812506	0.0	362795	4253.700679702147	0.75
34464.49706368337	750	10.080254438377441	0.0	353220	4722.475582435065	0.75
34466.610628177164	300	11.966689944581882	0.0	156148	2113.5644937955585	-0.15000000000000002
34468.542457948584	300	14.034860173157508	0.0	160746	1931.829771424375	0.3
34474.73982909095	750	11.83748903079974	0.0	434409	6197.371142357768	0.3
34476.811659035375	300	13.765659086366181	0.0	140051	2071.8299444335594	-0.15000000000000002
34480.59097764987	750	13.986340471875724	0.0	366214	3779.3186144904557	0.3
34484.177290366395	750	14.400027755347123	0.0	360831	3586.3127165286023	0.75
34487.91115517412	750	14.666162947625176	0.0	372963	3733.864807721947	0.75
34492.11410240167	750	14.463215720078981	0.0	405596	4202.947227546197	0.75
34495.919862322415	750	14.657455799329448	0.0	350713	3805.7599207495336	0.75
34501.39443114219	750	13.182886979554302	0.0	386472	5474.568819775143	0.75
34505.72328056376	750	12.85403755797837	0.0	399894	4328.849421575935	0.75
34509.69729263263	750	12.880025489118383	0.0	401853	3974.012068859985	0.75
34513.44330100763	750	13.134017114112439	0.0	343800	3746.0083750059434	0.75
34518.13029535351	750	12.447022768232154	0.0	359903	4686.9943458802845	0.75
34522.511629140026	750	12.065688981714906	0.0	379700	4381.333786517248	0.75
34524.41465115573	300	14.162666966013852	0.0	181901	1903.0220157010542	-0.15000000000000002
34527.277936470884	750	15.29938165085652	0.0	277716	2863.285315157333	0.3
34532.10751177968	750	14.469806342057831	0.0	400396	4829.575308798689	0.75
34535.91496664321	750	14.662351478523263	0.0	400508	3807.4548635345677	0.75
34539.53483734024	750	15.042480781504462	0.0	358218	3619.8706970188005	0.75
34543.77271624047	750	14.804601881267258	0.0	400322	4237.878900237205	0.75
34547.54480092599	750	15.032517195745703	0.0	369834	3772.084685521555	0.75
34552.11790888205	750	14.459409239684646	0.0	412837	4573.107956061056	0.75
34556.43110832536	750	14.146209796374128	0.0	401088	4313.1994433105165	0.75
34560.13900846532	750	14.438309656419621	0.0	365161	3707.9001399545095	0.75
34563.30212374253	750	15.275194379214653	0.0	321064	3163.115277204966	0.75
34566.855361028254	750	15.721957093486697	0.0	361565	3553.2372857279574	0.75
34570.63278263558	750	15.944535486164602	0.0	378327	3777.4216073220937	0.75
34574.8599050956	750	15.717413026134992	0.0	390680	4227.122460029612	0.75
34578.99646709299	750	15.58085102875146	0.0	345516	4136.561997383531	0.75
34582.97474960251	750	15.602568519227974	0.0	384505	3978.282509523485	0.75
34586.69557307977	750	15.881745041967168	0.0	372093	3720.823477260806	0.75
34591.07512580081	750	15.502192320929108	0.0	438281	4379.55272103806	0.75
34595.13588921393	750	15.441428907801619	0.0	398987	4060.76341312749	0.75
34599.222802553144	750	15.354515568588246	0.0	393804	4086.913339213373	0.75
34602.66781034682	750	15.909507774912532	0.0	331053	3445.007793675713	0.75
34605.90717738181	750	16.670140739924154	0.0	314107	3239.3670349883787	0.75

