30135.854792027396	750	4.0	2.6536643128866335	450283	2653.6643128866335	-10.660756545412523
30136.824034334564	300	7.03075769283117	0.0	155580	969.2423071688303	-0.15000000000000002
30137.703409327194	300	10.151382700199012	0.0	139857	879.3749926321577	0.3
30139.607579644344	750	12.247212383049204	0.0	382355	1904.1703171498089	0.3
30141.452945501063	750	14.40184652633052	0.0	411561	1845.3658567186853	0.75
30142.899406387252	750	16.955385640144193	0.0	318564	1446.4608861863276	0.75
30144.45461734462	750	19.40017468277439	0.0	352642	1555.2109573697978	0.75
30148.891749600894	1850	18.963042426502007	0.0	1060487	4437.132256272383	0.75
30156.905179945745	1850	14.949612081652363	0.0	852833	8013.430344849645	1.85
30158.716066856814	750	17.138725170585595	0.0	362795	1810.8869110667663	-0.3500000000000001
30160.511773810587	750	19.343018216811952	0.0	353220	1795.7069537736427	0.75
30164.90624702937	1850	18.948544998031622	0.0	917428	4394.47321878033	0.75
30168.794913864138	1850	19.0598781632598	0.0	946851	3888.666834771822	1.85
30172.89364745962	1850	18.96114456778171	0.0	1036454	4098.733595478088	1.85
30176.1237430645	1850	19.73104896290024	0.0	821631	3230.0956048814696	1.85
30179.732853798392	1850	20.121938229005753	0.0	923170	3609.1107338944857	1.85
30183.641490352158	1850	20.213301675241638	0.0	966699	3908.6365537641163	1.85
30187.30264327144	1850	20.55214875595995	0.0	885714	3661.1529192816856	1.85
30191.452645301633	1850	20.40214672576651	0.0	987708	4150.002030193443	1.85
30195.458765834603	1850	20.396026192795496	0.0	923755	4006.1205329710133	1.85
30199.63362975654	1850	20.221162270860265	0.0	891604	4174.863921935232	1.85
30204.474096111982	1850	19.380695915416712	0.0	955231	4840.466355443556	1.85
30209.337581710144	1850	18.517210317255834	0.0	968026	4863.485598160876	1.85
30212.95137730196	1850	18.90341472544035	0.0	874175	3613.7955918154853	1.85
30216.843079750557	1850	19.01171227684659	0.0	897976	3891.702448593757	1.85
30221.340170895244	1850	18.514621132159746	0.0	905935	4497.091144686845	1.85
30226.43176958273	1850	17.423022444673077	0.0	1076599	5091.598687486673	1.85
30229.506650624662	1850	18.348141402741067	0.0	758197	3074.881041932006	1.85
30233.499998114876	1850	18.354793912528784	0.0	972798	3993.3474902122825	1.85
30237.4666725864	1850	18.388119441005447	0.0	975811	3966.674471523337	1.85
30240.970287248987	1850	18.884504778416087	0.0	873429	3503.6146625893634	1.85
30244.822170721294	1850	19.032621306110784	0.0	954453	3851.8834723053014	1.85
30248.99132987981	1850	18.863462147593616	0.0	885062	4169.15915851717	1.85
30254.013523787507	1850	17.841268239897623	0.0	1035329	5022.193907695994	1.85
30258.485878602532	1850	17.368913424873096	0.0	1026056	4472.354815024525	1.85
30262.356082421127	1850	17.49870960627729	0.0	943942	3870.2038185958036	1.85
30265.392291544285	1850	18.46250048311881	0.0	728962	3036.2091231584827	1.85
30269.12685799334	1850	18.727934034064834	0.0	938587	3734.566449053976	1.85
30273.110097673823	1850	18.744694353581036	0.0	908665	3983.2396804838	1.85
30277.603381809426	1850	18.25141021797782	0.0	930577	4493.284135603213	1.85
30281.309864639104	1850	18.54492738829889	0.0	858450	3706.482829678925	1.85
30286.20097774929	1850	17.653814278115934	0.0	1025005	4891.11311018296	1.85
30289.924301829717	1850	17.93049019768443	0.0	886255	3723.324080431502	1.85
30293.831815751022	1850	18.02297627638068	0.0	973972	3907.51392130375	1.85
30297.790565094238	1850	18.064226933167816	0.0	958994	3958.749343212863	1.85
30302.456809075928	1850	17.397982951476376	0.0	982064	4666.243981691441	1.85
30305.73795353912	1850	18.116838488286692	0.0	830730	3281.1444631896857	1.85
30309.068848875857	1850	18.78594315154574	0.0	846370	3330.89533674095	1.85

