19020.046699612205	750	4.0	1.964813674812264	450283	1964.813674812264	-7.698698801692736
19021.796285642333	750	6.2504139698722945	0.0	398865	1749.5860301277055	0.75
19023.34884990967	750	8.697849702535589	0.0	350812	1552.5642673367063	0.75
19025.318023311385	750	10.728676300820359	0.0	382355	1969.1734017152296	0.75
19027.43150030105	750	12.615199311155463	0.0	411561	2113.476989664897	0.75
19028.96863976417	750	15.078059848033497	0.0	318564	1537.1394631219641	0.75
19030.402170584493	750	17.644529027712938	0.0	352642	1433.5308203205607	0.75
19032.160110933266	750	19.886588678937194	0.0	437162	1757.940348775747	0.75
19035.46359579483	1850	20.583103817374603	0.0	852833	3303.4848615625915	0.75
19038.96971303931	1850	21.0769865728965	0.0	913888	3506.117244478099	1.85
19043.628964450625	1850	20.417735161582016	0.0	939819	4659.251411314488	1.85
19047.353159901664	1850	20.69353971054188	0.0	917428	3724.1954510401324	1.85
19051.119929562494	1850	20.92677004971296	0.0	946851	3766.769660828923	1.85
19055.1846348888	1850	20.86206472340933	0.0	1036454	4064.7053263036278	1.85
19058.317714045043	1850	21.728985567162212	0.0	821631	3133.079156247117	1.85
19062.265240862824	1850	21.7814587493812	0.0	923170	3947.526817781013	1.85
19066.343288670512	1850	21.703410941690155	0.0	966699	4078.0478076910435	1.85
19069.944756051278	1850	22.101943560925996	0.0	885714	3601.4673807641598	1.85
19074.594145633633	1850	21.452553978571043	0.0	987708	4649.389582354953	1.85
19079.404687662318	1850	20.642011949887834	0.0	923755	4810.542028683209	1.85
19083.005166539926	1850	21.041533072278376	0.0	891604	3600.4788776094574	1.85
19086.77460204035	1850	21.27209757185572	0.0	955231	3769.4355004226554	1.85
19090.593105404078	1850	21.453594208125438	0.0	968026	3818.5033637302827	1.85
19094.085387756662	1850	21.961311855544754	0.0	874175	3492.282352580683	1.85
19097.631930445114	1850	22.41476916709358	0.0	897976	3546.542688451172	1.85
19101.214600989213	1850	22.832098622993968	0.0	905935	3582.6705440996175	1.85
19105.541877561693	1850	22.504822050513955	0.0	1076599	4327.27657248001	1.85
19108.929394175953	1850	23.11730543625177	0.0	758197	3387.5166142621842	1.85
19114.060645100424	1850	21.986054511779173	0.0	972798	5131.250924472594	1.85
19118.396712770224	1850	21.649986841980436	0.0	975811	4336.067669798736	1.85
19122.080079070656	1850	21.96662054154637	0.0	873429	3683.3663004340665	1.85
19126.25016274631	1850	21.79653686589443	0.0	954453	4170.083675651938	1.85
19129.712096831587	1850	22.334602780617487	0.0	885062	3461.9340852769456	1.85
19135.04727134091	1850	20.999428271293016	0.0	1035329	5335.174509324469	1.85
19140.094254572556	1850	19.95244503964663	0.0	1026056	5046.983231646388	1.85
19144.05068916037	1850	19.996010451832387	0.0	943942	3956.434587814243	1.85
19147.161160634198	1850	20.885538978003115	0.0	728962	3110.4714738292723	1.85
19151.44107009613	1850	20.60562951606765	0.0	938587	4279.909461935461	1.85
19155.164999158485	1850	20.88170045371174	0.0	908665	3723.929062355915	1.85
19159.4990768872	1850	20.54762272499868	0.0	930577	4334.077728713064	1.85
19163.52595327669	1850	20.520746335509454	0.0	858450	4026.8763894892218	1.85
19168.099712372576	1850	19.94698723962572	0.0	1025005	4573.759095883736	1.85
19171.91478518665	1850	20.131914425549905	0.0	886255	3815.072814075814	1.85
19175.676243516962	1850	20.370456095238474	0.0	973972	3761.45833031143	1.85
19179.703144557716	1850	20.343555054487325	0.0	958994	4026.9010407511496	1.85
19184.743030671896	1850	19.30366894030654	0.0	982064	5039.886114180788	1.85
19188.733793225398	1850	19.31290638680588	0.0	830730	3990.7625535006587	1.85
19192.11158431622	1850	19.935115295980655	0.0	846370	3377.7910908252275	1.85

