18287.196922080224	750	4.0	5.565172562873179	450283	5565.172562873178	-23.18024202035467
18289.216013870973	300	5.980908209248794	0.0	155580	2019.0917907512064	-0.15000000000000002
18291.039139983448	300	8.157782096772308	0.0	139857	1823.1261124764846	0.3
18293.016963289945	300	10.179958790276311	0.0	155432	1977.823306495999	0.3
18295.061341935405	300	12.135580144820445	0.0	163442	2044.3786454558676	0.3
18296.659185664408	300	14.537736415815806	0.0	126289	1597.8437290046381	0.3
18300.707822241577	750	14.489099838644792	0.0	352642	4048.636577171013	0.3
18305.7258365901	750	13.47108549012361	0.0	437162	5018.014348521184	0.75
18309.99352649487	750	13.203395585357008	0.0	374758	4267.6899047666	0.75
18314.123423789955	750	13.073498290269429	0.0	362795	4129.89729508758	0.75
18318.23418655626	750	12.96273552396322	0.0	353220	4110.7627663062085	0.75
18323.152154489926	750	12.044767590299015	0.0	405134	4917.967933664205	0.75
18327.70618425327	750	11.490737826953914	0.0	386351	4554.0297633451	0.75
18332.645488007995	750	10.551434072229572	0.0	434409	4939.303754724342	0.75
18336.512722218908	750	10.68419986131788	0.0	337059	3867.2342109116926	0.75
18340.97504701244	750	10.221875067785422	0.0	366214	4462.324793532458	0.75
18345.290500184674	750	9.906421895551928	0.0	360831	4315.453172233494	0.75
18349.581629565037	750	9.615292515186168	0.0	372963	4291.129380365762	0.75
18351.527634040664	300	11.669288039557777	0.0	165384	1946.0044756283885	-0.15000000000000002
18353.197174604025	300	13.999747476196127	0.0	140881	1669.5405633616492	0.3
18355.368777372518	300	15.828144707705144	0.0	157671	2171.6027684909836	0.3
18360.49790399179	750	14.699018088434656	0.0	399894	5129.126619270487	0.3
18365.345611379627	750	13.851310700595533	0.0	401853	4847.707387839122	0.75
18369.551849813583	750	13.64507226663785	0.0	343800	4206.238433957685	0.75
18373.950274066658	750	13.24664801356402	0.0	359903	4398.424253073829	0.75
18378.36597269849	750	12.830949381729862	0.0	379700	4415.698631834157	0.75
18383.24437870392	750	11.952543376302282	0.0	425781	4878.40600542758	0.75
18386.478898862188	750	12.718023218034894	0.0	277716	3234.520158267388	0.75
18391.145552642698	750	12.05136943752251	0.0	400396	4666.653780512384	0.75
18395.824172436434	750	11.372749643788687	0.0	400508	4678.619793733821	0.75
18400.05019988705	750	11.14672219317601	0.0	358218	4226.027450612676	0.75
18405.01672262659	750	10.180199453630994	0.0	400322	4966.522739545017	0.75
18409.590477094014	750	9.606444986209354	0.0	369834	4573.7544674216415	0.75
18411.81549240791	300	11.381429672311354	0.0	163444	2225.015313897998	-0.15000000000000002
18414.24896703048	300	12.947955049745214	0.0	179328	2433.47462256614	0.3
18416.277143002957	300	14.919779077263593	0.0	159914	2028.175972481623	0.3
18417.948683567607	300	17.248238512614968	0.0	131610	1671.5405646486263	0.3
18422.3570833738	750	16.839838706419684	0.0	361565	4408.399806195284	0.3
18426.896132642607	750	16.30078943761329	0.0	378327	4539.049268806392	0.75
18431.594885514354	750	15.602036565869385	0.0	390680	4698.7528717439045	0.75
18435.801920336675	750	15.395001743547258	0.0	345516	4207.034822322126	0.75
18440.292486051523	750	14.904436028701493	0.0	384505	4490.565714845765	0.75
18444.635925383238	750	14.560996696988989	0.0	372093	4343.439331712505	0.75
18449.65532838033	750	13.541593699895307	0.0	438281	5019.402997093682	0.75
18454.44538453777	750	12.751537542458427	0.0	398987	4790.056157436881	0.75
18458.97750965786	750	12.21941242236488	0.0	393804	4532.1251200935485	0.75
18462.779556657486	750	12.417365422739573	0.0	331053	3802.0469996253073	0.75
18466.430730351385	750	12.766191728840512	0.0	314107	3651.173693899059	0.75

