13205.291925846199	750	4.0	1.3967477194281321	450283	1396.747719428132	-5.256015193540968
13206.538313604808	750	6.753612241391076	0.0	398865	1246.3877586089234	0.75
13207.644181561065	750	9.647744285132408	0.0	350812	1105.867956258668	0.75
13208.842289671436	750	12.449636174761945	0.0	382355	1198.1081103704635	0.75
13211.816657147885	1850	13.47526869831396	0.0	996749	2974.367476447986	0.75
13214.22037133462	1850	15.071554511579333	0.0	801058	2403.7141867346268	1.85
13216.854614491029	1850	16.437311355169744	0.0	905515	2634.2431564095896	1.85
13219.957203407163	1850	17.3347224390359	0.0	1060487	3102.5889161338428	1.85
13222.666073209895	1850	18.625852636304092	0.0	852833	2708.8698027318087	1.85
13225.505690705078	1850	19.786235141121686	0.0	913888	2839.617495182402	1.85
13228.29092853966	1850	21.000997306539045	0.0	939819	2785.237834582642	1.85
13231.520722534293	1850	21.771203311905822	0.0	917428	3229.7939946332217	1.85
13235.392346387249	1850	21.89957945895002	0.0	946851	3871.623852955804	1.85
13238.798413954104	1850	22.49351189209528	0.0	1036454	3406.067566854739	1.85
13241.525389856006	1850	23.766535990194402	0.0	821631	2726.975901900878	1.85
13244.589395637382	1850	24.702530208818555	0.0	923170	3064.0057813758467	1.85
13247.510966305956	1850	25.780959540244673	0.0	966699	2921.5706685738855	1.85
13250.134632282547	1850	27.15729356365532	0.0	885714	2623.665976589353	1.85
13253.247811661517	1850	28.044114184683707	0.0	987708	3113.1793789716153	1.85
13256.215269835335	1850	29.07665601086596	0.0	923755	2967.458173817743	1.85
13259.194525973475	1850	30.097399872726264	0.0	891604	2979.2561381397004	1.85
13262.223331423025	1850	31.068594423175483	0.0	955231	3028.805449550779	1.85
13265.164047017868	1850	32.127878828331625	0.0	968026	2940.7155948438613	1.85
13267.933225080918	1850	33.358700765280936	0.0	874175	2769.1780630506914	1.85
13270.806470953197	1850	34.48545489300108	0.0	897976	2873.2458722798515	1.85
13273.553520849902	1850	35.73840499629617	0.0	905935	2747.0498967049125	1.85
13276.819226432663	1850	36.472699413535494	0.0	1076599	3265.705582760674	1.85
13279.193460550467	1850	38.09846529573055	0.0	758197	2374.23411780494	1.85
13285.612869953122	4300	35.67905589307539	0.0	2134614	6419.409402655159	1.8499999999999996
13292.213022206523	4300	33.07890363967454	0.0	2164140	6600.152253400846	4.3
13298.93360790321	4300	30.358317942988872	0.0	2113193	6720.585696685669	4.3
13305.702438671335	4300	27.589487174861887	0.0	2147852	6768.830768126986	4.3
13312.398191729417	4300	24.893734116780188	0.0	2191074	6695.753058081698	4.3
13319.502975001902	4300	21.78895084429497	0.0	2286761	7104.783272485216	4.3
13326.743691701855	4300	18.548234144340206	0.0	2307787	7240.716699954762	4.3
13333.080876412781	4300	16.21104943341506	0.0	2143948	6337.184710925147	4.3
13339.050853935161	4300	14.241071911034869	0.0	1919781	5969.977522380192	4.3
13346.237021190072	4300	11.05490465612373	0.0	2147467	7186.16725491114	4.3
13349.399235047164	1850	11.892690799034053	0.0	908665	3162.2138570896773	-0.6000000000000001
13352.589751010124	1850	12.702174836073423	0.0	930577	3190.51596296063	1.85
13355.20647966515	1850	14.085446181046025	0.0	858450	2616.728655027398	1.85
13358.333681393297	1850	14.958244452898823	0.0	1025005	3127.2017281472017	1.85
13361.07778172042	1850	16.214144125776205	0.0	886255	2744.10032712262	1.85
13364.03147894156	1850	17.260446904637526	0.0	973972	2953.6972211386765	1.85
13366.90089888765	1850	18.391026958545805	0.0	958994	2869.419946091723	1.85
13369.991281529743	1850	19.30064431645388	0.0	982064	3090.3826420919268	1.85
13372.651960161273	1850	20.639965684925258	0.0	830730	2660.678631528622	1.85
13375.519746073349	1850	21.77217977284961	0.0	846370	2867.785912075643	1.85

