14731.401524705298	750	4.0	4.22220449859656	450283	4222.20449859656	-17.405479343965208
14732.914368640671	300	6.487156064628203	0.0	155580	1512.8439353717963	-0.15000000000000002
14734.284621881134	300	9.11690282416508	0.0	139857	1370.253240463121	0.3
14735.798562561054	300	11.60296214424442	0.0	155432	1513.9406799206604	0.3
14737.38639963841	300	14.015125066888453	0.0	163442	1587.8370773559668	0.3
14740.562149113537	750	14.839375591761604	0.0	318564	3175.7494751268505	0.3
14744.101768451465	750	15.299756253834461	0.0	352642	3539.619337927143	0.75
14748.452934620096	750	14.948590085204588	0.0	437162	4351.166168629874	0.75
14751.93547568975	750	15.466049015549316	0.0	374758	3482.5410696552703	0.75
14755.36280132546	750	16.03872337983884	0.0	362795	3427.3256357104797	0.75
14758.769425313421	750	16.632099391878878	0.0	353220	3406.62398795996	0.75
14762.87350469069	750	16.528020014610263	0.0	405134	4104.079377268616	0.75
14766.454658186249	750	16.946866519051046	0.0	386351	3581.1534955592147	0.75
14770.528192303635	750	16.873332401664417	0.0	434409	4073.534117386629	0.75
14773.757250414636	750	17.644274290664015	0.0	337059	3229.0581110004027	0.75
14777.228455195478	750	18.173069509822202	0.0	366214	3471.204780841814	0.75
14780.681701386029	750	18.719823319270553	0.0	360831	3453.2461905516484	0.75
14784.260230082271	750	19.14129462302829	0.0	372963	3578.5286962422592	0.75
14788.109598411784	750	19.291926293515708	0.0	405596	3849.368329512582	0.75
14793.365897712069	750	18.03562699323021	0.0	350713	5256.299300285498	0.75
14799.703026659776	750	15.698498045522806	0.0	386472	6337.128947707404	0.75
14803.689119325376	750	15.71240537992254	0.0	399894	3986.0926656002653	0.75
14807.50936069824	750	15.892164007058193	0.0	401853	3820.2413728643487	0.75
14810.79143177948	750	16.610092925818584	0.0	343800	3282.071081239605	0.75
14814.235485067236	750	17.166039638061047	0.0	359903	3444.0532877575392	0.75
14817.854008740083	750	17.547515965214195	0.0	379700	3618.5236728468517	0.75
14821.871124911659	750	17.53039979364086	0.0	425781	4017.116171573335	0.75
14824.50801340138	750	18.89351130391877	0.0	277716	2636.8884897220887	0.75
14828.27180071114	750	19.129723994159214	0.0	400396	3763.787309759558	0.75
14832.052463072972	750	19.349061632326286	0.0	400508	3780.6623618329263	0.75
14835.425241981062	750	19.976282724238228	0.0	358218	3372.7789080880602	0.75
14839.098533451066	750	20.30299125423485	0.0	400322	3673.2914700033766	0.75
14842.64851849342	750	20.753006211879708	0.0	369834	3549.985042355145	0.75
14846.588946706283	750	20.812577999019656	0.0	412837	3940.4282128600503	0.75
14850.364346334189	750	21.03717837111326	0.0	401088	3775.3996279063963	0.75
14853.882450090898	750	21.51907461440485	0.0	365161	3518.103756708408	0.75
14856.943328556987	750	22.458196148317256	0.0	321064	3060.878466087592	0.75
14860.351416291545	750	23.05010841375718	0.0	361565	3408.087734560078	0.75
14863.948666951681	750	23.45285775362248	0.0	378327	3597.2506601346977	0.75
14867.593998265822	750	23.807526439482118	0.0	390680	3645.331314140364	0.75
14870.825740579861	750	24.575784125441015	0.0	345516	3231.742314041103	0.75
14874.725359556714	750	24.676165148588897	0.0	384505	3899.6189768521185	0.75
14880.98184418253	750	22.4196805227731	0.0	372093	6256.484625815799	0.75
14885.134769716225	750	22.266754989078702	0.0	438281	4152.925533694396	0.75
14889.061651263384	750	22.33987344191951	0.0	398987	3926.8815471591915	0.75
14892.852963349334	750	22.548561355968932	0.0	393804	3791.3120859505766	0.75
14895.977845766287	750	23.42367893901665	0.0	331053	3124.882416952285	0.75
14898.993948627616	750	24.407576077688798	0.0	314107	3016.102861327849	0.75

