35477.59545988313	750	4.0	2.616233552389556	450283	2616.2335523895563	-10.49980427527509
35479.92207988849	750	5.673379994639237	0.0	398865	2326.6200053607627	0.75
35481.838620658695	750	7.756839224434911	0.0	350812	1916.540770204327	0.75
35483.90153198279	750	9.693927900342898	0.0	382355	2062.9113240920124	0.75
35486.129875335326	750	11.465584547798551	0.0	411561	2228.343352544347	0.75
35487.89328897694	750	13.702170906181458	0.0	318564	1763.4136416170923	0.75
35492.85147945159	1850	12.743980431539766	0.0	905515	4958.190474641691	0.75
35498.63448309299	1850	10.960976790140299	0.0	1060487	5783.003641399468	1.85
35503.33123406817	1850	10.264225814957507	0.0	852833	4696.750975182791	1.85
35508.451193006906	1850	9.144266876221078	0.0	913888	5119.958938736429	1.85
35513.7070678451	1850	7.888392038028052	0.0	939819	5255.874838193025	1.85
35518.69712269019	1850	6.8983371929394925	0.0	917428	4990.05484508856	1.85
35523.7899669143	1850	5.805492968820929	0.0	946851	5092.844224118563	1.85
35529.260029037665	1850	4.335430845463683	0.0	1036454	5470.0621233572465	1.85
35532.09324251377	1200	5.502217369346567	0.0	526950	2833.213476117116	0.5499999999999999
35535.39847264449	1200	6.196987238629989	0.0	587876	3305.2301307165785	1.2
35538.93615827957	1200	6.65930160355406	0.0	617242	3537.6856350759285	1.2
35542.27111586699	1200	7.324344016132338	0.0	581493	3334.9575874217226	1.2
35545.85270607586	1200	7.742753807266692	0.0	639204	3581.5902088656458	1.2
35549.11273277736	1200	8.48272710576469	0.0	586839	3260.0267015020027	1.2
35552.459198916265	1200	9.13626096685645	0.0	601738	3346.4661389082407	1.2
35555.931359355855	1200	9.664100527267125	0.0	616206	3472.1604395893255	1.2
35559.47947920932	1200	10.115980673791725	0.0	656471	3548.1198534754003	1.2
35562.37610813915	1200	11.21935174396775	0.0	536667	2896.6289298239753	1.2
35567.28157607501	1850	10.313883808108727	0.0	897976	4905.467935859023	1.2000000000000002
35571.93445592968	1850	9.661003953436797	0.0	905935	4652.879854671931	1.85
35577.77920006199	1850	7.81625982112596	0.0	1076599	5844.744132310837	1.85
35582.0936801591	1850	7.5017797240151305	0.0	758197	4314.48009711083	1.85
35592.5413265474	1850	4.0	2.9458666642878453	972798	10447.646388302976	-10.817226656437734
35593.41928086216	300	7.122045685239098	0.0	149029	877.954314760902	-1.25
35594.34216893216	300	10.19915761523946	0.0	157421	922.8880699996373	0.3
35596.56563541985	750	11.975691127551066	0.0	400322	2223.466487688395	0.3
35598.61190803813	750	13.9294185092738	0.0	369834	2046.2726182772667	0.75
35600.87175072257	750	15.669575824843818	0.0	412837	2259.8426844299834	0.75
35606.29667134166	1850	14.244655205753174	0.0	1026056	5424.920619090645	0.75
35614.87586675175	1850	9.66545979566887	0.0	943942	8579.195410084303	1.85
35618.78864344044	1850	9.752683106977637	0.0	728962	3912.776688691234	1.85
35621.910992132296	1200	10.630334415119494	0.0	575591	3122.348691858141	0.5499999999999999
35625.27966507639	1200	11.261661471026896	0.0	605884	3368.6729440925988	1.2
35628.6023039196	1200	11.939022627818387	0.0	587506	3322.6388432085078	1.2
35631.87362026778	1200	12.667706279629034	0.0	566904	3271.3163481893534	1.2
35635.46909589821	1200	13.072230649202405	0.0	641452	3595.475630426629	1.2
35640.227949042965	1850	12.313377504449937	0.0	886255	4758.853144752469	1.2000000000000002
35645.376099629444	1850	11.16522691796326	0.0	973972	5148.150586486677	1.85
35650.627108057706	1850	9.914218489698953	0.0	958994	5251.0084282643065	1.85
35656.26474022314	1850	8.276586324266468	0.0	982064	5637.632165432485	1.85
35661.13579850508	1850	7.405528042329083	0.0	830730	4871.058281937385	1.85
35668.515824970265	2850	4.025501577132967	0.0	1364537	7380.026465196115	1.85

