21807.856794731684	750	4.0	2.5891528259509027	450283	2589.1528259509028	-10.38335715158888
21808.803747285212	300	7.053047446469351	0.0	155580	946.9525535306495	-0.15000000000000002
21809.663085138916	300	10.1937095927662	0.0	139857	859.3378537031497	0.3
21811.735892494984	750	12.120902236698615	0.0	382355	2072.8073560675857	0.3
21813.863497860755	750	13.993296870926866	0.0	411561	2127.6053657717493	0.75
21815.52842295264	750	16.328371779040822	0.0	318564	1664.9250918860428	0.75
21817.400860428916	750	18.45593430276748	0.0	352642	1872.4374762733423	0.75
21819.7096237121	750	20.147171019583133	0.0	437162	2308.7632831843493	0.75
21821.692367162043	750	22.16442756964125	0.0	374758	1982.7434499418803	0.75
21823.60156532074	750	24.255229410940114	0.0	362795	1909.1981587011355	0.75
21829.391141084798	1850	22.465653646885656	0.0	939819	5789.57576405446	0.75
21834.743754636627	1850	21.113040095058025	0.0	917428	5352.613551827632	1.85
21839.680053149492	1850	20.1767415821946	0.0	946851	4936.298512863424	1.85
21844.929869641197	1850	18.926925090491075	0.0	1036454	5249.8164917035265	1.85
21849.049605954595	1850	18.80718877709037	0.0	821631	4119.736313400703	1.85
21859.665008433487	1850	12.191786298197231	0.0	923170	10615.40247889314	1.85
21865.04566885133	750	10.81112588035475	0.0	360831	5380.66041784248	-0.3500000000000001
21871.01610861714	750	8.840686114547545	0.0	372963	5970.439765807206	0.75
21872.43851684794	300	11.418277883747852	0.0	165384	1422.4082307996944	-0.15000000000000002
21874.34542739665	750	13.511367335039301	0.0	350713	1906.9105487085487	0.3
21876.43861132077	750	15.418183410917612	0.0	386472	2093.1839241216903	0.75
21878.520630961968	750	17.336163769715494	0.0	399894	2082.01964120212	0.75
21880.58610918826	750	19.27068554342084	0.0	401853	2065.4782262946555	0.75
21882.36676308507	750	21.490031646614984	0.0	343800	1780.6538968058546	0.75
21884.24509770318	750	23.61169702849995	0.0	359903	1878.3346181150348	0.75
21886.222352392637	750	25.634442339046743	0.0	379700	1977.2546894532104	0.75
21891.69446514241	1850	24.162329589274176	0.0	1076599	5472.112749772566	0.75
21896.28465666472	1850	23.57213806696151	0.0	758197	4590.191522312667	1.85
21901.343013413334	1850	22.51378131835115	0.0	972798	5058.356748610359	1.85
21906.111069067014	1850	21.745725664671955	0.0	975811	4768.0556536791955	1.85
21910.785520305937	1850	21.0712744257477	0.0	873429	4674.451238924255	1.85
21915.841178964114	1850	20.01561576756798	0.0	954453	5055.658658179719	1.85
21920.451033594443	1850	19.405761137239637	0.0	885062	4609.854630328346	1.85
21925.734755924423	1850	18.12203880726022	0.0	1035329	5283.722329979412	1.85
21930.790466741586	1850	17.06632799009964	0.0	1026056	5055.710817160578	1.85
21935.434181023513	1850	16.422613708173674	0.0	943942	4643.714281925968	1.85
21939.10031487701	1850	16.75647985467629	0.0	728962	3666.133853497383	1.85
21943.99405073114	1850	15.862744000545023	0.0	938587	4893.735854131268	1.85
21948.569843334422	1850	15.28695139726455	0.0	908665	4575.792603280472	1.85
21953.092328886796	1850	14.764465844889212	0.0	930577	4522.4855523753395	1.85
21957.37819568955	1850	14.478599042134386	0.0	858450	4285.8668027548265	1.85
21962.5069409516	1850	13.349853780084933	0.0	1025005	5128.7452620494505	1.85
21966.861218180125	1850	12.99557655156027	0.0	886255	4354.277228524665	1.85
21971.715118296434	1850	12.141676435251105	0.0	973972	4853.9001163091625	1.85
21977.295398055296	1850	10.561396676387185	0.0	958994	5580.2797588639205	1.85
21982.408398682925	1850	9.44839604875715	0.0	982064	5113.000627630035	1.85
21986.422008712725	1850	9.434786018960706	0.0	830730	4013.6100297964445	1.85
21990.502307745122	1850	9.35448698656414	0.0	846370	4080.2990323965655	1.85

