39621.712828781354	750	4.0	3.118921496457073	450283	3118.921496457073	-12.661362434765413
39622.84282490916	300	6.870003872189731	0.0	155580	1129.9961278102692	-0.15000000000000002
39623.869726917044	300	9.843101864302705	0.0	139857	1026.9020078870262	0.3
39628.502100818696	1200	9.210727962655652	0.0	617681	4632.373901647054	0.29999999999999993
39633.12798927873	1200	8.584839502620468	0.0	652874	4625.888460035183	1.2
39635.45517473931	750	10.257654042034078	0.0	318564	2327.1854605863905	0.3
39639.52337088661	1200	10.18945789474369	0.0	561791	4068.196147290389	0.75
39644.38796771918	1200	9.324861062169125	0.0	709534	4864.596832574564	1.2
39648.43660148892	1200	9.276227292434076	0.0	584846	4048.6337697350505	1.2
39652.29111939758	1200	9.421709383769363	0.0	560821	3854.517908664713	1.2
39656.54494233099	1200	9.167886450358653	0.0	607410	4253.82293341071	1.2
39660.761223118374	1200	8.95160566298095	0.0	594078	4216.280787377701	1.2
39663.46170649915	750	10.25112228221005	0.0	386351	2700.4833807709006	0.3
39668.48512587232	1200	9.227702909036331	0.0	687371	5023.419373173718	0.75
39672.611660512266	1200	9.101168269085923	0.0	526950	4126.534639950409	1.2
39677.04388628357	1200	8.668942497785556	0.0	587876	4432.225771300366	1.2
39679.65281348468	750	10.060015296667261	0.0	360831	2608.927201118295	0.3
39684.01390686918	1200	9.698921912170103	0.0	581493	4361.09338449716	0.75
39688.72724572018	1200	8.985583061168292	0.0	639204	4713.33885100181	1.2
39691.24253391655	750	10.47029486480728	0.0	350713	2515.2881963610116	0.3
39695.30841903914	1200	10.404409742215943	0.0	601738	4065.885122591339	0.75
39699.680857547304	1200	10.031971234046708	0.0	616206	4372.4385081692335	1.2
39704.67930491753	1200	9.03352386382218	0.0	656471	4998.447370224529	1.2
39708.463794784606	1200	9.249033996747023	0.0	536667	3784.489867075157	1.2
39712.61812228036	1200	9.094706500993624	0.0	587236	4154.3274957533995	1.2
39716.89391261824	1200	8.818916163115777	0.0	590335	4275.790337877846	1.2
39719.96480545943	750	9.748023321919131	0.0	425781	3070.8928411966463	0.3
39723.32450853651	1200	10.388320244841054	0.0	487160	3359.703077078076	0.75
39727.91102908687	1200	9.801799694476074	0.0	622896	4586.52055036498	1.2
39733.03902413802	1200	8.673804643323733	0.0	641447	5127.995051152341	1.2
39735.80549408803	750	9.907334693321285	0.0	358218	2766.469950002447	0.3
39742.27639579846	1200	7.436432982894913	0.0	620283	6470.901710426372	0.75
39744.827374242355	750	8.885454538997186	0.0	369834	2550.9784438977276	0.3
39747.77264779982	750	9.940180981538608	0.0	412837	2945.273557458578	0.75
39752.94275797502	1200	8.7700708063402	0.0	690253	5170.110175198408	0.75
39755.86345732301	750	9.849371458353051	0.0	365161	2920.6993479871485	0.3
39759.29191625512	1200	10.420912526245486	0.0	487812	3428.458932107565	0.75
39763.226856165486	1200	10.485972615877733	0.0	575591	3934.9399103677506	1.2
39767.417642987544	1200	10.295185793818142	0.0	605884	4190.786822059593	1.2
39771.712617401114	1200	10.00021138024513	0.0	587506	4294.9744135730125	1.2
39775.4849573938	1200	10.227871387567088	0.0	566904	3772.3399926780417	1.2
39779.9244797367	1200	9.788349044658206	0.0	641452	4439.522342908882	1.2
39784.25483995815	1200	9.457988823201726	0.0	599477	4330.360221456481	1.2
39788.86164660363	1200	8.85118217771634	0.0	634861	4606.806645485385	1.2
39791.72642936388	750	9.986399417479204	0.0	398987	2864.7827602371367	0.3
39796.486309322965	1200	9.226519458390172	0.0	638661	4759.879959089033	0.75
39800.50289878475	1200	9.209929996609462	0.0	538612	4016.589461780709	1.2
39804.574335090154	1200	9.138493691204692	0.0	550906	4071.43630540477	1.2

