36248.705985398825	750	4.0	4.689174015171542	450283	4689.174015171542	-19.41344826523763
36250.36963220493	300	6.336353193892029	0.0	155580	1663.6468061079713	-0.15000000000000002
36251.87063378055	300	8.835351618269648	0.0	139857	1501.001575622381	0.3
36253.529883420546	300	11.176101978264944	0.0	155432	1659.2496400047044	0.3
36255.97822782323	300	12.727757575587741	0.0	163442	2448.344402677204	0.3
36258.40508190769	300	14.30090349112755	0.0	126289	2426.8540844601916	0.3
36260.575471386015	300	16.130514012800237	0.0	153295	2170.3894783273095	0.3
36262.49176854043	300	18.214216858390632	0.0	173849	1916.2971544096076	0.3
36264.16365773243	300	20.54232766638451	0.0	150710	1671.88919200612	0.3
36265.6755859241	300	23.030399474716337	0.0	139105	1511.9281916681703	0.3
36267.191289381095	300	25.514696017726838	0.0	141840	1515.7034569895018	0.3
36271.85847500874	750	24.847510390077584	0.0	405134	4667.1856276492545	0.3
36279.41289544198	1200	21.293089956837296	0.0	624282	7554.420433240287	0.75
36287.00416004136	1200	17.701825357452154	0.0	687371	7591.264599385141	1.2
36293.93026985552	1200	14.775715543290335	0.0	526950	6926.10981416182	1.2
36303.3487624017	1200	9.357222997111242	0.0	587876	9418.492546179094	1.2
36305.0830772413	300	11.62290815751208	0.0	143509	1734.3148395991623	-0.6000000000000001
36306.80910095945	300	13.89688443936458	0.0	150616	1726.0237181475	0.3
36308.67634631448	300	16.029639084328632	0.0	165384	1867.2453550359485	0.3
36310.27879656882	300	18.42718882999436	0.0	140881	1602.4502543342733	0.3
36318.885369481904	750	13.820615916903758	0.0	386472	8606.572913090602	0.3
36323.027287827426	750	13.678697571383312	0.0	399894	4141.918345520447	0.75
36327.14270629651	750	13.563279102296539	0.0	401853	4115.418469086773	0.75
36331.18987305563	750	13.516112343178346	0.0	343800	4047.166759118194	0.75
36337.4200490464	750	11.28593635241056	0.0	359903	6230.175990767783	0.75
36343.72098817631	750	8.984997222501764	0.0	379700	6300.9391299087965	0.75
36348.88507158775	750	7.820913811060832	0.0	425781	5164.083411440933	0.75
36351.74989224041	750	8.956093158394644	0.0	277716	2864.8206526661884	0.75
36356.553943763545	750	8.152041635261321	0.0	400396	4804.051523133322	0.75
36360.68211195981	750	8.023873439001354	0.0	400508	4128.168196259967	0.75
36364.66352943705	750	8.042455961760563	0.0	358218	3981.417477240793	0.75
36369.460748299556	750	7.245237099256808	0.0	400322	4797.218862503755	0.75
36373.475486238814	750	7.230499159993436	0.0	369834	4014.737939263371	0.75
36377.77638187188	750	6.929603526927188	0.0	412837	4300.895633066249	0.75
36383.35680868352	750	5.34917671528461	0.0	401088	5580.426811642577	0.75
36387.50812842133	750	5.197856977475214	0.0	365161	4151.319737809396	0.75
36389.49280762811	300	7.213177770693567	0.0	131610	1984.6792067816477	-0.15000000000000002
36391.367512993296	300	9.338472405507039	0.0	124011	1874.7053651865278	0.3
36393.08014250528	300	11.625842893527693	0.0	144254	1712.629511979346	0.3
36394.62448026334	300	14.081505135473016	0.0	149991	1544.3377580546767	0.3
36396.14906780115	300	16.55691759766185	0.0	147968	1524.5875378111646	0.3
36399.71161700364	750	16.994368395168454	0.0	384505	3562.5492024933956	0.3
36403.17071801529	750	17.535267383516832	0.0	372093	3459.1010116516204	0.75
36408.03835088646	750	16.667634512342012	0.0	438281	4867.632871174823	0.75
36416.119783581715	1200	12.586201817093498	0.0	630203	8081.432695248513	0.75
36423.35691456803	1200	9.349070830774181	0.0	638661	7237.130986319317	1.2
36428.93496740825	1200	7.771017990555138	0.0	538612	5578.052840219043	1.2
36434.98934657472	1200	5.716638824075759	0.0	550906	6054.379166479378	1.2

