43631.490773903744	750	4.0	2.1666411634703295	450283	2166.6411634703295	-8.566557002922417
43632.2917418999	300	7.199032003844884	0.0	155580	800.9679961551154	-0.15000000000000002
43633.99742787925	750	9.493346024495557	0.0	350812	1705.6859793493275	0.3
43635.8460571837	750	11.644716720049837	0.0	382355	1848.6293044457202	0.75
43637.82814799496	750	13.66262590879085	0.0	411561	1982.0908112589862	0.75
43639.38043924024	750	16.110334663512734	0.0	318564	1552.2912452781184	0.75
43641.05847871976	750	18.432295183994572	0.0	352642	1678.0394795181614	0.75
43645.947756934576	1850	17.54301696917561	0.0	1060487	4889.27821481896	0.75
43650.01589959027	1850	17.47487431348308	0.0	852833	4068.1426556925285	1.85
43654.2569268062	1850	17.233847097555294	0.0	913888	4241.027215927786	1.85
43658.624131911885	1850	16.866641991861272	0.0	939819	4367.205105694026	1.85
43662.87299578211	1850	16.61777812163809	0.0	917428	4248.863870223181	1.85
43667.28284821742	1850	16.207925686330327	0.0	946851	4409.852435307764	1.85
43672.160031005464	1850	15.330742898289811	0.0	1036454	4877.182788040516	1.85
43676.055075229204	1850	15.435698674552306	0.0	821631	3895.0442237375046	1.85
43680.47603197293	1850	15.014741930827078	0.0	923170	4420.956743725228	1.85
43685.065939620974	1850	14.424834282781688	0.0	966699	4589.9076480453905	1.85
43689.198847239095	1850	14.29192666465875	0.0	885714	4132.907618122939	1.85
43693.81214710398	1850	13.678626799773928	0.0	987708	4613.299864884821	1.85
43698.164323867226	1850	13.326450036526564	0.0	923755	4352.176763247364	1.85
43702.35090527805	1850	13.139868625702576	0.0	891604	4186.581410823989	1.85
43706.78073477155	1850	12.710039132198919	0.0	955231	4429.829493503658	1.85
43711.37517226	1850	12.115601643747617	0.0	968026	4594.437488451301	1.85
43715.43989568257	1850	12.05087822118164	0.0	874175	4064.7234225659768	1.85
43719.699561501104	1850	11.79121240264627	0.0	897976	4259.665818535371	1.85
43724.35981414994	1850	11.1309597538103	0.0	905935	4660.25264883597	1.85
43729.7209941029	1850	9.769779800842663	0.0	1076599	5361.179952967637	1.85
43733.270359929236	1850	10.220413974508945	0.0	758197	3549.365826333719	1.85
43737.72337429787	1850	9.767399605867109	0.0	972798	4453.014368641836	1.85
43742.27121604742	1850	9.21955785631665	0.0	975811	4547.841749550461	1.85
43746.2536920145	1850	9.237081889240184	0.0	873429	3982.475967076466	1.85
43750.643843883685	1850	8.846930020057997	0.0	954453	4390.151869182188	1.85
43755.33902053095	1850	8.151753372798272	0.0	885062	4695.176647259725	1.85
43760.546687977534	1850	6.944085926208594	0.0	1035329	5207.667446589679	1.85
43765.37454097484	1850	6.116232928905641	0.0	1026056	4827.852997302952	1.85
43769.83344874704	1850	5.657325156705242	0.0	943942	4458.907772200399	1.85
43773.31398811326	1850	6.176785790479483	0.0	728962	3480.5393662257584	1.85
43777.74112190351	1850	5.749652000222841	0.0	938587	4427.133790256643	1.85
43781.969401091126	1850	5.5213728126083526	0.0	908665	4228.279187614488	1.85
43787.0391089774	1850	4.451664926339654	0.0	930577	5069.7078862686985	1.85
43791.31730093525	1850	4.173472968492311	0.0	858450	4278.1919578473435	1.85
43796.22315475593	1850	4.0	0.7323808521918718	1025005	4905.853820684182	-1.2992376644250485
43800.43004808034	1850	4.0	0.2068933244107502	886255	4206.89332441075	0.9603587050337743
43805.090849635475	1850	4.0	0.6608015551321187	973972	4660.801555132119	-0.9914466870681102
43810.105999831896	1850	4.0	1.0151501964197123	958994	5015.150196419712	-2.515145844604762
43815.21609459851	1850	4.0	1.1100947666180119	982064	5110.094766618012	-2.923407496457451
43819.030292925505	1850	4.1858016730059635	0.0	830730	3814.1983269940365	1.85
43822.88273430677	1850	4.333360291748282	0.0	846370	3852.4413812576813	1.85

