8449.258005223517	750	4.0	2.0142359643261103	450283	2014.2359643261104	-7.911214646602273
8450.006314778462	300	7.2516904450537645	0.0	155580	748.3095549462365	-0.15000000000000002
8451.593263046812	750	9.664742176704367	0.0	350812	1586.9482683493966	0.3
8453.451455700997	750	11.806549522520042	0.0	382355	1858.1926541843256	0.75
8455.618518715633	750	13.639486507883607	0.0	411561	2167.063014636434	0.75
8457.313985541196	750	15.944019682322777	0.0	318564	1695.4668255608308	0.75
8458.968486191556	750	18.28951903196235	0.0	352642	1654.5006503604234	0.75
8460.92157650543	750	20.33642871808855	0.0	437162	1953.0903138738024	0.75
8464.513511202098	1850	20.744494021420245	0.0	852833	3591.9346966683042	0.75
8468.174738290332	1850	21.083266933187694	0.0	913888	3661.227088232549	1.85
8471.795809248599	1850	21.462195974921222	0.0	939819	3621.07095826647	1.85
8475.430357618166	1850	21.827647605354098	0.0	917428	3634.548369567126	1.85
8479.270310384974	1850	21.987694838545416	0.0	946851	3839.95276680868	1.85
8483.564537080809	1850	21.693468142709534	0.0	1036454	4294.226695835883	1.85
8487.12484128672	1850	22.133163936798177	0.0	821631	3560.3042059113595	1.85
8491.467826382728	1850	21.79017884078973	0.0	923170	4342.985096008449	1.85
8496.060080168678	1850	21.197925054839683	0.0	966699	4592.253785950046	1.85
8499.968170325896	1850	21.28983489762195	0.0	885714	3908.0901572177327	1.85
8503.933232953568	1850	21.32477226994936	0.0	987708	3965.06262767259	1.85
8507.780597273875	1850	21.47740794964295	0.0	923755	3847.364320306412	1.85
8511.517979453993	1850	21.740025769525968	0.0	891604	3737.3821801169797	1.85
8515.402895995827	1850	21.855109227691145	0.0	955231	3884.916541834823	1.85
8519.1429729671	1850	22.11503225641825	0.0	968026	3740.076971272894	1.85
8522.580990857834	1850	22.6770143656841	0.0	874175	3438.0178907341488	1.85
8526.486284397472	1850	22.771720826047044	0.0	897976	3905.2935396370613	1.85
8530.58336137307	1850	22.674643850447794	0.0	905935	4097.07697559925	1.85
8535.12218601665	1850	22.135819206868728	0.0	1076599	4538.824643579065	1.85
8538.590054098835	1850	22.66795112468244	0.0	758197	3467.868082186287	1.85
8543.095429244662	1850	22.162575978856523	0.0	972798	4505.375145825918	1.85
8547.350882129098	1850	21.90712309442067	0.0	975811	4255.452884435855	1.85
8550.939756204672	1850	22.318249018844938	0.0	873429	3588.8740755757312	1.85
8554.657265594253	1850	22.60073962926393	0.0	954453	3717.509389581005	1.85
8558.364807013664	1850	22.893198209853246	0.0	885062	3707.541419410687	1.85
8562.557769907786	1850	22.70023531573178	0.0	1035329	4192.962894121464	1.85
8566.636920247038	1850	22.62108497647984	0.0	1026056	4079.150339251939	1.85
8570.416355897998	1850	22.841649325519008	0.0	943942	3779.435650960835	1.85
8573.518464249755	1850	23.73954097376291	0.0	728962	3102.1083517560965	1.85
8577.322213808096	1850	23.935791415419718	0.0	938587	3803.7495583431933	1.85
8581.243533147699	1850	24.014472075818937	0.0	908665	3921.319339600779	1.85
8586.615285423111	1850	22.64271980040684	0.0	930577	5371.752275412094	1.85
8590.100580211234	1850	23.157425012283998	0.0	858450	3485.2947881228415	1.85
8594.858833552182	1850	22.399171671334706	0.0	1025005	4758.2533409492935	1.85
8598.627725375218	1850	22.630279848297377	0.0	886255	3768.8918230373274	1.85
8602.548639184191	1850	22.709366039323086	0.0	973972	3920.913808974291	1.85
8606.302740897607	1850	22.955264325908523	0.0	958994	3754.101713414562	1.85
8610.227355763358	1850	23.030649460158852	0.0	982064	3924.6148657496697	1.85
8613.703112811625	1850	23.55489241189092	0.0	830730	3475.7570482679344	1.85
8617.43920058739	1850	23.81880463612662	0.0	846370	3736.0877757642997	1.85

