32439.26343089704	750	4.0	7.531318275061943	450283	7531.318275061943	-31.634668582766352
32441.926580281608	300	5.336850615435176	0.0	155580	2663.1493845648233	-0.15000000000000002
32444.309891980785	300	6.95353891625552	0.0	139857	2383.3116991796564	0.3
32446.94970910847	300	8.313721788568724	0.0	155432	2639.817127686797	0.3
32449.701185199225	300	9.562245697818245	0.0	163442	2751.4760907504797	0.3
32451.84477267781	300	11.418658219231567	0.0	126289	2143.5874785866786	0.3
32454.488859129637	300	12.774571767401353	0.0	153295	2644.0864518302146	0.3
32457.527107841262	300	13.736323055779101	0.0	173849	3038.2487116222505	0.3
32465.140625669785	750	10.122805227253156	0.0	374758	7613.517828525944	0.3
32467.580966245132	300	11.682464651904915	0.0	139105	2440.3405753482425	-0.15000000000000002
32470.117655067144	300	13.145775829891015	0.0	141840	2536.6888220139	0.3
32472.90278094818	300	14.360649948856636	0.0	156148	2785.1258810343793	0.3
32479.587779127076	750	11.675651769960337	0.0	386351	6684.9981788963	0.3
32482.61822104478	300	12.645209852257599	0.0	179801	3030.441917702738	-0.15000000000000002
32485.180161122145	300	14.083269774888267	0.0	140051	2561.9400773693333	0.3
32487.73186507273	300	15.531565824308766	0.0	138313	2551.7039505795024	0.3
32490.37466029958	300	16.888770597454336	0.0	143509	2642.7952268544323	0.3
32496.49237385961	750	14.771057037424011	0.0	372963	6117.7135600303245	0.3
32503.05104327833	750	12.212387618707176	0.0	405596	6558.669418716834	0.75
32508.742994303913	750	10.520436593123847	0.0	350713	5691.95102558333	0.75
32511.5210049465	300	11.74242595053441	0.0	157671	2778.0106425894373	-0.15000000000000002
32514.325021469216	300	12.938409427817943	0.0	157812	2804.016522716466	0.3
32517.291855605738	300	13.971575291299693	0.0	163927	2966.8341365182487	0.3
32519.822041351454	300	15.441389545584641	0.0	137654	2530.185745715053	0.3
32522.545264573	300	16.718166324038144	0.0	146754	2723.2232215465	0.3
32529.047060268626	750	14.216370628413417	0.0	379700	6501.795695624725	0.3
32536.21024101214	750	11.053189884897934	0.0	425781	7163.180743515482	0.75
32538.027364615664	300	13.236066281376411	0.0	111155	1817.1236035215218	-0.15000000000000002
32540.506652540433	300	14.756778356605338	0.0	153605	2479.287924771074	0.3
32542.91368219082	300	16.3497487062184	0.0	149029	2407.02965038694	0.3
32549.18175259846	750	14.08167829858107	0.0	358218	6268.0704076373295	0.3
32555.86139841071	750	11.40203248632598	0.0	400322	6679.6458122550885	0.75
32558.217947432895	300	13.045483464143112	0.0	143881	2356.5490221828686	-0.15000000000000002
32560.871840227923	300	14.391590669112839	0.0	163444	2653.8927950302736	0.3
32567.197380937203	750	12.066049959834842	0.0	401088	6325.540709277997	0.3
32569.745411735268	300	13.518019161772129	0.0	159914	2548.030798062712	-0.15000000000000002
32575.067509817276	750	12.195921079763721	0.0	321064	5322.098082008408	0.3
32583.377531754362	750	7.885899142676615	0.0	361565	8310.021937087105	0.75
32585.945162447744	300	9.318268449296163	0.0	144254	2567.6306933804512	-0.15000000000000002
32588.84774275144	300	10.415688145596526	0.0	149991	2902.5803036996367	0.3
32591.48710762716	300	11.776323269877325	0.0	147968	2639.364875719201	0.3
32594.20962721	300	13.053803687037776	0.0	161857	2722.519582839549	0.3
32600.110335320915	300	11.153095576119165	0.0	145210	5900.708110918612	0.3
32603.06010828789	300	12.20332260914742	0.0	172312	2949.7729669717455	0.3
32605.887199881516	300	13.376231015520053	0.0	167025	2827.091593627366	0.3
32608.62709538942	300	14.636335507616675	0.0	160064	2739.895507903378	0.3
32611.515640022844	300	15.747790874190498	0.0	137507	2888.5446334261787	0.3
32618.702735989944	750	12.560694907092529	0.0	314107	7187.095967097967	0.3

