21473.89090305045	750	4.0	1.5014349545645693	450283	1501.4349545645694	-5.706170304627648
21475.230023765984	750	6.660879284466887	0.0	398865	1339.1207155331133	0.75
21476.41745273683	750	9.473450313618098	0.0	350812	1187.4289708487897	0.75
21479.59286226814	1850	10.29804078231243	0.0	933276	3175.4095313056673	0.75
21483.074450774777	1850	10.81645227567358	0.0	996749	3481.588506638849	1.85
21485.756825781704	1850	12.134077268749847	0.0	801058	2682.3750069237335	1.85
21490.29044914471	2850	11.60045390574215	0.0	1388403	4533.623363007696	1.85
21495.6029787095	2850	10.287924340949942	0.0	1638769	5312.529564792208	2.85
21500.05658202605	2850	9.834321024400328	0.0	1348011	4453.603316549615	2.85
21504.769810802492	2850	9.12109224795732	0.0	1429765	4713.228776443008	2.85
21509.198373700685	2850	8.692529349764852	0.0	1354548	4428.562898192467	2.85
21514.547013042134	2850	7.343890008318836	0.0	1519951	5348.639341446016	2.85
21520.005989603407	2850	5.884913447042844	0.0	1422919	5458.976561275993	2.85
21525.984817119286	2850	4.0	0.0939140688350235	1578343	5978.827515877867	2.446169504009399
21528.971954181245	1850	5.012862938037319	0.0	821631	2987.1370619626805	0.8500000000000001
21532.21010378138	1850	5.774713337903286	0.0	923170	3238.1496001340342	1.85
21535.571644720236	1850	6.413172399048526	0.0	966699	3361.5409388547596	1.85
21538.639806967087	1850	7.345010152196556	0.0	885714	3068.16224685197	1.85
21542.1363172646	1850	7.848499854680687	0.0	987708	3496.5102975158698	1.85
21545.405556828526	1850	8.579260290757002	0.0	923755	3269.2395639236847	1.85
21548.550829420103	1850	9.433987699180955	0.0	891604	3145.2725915760475	1.85
21551.92890864658	1850	10.055908472700256	0.0	955231	3378.0792264806996	1.85
21556.961139860465	2850	9.02367725881462	0.0	1505760	5032.231213885634	1.85
21561.326440881756	2850	8.658376237524852	0.0	1323990	4365.301021289771	2.85
21566.299807429605	2850	7.685009689675327	0.0	1383735	4973.366547849525	2.85
21571.861510057635	2850	6.123307061645422	0.0	1480464	5561.702628029905	2.85
21577.210768048684	2850	4.774049070596846	0.0	1547572	5349.257991048576	2.85
21579.859320138832	1850	6.125496980449924	0.0	758197	2648.5520901469217	0.8500000000000001
21583.42409004566	1850	6.560727073620605	0.0	972798	3564.7699068293196	1.85
21586.989607078034	1850	6.99521004124551	0.0	975811	3565.5170323750945	1.85
21590.15563068688	1850	7.829186432399996	0.0	873429	3166.0236088455135	1.85
21593.330249590475	1850	8.654567528802566	0.0	954453	3174.6189035974285	1.85
21596.29303640116	1850	9.691780718118684	0.0	885062	2962.7868106838823	1.85
21599.765192378953	1850	10.219624740323855	0.0	1035329	3472.1559777948282	1.85
21604.85516631095	2850	9.129650808327675	0.0	1492672	5089.973931996181	1.85
21609.90581526	2850	8.079001859277563	0.0	1439896	5050.648949050113	2.85
21613.642922349947	2850	8.34189476933013	0.0	1139291	3737.107089947431	2.85
21619.314253797264	2850	6.6705633220171965	0.0	1499009	5671.331447312934	2.85
21624.323214196967	2850	5.661602922312717	0.0	1427478	5008.96039970448	2.85
21628.822925434564	2850	5.161891684718681	0.0	1402287	4499.711237594036	2.85
21631.555886404774	1850	6.428930714506668	0.0	858450	2732.960970212013	0.8500000000000001
21634.791482185854	1850	7.193334933425289	0.0	1025005	3235.5957810813798	1.85
21637.664232936557	1850	8.320584182723161	0.0	886255	2872.750750702127	1.85
21642.710105214377	2850	7.274711904903055	0.0	1587250	5045.872277820107	1.85
21647.23706554791	2850	6.74775157136921	0.0	1464921	4526.960333533844	2.85
21651.892243218397	2850	6.092573900883415	0.0	1483527	4655.177670485796	2.85
21655.89915743326	2850	6.085659686018285	0.0	1231456	4006.9142148651295	2.85
21660.279982553428	2850	5.704834565852148	0.0	1364537	4380.825120166137	2.85

