32000.154065658386	750	4.0	1.650043841198174	450283	1650.0438411981738	-6.345188517152148
32000.776540992374	300	7.377524666013125	0.0	155580	622.4753339868747	-0.15000000000000002
32002.07974999653	750	10.07431566185704	0.0	350812	1303.2090041560837	0.3
32004.31943925333	1200	11.83462640505785	0.0	617681	2239.6892567991904	0.75
32007.91723965444	1850	12.23682600394703	0.0	996749	3597.8004011108214	1.2000000000000002
32010.8064773436	1850	13.347588314787803	0.0	801058	2889.237689159227	1.85
32015.77771943439	2850	12.376346223994569	0.0	1388403	4971.242090793233	1.85
32019.67251951386	1850	12.481546144524726	0.0	1060487	3894.8000794698432	0.8500000000000001
32022.937461683985	1850	13.216603974401878	0.0	852833	3264.942170122847	1.85
32028.132621652192	2850	12.021444006193862	0.0	1429765	5195.159968208017	1.85
32031.490760332843	1850	12.663305325547594	0.0	939819	3358.138680646268	0.8500000000000001
32034.752080949587	1850	13.401984708803004	0.0	917428	3261.3206167445887	1.85
32039.78533570869	2850	12.36872994969818	0.0	1422919	5033.254759104824	1.85
32043.47522202923	1850	12.678843629158004	0.0	1036454	3689.8863205401767	0.8500000000000001
32046.426729623472	1850	13.727336034916458	0.0	821631	2951.5075942415465	1.85
32051.63472913073	2850	12.51933652765812	0.0	1471065	5207.999507258336	1.85
32055.05730871047	1850	13.09675694791586	0.0	966699	3422.57957974226	0.8500000000000001
32059.869692441975	2850	12.284373216413313	0.0	1358801	4812.3837315025485	1.85
32063.39565390958	1850	12.758411748803681	0.0	987708	3525.9614676096317	0.8500000000000001
32066.698847209307	1850	13.455218449079423	0.0	923755	3303.193299724259	1.85
32071.711405753667	2850	12.44265990471919	0.0	1415116	5012.558544360233	1.85
32075.11278313653	1850	13.041282521854074	0.0	955231	3401.377382865116	0.8500000000000001
32080.472673964305	2850	11.6813916940814	0.0	1505760	5359.890827772673	1.85
32083.58030282014	1850	12.573762838242319	0.0	874175	3107.62885583908	0.8500000000000001
32086.79368449279	1850	13.360381165594124	0.0	897976	3213.381672648195	1.85
32092.075373574953	2850	12.078692083430731	0.0	1480464	5281.689082163392	1.85
32095.902003627663	1850	12.252062030721124	0.0	1076599	3826.6300527096055	0.8500000000000001
32098.62044055465	1850	13.533625103732813	0.0	758197	2718.436926988312	1.85
32103.95400753672	2850	12.200058121664405	0.0	1498470	5333.566982068406	1.85
32107.453488950425	1850	12.700576707957628	0.0	975811	3499.481413706776	0.8500000000000001
32110.573769061826	1850	13.58029659655633	0.0	873429	3120.2801114012987	1.85
32115.832247097	2850	12.32181856138217	0.0	1497683	5258.478035174161	1.85
32118.992902254926	1850	13.161163403458506	0.0	885062	3160.6551579236643	0.8500000000000001
32124.61623150738	2850	11.537834150998385	0.0	1587293	5623.32925246012	1.85
32128.306496558525	1850	11.847569099856043	0.0	1026056	3690.2650511423417	0.8500000000000001
32131.723900686746	1850	12.430164971634994	0.0	943942	3417.4041282210487	1.85
32134.385322976726	1850	13.768742681653299	0.0	728962	2661.422289981696	1.85
32139.730762665033	2850	12.423302993347392	0.0	1499009	5345.439688305907	1.85
32142.981930133792	1850	13.172135524586931	0.0	908665	3251.16746876046	0.8500000000000001
32147.94291803029	2850	12.21114762808805	0.0	1402287	4960.987896498882	1.85
32151.00217696371	1850	13.151888694671076	0.0	858450	3059.258933416973	0.8500000000000001
32156.416015181214	2850	11.738050477164897	0.0	1527299	5413.838217506178	1.85
32159.5860385613	1850	12.568027097073706	0.0	886255	3170.0233800911915	0.8500000000000001
32163.071610324365	1850	13.08245533401169	0.0	973972	3485.5717630620156	1.85
32168.31067727541	2850	11.843388382962726	0.0	1464921	5239.066951048966	1.85
32171.84542335889	1850	12.308642299486266	0.0	982064	3534.7460834764584	0.8500000000000001
32174.86561732962	1850	13.288448328755665	0.0	830730	3020.1939707306014	1.85
32179.759054243044	2850	12.395011415331785	0.0	1364537	4893.4369134238805	1.85

