11962.703034208214	750	4.0	2.636806704389932	450283	2636.8067043899323	-10.588268828876707
11963.666451941215	300	7.036582266998786	0.0	155580	963.4177330012142	-0.15000000000000002
11964.540590994335	300	10.162443213879163	0.0	139857	874.1390531196221	0.3
11966.947093760748	750	11.755940447466152	0.0	382355	2406.5027664130125	0.3
11969.622430870846	750	13.080603337368201	0.0	411561	2675.3371100979516	0.75
11971.5813574531	750	15.12167675511353	0.0	318564	1958.9265822546706	0.75
11973.637087331392	750	17.065946876822707	0.0	352642	2055.729878290822	0.75
11976.173684892485	750	18.529349315729117	0.0	437162	2536.5975610935952	0.75
11978.386778709684	750	20.31625549853107	0.0	374758	2213.093817198047	0.75
11980.531780047642	750	22.171254160573334	0.0	362795	2145.0013379577367	0.75
11982.648349044732	750	24.054685163483715	0.0	353220	2116.5689970896206	0.75
11985.070206037544	750	25.63282817067055	0.0	405134	2421.856992813166	0.75
11990.741272374813	1850	23.961761833401585	0.0	946851	5671.066337268965	0.75
11996.719660137673	1850	21.983374070541796	0.0	1036454	5978.387762859791	1.85
12001.348265502493	1850	21.354768705722623	0.0	821631	4628.605364819171	1.85
12006.620149332519	1850	20.082884875694155	0.0	923170	5271.883830028471	1.85
12012.267180221874	1850	18.435853986340188	0.0	966699	5647.030889353968	1.85
12017.335278324877	1850	17.367755883337537	0.0	885714	5068.098103002651	1.85
12022.991940812235	1850	15.711093395979072	0.0	987708	5656.662487358467	1.85
12028.482554080172	1850	14.220480128043281	0.0	923755	5490.613267935792	1.85
12033.843501266818	1850	12.859532941395736	0.0	891604	5360.947186647543	1.85
12039.312080584943	1850	11.390953623271493	0.0	955231	5468.579318124245	1.85
12045.155484041119	1850	9.547550167095757	0.0	968026	5843.403456175736	1.85
12050.230862962013	1850	8.472171246202178	0.0	874175	5075.378920893577	1.85
12055.328169797624	1850	7.374864410592501	0.0	897976	5097.306835609677	1.85
12060.827859546462	1850	5.8751746617547	0.0	905935	5499.689748837801	1.85
12063.539196937647	750	7.163837270570457	0.0	425781	2711.337391184244	-0.3500000000000001
12065.33997736296	750	9.363056845256397	0.0	277716	1800.7804253140596	0.75
12067.851289063894	750	10.851745144323301	0.0	400396	2511.3117009330963	0.75
12070.173673681722	750	12.529360526494571	0.0	400508	2322.3846178287295	0.75
12072.2592828906	750	14.443751317616417	0.0	358218	2085.6092088781543	0.75
12074.5976260444	750	16.105408163816065	0.0	400322	2338.343153800354	0.75
12076.766282577335	750	17.93675163088036	0.0	369834	2168.656532935708	0.75
12079.203866106518	750	19.4991681016995	0.0	412837	2437.583529180858	0.75
12081.591459667068	750	21.111574541148276	0.0	401088	2387.593560551224	0.75
12083.887586670478	750	22.815447537736596	0.0	365161	2296.127003411678	0.75
12086.07243353201	750	24.630600676205535	0.0	321064	2184.8468615310608	0.75
12092.047851373838	1850	22.655182834378557	0.0	938587	5975.417841826979	0.75
12097.29767940712	1850	21.405354801097314	0.0	908665	5249.828033281243	1.85
12102.812351972312	1850	19.89068223590569	0.0	930577	5514.672565191623	1.85
12108.010880743353	1850	18.692153464865484	0.0	858450	5198.5287710402035	1.85
12113.736988769286	1850	16.966045438933403	0.0	1025005	5726.10802593208	1.85
12118.817842290486	1850	15.88519191773374	0.0	886255	5080.853521199664	1.85
12124.683076433326	1850	14.019957774892587	0.0	973972	5865.234142841152	1.85
12131.595172171397	1850	11.107862036822032	0.0	958994	6912.095738070555	1.85
12133.924569010016	750	12.77846519820281	0.0	393804	2329.3968386192228	-0.3500000000000001
12135.851716499332	750	14.851317708885501	0.0	331053	1927.1474893173086	0.75
12137.684311873569	750	17.01872233464938	0.0	314107	1832.595374236125	0.75

