309.3011644837471	750	4.0	5.058424492495664	450283	5058.424492495665	-21.001225317731354
311.0789698571834	300	6.222194626563667	0.0	155580	1777.8053734363327	-0.15000000000000002
312.68493922475886	300	8.616225258988212	0.0	139857	1605.969367575456	0.3
314.46084626366996	300	10.840318220077123	0.0	155432	1775.9070389110898	0.3
316.33407253728876	300	12.967091946458332	0.0	163442	1873.2262736187915	0.3
317.8001342152719	300	15.5010302684752	0.0	126289	1466.061677983132	0.3
321.7436111472607	750	15.557553336486388	0.0	352642	3943.47693198881	0.3
326.62215607545045	750	14.679008408296628	0.0	437162	4878.54492818976	0.75
330.83998553734403	750	14.461178946403091	0.0	374758	4217.829461893535	0.75
334.91715398704264	750	14.384010496704425	0.0	362795	4077.1684496986663	0.75
338.9118405256745	750	14.38932395807256	0.0	353220	3994.686538631866	0.75
343.4435240092616	750	13.857640474485503	0.0	405134	4531.683483587057	0.75
346.8506509792093	750	14.450513504537739	0.0	386351	3407.126969947764	0.75
349.9480708521438	750	15.353093631603285	0.0	434409	3097.4198729344557	0.75
353.4343221312479	750	15.866842352499193	0.0	337059	3486.251279104091	0.75
357.5115082677644	750	15.789656215982696	0.0	366214	4077.186136516497	0.75
361.6922088932973	750	15.608955590449822	0.0	360831	4180.700625532872	0.75
366.26692366040345	750	15.034240823343632	0.0	372963	4574.714767106189	0.75
370.57112460770753	750	14.730039876039521	0.0	405596	4304.20094730411	0.75
374.53882490514854	750	14.762339578598526	0.0	350713	3967.700297440996	0.75
378.9276597013702	750	14.373504782376855	0.0	386472	4388.834796221671	0.75
383.44645478450724	750	13.854709699239883	0.0	399894	4518.795083136972	0.75
387.9769686443632	750	13.32419583938394	0.0	401853	4530.513859855944	0.75
391.78550998603026	750	13.515654497716838	0.0	343800	3808.5413416671013	0.75
395.3566726600989	750	13.944491823648205	0.0	359903	3571.162674068633	0.75
399.5510586627571	750	13.75010582099006	0.0	379700	4194.386002658144	0.75
404.31284681425035	750	12.988317669496817	0.0	425781	4761.788151493244	0.75
407.42574195852455	750	13.875422525222579	0.0	277716	3112.8951442742386	0.75
411.9222610617852	750	13.3789034219619	0.0	400396	4496.51910326068	0.75
416.47649965347273	750	12.824664830274376	0.0	400508	4554.238591687523	0.75
420.19393204820705	750	13.107232435540093	0.0	358218	3717.4323947342828	0.75
424.3466917637217	750	12.954472720025434	0.0	400322	4152.759715514659	0.75
428.3010681726896	750	13.000096311057561	0.0	369834	3954.3764089678734	0.75
432.8962108500777	750	12.40495363366948	0.0	412837	4595.142677388082	0.75
437.3683073661621	750	11.93285711758502	0.0	401088	4472.096516084461	0.75
442.1223591919826	750	11.178805291764526	0.0	365161	4754.051825820495	0.75
444.2298949712378	750	13.07126951250931	0.0	321064	2107.535779255215	0.75
446.59297937839614	750	14.708185105350996	0.0	361565	2363.084407158314	0.75
450.02540659854805	750	15.275757885199075	0.0	378327	3432.427220151921	0.75
453.9761745083756	750	15.324989975371537	0.0	390680	3950.767909827539	0.75
457.48620822513766	750	15.814956258609461	0.0	345516	3510.033716762074	0.75
461.3555313957765	750	15.945633087970656	0.0	384505	3869.323170638808	0.75
465.08865843951446	750	16.212506044232658	0.0	372093	3733.127043737997	0.75
469.6042079542172	750	15.696956529529894	0.0	438281	4515.549514702763	0.75
473.94969687546154	750	15.351467608285567	0.0	398987	4345.488921244327	0.75
478.3155650917349	750	14.985599392012213	0.0	393804	4365.868216273355	0.75
481.8628497299991	750	15.43831475374803	0.0	331053	3547.2846382641847	0.75
485.26651374180614	750	16.03465074194096	0.0	314107	3403.664011807068	0.75

