40140.5184324718	750	4.0	8.811377471574117	450283	8811.377471574116	-37.1389231277687
40143.66523730906	300	4.853195162735916	0.0	155580	3146.804837264084	-0.15000000000000002
40146.443500142115	300	6.074932329687275	0.0	139857	2778.262833048641	0.3
40149.59725875781	300	6.921173713992579	0.0	155432	3153.758615694697	0.3
40152.95412276051	300	7.564309711296312	0.0	163442	3356.8640026962667	0.3
40155.63214866485	300	8.886283806948198	0.0	126289	2678.025904348113	0.3
40158.83358989035	300	9.684842581448237	0.0	153295	3201.4412254999634	0.3
40162.413923407876	300	10.104509063922919	0.0	173849	3580.333517525318	0.3
40169.79330119422	750	6.7251312775767245	0.0	374758	7379.377786346194	0.3
40172.720964995206	300	7.797467476592122	0.0	139105	2927.6638009846015	-0.15000000000000002
40175.47547631684	300	9.042956154960875	0.0	141840	2754.511321631247	0.3
40178.56165763947	300	9.956774832335473	0.0	156148	3086.181322625401	0.3
40181.897895224116	300	10.620537247683217	0.0	160746	3336.2375846522564	0.3
40185.65894644166	300	10.859486030142616	0.0	179801	3761.0512175406	0.3
40188.62966670575	300	11.88876576605282	0.0	140051	2970.7202640897963	0.3
40191.607666896416	300	12.910765575385263	0.0	138313	2978.0001906675566	0.3
40194.62866231743	300	13.889770154374062	0.0	143509	3020.9954210112005	0.3
40197.73670771419	300	14.781724757617354	0.0	150616	3108.0453967567073	0.3
40201.275448790984	300	15.2429836808288	0.0	165384	3538.741076788554	0.3
40204.188025757874	300	16.3304067139366	0.0	140881	2912.5769668922	0.3
40211.52637926659	750	12.992053205221127	0.0	386472	7338.353508715473	0.3
40219.79082757849	750	8.727604893329044	0.0	399894	8264.448311892083	0.75
40223.006718263154	300	9.511714208656773	0.0	163927	3215.890684672272	-0.15000000000000002
40225.42920683747	300	11.089225634348624	0.0	137654	2422.488574308148	0.3
40227.926512130274	300	12.591920341541456	0.0	146754	2497.305292807169	0.3
40230.82357691429	300	13.694855557517807	0.0	153938	2897.0647840236493	0.3
40234.40143219019	300	14.117000281618358	0.0	181901	3577.8552758994488	0.3
40239.95458891086	750	12.56384356094717	0.0	277716	5553.156720671188	0.3
40247.57456592933	750	8.94386654247843	0.0	400396	7619.977018468741	0.75
40250.52818948497	300	9.990242986839725	0.0	149029	2953.623555638706	-0.15000000000000002
40253.7319241716	300	10.78650830020089	0.0	157421	3203.7346866388366	0.3
40256.82519409297	300	11.69323837883746	0.0	157488	3093.269921363427	0.3
40259.62709037336	300	12.891342098446312	0.0	143881	2801.8962803911486	0.3
40262.67045557076	300	13.847976901044177	0.0	163444	3043.365197402133	0.3
40270.07774499976	750	10.44068747204674	0.0	401088	7407.289428997437	0.3
40273.40853005457	300	11.109902417233931	0.0	159914	3330.7850548128094	-0.15000000000000002
40276.16111436147	300	12.357318110331631	0.0	131610	2752.584306902299	0.3
40278.75728924243	300	13.76114322937013	0.0	124011	2596.1748809614996	0.3
40281.57372583509	300	14.944706636709524	0.0	144254	2816.436592660605	0.3
40284.39780267569	300	16.12062979611817	0.0	149991	2824.076840591357	0.3
40290.81795008352	750	13.700482388287922	0.0	345516	6420.147407830245	0.3
40297.75286448701	750	10.765567984793565	0.0	384505	6934.914403494358	0.75
40300.42017907465	300	12.098253397152039	0.0	145210	2667.3145876415247	-0.15000000000000002
40303.65153561356	300	12.866896858245418	0.0	172312	3231.356538906621	0.3
40306.82122181843	300	13.697210653378779	0.0	167025	3169.6862048666394	0.3
40309.89789006005	300	14.620542411750122	0.0	160064	3076.6682416286562	0.3
40312.579701502356	300	15.938730969451218	0.0	137507	2681.811442298906	0.3
40318.68852662551	750	13.829905846286419	0.0	314107	6108.825123164797	0.3

