16314.28947988916	750	4.0	4.988056975613159	450283	4988.056975613159	-20.698644995136586
16316.095530291179	300	6.193949597980147	0.0	155580	1806.0504020198532	-0.15000000000000002
16317.728703329567	300	8.560776559592401	0.0	139857	1633.173038387746	0.3
16319.53484354209	300	10.754636347070438	0.0	155432	1806.1402125219627	0.3
16324.248284976406	750	10.04119491275391	0.0	411561	4713.441434316528	0.3
16327.834281544227	750	10.455198344932548	0.0	318564	3585.9965678213634	0.75
16331.824045404968	750	10.465434484191114	0.0	352642	3989.7638607414337	0.75
16336.814744865032	750	9.474735024127568	0.0	437162	4990.699460063544	0.75
16341.114624554013	750	9.174855335144718	0.0	374758	4299.87968898285	0.75
16345.259452917477	750	9.030026971681961	0.0	362795	4144.82836346276	0.75
16349.192601402152	750	9.096878487007434	0.0	353220	3933.148484674525	0.75
16353.733603100485	750	8.555876788674261	0.0	405134	4541.001698333174	0.75
16358.062646176666	750	8.226833712494496	0.0	386351	4329.043076179765	0.75
16362.897614780746	750	7.391865108414267	0.0	434409	4834.968604080229	0.75
16366.75670893954	750	7.532770949620544	0.0	337059	3859.0941587937227	0.75
16371.13601699831	750	7.153462890848605	0.0	366214	4379.30805877194	0.75
16375.204655660686	750	7.084824228475325	0.0	360831	4068.6386623732797	0.75
16379.396472352044	750	6.8930075371165005	0.0	372963	4191.816691358825	0.75
16384.220686326782	750	6.06879356237953	0.0	405596	4824.21397473697	0.75
16388.286044717148	750	6.00343517201556	0.0	350713	4065.35839036397	0.75
16392.60536235387	750	5.684117535292409	0.0	386472	4319.317636723151	0.75
16397.329638496514	750	4.959841392647038	0.0	399894	4724.276142645371	0.75
16402.599412090814	750	4.0	0.3099322016522065	401853	5269.773594299245	-0.5827084671044878
16404.19767218112	300	6.401739909695653	0.0	137654	1598.2600903043465	-0.15000000000000002
16405.896301071614	300	8.703111019198289	0.0	146754	1698.6288904973633	0.3
16407.715050092913	300	10.884361997901376	0.0	153938	1818.7490212969137	0.3
16412.690640759884	750	9.908771330931001	0.0	425781	4975.590666970374	0.3
16416.06710173455	750	10.532310356266857	0.0	277716	3376.460974664145	0.75
16420.63277075568	750	9.96664133513186	0.0	400396	4565.669021134999	0.75
16425.359877851137	750	9.239534239678298	0.0	400508	4727.107095453561	0.75
16429.54076579864	750	9.058646292173508	0.0	358218	4180.88794750479	0.75
16434.089891227708	750	8.509520863106914	0.0	400322	4549.125429066593	0.75
16438.226365563165	750	8.37304652764808	0.0	369834	4136.474335458834	0.75
16442.817118611692	750	7.782293479122806	0.0	412837	4590.7530485252755	0.75
16447.406784029066	750	7.1926280617474765	0.0	401088	4589.665417375329	0.75
16451.61730407828	750	6.982108012531124	0.0	365161	4210.520049216353	0.75
16455.37956657965	750	7.2198455111640065	0.0	321064	3762.262501367117	0.75
16459.54477896478	750	7.054633126032484	0.0	361565	4165.212385131523	0.75
16463.82050129285	750	6.778910797966532	0.0	378327	4275.722328065953	0.75
16468.210323319945	750	6.389088770868332	0.0	390680	4389.822027098199	0.75
16472.15150436477	750	6.447907726042571	0.0	345516	3941.181044825761	0.75
16476.406895266948	750	6.192516823865993	0.0	384505	4255.3909021765785	0.75
16480.49088731449	750	6.10852477632469	0.0	372093	4083.992047541303	0.75
16485.507989683025	750	5.091422407786683	0.0	438281	5017.102368538007	0.75
16490.086840177053	750	4.512571913761524	0.0	398987	4578.85049402516	0.75
16494.486896435876	750	4.112515654938708	0.0	393804	4400.056258822816	0.75
16498.294978254038	750	4.304433836776662	0.0	331053	3808.081818162046	0.75
16501.821611223237	750	4.777800867575662	0.0	314107	3526.6329692009995	0.75

