24232.768021828047	750	4.0	2.1227247497434445	450283	2122.7247497434446	-8.37771642389681
24233.553815998748	300	7.214205829300496	0.0	155580	785.7941706995049	-0.15000000000000002
24235.225287040084	750	9.542734787962054	0.0	350812	1671.4710413384412	0.3
24237.032128674793	750	11.735893153253306	0.0	382355	1806.8416347087486	0.75
24238.965766789945	750	13.80225503810359	0.0	411561	1933.6381151497144	0.75
24240.480553789963	750	16.287468038085237	0.0	318564	1514.7870000183536	0.75
24242.187913184447	750	18.580108643601992	0.0	352642	1707.3593944832478	0.75
24244.31842406847	750	20.449597759576502	0.0	437162	2130.5108840254857	0.75
24248.250455810485	1850	20.517566017561375	0.0	852833	3932.0317420151296	0.75
24252.355277926734	1850	20.412743901309273	0.0	913888	4104.822116252099	1.85
24256.760016807715	1850	20.00800502032718	0.0	939819	4404.738880982095	1.85
24261.011575209403	1850	19.75644661864369	0.0	917428	4251.558401683486	1.85
24265.46782041752	1850	19.300201410521804	0.0	946851	4456.245208121885	1.85
24270.332228489988	1850	18.435793338056527	0.0	1036454	4864.408072465278	1.85
24274.105475966906	1850	18.662545861138728	0.0	821631	3773.247476917797	1.85
24278.331163039133	1850	18.436858788911582	0.0	923170	4225.68707222715	1.85
24282.865354176738	1850	17.902667651307855	0.0	966699	4534.191137603723	1.85
24286.96481720094	1850	17.80320462710569	0.0	885714	4099.463024202168	1.85
24292.00971427217	1850	16.75830755587391	0.0	987708	5044.897071231781	1.85
24296.604122857614	1850	16.16389897043106	0.0	923755	4594.408585442848	1.85
24300.706011906208	1850	16.06200992184028	0.0	891604	4101.889048590781	1.85
24304.99019100234	1850	15.777830825706042	0.0	955231	4284.179096134235	1.85
24309.299164569722	1850	15.46885725832511	0.0	968026	4308.973567380932	1.85
24313.236873383452	1850	15.531148444594608	0.0	874175	3937.708813730502	1.85
24317.508834138553	1850	15.259187689491661	0.0	897976	4271.960755102948	1.85
24321.526294029372	1850	15.241727798671464	0.0	905935	4017.4598908201974	1.85
24326.360805112658	1850	14.407216715389062	0.0	1076599	4834.5110832824	1.85
24329.77019451828	1850	14.997827309762295	0.0	758197	3409.389405626767	1.85
24334.2996238498	1850	14.468397978243491	0.0	972798	4529.429331518804	1.85
24339.355722248005	1850	13.412299580039639	0.0	975811	5056.098398203852	1.85
24343.645315465834	1850	13.122706362213437	0.0	873429	4289.593217826202	1.85
24348.10679921625	1850	12.6612226118	0.0	954453	4461.483750413438	1.85
24352.223837075373	1850	12.54418475267588	0.0	885062	4117.037859124119	1.85
24357.39402075624	1850	11.374001071807532	0.0	1035329	5170.183680868349	1.85
24362.47498838563	1850	10.293033442416574	0.0	1026056	5080.967629390959	1.85
24366.670675357153	1850	10.097346470896017	0.0	943942	4195.686971520557	1.85
24369.825854209677	1850	10.942167618371137	0.0	728962	3155.178852524879	1.85
24373.858551456295	1850	10.909470371753786	0.0	938587	4032.6972466173515	1.85
24377.99746242846	1850	10.77055939959164	0.0	908665	4138.910972162144	1.85
24382.071511793758	1850	10.696510034290851	0.0	930577	4074.0493653007898	1.85
24385.849730398386	1850	10.918291429664492	0.0	858450	3778.2186046263605	1.85
24390.401390427476	1850	10.366631400571944	0.0	1025005	4551.660029092548	1.85
24394.349005772096	1850	10.41901605595608	0.0	886255	3947.6153446158633	1.85
24397.17429202139	1200	11.593729806662482	0.0	634861	2825.286249293596	0.5499999999999999
24398.979604372827	750	13.7884174552235	0.0	398987	1805.3123514389827	0.3
24400.820250880413	750	15.947770947638631	0.0	393804	1840.646507584869	0.75
24402.389320201968	750	18.378701626085054	0.0	331053	1569.0693215535773	0.75
24403.88216677755	750	20.885855050505832	0.0	314107	1492.8465755792256	0.75

