12960.397612798153	750	4.0	1.4524976281191886	450283	1452.4976281191887	-5.495739800912511
12961.69338436057	750	6.70422843758312	0.0	398865	1295.7715624168807	0.75
12962.842686639171	750	9.554926158981111	0.0	350812	1149.30227860201	0.75
12964.088134436666	750	12.30947836148595	0.0	382355	1245.4477974951583	0.75
12965.719545990512	750	14.678066807640437	0.0	411561	1631.4115538455128	0.75
12967.038150614324	750	17.359462183829887	0.0	318564	1318.6046238105491	0.75
12968.489253475129	750	19.908359323023898	0.0	352642	1451.1028608059908	0.75
12970.188545534053	750	22.209067264101343	0.0	437162	1699.292058922555	0.75
12973.194438907154	1850	23.203173890999402	0.0	852833	3005.8933731019406	0.75
12977.909137847817	1850	22.48847495033615	0.0	913888	4714.698940663251	1.85
12982.08253309342	1850	22.315079704732646	0.0	939819	4173.395245603508	1.85
12985.285765385714	1850	23.111847412439325	0.0	917428	3203.232292293318	1.85
12988.428173632425	1850	23.969439165728858	0.0	946851	3142.408246710466	1.85
12991.73979204298	1850	24.657820755172878	0.0	1036454	3311.6184105559796	1.85
12994.298694280098	1850	26.098918518056315	0.0	821631	2558.9022371165624	1.85
12997.575138274891	1850	26.82247452326254	0.0	923170	3276.4439947937763	1.85
13001.13333973795	1850	27.264273060203053	0.0	966699	3558.201463059485	1.85
13004.243980867783	1850	28.153631930370384	0.0	885714	3110.6411298326657	1.85
13007.247334172205	1850	29.150278625947248	0.0	987708	3003.3533044231376	1.85
13009.843863406133	1850	30.553749392021256	0.0	923755	2596.529233925995	1.85
13013.83072824811	1850	30.56688455004355	0.0	891604	3986.8648419777037	1.85
13018.394021166665	1850	30.003591631488643	0.0	955231	4563.292918554909	1.85
13022.20149482116	1850	30.196117976994067	0.0	968026	3807.473654494572	1.85
13025.020005861998	1850	31.377606936155072	0.0	874175	2818.511040838994	1.85
13027.89094795115	1850	32.506664847003705	0.0	897976	2870.942089151371	1.85
13030.777039356455	1850	33.620573441697246	0.0	905935	2886.0914053064566	1.85
13036.017967348404	1850	32.37964544974871	0.0	1076599	5240.927991948539	1.85
13038.608752030106	1850	33.78886076804578	0.0	758197	2590.7846817029263	1.85
13043.911018243516	2850	32.486594554636135	0.0	1498470	5302.2662134096445	1.85
13052.020625380836	4300	28.376987417315576	0.0	2164140	8109.607137320555	2.8499999999999996
13059.582605944932	4300	24.81500685322105	0.0	2113193	7561.980564094526	4.3
13070.935850085523	4300	17.461762712630282	0.0	2147852	11353.244140590768	4.3
13074.093686952578	1850	18.303925845576174	0.0	885062	3157.836867054109	-0.6000000000000001
13077.999709878499	1850	18.397902919655174	0.0	1035329	3906.022925920999	1.85
13082.041922679515	1850	18.35569011863845	0.0	1026056	4042.2128010167276	1.85
13085.072581099303	1850	19.32503169884985	0.0	943942	3030.6584197886	1.85
13087.414278603424	1850	20.983334194728698	0.0	728962	2341.6975041211517	1.85
13090.333635904819	1850	22.063976893335298	0.0	938587	2919.3573013933983	1.85
13093.2186723816	1850	23.178940416555083	0.0	908665	2885.036476780214	1.85
13096.257965081713	1850	24.139647716439438	0.0	930577	3039.292700115647	1.85
13098.843855740835	1850	25.55375705731841	0.0	858450	2585.8906591210302	1.85
13101.787154760608	1850	26.61045803754659	0.0	1025005	2943.299019771821	1.85
13104.635184959458	1850	27.76242783869622	0.0	886255	2848.030198850372	1.85
13107.8136618567	1850	28.58395094145515	0.0	973972	3178.4768972410657	1.85
13110.739739262699	1850	29.65787353545577	0.0	958994	2926.0774059993773	1.85
13114.178807686601	1850	30.218805111552694	0.0	982064	3439.068423903078	1.85
13117.71301799233	1850	30.68459480582473	0.0	830730	3534.2103057279633	1.85
13121.663380268037	1850	30.734232530116007	0.0	846370	3950.3622757087237	1.85

