0.0 2.06343
5.0 2.005202
10.0 2.064692
15.0 2.007808
20.0 1.990244
25.0 2.051648
30.0 1.831622
35.0 2.017234
40.0 2.232272
45.0 2.348978
50.0 2.01472
55.0 1.825234
60.0 2.331582
65.0 2.028272
70.0 2.188586
75.0 2.142258
80.0 2.063406
85.0 2.21434
90.0 2.315828
95.0 2.040564
100.0 1.821034
105.0 1.840934
110.0 2.233876
115.0 2.07171
120.0 2.32645
125.0 2.152074
130.0 1.929868
135.0 2.25818
140.0 2.073726
145.0 1.997848
150.0 2.33249
155.0 2.031624
160.0 2.035568
165.0 1.729416
170.0 1.954618
175.0 2.002036
180.0 1.985834
185.0 2.366546
190.0 2.037118
195.0 1.854718
200.0 2.267772
205.0 2.021186
210.0 1.890712
215.0 2.000872
220.0 2.021722
225.0 1.960616
230.0 2.033988
235.0 2.002588
240.0 2.170914
245.0 2.05992
250.0 2.160338
255.0 1.900794
260.0 2.177174
265.0 2.200548
270.0 2.307582
275.0 2.186088
280.0 1.933182
285.0 1.797576
290.0 1.764276
295.0 2.013558
300.0 2.000258
305.0 2.348092
310.0 2.04213
315.0 2.202858
320.0 2.107124
325.0 2.159008
330.0 2.286534
335.0 2.045488
340.0 2.02185
345.0 1.946946
350.0 1.769386
355.0 0.394702
360.0 1.877992
365.0 1.898142
370.0 2.14527
375.0 1.79678
380.0 1.64477
385.0 1.786252
390.0 1.681344
395.0 1.998794
400.0 1.889804
405.0 1.844976
410.0 2.00726
415.0 1.920996
420.0 2.070192
425.0 1.809506
430.0 2.210878
435.0 2.115678
440.0 1.978576
445.0 2.105034
450.0 2.096386
455.0 2.121066
460.0 1.984862
465.0 2.010296
470.0 2.13265
475.0 1.898374
480.0 1.803196
485.0 1.975166
490.0 2.017416
495.0 2.000916
500.0 2.15044
505.0 1.94929
510.0 2.217812
515.0 1.678652
520.0 2.077112
525.0 2.155016
530.0 1.83857
535.0 1.93046
540.0 1.959506
545.0 1.681404
550.0 2.067082
555.0 2.038526
560.0 2.25015
565.0 1.909578
570.0 2.037684
575.0 2.009774
580.0 1.976134
585.0 1.750348
590.0 2.101112
595.0 1.9501
600.0 1.991994
605.0 2.389736
610.0 2.21497
615.0 2.17247
620.0 2.024946
625.0 1.775806
630.0 1.785552
635.0 2.038322
640.0 2.121172
645.0 2.045112
650.0 1.71618
655.0 1.935654
660.0 1.94432
665.0 2.038112
670.0 2.056194
675.0 1.847862
680.0 2.048204
685.0 1.891958
690.0 1.867798
695.0 1.965774
700.0 2.116852
705.0 2.037212
710.0 1.790854
715.0 1.94207
720.0 1.457774
725.0 1.927096
730.0 2.026242
735.0 1.860106
740.0 1.835058
745.0 2.011022
750.0 1.925752
755.0 2.20528
760.0 2.362884
765.0 1.800564
770.0 2.09286
775.0 2.137846
780.0 1.911782
785.0 2.357044
790.0 2.126642
795.0 2.196384
800.0 1.844958
805.0 2.182262
810.0 1.985456
815.0 2.231782
820.0 2.078028
825.0 2.099404
830.0 2.37426
835.0 2.22664
840.0 1.890174
845.0 2.046956
850.0 1.611398
855.0 1.778318
860.0 2.048476
865.0 2.380896
870.0 1.918114
875.0 2.2715
880.0 1.988202
885.0 2.023064
890.0 2.154588
895.0 2.396564
900.0 1.734058
905.0 2.14137
910.0 2.063494
915.0 2.393778
920.0 2.100268
925.0 2.079928
930.0 2.402628
935.0 2.140074
940.0 2.109178
945.0 2.379534
950.0 2.201124
955.0 2.072292
960.0 2.040068
965.0 2.247678
970.0 2.428142
975.0 2.437936
980.0 2.13522
985.0 2.07542
990.0 2.084738
995.0 2.107572
1000.0 2.03587
1005.0 2.392532
1010.0 1.895338
1015.0 2.050116
1020.0 1.662112
1025.0 2.234598
1030.0 2.17725
1035.0 1.834332
1040.0 2.133356
1045.0 2.007704
1050.0 1.996704
1055.0 2.052956
1060.0 1.974958
1065.0 2.043676
1070.0 2.140918
1075.0 1.959076
1080.0 2.095216
1085.0 2.183864
1090.0 2.114354
1095.0 2.12173
1100.0 1.960142
1105.0 1.95799
1110.0 1.82917
1115.0 2.070524
1120.0 2.098486
1125.0 2.163586
1130.0 2.02073
1135.0 2.03536
1140.0 2.054946
1145.0 2.109706
1150.0 2.106774
1155.0 2.184554
1160.0 2.064542
1165.0 2.120262
1170.0 2.124208
1175.0 2.152594
1180.0 2.012292
1185.0 2.02983
1190.0 2.233096
1195.0 1.831922
1200.0 2.441638
1205.0 1.863976
1210.0 2.216388
1215.0 2.109544
1220.0 2.15647
1225.0 2.038708
1230.0 2.243702
1235.0 2.193404
1240.0 2.10235
1245.0 1.966778
1250.0 2.259182
1255.0 2.186012
1260.0 1.857424
1265.0 2.248912
1270.0 2.391818
1275.0 1.942602
1280.0 1.940802
1285.0 2.220084
1290.0 1.984678
1295.0 2.170456
1300.0 1.893318
1305.0 2.013948
1310.0 1.898978
1315.0 2.068758
1320.0 2.152942
1325.0 2.275384
1330.0 2.288628
1335.0 2.569932
1340.0 2.01208
1345.0 2.045654
1350.0 2.39567
1355.0 2.133784
1360.0 2.108366
1365.0 2.11602
1370.0 2.13574
1375.0 2.015076
1380.0 1.916616
1385.0 2.088734
1390.0 2.590398
1395.0 2.06059
1400.0 2.03061
1405.0 1.887502
1410.0 2.05298
1415.0 2.11455
1420.0 1.931
1425.0 2.072624
1430.0 2.096872
1435.0 2.201006
1440.0 1.884258
1445.0 2.115848
1450.0 2.109076
1455.0 2.460674
1460.0 1.975074
1465.0 2.507384
1470.0 2.098192
1475.0 2.237136
1480.0 2.19731
1485.0 1.970088
1490.0 2.078402
1495.0 1.86272
1500.0 2.156584
1505.0 2.076626
1510.0 2.087678
1515.0 2.319426
1520.0 2.119346
1525.0 2.311522
1530.0 2.081014
1535.0 2.152558
1540.0 2.11044
1545.0 1.943338
1550.0 2.017864
1555.0 2.121046
1560.0 2.711388
1565.0 2.081818
1570.0 2.27726
1575.0 2.050468
1580.0 2.165314
1585.0 2.206012
1590.0 2.019404
1595.0 1.87277
1600.0 2.149848
1605.0 2.04668
1610.0 2.589424
1615.0 2.257472
1620.0 2.106322
1625.0 2.105494
1630.0 2.178694
1635.0 2.049918
1640.0 2.28109
1645.0 1.98552
1650.0 2.23827
1655.0 2.071032
1660.0 2.153134
1665.0 2.553932
1670.0 2.066318
1675.0 1.61284
1680.0 2.089286
1685.0 2.182464
1690.0 2.023302
1695.0 1.903144
1700.0 1.812584
1705.0 2.211354
1710.0 2.106838
1715.0 2.176588
1720.0 2.963958
1725.0 2.182748
1730.0 2.127866
1735.0 1.964034
1740.0 2.215526
1745.0 2.464782
1750.0 1.849962
1755.0 2.15349
1760.0 2.315138
1765.0 2.724208
1770.0 2.084768
1775.0 2.175238
1780.0 2.104506
1785.0 3.090764
1790.0 2.185188
1795.0 2.044886
1800.0 2.326996
1805.0 2.340132
1810.0 2.30376
1815.0 2.075796
1820.0 2.177976
1825.0 2.214176
1830.0 2.140934
1835.0 1.90873
