0.0 3.467076
5.0 3.400166
10.0 3.259388
15.0 4.150618
20.0 4.307116
25.0 4.113226
30.0 3.478236
35.0 4.262972
40.0 3.787086
45.0 4.295442
50.0 4.243852
55.0 3.962832
60.0 3.309134
65.0 3.400192
70.0 3.448198
75.0 4.223436
80.0 4.225296
85.0 4.253068
90.0 4.094654
95.0 4.017526
100.0 4.060082
105.0 4.349276
110.0 4.118304
115.0 4.331894
120.0 4.182984
125.0 3.308504
130.0 3.269322
135.0 4.1515
140.0 4.21959
145.0 4.28288
150.0 4.288576
155.0 4.255346
160.0 4.123888
165.0 3.336222
170.0 4.25258
175.0 4.186926
180.0 4.215408
185.0 4.078488
190.0 3.404682
195.0 4.143962
200.0 4.126092
205.0 4.285078
210.0 4.218412
215.0 4.348546
220.0 3.393442
225.0 4.223766
230.0 4.125818
235.0 4.104348
240.0 4.197956
245.0 3.476904
250.0 3.455324
255.0 4.244214
260.0 4.189154
265.0 4.25217
270.0 4.243584
275.0 3.478606
280.0 3.449188
285.0 4.118374
290.0 4.326304
295.0 4.281436
300.0 4.085782
305.0 4.286208
310.0 1.7186
315.0 4.066358
320.0 4.278
325.0 4.192346
330.0 3.752236
335.0 4.29066
340.0 4.332542
345.0 4.229526
350.0 4.305292
355.0 0.0
360.0 3.620272
365.0 3.327958
370.0 3.4948
375.0 3.62982
380.0 4.234656
385.0 4.143526
390.0 4.212958
395.0 4.308902
400.0 4.177242
405.0 4.21365
410.0 4.169256
415.0 4.369748
420.0 4.339754
425.0 4.10088
430.0 2.467998
435.0 3.434102
440.0 4.187486
445.0 4.26036
450.0 2.7164
455.0 3.534384
460.0 4.16167
465.0 3.927386
470.0 4.255
475.0 3.856156
480.0 4.213344
485.0 3.959682
490.0 4.230678
495.0 4.14156
500.0 4.200586
505.0 4.000376
510.0 4.169616
515.0 4.256426
520.0 4.028682
525.0 4.268662
530.0 4.22679
535.0 3.975596
540.0 4.153336
545.0 3.90247
550.0 4.177242
555.0 3.657618
560.0 4.262308
565.0 4.17487
570.0 4.080522
575.0 4.282294
580.0 3.438216
585.0 3.55181
590.0 4.225924
595.0 3.914906
600.0 3.45611
605.0 3.423298
610.0 3.420834
615.0 4.094874
620.0 4.15542
625.0 4.27191
630.0 4.26124
635.0 2.847344
640.0 4.146084
645.0 4.159128
650.0 3.448156
655.0 4.265498
660.0 3.861448
665.0 3.584848
670.0 3.433846
675.0 4.246494
680.0 4.27018
685.0 4.040958
690.0 4.269788
695.0 3.469668
700.0 4.22676
705.0 4.063166
710.0 4.240648
715.0 4.231446
720.0 4.156974
725.0 4.248008
730.0 4.376994
735.0 4.137886
740.0 4.266634
745.0 4.02339
750.0 4.280636
755.0 3.437686
760.0 4.233466
765.0 4.023866
770.0 3.990164
775.0 4.147388
780.0 4.27594
785.0 4.354648
790.0 2.875464
795.0 4.23286
800.0 4.307764
805.0 4.278968
810.0 4.211524
815.0 4.15992
820.0 4.188042
825.0 3.408966
830.0 3.506634
835.0 3.96943
840.0 3.965548
845.0 4.015476
850.0 3.952268
855.0 3.488186
860.0 4.286658
865.0 4.083228
870.0 4.268904
875.0 3.411366
880.0 4.141148
885.0 3.86597
890.0 3.944506
895.0 3.9856
900.0 4.196578
905.0 3.421958
910.0 4.031572
915.0 3.406934
920.0 2.947204
925.0 4.141376
930.0 4.237646
935.0 4.238912
940.0 4.234076
945.0 3.196254
950.0 4.008332
955.0 4.04979
960.0 4.278708
965.0 3.460962
970.0 3.920112
975.0 4.250112
980.0 4.318258
985.0 4.198974
990.0 4.24616
995.0 4.302846
1000.0 2.126564
1005.0 4.150512
1010.0 3.946784
1015.0 4.133934
1020.0 3.987302
1025.0 4.00179
1030.0 3.973244
1035.0 4.270562
1040.0 4.23153
1045.0 3.795284
1050.0 3.469322
1055.0 4.305358
1060.0 4.231966
1065.0 4.087514
1070.0 4.0072
1075.0 4.278872
1080.0 4.215956
1085.0 3.977926
1090.0 4.194262
1095.0 4.268078
1100.0 4.28336
1105.0 4.286608
1110.0 4.145978
1115.0 4.321592
1120.0 4.364296
1125.0 4.258892
1130.0 4.317376
1135.0 4.31506
1140.0 4.244416
1145.0 3.495698
1150.0 4.358272
1155.0 4.329182
1160.0 4.153232
1165.0 4.050082
1170.0 4.040014
1175.0 4.321472
1180.0 4.234182
1185.0 4.211194
1190.0 4.246948
1195.0 4.29092
1200.0 4.307192
1205.0 4.096308
1210.0 4.28416
1215.0 4.258242
1220.0 4.167364
1225.0 4.171362
1230.0 4.226398
1235.0 4.30404
1240.0 4.230844
1245.0 4.052176
1250.0 4.23643
1255.0 4.146364
1260.0 4.055222
1265.0 3.459892
1270.0 4.17212
1275.0 4.244144
1280.0 4.087036
1285.0 4.210584
1290.0 4.29415
1295.0 4.045454
1300.0 3.47182
1305.0 3.360022
1310.0 4.071364
1315.0 4.29083
1320.0 4.16553
1325.0 4.076604
1330.0 3.25354
1335.0 4.208914
1340.0 4.299862
1345.0 3.596768
1350.0 3.958106
1355.0 3.464948
1360.0 3.45423
1365.0 3.991184
1370.0 3.918928
1375.0 3.960374
1380.0 3.953112
1385.0 3.966712
1390.0 3.462444
1395.0 3.413022
1400.0 4.25156
1405.0 4.255648
1410.0 3.943628
1415.0 3.13809
1420.0 3.943696
1425.0 3.981322
1430.0 4.053206
1435.0 3.954612
1440.0 3.291944
1445.0 3.322064
1450.0 2.934886
1455.0 4.248064
1460.0 4.258276
1465.0 4.227852
1470.0 3.417622
1475.0 2.912976
1480.0 2.957584
1485.0 3.307888
1490.0 3.335606
1495.0 3.303594
1500.0 3.290424
1505.0 2.89894
1510.0 2.894372
1515.0 3.95646
1520.0 4.042508
1525.0 4.322806
1530.0 2.867992
1535.0 2.93022
1540.0 2.899144
1545.0 4.252646
1550.0 3.311472
1555.0 3.429158
1560.0 3.296618
1565.0 2.880442
1570.0 2.876496
1575.0 4.250726
1580.0 3.92325
1585.0 3.641934
1590.0 3.825876
1595.0 3.323236
1600.0 4.368884
1605.0 2.883322
1610.0 4.263228
1615.0 3.299874
1620.0 3.321252
1625.0 2.859338
1630.0 2.821234
1635.0 4.359958
1640.0 4.248802
1645.0 4.250792
1650.0 3.31515
1655.0 3.30062
1660.0 2.860516
1665.0 3.317404
1670.0 2.886324
1675.0 2.83259
1680.0 2.905106
1685.0 2.89775
1690.0 2.862368
1695.0 4.30747
1700.0 4.218056
1705.0 4.267864
1710.0 3.288378
1715.0 2.761732
1720.0 3.484454
1725.0 3.28318
1730.0 3.38285
1735.0 3.330206
1740.0 3.298128
1745.0 3.470848
1750.0 2.904008
1755.0 3.31037
1760.0 4.198416
1765.0 4.172112
1770.0 2.885888
1775.0 2.981026
1780.0 2.870794
1785.0 3.304422
1790.0 3.258112
1795.0 3.257688
1800.0 2.940436
1805.0 2.901742
1810.0 2.909884
1815.0 4.210158
1820.0 4.25412
1825.0 3.304688
1830.0 2.88703
1835.0 2.843056
1840.0 2.875288
1845.0 3.32422
1850.0 3.310566
