0.0 2.25775
5.0 2.415128
10.0 2.386058
15.0 2.409514
20.0 2.354836
25.0 2.254908
30.0 2.387048
35.0 2.429384
40.0 2.419178
45.0 2.417814
50.0 2.404014
55.0 2.436506
60.0 2.417922
65.0 2.413614
70.0 2.413266
75.0 2.421902
80.0 2.400198
85.0 2.431432
90.0 2.387466
95.0 2.419792
100.0 2.419924
105.0 2.38972
110.0 2.419248
115.0 2.436874
120.0 2.417914
125.0 2.40712
130.0 2.382216
135.0 2.378002
140.0 2.410012
145.0 2.416908
150.0 2.42646
155.0 2.408692
160.0 2.41637
165.0 2.390356
170.0 2.393812
175.0 2.377418
180.0 2.396998
185.0 2.281318
190.0 2.30465
195.0 2.312764
200.0 2.295548
205.0 2.288564
210.0 2.326168
215.0 2.280108
220.0 2.258518
225.0 2.304642
230.0 2.286612
235.0 2.283662
240.0 2.311446
245.0 2.2677
250.0 2.286958
255.0 2.317204
260.0 2.266734
265.0 2.314548
270.0 2.299854
275.0 2.296456
280.0 2.311214
285.0 2.29768
290.0 2.303318
295.0 2.291642
300.0 2.328634
305.0 2.2291
310.0 2.306294
315.0 2.331274
320.0 2.301454
325.0 2.276194
330.0 2.29084
335.0 2.22662
340.0 2.315498
345.0 2.26813
350.0 2.291118
355.0 2.398772
360.0 2.307464
365.0 2.271848
370.0 2.292962
375.0 2.316924
380.0 2.295482
385.0 2.286484
390.0 2.327916
395.0 2.273458
400.0 2.297292
405.0 2.297034
410.0 2.287588
415.0 2.392714
420.0 2.279644
425.0 2.284662
430.0 2.303822
435.0 2.300776
440.0 2.302724
445.0 2.265626
450.0 2.41029
455.0 2.324202
460.0 2.237758
465.0 2.274972
470.0 2.26546
475.0 2.297398
480.0 2.297112
485.0 2.306324
490.0 2.294196
495.0 2.295318
500.0 2.297496
505.0 2.296686
510.0 2.24873
515.0 2.404698
520.0 2.31375
525.0 2.307602
530.0 2.219962
535.0 2.238902
540.0 2.27159
545.0 2.282066
550.0 2.270796
555.0 2.285644
560.0 2.300876
565.0 2.292126
570.0 2.275014
575.0 2.263652
580.0 2.280388
585.0 2.27095
590.0 2.274114
595.0 2.248418
600.0 2.285066
605.0 2.331716
610.0 2.301258
615.0 2.276312
620.0 2.259506
625.0 2.267416
630.0 2.272704
635.0 2.259362
640.0 2.279808
645.0 2.211698
650.0 2.286984
655.0 2.237938
660.0 2.262654
665.0 2.29521
670.0 2.275872
675.0 2.280574
680.0 2.309232
685.0 2.291246
690.0 2.27576
695.0 2.242616
700.0 2.299092
705.0 2.256842
710.0 2.28112
715.0 2.261972
720.0 2.305014
725.0 2.28056
730.0 2.281564
735.0 2.27863
740.0 2.254374
745.0 2.237984
750.0 2.2573
755.0 2.23636
760.0 2.272644
765.0 2.26862
770.0 2.276768
775.0 2.252894
780.0 2.29915
785.0 2.297014
790.0 2.303414
795.0 2.317896
800.0 2.277328
805.0 2.27732
810.0 2.230632
815.0 2.313066
820.0 2.280598
825.0 2.271784
830.0 2.272232
835.0 2.300346
840.0 2.280226
845.0 2.279092
850.0 2.30331
855.0 2.289782
860.0 2.286886
865.0 2.226054
870.0 2.238014
875.0 2.281146
880.0 2.252896
885.0 2.30119
890.0 2.239888
895.0 2.07241
900.0 2.28749
905.0 2.257734
910.0 2.302028
915.0 2.268156
920.0 2.297088
925.0 2.275674
930.0 2.256506
935.0 2.280372
940.0 2.284226
945.0 2.36554
950.0 2.361218
955.0 2.299982
960.0 2.317878
965.0 2.355168
970.0 2.36934
975.0 2.347256
980.0 2.32454
985.0 2.34545
990.0 2.354754
995.0 2.264288
1000.0 2.38081
1005.0 2.384218
1010.0 2.358478
1015.0 2.362866
1020.0 2.380754
1025.0 2.373342
1030.0 2.385086
1035.0 2.344044
1040.0 2.388638
1045.0 2.373196
1050.0 2.351634
1055.0 2.336256
1060.0 2.358142
1065.0 2.370106
1070.0 2.249838
1075.0 2.263552
1080.0 2.28806
1085.0 2.291412
1090.0 2.284752
1095.0 2.307412
1100.0 2.27219
1105.0 2.270566
1110.0 2.30172
1115.0 2.277354
1120.0 2.281772
1125.0 2.228112
1130.0 2.29294
1135.0 2.28737
1140.0 2.294938
1145.0 2.307294
1150.0 2.266496
1155.0 2.28965
1160.0 2.279458
1165.0 2.306194
1170.0 2.26037
1175.0 2.244038
1180.0 2.288034
1185.0 2.282286
1190.0 2.269266
1195.0 2.283088
1200.0 2.294568
1205.0 2.288582
1210.0 2.233208
1215.0 2.306452
1220.0 2.241882
1225.0 2.282722
1230.0 2.26193
1235.0 2.27368
1240.0 2.301614
1245.0 2.25695
1250.0 2.29047
1255.0 2.302036
1260.0 2.391586
1265.0 2.207346
1270.0 2.257662
1275.0 2.279706
1280.0 2.291376
1285.0 2.282474
1290.0 2.292474
1295.0 2.283936
1300.0 2.278402
1305.0 2.300036
1310.0 2.304166
1315.0 2.2899
1320.0 2.303116
1325.0 2.306628
1330.0 2.273516
1335.0 2.257178
1340.0 2.245934
1345.0 2.290408
1350.0 2.314362
1355.0 2.256826
1360.0 2.296428
1365.0 2.278302
1370.0 2.241458
1375.0 2.272696
1380.0 2.30574
1385.0 2.296376
1390.0 2.291516
1395.0 2.209646
1400.0 2.293852
1405.0 2.281788
1410.0 2.283454
1415.0 1.984066
1420.0 2.266066
1425.0 2.285314
1430.0 2.252572
1435.0 2.267272
1440.0 2.31638
1445.0 2.291932
1450.0 2.269616
1455.0 2.305182
1460.0 2.301484
1465.0 2.27772
1470.0 2.284472
1475.0 2.268932
1480.0 2.297278
1485.0 2.277428
1490.0 2.275372
1495.0 2.293468
1500.0 2.275768
1505.0 2.280314
1510.0 2.188916
1515.0 2.28901
1520.0 2.297762
1525.0 2.281482
1530.0 2.302588
1535.0 2.266642
1540.0 2.294792
1545.0 2.294322
1550.0 2.26042
1555.0 2.29865
1560.0 2.30441
1565.0 2.299954
1570.0 2.3067
1575.0 2.289818
1580.0 2.2756
1585.0 2.305032
1590.0 2.286106
1595.0 2.254884
1600.0 2.263634
1605.0 2.29544
1610.0 2.270532
1615.0 2.287948
1620.0 2.268708
1625.0 2.260616
1630.0 2.307446
1635.0 2.24477
1640.0 2.313594
1645.0 2.305424
1650.0 2.20769
1655.0 2.267474
1660.0 2.271256
1665.0 2.276336
1670.0 2.298484
1675.0 2.298246
1680.0 2.289596
1685.0 2.276772
1690.0 2.217878
1695.0 2.303106
1700.0 2.295082
1705.0 2.248576
1710.0 2.2921
1715.0 2.27991
1720.0 2.27965
1725.0 2.302874
1730.0 2.233402
1735.0 2.311368
1740.0 2.291274
1745.0 2.283308
1750.0 2.268056
1755.0 2.3126
1760.0 2.256866
1765.0 2.19843
1770.0 2.20446
1775.0 2.180706
1780.0 2.18308
1785.0 2.15221
1790.0 2.299078
1795.0 2.309516
1800.0 2.323662
1805.0 2.293882
1810.0 2.278542
1815.0 2.308334
1820.0 2.282406
1825.0 2.26355
1830.0 2.302356
1835.0 2.249708
