0.0 1.393674
5.0 1.420576
10.0 1.411626
15.0 1.44805
20.0 1.37148
25.0 1.385644
30.0 0.397236
35.0 1.357326
40.0 1.413716
45.0 1.393034
50.0 1.409906
55.0 1.40518
60.0 1.340542
65.0 1.445604
70.0 1.374402
75.0 1.445442
80.0 1.44725
85.0 1.430586
90.0 1.360326
95.0 1.372826
100.0 1.399958
105.0 1.4223
110.0 1.393044
115.0 1.48847
120.0 1.421946
125.0 1.40179
130.0 1.416712
135.0 1.41556
140.0 1.326574
145.0 1.382658
150.0 1.445168
155.0 1.380408
160.0 1.388756
165.0 1.3914
170.0 1.418492
175.0 0.921874
180.0 1.386504
185.0 1.423782
190.0 1.403618
195.0 1.380102
200.0 1.476138
205.0 1.376852
210.0 0.0
215.0 0.0
220.0 0.0
225.0 0.0
230.0 0.0
235.0 0.0
240.0 0.0
245.0 0.0
250.0 0.0
255.0 0.0
260.0 0.0
265.0 1.364006
270.0 1.400876
275.0 1.417154
280.0 1.434336
285.0 1.335992
290.0 1.378418
295.0 1.385512
300.0 1.399346
305.0 1.431638
310.0 1.451824
315.0 1.35212
320.0 1.410392
325.0 1.470592
330.0 1.402574
335.0 1.432034
340.0 1.378868
345.0 1.427222
350.0 1.391838
355.0 1.420448
360.0 1.418834
365.0 1.42438
370.0 1.364134
375.0 1.402022
380.0 1.40046
385.0 1.4235
390.0 1.408434
395.0 1.394346
400.0 1.391942
405.0 1.401014
410.0 1.41985
415.0 1.431794
420.0 1.405442
425.0 1.408844
430.0 1.389894
435.0 1.412704
440.0 1.443292
445.0 1.29268
450.0 1.402874
455.0 1.412452
460.0 1.386302
465.0 1.402966
470.0 1.396476
475.0 1.38743
480.0 1.405366
485.0 1.429644
490.0 1.41117
495.0 1.398784
500.0 1.39416
505.0 1.420352
510.0 1.394276
515.0 1.43803
520.0 1.353122
525.0 1.348896
530.0 1.248944
535.0 0.834838
540.0 0.814676
545.0 1.408104
550.0 1.43133
555.0 1.415992
560.0 1.357156
565.0 1.40578
570.0 1.433024
575.0 1.442042
580.0 1.419146
585.0 1.402242
590.0 1.425486
595.0 0.72365
600.0 1.41807
605.0 1.428116
610.0 1.398416
615.0 1.406828
620.0 1.438634
625.0 1.393008
630.0 1.426884
635.0 1.487628
640.0 1.348324
645.0 1.447688
650.0 1.381598
655.0 1.397348
660.0 1.416644
665.0 1.41808
670.0 1.438742
675.0 1.42489
680.0 1.409782
685.0 1.404386
690.0 0.923608
695.0 1.339218
700.0 1.392374
705.0 1.435214
710.0 1.2612
715.0 1.375124
720.0 1.378104
725.0 1.413534
730.0 1.432582
735.0 1.361094
740.0 1.42431
745.0 1.371092
750.0 1.44396
755.0 1.471016
760.0 1.398398
765.0 1.352116
770.0 1.394766
775.0 1.38819
780.0 1.43116
785.0 1.355174
790.0 1.42177
795.0 1.398756
800.0 1.446364
805.0 1.41665
810.0 1.333508
815.0 1.397922
820.0 1.362262
825.0 1.377086
830.0 1.44351
835.0 1.479142
840.0 1.395298
845.0 1.397308
850.0 1.379768
855.0 1.368436
860.0 1.402418
865.0 1.399074
870.0 1.38909
875.0 1.393514
880.0 1.446254
885.0 1.403864
890.0 1.244982
895.0 1.375206
900.0 1.428788
905.0 1.448448
910.0 1.436258
915.0 1.41078
920.0 1.304554
925.0 1.444672
930.0 1.39723
935.0 1.151504
940.0 1.427452
945.0 1.50172
950.0 1.373342
955.0 1.438344
960.0 1.4253
965.0 1.355532
970.0 1.416956
975.0 1.472156
980.0 1.415538
985.0 1.37527
990.0 1.376206
995.0 1.389376
1000.0 1.371944
1005.0 1.41697
1010.0 1.476674
1015.0 1.432644
1020.0 1.384162
1025.0 1.436574
1030.0 1.411778
1035.0 1.375836
1040.0 1.41066
1045.0 1.394344
1050.0 1.262188
1055.0 1.429902
1060.0 1.40721
1065.0 1.43979
1070.0 1.434342
1075.0 1.423106
1080.0 1.419404
1085.0 1.431584
1090.0 1.42166
1095.0 1.3787
1100.0 1.46831
1105.0 1.45295
1110.0 1.393066
1115.0 1.422266
1120.0 1.381782
1125.0 1.36848
1130.0 1.46661
1135.0 0.447292
1140.0 1.430554
1145.0 1.53411
1150.0 1.437282
1155.0 1.38316
1160.0 1.406704
1165.0 1.40197
1170.0 1.342902
1175.0 1.40241
1180.0 1.43176
1185.0 1.41655
1190.0 1.407388
1195.0 1.369174
1200.0 1.426168
1205.0 1.359562
1210.0 1.367076
1215.0 1.440172
1220.0 1.412046
1225.0 1.426324
1230.0 1.46054
1235.0 1.419108
1240.0 1.468026
1245.0 1.376154
1250.0 1.425164
1255.0 1.41446
1260.0 1.455364
1265.0 1.430832
1270.0 1.365082
1275.0 1.403392
1280.0 1.405866
1285.0 1.446434
1290.0 1.44537
1295.0 1.405242
1300.0 1.410872
1305.0 1.314628
1310.0 1.443678
1315.0 1.486988
1320.0 1.422086
1325.0 1.459522
1330.0 1.418418
1335.0 1.424104
1340.0 1.443816
1345.0 1.422532
1350.0 1.409544
1355.0 1.475666
1360.0 1.461964
1365.0 0.522466
1370.0 1.421878
1375.0 1.439702
1380.0 1.405154
1385.0 1.142572
1390.0 1.32665
1395.0 1.405178
1400.0 1.318704
1405.0 1.346416
1410.0 1.468188
1415.0 1.400314
1420.0 1.409804
1425.0 1.393916
1430.0 1.33768
1435.0 1.316088
1440.0 1.375502
1445.0 1.4949
1450.0 1.42516
1455.0 1.43941
1460.0 1.22633
1465.0 1.369284
1470.0 1.366072
1475.0 1.415724
1480.0 1.33309
1485.0 1.463362
1490.0 1.339688
1495.0 1.339
1500.0 1.396534
1505.0 1.372092
1510.0 1.42761
1515.0 1.343276
1520.0 1.231998
1525.0 1.386854
1530.0 1.439794
1535.0 1.402412
1540.0 1.477874
1545.0 1.416764
1550.0 1.44807
1555.0 1.46821
1560.0 1.409716
1565.0 1.387334
1570.0 0.456516
1575.0 1.385048
1580.0 1.410704
1585.0 1.373428
1590.0 1.442272
1595.0 1.429904
1600.0 1.404866
1605.0 1.423808
1610.0 1.373748
1615.0 1.411742
1620.0 1.34551
1625.0 1.427516
1630.0 1.43139
1635.0 1.309958
1640.0 1.400486
1645.0 1.398158
1650.0 1.362194
1655.0 1.422304
1660.0 1.380118
1665.0 0.868452
1670.0 1.4251
1675.0 1.361276
1680.0 1.406324
1685.0 1.425212
1690.0 1.346554
1695.0 1.38762
1700.0 0.335496
1705.0 1.414696
1710.0 1.39343
1715.0 1.414336
1720.0 1.425458
1725.0 1.424612
1730.0 1.404426
1735.0 1.452298
1740.0 1.397128
1745.0 1.456334
1750.0 1.349926
1755.0 1.465878
1760.0 1.405268
1765.0 1.44043
1770.0 1.414712
1775.0 1.372298
1780.0 1.37696
1785.0 1.40539
1790.0 1.418608
1795.0 1.457338
1800.0 1.43468
1805.0 1.413442
1810.0 1.481058
1815.0 1.44711
1820.0 1.440602
1825.0 1.419954
1830.0 1.402354
1835.0 1.39877
