0.0 0.546508
5.0 0.545724
10.0 0.545716
15.0 0.546946
20.0 0.550654
25.0 0.545764
30.0 0.549006
35.0 0.529324
40.0 0.545736
45.0 0.545884
50.0 0.545606
55.0 0.504224
60.0 0.547648
65.0 0.550264
70.0 0.548448
75.0 0.544714
80.0 0.548904
85.0 0.549758
90.0 0.548064
95.0 0.551242
100.0 0.549
105.0 0.538972
110.0 0.501104
115.0 0.55233
120.0 0.549386
125.0 0.546296
130.0 0.542548
135.0 0.548614
140.0 0.548482
145.0 0.547134
150.0 0.543788
155.0 0.546192
160.0 0.552098
165.0 0.532384
170.0 0.542604
175.0 0.547552
180.0 0.539924
185.0 0.549644
190.0 0.530056
195.0 0.518238
200.0 0.548314
205.0 0.547598
210.0 0.549108
215.0 0.549788
220.0 0.512524
225.0 0.54807
230.0 0.5415
235.0 0.548004
240.0 0.548932
245.0 0.547932
250.0 0.548712
255.0 0.545802
260.0 0.550346
265.0 0.548292
270.0 0.542126
275.0 0.54694
280.0 0.547182
285.0 0.547264
290.0 0.439222
295.0 0.54842
300.0 0.543452
305.0 0.543544
310.0 0.550868
315.0 0.543674
320.0 0.546446
325.0 0.547842
330.0 0.547298
335.0 0.544572
340.0 0.54997
345.0 0.54887
350.0 0.54087
355.0 0.545274
360.0 0.550842
365.0 0.55101
370.0 0.547862
375.0 0.5337
380.0 0.548898
385.0 0.550688
390.0 0.549398
395.0 0.540586
400.0 0.544886
405.0 0.535804
410.0 0.543408
415.0 0.54827
420.0 0.550042
425.0 0.540082
430.0 0.548842
435.0 0.548668
440.0 0.546472
445.0 0.54804
450.0 0.548232
455.0 0.550388
460.0 0.551128
465.0 0.547264
470.0 0.55123
475.0 0.544946
480.0 0.549724
485.0 0.546608
490.0 0.551328
495.0 0.550002
500.0 0.499438
505.0 0.539144
510.0 0.55162
515.0 0.55133
520.0 0.546926
525.0 0.511012
530.0 0.551052
535.0 0.544928
540.0 0.548862
545.0 0.548942
550.0 0.549974
555.0 0.54898
560.0 0.550398
565.0 0.550438
570.0 0.549858
575.0 0.5507
580.0 0.549264
585.0 0.5499
590.0 0.548174
595.0 0.54987
600.0 0.549454
605.0 0.549842
610.0 0.549142
615.0 0.546822
620.0 0.548752
625.0 0.547468
630.0 0.551342
635.0 0.545904
640.0 0.547752
645.0 0.54851
650.0 0.539918
655.0 0.547306
660.0 0.549922
665.0 0.551118
670.0 0.488268
675.0 0.550514
680.0 0.552388
685.0 0.549738
690.0 0.547796
695.0 0.545416
700.0 0.550236
705.0 0.546892
710.0 0.547902
715.0 0.548486
720.0 0.550736
725.0 0.54345
730.0 0.548346
735.0 0.543318
740.0 0.5487
745.0 0.549832
750.0 0.546802
755.0 0.54591
760.0 0.550138
765.0 0.545464
770.0 0.554686
775.0 0.549496
780.0 0.554314
785.0 0.558452
790.0 0.552552
795.0 0.553546
800.0 0.549714
805.0 0.55705
810.0 0.55319
815.0 0.555486
820.0 0.554578
825.0 0.555612
830.0 0.55636
835.0 0.552538
840.0 0.558356
845.0 0.556606
850.0 0.55472
855.0 0.55493
860.0 0.556908
865.0 0.55607
870.0 0.555386
875.0 0.558306
880.0 0.55868
885.0 0.548254
890.0 0.552824
895.0 0.554696
900.0 0.554696
905.0 0.556786
910.0 0.55683
915.0 0.555534
920.0 0.557696
925.0 0.55678
930.0 0.556016
935.0 0.550944
940.0 0.500274
945.0 0.554828
950.0 0.554482
955.0 0.554572
960.0 0.554072
965.0 0.558972
970.0 0.555364
975.0 0.558766
980.0 0.558414
985.0 0.542238
990.0 0.555748
995.0 0.546506
1000.0 0.557314
1005.0 0.55615
1010.0 0.554062
1015.0 0.554096
1020.0 0.558556
1025.0 0.558222
1030.0 0.556742
1035.0 0.5581
1040.0 0.55314
1045.0 0.550002
1050.0 0.551936
1055.0 0.549914
1060.0 0.548446
1065.0 0.549312
1070.0 0.557
1075.0 0.5601
1080.0 0.557818
1085.0 0.556082
1090.0 0.55914
1095.0 0.553144
1100.0 0.554746
1105.0 0.559778
1110.0 0.554542
1115.0 0.555948
1120.0 0.55894
1125.0 0.556878
1130.0 0.556094
1135.0 0.555672
1140.0 0.555252
1145.0 0.555024
1150.0 0.556804
1155.0 0.557538
1160.0 0.535154
1165.0 0.557208
1170.0 0.530048
1175.0 0.558642
1180.0 0.558926
1185.0 0.557236
1190.0 0.553814
1195.0 0.558682
1200.0 0.557978
1205.0 0.52109
1210.0 0.556172
1215.0 0.549138
1220.0 0.556246
1225.0 0.55909
1230.0 0.55625
1235.0 0.554406
1240.0 0.449368
1245.0 0.558424
1250.0 0.55688
1255.0 0.561206
1260.0 0.556856
1265.0 0.558952
1270.0 0.544864
1275.0 0.557762
1280.0 0.559544
1285.0 0.558562
1290.0 0.560664
1295.0 0.557064
1300.0 0.54356
1305.0 0.558616
1310.0 0.556524
1315.0 0.554448
1320.0 0.559062
1325.0 0.557464
1330.0 0.553276
1335.0 0.557142
1340.0 0.557834
1345.0 0.56184
1350.0 0.558696
1355.0 0.55748
1360.0 0.55469
1365.0 0.557878
1370.0 0.477764
1375.0 0.56169
1380.0 0.560198
1385.0 0.539776
1390.0 0.560096
1395.0 0.55702
1400.0 0.559478
1405.0 0.559088
1410.0 0.558576
1415.0 0.558012
1420.0 0.551572
1425.0 0.55905
1430.0 0.558668
1435.0 0.557208
1440.0 0.557914
1445.0 0.558418
1450.0 0.552482
1455.0 0.556154
1460.0 0.559028
1465.0 0.557674
1470.0 0.55719
1475.0 0.553656
1480.0 0.544568
1485.0 0.558552
1490.0 0.55286
1495.0 0.562914
1500.0 0.556278
1505.0 0.5576
1510.0 0.557578
1515.0 0.558962
1520.0 0.553744
1525.0 0.556622
1530.0 0.559412
1535.0 0.563476
1540.0 0.562184
1545.0 0.559298
1550.0 0.562148
1555.0 0.559534
1560.0 0.564246
1565.0 0.566772
1570.0 0.562992
1575.0 0.557956
1580.0 0.537394
1585.0 0.55901
1590.0 0.564272
1595.0 0.561608
1600.0 0.548166
1605.0 0.562512
1610.0 0.56537
1615.0 0.561886
1620.0 0.560434
1625.0 0.558522
1630.0 0.559276
