0.0 2.316444
5.0 2.52768
10.0 2.3085
15.0 2.325482
20.0 2.3206
25.0 1.553944
30.0 2.137168
35.0 2.316582
40.0 2.470146
45.0 2.51641
50.0 2.5459
55.0 2.559686
60.0 2.297586
65.0 2.414432
70.0 2.517574
75.0 2.223234
80.0 2.523424
85.0 2.528508
90.0 2.418738
95.0 2.448326
100.0 1.674814
105.0 2.529732
110.0 2.329126
115.0 2.452328
120.0 2.321514
125.0 2.546572
130.0 2.548268
135.0 2.552184
140.0 2.537314
145.0 2.541784
150.0 2.3446
155.0 2.285942
160.0 2.263444
165.0 2.293934
170.0 2.364586
175.0 2.306588
180.0 2.488688
185.0 2.365234
190.0 2.222112
195.0 2.48241
200.0 2.486378
205.0 2.084724
210.0 2.48969
215.0 2.32187
220.0 2.515628
225.0 2.534186
230.0 2.537372
235.0 2.247696
240.0 2.240358
245.0 2.293378
250.0 2.500992
255.0 2.207268
260.0 2.402762
265.0 2.20912
270.0 2.536888
275.0 2.526018
280.0 2.336926
285.0 2.342732
290.0 2.397646
295.0 2.497952
300.0 2.527658
305.0 2.321986
310.0 2.520684
315.0 2.527478
320.0 2.497804
325.0 2.476856
330.0 2.506202
335.0 2.538156
340.0 2.514526
345.0 2.478402
350.0 2.522086
355.0 2.23363
360.0 2.531148
365.0 2.331572
370.0 2.186392
375.0 2.537772
380.0 2.32487
385.0 2.464414
390.0 2.39284
395.0 0.01728
400.0 0.037372
405.0 0.036654
410.0 2.509282
415.0 2.469892
420.0 2.385318
425.0 2.557228
430.0 2.172202
435.0 2.509066
440.0 1.766102
445.0 2.394694
450.0 2.469646
455.0 2.519686
460.0 2.331816
465.0 2.300146
470.0 2.318216
475.0 2.490952
480.0 2.502998
485.0 2.306296
490.0 2.285322
495.0 2.376944
500.0 2.258888
505.0 2.4512
510.0 2.404394
515.0 2.46913
520.0 2.481698
525.0 2.2084
530.0 2.243162
535.0 2.212272
540.0 2.140142
545.0 2.456428
550.0 1.747408
555.0 2.196966
560.0 2.478344
565.0 2.484982
570.0 2.430738
575.0 2.551
580.0 2.491562
585.0 2.448624
590.0 2.535924
595.0 2.487162
600.0 2.317368
605.0 2.447964
610.0 2.468896
615.0 2.186902
620.0 2.384182
625.0 2.466394
630.0 2.533762
635.0 2.303488
640.0 2.346248
645.0 2.423308
650.0 2.346754
655.0 2.473176
660.0 2.283354
665.0 2.344918
670.0 2.514204
675.0 2.391826
680.0 2.501828
685.0 2.526576
690.0 2.42928
695.0 2.549092
700.0 2.322526
705.0 2.377048
710.0 2.277954
715.0 2.4962
720.0 2.42304
725.0 2.494392
730.0 2.46608
735.0 2.308086
740.0 2.335302
745.0 2.550478
750.0 2.350786
755.0 2.331764
760.0 2.54272
765.0 2.312942
770.0 2.508902
775.0 0.983404
780.0 2.540686
785.0 2.449474
790.0 2.428776
795.0 2.553426
800.0 2.380862
805.0 2.532418
810.0 2.547282
815.0 2.513972
820.0 2.286872
825.0 2.492472
830.0 2.180206
835.0 2.517602
840.0 2.559232
845.0 2.553324
850.0 2.564432
855.0 2.568078
860.0 2.330278
865.0 2.394976
870.0 2.41116
875.0 2.426176
880.0 2.054274
885.0 2.55185
890.0 2.428106
895.0 2.23406
900.0 2.313146
905.0 2.32029
910.0 2.541914
915.0 2.255134
920.0 2.401
925.0 2.548834
930.0 2.37216
935.0 2.18276
940.0 2.548198
945.0 2.258836
950.0 2.532348
955.0 2.35047
960.0 2.516006
965.0 2.383948
970.0 2.367768
975.0 2.537958
980.0 2.257446
985.0 2.565962
990.0 2.521092
995.0 2.639548
1000.0 2.556112
1005.0 2.538512
1010.0 2.110398
1015.0 2.528252
1020.0 2.462706
1025.0 2.3524
1030.0 2.492458
1035.0 2.545044
1040.0 2.390308
1045.0 2.524726
1050.0 2.409448
1055.0 2.53215
1060.0 2.25504
1065.0 2.516652
1070.0 2.535776
1075.0 2.542676
1080.0 2.548826
1085.0 2.355706
1090.0 2.345016
1095.0 2.412748
1100.0 2.433708
1105.0 2.327318
1110.0 2.38601
1115.0 2.488072
1120.0 2.401448
1125.0 2.330796
1130.0 2.33124
1135.0 2.471786
1140.0 2.53705
1145.0 2.546616
1150.0 2.417342
1155.0 2.355342
1160.0 2.553046
1165.0 2.443286
1170.0 2.446848
1175.0 2.397484
1180.0 2.231242
1185.0 0.015774
1190.0 0.032254
1195.0 0.037072
1200.0 2.25004
1205.0 2.350524
1210.0 2.506226
1215.0 2.481874
1220.0 2.539558
1225.0 2.4478
1230.0 2.403056
1235.0 2.37339
1240.0 2.348164
1245.0 2.376754
1250.0 2.22529
1255.0 1.550058
1260.0 2.488058
1265.0 2.295386
1270.0 2.26242
1275.0 2.415364
1280.0 2.27523
1285.0 2.454534
1290.0 2.24146
1295.0 1.68248
1300.0 2.576974
1305.0 2.27285
1310.0 2.571046
1315.0 2.26108
1320.0 2.38076
1325.0 2.563344
1330.0 2.331106
1335.0 2.50304
1340.0 2.316084
1345.0 2.410168
1350.0 2.563652
1355.0 2.488934
1360.0 2.577766
1365.0 2.587238
1370.0 2.281166
1375.0 2.42678
1380.0 2.548
1385.0 2.383436
1390.0 2.575334
1395.0 2.198112
1400.0 2.500758
1405.0 2.567926
1410.0 2.542584
1415.0 2.454658
1420.0 2.5291
1425.0 2.472868
1430.0 2.562636
1435.0 2.517558
1440.0 2.545158
1445.0 2.533574
1450.0 2.517828
1455.0 2.305612
1460.0 2.553272
1465.0 2.435306
1470.0 2.437176
1475.0 2.562028
1480.0 2.536728
1485.0 2.350632
1490.0 2.560946
1495.0 2.324594
1500.0 2.538792
1505.0 2.30486
1510.0 2.419728
1515.0 2.496106
1520.0 2.218984
1525.0 2.235732
1530.0 2.266976
1535.0 2.552008
1540.0 2.482006
1545.0 2.547694
1550.0 2.294712
1555.0 2.4966
1560.0 2.358754
1565.0 2.265762
1570.0 2.512812
1575.0 2.2235
1580.0 2.55556
1585.0 2.45778
1590.0 2.41579
1595.0 2.429336
1600.0 2.429516
1605.0 2.319242
1610.0 2.426448
1615.0 2.463164
1620.0 2.47334
1625.0 2.579164
1630.0 2.443422
1635.0 2.443114
1640.0 2.462038
1645.0 2.416426
1650.0 0.061556
1655.0 2.487054
1660.0 2.47106
1665.0 2.47392
1670.0 2.43807
1675.0 2.346302
1680.0 2.373966
1685.0 2.488334
1690.0 2.282608
1695.0 2.501976
1700.0 2.467582
1705.0 2.435388
1710.0 1.87687
1715.0 2.40101
