0.0 0.540828
5.0 0.542202
10.0 0.541392
15.0 0.546724
20.0 0.54679
25.0 0.541752
30.0 0.542752
35.0 0.53823
40.0 0.53689
45.0 0.542562
50.0 0.54696
55.0 0.53399
60.0 0.543704
65.0 0.542562
70.0 0.546354
75.0 0.544114
80.0 0.546168
85.0 0.54158
90.0 0.545644
95.0 0.542504
100.0 0.544394
105.0 0.545402
110.0 0.542934
115.0 0.53784
120.0 0.541234
125.0 0.544762
130.0 0.548186
135.0 0.540586
140.0 0.5325
145.0 0.544094
150.0 0.524514
155.0 0.531542
160.0 0.542776
165.0 0.542848
170.0 0.542628
175.0 0.537786
180.0 0.546458
185.0 0.542658
190.0 0.544056
195.0 0.544152
200.0 0.544122
205.0 0.543568
210.0 0.542886
215.0 0.546438
220.0 0.544634
225.0 0.546106
230.0 0.54734
235.0 0.543556
240.0 0.5318
245.0 0.54169
250.0 0.543206
255.0 0.546208
260.0 0.544566
265.0 0.545048
270.0 0.540812
275.0 0.503268
280.0 0.546408
285.0 0.54557
290.0 0.545706
295.0 0.535908
300.0 0.540212
305.0 0.541828
310.0 0.541548
315.0 0.53857
320.0 0.490718
325.0 0.541098
330.0 0.545802
335.0 0.543992
340.0 0.541194
345.0 0.542696
350.0 0.542874
355.0 0.54799
360.0 0.540442
365.0 0.54237
370.0 0.529616
375.0 0.541666
380.0 0.544904
385.0 0.525418
390.0 0.54308
395.0 0.541278
400.0 0.543392
405.0 0.54581
410.0 0.53772
415.0 0.541428
420.0 0.545334
425.0 0.546384
430.0 0.540532
435.0 0.543558
440.0 0.529982
445.0 0.54199
450.0 0.545558
455.0 0.544838
460.0 0.53047
465.0 0.548024
470.0 0.548188
475.0 0.544738
480.0 0.538066
485.0 0.546312
490.0 0.533452
495.0 0.518934
500.0 0.543826
505.0 0.545904
510.0 0.542136
515.0 0.543962
520.0 0.542026
525.0 0.546536
530.0 0.543678
535.0 0.54487
540.0 0.542786
545.0 0.53883
550.0 0.545482
555.0 0.543622
560.0 0.544846
565.0 0.542086
570.0 0.544496
575.0 0.521082
580.0 0.546288
585.0 0.54274
590.0 0.543212
595.0 0.546202
600.0 0.545454
605.0 0.536206
610.0 0.528164
615.0 0.511542
620.0 0.544648
625.0 0.543202
630.0 0.54529
635.0 0.544096
640.0 0.541334
645.0 0.541634
650.0 0.542792
655.0 0.545528
660.0 0.54502
665.0 0.544214
670.0 0.544248
675.0 0.541714
680.0 0.54051
685.0 0.543308
690.0 0.544212
695.0 0.546626
700.0 0.539598
705.0 0.543668
710.0 0.545378
715.0 0.542634
720.0 0.54617
725.0 0.543228
730.0 0.545934
735.0 0.545396
740.0 0.555522
745.0 0.53283
750.0 0.55469
755.0 0.553716
760.0 0.549288
765.0 0.55008
770.0 0.552622
775.0 0.554706
780.0 0.55494
785.0 0.54455
790.0 0.550768
795.0 0.552112
800.0 0.44807
805.0 0.518982
810.0 0.551852
815.0 0.550664
820.0 0.553568
825.0 0.553522
830.0 0.54954
835.0 0.54547
840.0 0.521212
845.0 0.518052
850.0 0.548798
855.0 0.545748
860.0 0.549704
865.0 0.53903
870.0 0.5459
875.0 0.548638
880.0 0.515242
885.0 0.519084
890.0 0.550896
895.0 0.551118
900.0 0.600212
905.0 0.544164
910.0 0.55473
915.0 0.552966
920.0 0.54973
925.0 0.549576
930.0 0.55124
935.0 0.55482
940.0 0.54812
945.0 0.550648
950.0 0.55224
955.0 0.55212
960.0 0.49293
965.0 0.551618
970.0 0.551272
975.0 0.550286
980.0 0.5485
985.0 0.550626
990.0 0.554272
995.0 0.552772
1000.0 0.55186
1005.0 0.54474
1010.0 0.543726
1015.0 0.550624
1020.0 0.549762
1025.0 0.528518
1030.0 0.550722
1035.0 0.547054
1040.0 0.546558
1045.0 0.550982
1050.0 0.474584
1055.0 0.513014
1060.0 0.544834
1065.0 0.550832
1070.0 0.549516
1075.0 0.553838
1080.0 0.55264
1085.0 0.554536
1090.0 0.553302
1095.0 0.55665
1100.0 0.551564
1105.0 0.554288
1110.0 0.547934
1115.0 0.55252
1120.0 0.535404
1125.0 0.550108
1130.0 0.549418
1135.0 0.556852
1140.0 0.552138
1145.0 0.552984
1150.0 0.55197
1155.0 0.554034
1160.0 0.551612
1165.0 0.550016
1170.0 0.595948
1175.0 0.550904
1180.0 0.550594
1185.0 0.55619
1190.0 0.554628
1195.0 0.548392
1200.0 0.548468
1205.0 0.558004
1210.0 0.556688
1215.0 0.554432
1220.0 0.542822
1225.0 0.552012
1230.0 0.534666
1235.0 0.54544
1240.0 0.542912
1245.0 0.55104
1250.0 0.55158
1255.0 0.5509
1260.0 0.550936
1265.0 0.551196
1270.0 0.551892
1275.0 0.55421
1280.0 0.556842
1285.0 0.556538
1290.0 0.552286
1295.0 0.555558
1300.0 0.55587
1305.0 0.55498
1310.0 0.557596
1315.0 0.552764
1320.0 0.599358
1325.0 0.556642
1330.0 0.553016
1335.0 0.553842
1340.0 0.554402
1345.0 0.554196
1350.0 0.557474
1355.0 0.556898
1360.0 0.54718
1365.0 0.553974
1370.0 0.530066
1375.0 0.545878
1380.0 0.554194
1385.0 0.553474
1390.0 0.551686
1395.0 0.533432
1400.0 0.553256
1405.0 0.529266
1410.0 0.55436
1415.0 0.551838
1420.0 0.5515
1425.0 0.557324
1430.0 0.557484
1435.0 0.556964
1440.0 0.520572
1445.0 0.55308
1450.0 0.555924
1455.0 0.55981
1460.0 0.559866
1465.0 0.542226
1470.0 0.556046
1475.0 0.44213
1480.0 0.557078
