0.0 0.544116
5.0 0.550508
10.0 0.547702
15.0 0.550248
20.0 0.546002
25.0 0.538442
30.0 0.542842
35.0 0.552062
40.0 0.551412
45.0 0.5483
50.0 0.548772
55.0 0.54849
60.0 0.513686
65.0 0.555386
70.0 0.551662
75.0 0.556134
80.0 0.554098
85.0 0.553906
90.0 0.498716
95.0 0.549886
100.0 0.5527
105.0 0.551262
110.0 0.554176
115.0 0.553688
120.0 0.549616
125.0 0.55561
130.0 0.55166
135.0 0.55095
140.0 0.555336
145.0 0.555644
150.0 0.557114
155.0 0.551912
160.0 0.55289
165.0 0.552634
170.0 0.553972
175.0 0.546578
180.0 0.541294
185.0 0.555164
190.0 0.552982
195.0 0.553394
200.0 0.542206
205.0 0.549946
210.0 0.548606
215.0 0.550958
220.0 0.55357
225.0 0.554478
230.0 0.552152
235.0 0.547346
240.0 0.543766
245.0 0.552904
250.0 0.551072
255.0 0.554556
260.0 0.549936
265.0 0.544444
270.0 0.551864
275.0 0.550486
280.0 0.548202
285.0 0.551008
290.0 0.555698
295.0 0.555718
300.0 0.550966
305.0 0.552702
310.0 0.54802
315.0 0.542986
320.0 0.551516
325.0 0.551788
330.0 0.549092
335.0 0.554504
340.0 0.55251
345.0 0.550058
350.0 0.548628
355.0 0.554314
360.0 0.55472
365.0 0.551254
370.0 0.551724
375.0 0.551564
380.0 0.520842
385.0 0.550086
390.0 0.555026
395.0 0.550606
400.0 0.554346
405.0 0.54604
410.0 0.549332
415.0 0.55333
420.0 0.520672
425.0 0.552914
430.0 0.552448
435.0 0.550594
440.0 0.408138
445.0 0.552344
450.0 0.556966
455.0 0.552432
460.0 0.55421
465.0 0.55622
470.0 0.556384
475.0 0.555586
480.0 0.552816
485.0 0.553212
490.0 0.545126
495.0 0.548354
500.0 0.507892
505.0 0.549574
510.0 0.53898
515.0 0.553512
520.0 0.539766
525.0 0.534904
530.0 0.549514
535.0 0.55365
540.0 0.548132
545.0 0.555956
550.0 0.52927
555.0 0.445844
560.0 0.557526
565.0 0.55324
570.0 0.553368
575.0 0.555912
580.0 0.55542
585.0 0.56313
590.0 0.555582
595.0 0.558768
600.0 0.55388
605.0 0.558884
610.0 0.56102
615.0 0.555734
620.0 0.565354
625.0 0.535212
630.0 0.56145
635.0 0.559096
640.0 0.561446
645.0 0.559404
650.0 0.561334
655.0 0.560078
660.0 0.560552
665.0 0.55875
670.0 0.564636
675.0 0.564168
680.0 0.565206
685.0 0.561208
690.0 0.491078
695.0 0.558586
700.0 0.558642
705.0 0.562674
710.0 0.56205
715.0 0.563308
720.0 0.562872
725.0 0.500032
730.0 0.43579
735.0 0.55951
740.0 0.56191
745.0 0.54669
750.0 0.56255
755.0 0.51304
760.0 0.559076
765.0 0.562906
770.0 0.528236
775.0 0.554362
780.0 0.560348
785.0 0.56295
790.0 0.560018
795.0 0.56185
800.0 0.541034
805.0 0.561944
810.0 0.5649
815.0 0.56535
820.0 0.56324
825.0 0.558384
830.0 0.56158
835.0 0.516832
840.0 0.56299
845.0 0.560156
850.0 0.56109
855.0 0.559462
860.0 0.558644
865.0 0.546188
870.0 0.556182
875.0 0.56104
880.0 0.566332
885.0 0.564234
890.0 0.563696
895.0 0.561848
900.0 0.563914
905.0 0.56216
910.0 0.563098
915.0 0.563792
920.0 0.558782
925.0 0.564162
930.0 0.565324
935.0 0.564238
940.0 0.52773
945.0 0.56556
950.0 0.562024
955.0 0.567284
960.0 0.56321
965.0 0.547986
970.0 0.560898
975.0 0.568234
980.0 0.565968
985.0 0.564656
990.0 0.547482
995.0 0.559458
1000.0 0.558264
1005.0 0.546558
