0.0 1.7858
5.0 1.950658
10.0 2.193924
15.0 1.279024
20.0 2.13901
25.0 2.221784
30.0 2.11286
35.0 2.135082
40.0 1.87666
45.0 1.440874
50.0 2.155498
55.0 1.685044
60.0 2.097022
65.0 1.926854
70.0 1.870958
75.0 2.139058
80.0 2.15802
85.0 2.10012
90.0 1.397668
95.0 2.124488
100.0 1.690548
105.0 2.173774
110.0 2.099968
115.0 1.704002
120.0 1.924728
125.0 2.070248
130.0 1.299628
135.0 2.092038
140.0 1.91848
145.0 1.079148
150.0 2.172006
155.0 1.884106
160.0 2.183022
165.0 2.161306
170.0 2.169574
175.0 1.848224
180.0 2.08083
185.0 1.885594
190.0 2.125192
195.0 1.896222
200.0 1.913946
205.0 1.288622
210.0 0.93804
215.0 1.920344
220.0 1.858324
225.0 1.183928
230.0 2.192386
235.0 1.952218
240.0 0.614024
245.0 2.161124
250.0 2.172454
255.0 2.219444
260.0 2.16869
265.0 2.13781
270.0 2.061452
275.0 2.172168
280.0 2.165418
285.0 2.147642
290.0 2.168468
295.0 2.16493
300.0 2.124902
305.0 2.175104
310.0 2.18027
315.0 2.136444
320.0 2.189302
325.0 2.157972
330.0 2.163334
335.0 2.0596
340.0 2.115792
345.0 2.33232
350.0 2.143986
355.0 2.376808
360.0 2.158864
365.0 2.123084
370.0 2.167166
375.0 2.156026
380.0 2.04626
385.0 2.10633
390.0 2.091614
395.0 2.154246
400.0 2.065438
405.0 2.074968
410.0 2.16425
415.0 2.14809
420.0 2.033978
425.0 2.15657
430.0 2.368524
435.0 2.369424
440.0 2.10457
445.0 2.125744
450.0 2.11564
455.0 2.12695
460.0 2.141572
465.0 2.130226
470.0 2.103738
475.0 2.152122
480.0 2.154212
485.0 2.138066
490.0 2.15632
495.0 2.161124
500.0 2.132048
505.0 2.172636
510.0 2.173428
515.0 2.164956
520.0 2.143598
525.0 2.173448
530.0 1.635338
535.0 2.300406
540.0 2.240684
545.0 2.165954
550.0 2.149058
555.0 2.159508
560.0 2.134958
565.0 2.185746
570.0 2.159694
575.0 2.095906
580.0 2.179934
585.0 2.153386
590.0 2.15117
595.0 2.16184
600.0 2.120828
605.0 2.178882
610.0 2.187172
615.0 2.16601
620.0 2.173166
625.0 2.157396
630.0 2.10472
635.0 2.126214
640.0 2.126306
645.0 2.168406
650.0 2.170476
655.0 2.110012
660.0 2.392878
665.0 1.715798
670.0 2.16292
675.0 2.158056
680.0 2.164752
685.0 2.17501
690.0 2.178828
695.0 2.087866
700.0 2.14925
705.0 2.167724
710.0 2.16402
715.0 2.156018
720.0 2.345228
725.0 2.122376
730.0 2.189384
735.0 2.152686
740.0 2.16483
745.0 2.170802
750.0 2.164178
755.0 2.169956
760.0 2.191046
765.0 2.141762
770.0 2.16749
775.0 2.396516
780.0 2.3442
785.0 2.109134
790.0 2.174846
795.0 2.135368
800.0 2.157854
805.0 2.133288
810.0 2.1581
815.0 2.173482
820.0 2.119258
825.0 2.149554
830.0 2.119512
835.0 2.042782
840.0 2.226672
845.0 2.173932
850.0 2.06469
855.0 2.167706
860.0 2.16368
865.0 2.142646
870.0 2.197588
875.0 2.151576
880.0 2.163054
885.0 2.161322
890.0 2.158458
895.0 2.25538
900.0 2.071572
905.0 2.102226
910.0 2.187316
915.0 2.142012
920.0 2.157546
925.0 2.146434
930.0 2.221628
935.0 2.154798
940.0 2.175898
945.0 2.374336
950.0 2.379566
955.0 2.373524
960.0 2.376024
965.0 2.370952
970.0 2.186322
975.0 2.18641
980.0 2.175888
985.0 2.186666
990.0 2.179172
995.0 2.111808
1000.0 1.795056
1005.0 2.165304
1010.0 2.3511
1015.0 2.34009
1020.0 2.37243
1025.0 2.184646
1030.0 2.164314
1035.0 2.108176
1040.0 2.148012
1045.0 2.138698
1050.0 2.0774
1055.0 2.11779
1060.0 2.140448
1065.0 2.13601
1070.0 2.346218
1075.0 2.29072
1080.0 2.38624
1085.0 2.19114
1090.0 2.18136
1095.0 2.107912
1100.0 2.174372
1105.0 2.27619
1110.0 2.09727
1115.0 1.886092
1120.0 2.142716
1125.0 2.180572
1130.0 2.387512
1135.0 2.37674
1140.0 2.36622
1145.0 2.18606
1150.0 2.174202
1155.0 2.178538
1160.0 2.178124
1165.0 2.139836
1170.0 1.906324
1175.0 2.152582
1180.0 2.200822
1185.0 2.17969
1190.0 2.15036
1195.0 2.39427
1200.0 2.327184
1205.0 2.15115
1210.0 2.194002
1215.0 2.18043
1220.0 2.181832
1225.0 2.259546
1230.0 2.34697
1235.0 2.358142
1240.0 2.37233
1245.0 2.393334
1250.0 2.253324
1255.0 2.406106
1260.0 2.3917
1265.0 2.406732
1270.0 2.165168
1275.0 2.188312
1280.0 2.174362
1285.0 2.385614
1290.0 2.371426
1295.0 2.167674
1300.0 2.374622
1305.0 2.390482
1310.0 2.340442
1315.0 2.353362
1320.0 2.225066
1325.0 2.401616
1330.0 2.182628
1335.0 2.131852
1340.0 2.191498
1345.0 2.3752
1350.0 2.35417
1355.0 2.400656
1360.0 2.397612
1365.0 2.3554
1370.0 0.142336
1375.0 2.175168
1380.0 2.333394
1385.0 2.410308
1390.0 2.129926
1395.0 2.187142
1400.0 2.187288
1405.0 2.130294
1410.0 2.202104
1415.0 2.188438
1420.0 2.193378
1425.0 2.149288
1430.0 2.174236
1435.0 2.302036
1440.0 2.187546
1445.0 2.099534
1450.0 2.1273
1455.0 2.16787
1460.0 2.187122
1465.0 2.380494
1470.0 2.190622
1475.0 2.11505
1480.0 2.159056
1485.0 2.20192
1490.0 2.173338
1495.0 2.331466
1500.0 2.143878
1505.0 2.179552
1510.0 2.203336
1515.0 2.168134
1520.0 2.166308
1525.0 2.200446
1530.0 2.199248
1535.0 2.13568
1540.0 2.167016
1545.0 2.151606
1550.0 2.14729
1555.0 2.16731
1560.0 2.388886
1565.0 2.166622
1570.0 2.225404
1575.0 2.185126
1580.0 2.19607
1585.0 2.176262
1590.0 2.19617
1595.0 2.135732
1600.0 2.183158
1605.0 2.114216
1610.0 2.181102
1615.0 2.074818
1620.0 2.332378
1625.0 2.172592
1630.0 2.180074
1635.0 2.168212
1640.0 2.207684
1645.0 2.199656
1650.0 2.163978
1655.0 2.156694
1660.0 2.12349
1665.0 2.143838
1670.0 2.169296
1675.0 2.352042
1680.0 2.10359
1685.0 2.138146
1690.0 2.186096
1695.0 2.181898
1700.0 2.184864
1705.0 2.124222
1710.0 2.188222
1715.0 2.12648
1720.0 2.149036
1725.0 2.17366
1730.0 2.194722
1735.0 0.417784
1740.0 2.202302
1745.0 2.178068
1750.0 2.20016
1755.0 2.189622
1760.0 2.192254
1765.0 2.168542
1770.0 2.16434
1775.0 2.16694
1780.0 2.18652
1785.0 2.18506
1790.0 2.13427
1795.0 2.253392
1800.0 2.144968
1805.0 2.13612
1810.0 2.196484
1815.0 2.17399
1820.0 2.100136
1825.0 2.154966
1830.0 2.176834
1835.0 2.158018
1840.0 2.175916
1845.0 2.171872
