0.0 0.54031
5.0 0.51071
10.0 0.539494
15.0 0.532702
20.0 0.536676
25.0 0.540034
30.0 0.347548
35.0 0.531642
40.0 0.534078
45.0 0.53918
50.0 0.537092
55.0 0.53374
60.0 0.515388
65.0 0.544232
70.0 0.535938
75.0 0.539012
80.0 0.536292
85.0 0.533426
90.0 0.537008
95.0 0.540682
100.0 0.540062
105.0 0.520046
110.0 0.537086
115.0 0.510138
120.0 0.539532
125.0 0.536294
130.0 0.534014
135.0 0.581422
140.0 0.534858
145.0 0.531794
150.0 0.537296
155.0 0.542686
160.0 0.535474
165.0 0.516044
170.0 0.5405
175.0 0.5262
180.0 0.532312
185.0 0.511176
190.0 0.537898
195.0 0.54071
200.0 0.533296
205.0 0.537456
210.0 0.538244
215.0 0.53771
220.0 0.544112
225.0 0.534552
230.0 0.542314
235.0 0.536582
240.0 0.53441
245.0 0.538196
250.0 0.539154
255.0 0.538304
260.0 0.535424
265.0 0.539438
270.0 0.541928
275.0 0.53916
280.0 0.539348
285.0 0.533308
290.0 0.54571
295.0 0.529616
300.0 0.535582
305.0 0.537464
310.0 0.535818
315.0 0.539132
320.0 0.53734
325.0 0.533918
330.0 0.543968
335.0 0.537478
340.0 0.533684
345.0 0.544192
350.0 0.545524
355.0 0.54263
360.0 0.538476
365.0 0.538022
370.0 0.54089
375.0 0.52887
380.0 0.475938
385.0 0.538354
390.0 0.533986
395.0 0.53262
400.0 0.534092
405.0 0.537048
410.0 0.530438
415.0 0.536484
420.0 0.537556
425.0 0.54221
430.0 0.51245
435.0 0.49185
440.0 0.536434
445.0 0.535348
450.0 0.52979
455.0 0.534696
460.0 0.525228
465.0 0.533674
470.0 0.54081
475.0 0.533056
480.0 0.503796
485.0 0.536524
490.0 0.5369
495.0 0.536396
500.0 0.538858
505.0 0.539296
510.0 0.538796
515.0 0.541102
520.0 0.51601
525.0 0.540164
530.0 0.530546
535.0 0.540838
540.0 0.537156
545.0 0.529874
550.0 0.486802
555.0 0.537558
560.0 0.537582
565.0 0.538488
570.0 0.5375
575.0 0.529696
580.0 0.54294
585.0 0.540764
590.0 0.537764
595.0 0.53589
600.0 0.536858
605.0 0.52155
610.0 0.53725
615.0 0.540932
620.0 0.539198
625.0 0.53693
630.0 0.538908
635.0 0.53556
640.0 0.539526
645.0 0.539174
650.0 0.538206
655.0 0.537994
660.0 0.54277
665.0 0.539854
670.0 0.536056
675.0 0.544632
680.0 0.539254
685.0 0.542078
690.0 0.540526
695.0 0.536618
700.0 0.539706
705.0 0.474922
710.0 0.536262
715.0 0.542998
720.0 0.5434
725.0 0.541986
730.0 0.533918
735.0 0.54217
740.0 0.535958
745.0 0.543812
750.0 0.526778
755.0 0.550202
760.0 0.546516
765.0 0.545846
770.0 0.459102
775.0 0.541908
780.0 0.538394
785.0 0.535308
790.0 0.54701
795.0 0.53189
800.0 0.516568
805.0 0.551862
810.0 0.550278
815.0 0.548058
820.0 0.551676
825.0 0.427802
830.0 0.548996
835.0 0.548184
840.0 0.545382
845.0 0.551542
850.0 0.544668
855.0 0.545656
860.0 0.4419
865.0 0.545736
870.0 0.546484
875.0 0.545414
880.0 0.549976
885.0 0.55112
890.0 0.55019
895.0 0.55166
900.0 0.547198
905.0 0.550002
910.0 0.540422
915.0 0.551966
920.0 0.551588
925.0 0.55025
930.0 0.54713
935.0 0.544278
940.0 0.547172
945.0 0.544236
950.0 0.549898
955.0 0.547308
960.0 0.549932
965.0 0.548154
970.0 0.549528
975.0 0.552936
980.0 0.549828
985.0 0.545888
990.0 0.52891
995.0 0.543272
1000.0 0.54784
1005.0 0.550212
1010.0 0.548336
1015.0 0.553278
1020.0 0.549486
1025.0 0.524506
1030.0 0.545012
1035.0 0.545296
1040.0 0.552102
1045.0 0.338452
1050.0 0.543714
1055.0 0.551814
1060.0 0.545518
1065.0 0.55265
1070.0 0.54124
1075.0 0.545794
1080.0 0.542104
1085.0 0.54857
1090.0 0.55316
1095.0 0.545914
1100.0 0.534938
1105.0 0.526198
1110.0 0.53797
1115.0 0.54773
1120.0 0.544616
1125.0 0.545778
1130.0 0.547214
1135.0 0.538378
1140.0 0.539552
1145.0 0.54723
1150.0 0.547648
1155.0 0.525758
1160.0 0.515706
1165.0 0.54863
1170.0 0.548402
1175.0 0.552092
1180.0 0.536264
1185.0 0.545586
1190.0 0.543426
1195.0 0.5448
1200.0 0.545386
1205.0 0.54338
1210.0 0.545388
1215.0 0.547192
1220.0 0.553022
1225.0 0.551384
1230.0 0.547242
1235.0 0.550522
1240.0 0.549582
1245.0 0.543558
1250.0 0.546674
1255.0 0.545282
1260.0 0.50029
1265.0 0.495398
1270.0 0.533212
1275.0 0.521652
1280.0 0.52142
1285.0 0.545286
1290.0 0.546318
1295.0 0.541288
1300.0 0.5506
1305.0 0.547442
1310.0 0.457144
1315.0 0.54786
1320.0 0.52312
1325.0 0.551578
1330.0 0.54392
1335.0 0.54504
1340.0 0.544444
1345.0 0.54581
1350.0 0.541552
1355.0 0.546896
1360.0 0.52833
1365.0 0.531584
1370.0 0.541568
1375.0 0.548282
1380.0 0.547574
1385.0 0.544516
1390.0 0.532654
1395.0 0.552
1400.0 0.543846
1405.0 0.550208
1410.0 0.547404
1415.0 0.549558
1420.0 0.54545
1425.0 0.552342
1430.0 0.54942
1435.0 0.549508
1440.0 0.550866
