0.0 3.91798
5.0 3.688202
10.0 3.75075
15.0 3.74758
20.0 3.65326
25.0 3.659282
30.0 3.680604
35.0 3.675036
40.0 3.700374
45.0 3.383326
50.0 3.637598
55.0 3.770402
60.0 3.617756
65.0 3.782092
70.0 3.771384
75.0 3.771346
80.0 3.65477
85.0 3.758768
90.0 3.732894
95.0 3.790806
100.0 3.801252
105.0 3.740688
110.0 3.762192
115.0 3.777762
120.0 3.916542
125.0 3.700144
130.0 3.788608
135.0 3.747378
140.0 3.767814
145.0 3.663898
150.0 3.78101
155.0 3.793866
160.0 3.7188
165.0 3.765502
170.0 3.764164
175.0 3.821568
180.0 3.698934
185.0 3.801122
190.0 3.747934
195.0 3.718072
200.0 3.803156
205.0 3.79681
210.0 3.792746
215.0 3.657662
220.0 3.730158
225.0 3.747348
230.0 3.765358
235.0 3.771048
240.0 3.744356
245.0 3.809314
250.0 3.800846
255.0 3.765628
260.0 3.726498
265.0 3.756148
270.0 3.771476
275.0 3.763306
280.0 3.750706
285.0 3.676114
290.0 3.698134
295.0 3.697284
300.0 3.793082
305.0 3.763118
310.0 3.71657
315.0 3.761394
320.0 3.717972
325.0 3.691822
330.0 3.577348
335.0 3.769484
340.0 3.75464
345.0 3.762212
350.0 3.786174
355.0 3.859514
360.0 3.798434
365.0 3.78809
370.0 3.78699
375.0 3.734694
380.0 3.661916
385.0 3.772212
390.0 3.781846
395.0 3.74454
400.0 3.736072
405.0 3.765634
410.0 3.713818
415.0 3.68103
420.0 2.697054
425.0 3.766484
430.0 3.787598
435.0 3.79684
440.0 3.777162
445.0 3.747898
450.0 3.78358
455.0 3.769062
460.0 3.68107
465.0 3.74834
470.0 3.75802
475.0 3.788306
480.0 3.39646
485.0 3.760372
490.0 3.771804
495.0 3.68388
500.0 3.77418
505.0 3.822166
510.0 3.681538
515.0 3.700258
520.0 3.724512
525.0 3.801102
530.0 3.805092
535.0 3.70166
540.0 3.76461
545.0 3.633212
550.0 3.729284
555.0 3.765614
560.0 3.816374
565.0 3.799832
570.0 3.60254
575.0 3.738718
580.0 3.733596
585.0 3.686976
590.0 3.711498
595.0 3.716174
600.0 3.904474
605.0 3.776392
610.0 3.774426
615.0 3.774648
620.0 3.78859
625.0 3.76874
630.0 3.719232
635.0 3.773758
640.0 3.73672
645.0 3.775912
650.0 3.761262
655.0 3.745274
660.0 3.779682
665.0 3.824576
670.0 3.760586
675.0 3.81209
680.0 3.818898
685.0 3.71346
690.0 3.787136
695.0 3.747414
700.0 3.709784
705.0 3.773908
710.0 3.682874
715.0 3.74496
720.0 3.71541
725.0 3.81317
730.0 3.82185
735.0 3.792752
740.0 3.770346
745.0 3.695638
750.0 3.704094
755.0 3.722522
760.0 3.764864
765.0 3.779764
770.0 3.75754
775.0 3.865134
780.0 3.632078
785.0 3.812042
790.0 3.767218
795.0 3.7614
800.0 3.800892
805.0 3.743318
810.0 3.755094
815.0 3.782282
820.0 3.808652
825.0 3.71584
830.0 3.782472
835.0 3.731482
840.0 3.888112
845.0 3.58209
850.0 3.793632
855.0 3.80681
860.0 3.81503
865.0 3.775756
870.0 3.774952
875.0 3.745408
880.0 3.791338
885.0 3.808716
890.0 3.742668
895.0 3.793872
900.0 3.790924
905.0 3.836972
910.0 3.3399
915.0 3.852754
920.0 3.811892
925.0 3.81688
930.0 3.854342
935.0 3.834478
940.0 3.822498
945.0 3.788148
950.0 3.811902
955.0 3.795524
960.0 3.91798
965.0 3.827802
970.0 3.810736
975.0 3.799592
980.0 3.8027
985.0 2.411908
990.0 3.830438
995.0 3.814276
1000.0 3.78108
1005.0 3.793472
1010.0 3.756284
1015.0 3.727206
1020.0 3.817754
1025.0 3.758524
1030.0 3.85521
1035.0 3.826798
1040.0 3.83551
1045.0 3.712934
1050.0 3.811584
1055.0 3.802904
1060.0 3.790072
1065.0 3.752886
1070.0 3.735928
1075.0 3.75735
1080.0 3.765702
1085.0 3.78592
1090.0 3.794276
1095.0 3.807422
1100.0 3.79731
1105.0 3.81856
1110.0 3.80234
1115.0 3.787964
1120.0 3.75108
1125.0 3.833428
1130.0 3.817014
1135.0 3.685734
1140.0 3.768274
1145.0 3.697174
1150.0 3.774642
1155.0 3.8411
1160.0 3.814944
1165.0 3.673142
1170.0 3.864982
1175.0 3.760706
1180.0 3.711116
1185.0 3.811858
1190.0 2.619308
1195.0 3.768872
1200.0 3.7916
1205.0 3.771282
1210.0 3.843868
1215.0 3.766982
1220.0 3.78625
1225.0 3.834026
1230.0 3.777144
1235.0 3.76993
1240.0 3.820184
1245.0 3.783344
1250.0 3.777628
1255.0 3.7305
1260.0 3.739196
1265.0 3.793732
1270.0 3.777908
1275.0 3.669968
1280.0 3.83464
1285.0 3.826496
1290.0 3.736992
1295.0 3.79796
1300.0 3.667244
1305.0 3.749072
1310.0 3.778376
1315.0 3.819702
1320.0 3.776454
1325.0 3.79066
1330.0 3.616688
1335.0 3.584018
1340.0 3.777872
1345.0 3.812548
1350.0 3.856612
1355.0 3.773758
1360.0 3.771344
1365.0 3.797186
1370.0 3.825498
1375.0 3.807348
1380.0 3.860258
1385.0 3.8249
1390.0 3.709806
1395.0 3.8213
1400.0 3.701968
1405.0 3.831984
1410.0 3.818616
1415.0 3.835078
1420.0 3.846936
1425.0 3.832106
1430.0 3.87555
1435.0 3.816102
1440.0 3.967798
1445.0 3.826614
1450.0 3.829798
1455.0 3.83408
1460.0 3.84659
1465.0 3.81521
1470.0 3.778422
1475.0 3.782252
1480.0 3.811692
1485.0 3.795762
1490.0 3.779712
1495.0 3.807822
1500.0 3.833736
1505.0 3.799048
1510.0 3.85854
1515.0 3.819368
1520.0 3.729496
1525.0 3.759614
1530.0 3.783452
1535.0 3.824504
1540.0 3.81528
1545.0 3.754146
1550.0 3.774346
1555.0 3.76507
1560.0 3.75947
1565.0 3.804906
1570.0 3.856888
1575.0 3.839188
1580.0 3.800026
1585.0 3.741048
1590.0 3.308984
1595.0 3.675832
1600.0 3.818718
1605.0 3.827652
1610.0 3.823876
1615.0 3.815682
1620.0 3.793516
1625.0 3.816928
1630.0 3.799648
1635.0 3.92618
1640.0 3.922514
1645.0 3.720578
1650.0 3.810742
1655.0 3.860098
1660.0 3.72447
1665.0 3.796296
1670.0 3.820222
1675.0 3.815612
1680.0 3.785036
1685.0 3.811832
1690.0 3.779108
1695.0 3.790198
1700.0 3.803914
1705.0 3.797228
1710.0 3.798438
1715.0 3.7841
1720.0 3.822534
1725.0 3.731458
1730.0 3.803606
1735.0 3.831334
1740.0 3.801724
1745.0 3.696292
1750.0 3.83728
1755.0 3.836512
1760.0 3.946538
1765.0 3.82998
1770.0 3.820126
1775.0 3.817272
1780.0 3.837976
1785.0 3.852002
1790.0 3.781996
1795.0 3.756898
1800.0 3.951902
1805.0 3.773838
1810.0 3.845726
1815.0 3.928516
1820.0 3.8742
1825.0 3.815922
1830.0 3.825812
1835.0 3.78945
1840.0 3.803034
1845.0 3.846042
1850.0 3.833718
1855.0 3.837322
