0.0 3.345508
5.0 2.798284
10.0 3.0999
15.0 3.176642
20.0 3.080468
25.0 3.422784
30.0 3.262008
35.0 2.926456
40.0 2.659126
45.0 3.113256
50.0 2.351214
55.0 3.05349
60.0 3.362988
65.0 2.756188
70.0 3.376394
75.0 3.454644
80.0 3.111138
85.0 2.780558
90.0 1.866354
95.0 3.106276
100.0 3.209076
105.0 3.073708
110.0 2.247258
115.0 2.08728
120.0 2.559082
125.0 2.383146
130.0 3.26211
135.0 3.097468
140.0 3.499066
145.0 2.858444
150.0 3.123872
155.0 3.348664
160.0 3.053298
165.0 3.021422
170.0 2.968324
175.0 2.726888
180.0 2.953278
185.0 1.163856
190.0 2.443068
195.0 3.17699
200.0 3.242514
205.0 2.886486
210.0 3.537714
215.0 2.371162
220.0 3.419674
225.0 3.050314
230.0 3.08124
235.0 3.356622
240.0 3.075238
245.0 3.513664
250.0 3.052004
255.0 3.64715
260.0 3.255468
265.0 3.61586
270.0 2.26846
275.0 3.593406
280.0 3.28896
285.0 2.503412
290.0 3.264944
295.0 3.618922
300.0 3.508306
305.0 3.24979
310.0 3.355686
315.0 3.499228
320.0 3.419738
325.0 3.164294
330.0 2.32205
335.0 1.5377
340.0 3.093736
345.0 1.861692
350.0 2.544814
355.0 3.50869
360.0 3.258114
365.0 2.869572
370.0 3.372716
375.0 3.432726
380.0 3.472074
385.0 3.103412
390.0 3.638956
395.0 3.032002
400.0 2.977554
405.0 2.59592
410.0 3.1184
415.0 3.505074
420.0 2.84691
425.0 3.371424
430.0 3.284258
435.0 3.64163
440.0 3.346408
445.0 2.915338
450.0 2.984278
455.0 3.144658
460.0 3.39849
465.0 2.90603
470.0 2.421186
475.0 3.349584
480.0 2.636442
485.0 3.094572
490.0 3.401058
495.0 3.482652
500.0 3.001662
505.0 2.950548
510.0 2.368392
515.0 3.004454
520.0 2.820746
525.0 3.568262
530.0 2.242856
535.0 2.99091
540.0 2.996774
545.0 3.032734
550.0 3.332308
555.0 3.451898
560.0 3.387848
565.0 2.811926
570.0 3.198324
575.0 0.0
580.0 0.0
585.0 2.735016
590.0 3.575344
595.0 3.556232
600.0 2.991266
605.0 3.516284
610.0 3.548618
615.0 3.53018
620.0 3.50794
625.0 2.363492
630.0 3.192556
635.0 3.485874
640.0 3.171652
645.0 2.924344
650.0 3.207092
655.0 3.487478
660.0 3.46781
665.0 2.892838
670.0 3.53478
675.0 3.657646
680.0 3.680598
685.0 3.149934
690.0 3.201338
695.0 2.912076
700.0 2.863704
705.0 3.082156
710.0 3.195946
715.0 2.954404
720.0 3.325882
725.0 3.380238
730.0 3.59651
735.0 3.391552
740.0 3.162064
745.0 3.416816
750.0 3.17033
755.0 3.10532
760.0 2.978888
765.0 2.647554
770.0 2.699176
775.0 3.369468
780.0 3.269458
785.0 3.037524
790.0 2.784156
795.0 2.80963
800.0 2.844832
805.0 2.808436
810.0 3.152396
815.0 2.546096
820.0 3.11458
825.0 2.613636
830.0 2.80049
835.0 2.793522
840.0 2.08471
845.0 2.770034
850.0 3.007192
855.0 3.207902
860.0 2.962864
865.0 1.721468
870.0 3.027716
875.0 3.033662
880.0 3.13792
885.0 3.354744
890.0 3.252838
895.0 3.32339
900.0 1.871182
905.0 3.040412
910.0 3.168816
915.0 2.490362
920.0 2.975174
925.0 3.090814
930.0 3.049084
935.0 3.30162
940.0 3.422952
945.0 3.23879
950.0 3.070878
955.0 2.530198
960.0 0.764604
965.0 3.203564
970.0 3.37593
975.0 3.333764
980.0 3.339936
985.0 3.339242
990.0 3.258308
995.0 3.343676
1000.0 3.342834
1005.0 2.322524
1010.0 3.356054
1015.0 3.0994
1020.0 0.872924
1025.0 2.197584
1030.0 3.380618
1035.0 2.20658
1040.0 3.38654
1045.0 3.261564
1050.0 3.373308
1055.0 3.415676
1060.0 2.934688
1065.0 2.928262
1070.0 3.05031
1075.0 2.93233
1080.0 2.906564
1085.0 3.066322
1090.0 2.555164
1095.0 2.696942
1100.0 3.145444
1105.0 3.100542
1110.0 3.032962
1115.0 2.796806
1120.0 2.98586
1125.0 3.044176
1130.0 3.019156
1135.0 3.477056
1140.0 3.400912
1145.0 3.583418
1150.0 3.362522
1155.0 2.656114
1160.0 3.31957
1165.0 3.411814
1170.0 3.671456
1175.0 3.433672
1180.0 3.575076
1185.0 3.492118
1190.0 3.549984
1195.0 2.495598
1200.0 3.668288
1205.0 2.685094
1210.0 3.11587
1215.0 3.031516
1220.0 3.381726
1225.0 3.35453
1230.0 3.149118
1235.0 2.862648
1240.0 3.615714
1245.0 2.697988
1250.0 3.586668
1255.0 3.02632
1260.0 1.570458
1265.0 3.28313
1270.0 3.356752
1275.0 3.168012
1280.0 3.474132
1285.0 3.55593
1290.0 2.711474
1295.0 3.366154
1300.0 3.130494
1305.0 3.56303
1310.0 3.266626
1315.0 3.573294
1320.0 3.64352
1325.0 3.457866
1330.0 3.112088
1335.0 3.73077
1340.0 3.49011
1345.0 3.519238
1350.0 3.014214
1355.0 3.398818
1360.0 3.35756
1365.0 3.50926
1370.0 2.173584
1375.0 3.178184
1380.0 3.158662
1385.0 3.206494
1390.0 3.6979
1395.0 3.605932
1400.0 3.273604
1405.0 3.433864
1410.0 3.419252
1415.0 2.387676
1420.0 2.859898
1425.0 3.16992
1430.0 0.948424
1435.0 3.572302
1440.0 3.364606
1445.0 3.414148
1450.0 3.06141
1455.0 3.303954
1460.0 2.878942
1465.0 3.307518
1470.0 2.345222
1475.0 3.017264
1480.0 2.454768
1485.0 3.039984
1490.0 3.151816
1495.0 1.53536
1500.0 2.354436
1505.0 3.455708
1510.0 3.187116
1515.0 3.267732
1520.0 3.013206
1525.0 3.423336
1530.0 3.341338
1535.0 3.446806
1540.0 2.214936
1545.0 2.07603
1550.0 3.422094
1555.0 3.351298
1560.0 3.185574
1565.0 3.056196
1570.0 3.0498
1575.0 3.277162
1580.0 1.260392
1585.0 3.334648
1590.0 3.496598
1595.0 3.167438
1600.0 3.181796
1605.0 2.895284
1610.0 3.20364
1615.0 3.301518
1620.0 2.728714
1625.0 2.98171
1630.0 3.22848
1635.0 2.94531
1640.0 3.42542
1645.0 3.235816
1650.0 3.259208
1655.0 1.564328
1660.0 3.112114
1665.0 3.275686
1670.0 3.358452
1675.0 2.330188
1680.0 3.444626
1685.0 3.328142
1690.0 2.722058
1695.0 1.961888
1700.0 3.274894
1705.0 3.072742
1710.0 3.34568
1715.0 3.135082
1720.0 3.028946
1725.0 3.348764
1730.0 3.236896
1735.0 3.102982
1740.0 2.964204
1745.0 2.204772
1750.0 3.287384
1755.0 3.413454
1760.0 3.251982
1765.0 1.56039
1770.0 2.841846
1775.0 3.383314
1780.0 3.427908
1785.0 3.242614
1790.0 0.948546
1795.0 3.379348
1800.0 3.161962
1805.0 3.490314
1810.0 3.109006
1815.0 3.346136
1820.0 3.131948
1825.0 3.363618
1830.0 3.38473
1835.0 1.80152
1840.0 2.936682
1845.0 3.2355
