0.0 4.309192
5.0 4.286336
10.0 4.037676
15.0 4.0044
20.0 4.126406
25.0 3.938842
30.0 3.997372
35.0 4.01662
40.0 4.30926
45.0 4.069546
50.0 4.071322
55.0 4.198236
60.0 4.26809
65.0 4.210624
70.0 4.272246
75.0 4.214928
80.0 4.098506
85.0 4.14496
90.0 4.123142
95.0 4.176774
100.0 4.090712
105.0 3.992512
110.0 2.095128
115.0 4.17789
120.0 4.246272
125.0 4.01979
130.0 4.101476
135.0 4.16668
140.0 3.93351
145.0 4.081242
150.0 4.13525
155.0 4.149296
160.0 4.20025
165.0 3.417426
170.0 4.112044
175.0 4.125184
180.0 4.149846
185.0 4.148104
190.0 4.240644
195.0 4.152778
200.0 4.20537
205.0 4.169952
210.0 4.208522
215.0 4.18126
220.0 4.11715
225.0 4.174634
230.0 4.241478
235.0 4.128558
240.0 4.204064
245.0 4.182572
250.0 4.268948
255.0 4.102398
260.0 4.179326
265.0 4.149606
270.0 4.1975
275.0 4.167272
280.0 4.047384
285.0 4.153424
290.0 4.100936
295.0 4.151584
300.0 4.165964
305.0 4.168052
310.0 4.261972
315.0 4.147098
320.0 4.254556
325.0 4.264098
330.0 4.168632
335.0 4.282494
340.0 4.261334
345.0 4.239304
350.0 4.134098
355.0 4.253688
360.0 4.190566
365.0 4.198738
370.0 4.20657
375.0 4.214738
380.0 4.185656
385.0 4.181594
390.0 4.178324
395.0 4.214332
400.0 4.13556
405.0 4.155046
410.0 4.26004
415.0 4.25888
420.0 4.201664
425.0 4.20702
430.0 4.290626
435.0 4.277262
440.0 4.210742
445.0 4.224614
450.0 4.174434
455.0 4.181956
460.0 4.162252
465.0 4.162486
470.0 4.156704
475.0 4.241966
480.0 4.27855
485.0 4.189096
490.0 4.221356
495.0 4.23433
500.0 4.260436
505.0 4.21221
510.0 4.22848
515.0 4.175852
520.0 4.188782
525.0 4.224472
530.0 4.195912
535.0 3.970534
540.0 3.287574
545.0 4.281324
550.0 4.242884
555.0 4.119102
560.0 4.114694
565.0 4.252812
570.0 4.149726
575.0 4.165798
580.0 4.146004
585.0 4.160694
590.0 4.10505
595.0 4.109158
600.0 4.250866
605.0 4.176556
610.0 4.179444
615.0 4.208324
620.0 4.140092
625.0 4.153916
630.0 2.386212
635.0 4.115992
640.0 4.133262
645.0 4.082248
650.0 4.132004
655.0 4.051228
660.0 4.160108
665.0 4.191338
670.0 4.197222
675.0 4.282624
680.0 4.17208
685.0 4.131472
690.0 4.163272
695.0 3.77572
700.0 4.18402
705.0 4.061232
710.0 4.152714
715.0 4.2186
720.0 4.165666
725.0 4.171886
730.0 4.245776
735.0 4.153502
740.0 4.238052
745.0 3.586638
750.0 4.207308
755.0 4.174394
760.0 4.175548
765.0 4.123602
770.0 4.225092
775.0 4.194046
780.0 4.29185
785.0 4.30579
790.0 4.344852
795.0 4.156664
800.0 4.175694
805.0 4.25387
810.0 3.834016
815.0 3.976296
820.0 4.24023
825.0 4.179196
830.0 4.090178
835.0 4.127342
840.0 4.145512
845.0 4.156132
850.0 4.14048
855.0 4.139686
860.0 4.149272
865.0 4.190304
870.0 4.148084
875.0 4.262032
880.0 4.27128
885.0 4.203616
890.0 4.233196
895.0 4.308428
900.0 4.247394
905.0 4.224632
910.0 4.260216
915.0 4.246156
920.0 4.272592
925.0 4.147886
930.0 4.15986
935.0 4.165872
940.0 3.436564
945.0 4.126668
950.0 4.209854
955.0 4.310402
960.0 4.329286
965.0 4.239782
970.0 4.29005
975.0 4.232922
980.0 4.23732
985.0 4.310872
990.0 4.286726
995.0 4.274544
1000.0 4.205192
1005.0 4.299616
1010.0 4.325436
1015.0 4.260924
1020.0 4.220904
1025.0 4.262682
1030.0 4.225892
1035.0 1.450306
1040.0 4.22144
1045.0 4.269572
1050.0 4.233492
1055.0 4.264078
1060.0 4.301036
1065.0 4.304222
1070.0 4.22545
1075.0 4.127426
1080.0 4.225532
1085.0 4.22157
1090.0 4.161182
1095.0 4.271454
1100.0 2.704772
1105.0 4.27902
1110.0 4.218334
1115.0 4.191008
1120.0 3.742818
1125.0 4.229374
1130.0 4.295158
1135.0 4.233992
1140.0 4.233738
1145.0 4.249768
1150.0 4.152372
1155.0 4.31546
1160.0 4.316974
1165.0 4.090822
1170.0 4.247688
1175.0 4.280542
1180.0 4.282342
1185.0 4.253356
1190.0 4.181174
1195.0 4.17162
1200.0 4.24252
1205.0 4.257332
1210.0 4.194052
1215.0 4.220802
1220.0 4.328026
1225.0 4.233714
1230.0 4.273192
1235.0 4.326406
1240.0 4.205944
1245.0 4.14809
1250.0 4.092066
1255.0 4.251426
1260.0 4.255232
1265.0 4.222556
1270.0 4.378044
1275.0 4.325972
1280.0 4.144898
1285.0 4.254938
1290.0 4.285486
1295.0 4.158134
1300.0 3.905614
1305.0 4.188188
1310.0 4.219952
1315.0 4.323212
1320.0 4.241724
1325.0 4.245188
1330.0 4.21252
1335.0 4.156614
1340.0 4.199952
1345.0 4.149536
1350.0 4.145194
1355.0 4.241334
1360.0 3.909464
1365.0 4.238758
1370.0 4.189902
1375.0 4.296544
1380.0 4.24731
1385.0 4.26982
1390.0 4.212292
1395.0 3.859822
1400.0 4.172822
1405.0 4.18613
1410.0 4.19762
1415.0 4.180486
1420.0 4.166556
1425.0 4.200324
1430.0 4.20148
1435.0 4.222614
1440.0 4.211226
1445.0 4.16928
1450.0 4.153076
1455.0 4.181764
1460.0 4.1315
1465.0 4.121288
1470.0 3.39873
1475.0 4.318052
1480.0 4.371996
1485.0 4.24976
1490.0 4.151914
1495.0 4.292192
1500.0 4.309256
1505.0 4.32729
1510.0 4.27987
1515.0 4.2751
1520.0 4.177054
1525.0 4.260958
1530.0 4.182382
1535.0 4.224738
1540.0 3.627516
1545.0 4.230466
1550.0 4.268908
1555.0 4.070886
1560.0 4.282056
1565.0 4.382572
1570.0 4.275906
1575.0 4.29547
1580.0 4.231498
1585.0 4.041466
1590.0 4.06772
1595.0 4.19793
1600.0 3.937688
1605.0 4.149128
1610.0 4.284072
1615.0 4.262644
1620.0 3.776922
1625.0 4.261814
1630.0 4.359612
1635.0 4.243254
1640.0 4.255342
1645.0 4.239288
1650.0 4.22675
1655.0 4.197668
1660.0 4.148832
1665.0 4.315888
1670.0 4.174982
1675.0 4.309214
1680.0 4.284362
1685.0 4.256066
1690.0 4.275164
1695.0 4.282106
1700.0 4.312984
1705.0 4.172936
1710.0 4.143472
1715.0 4.252526
1720.0 3.8735
1725.0 3.835128
1730.0 3.909368
1735.0 4.3072
1740.0 4.309394
1745.0 4.291262
1750.0 4.323318
1755.0 4.36651
1760.0 4.226384
1765.0 4.266882
1770.0 4.190202
1775.0 4.266796
1780.0 4.25953
1785.0 4.291488
1790.0 4.198196
1795.0 4.332844
1800.0 4.355884
1805.0 4.301014
1810.0 4.290156
1815.0 4.184982
1820.0 4.389064
1825.0 4.047128
1830.0 4.289444
1835.0 4.29258
1840.0 4.291358
1845.0 4.344868
1850.0 4.268918
1855.0 4.24659
