0.0 0.546426
5.0 0.541914
10.0 0.589672
15.0 0.592268
20.0 0.58848
25.0 0.543462
30.0 0.543794
35.0 0.540636
40.0 0.540358
45.0 0.543044
50.0 0.543804
55.0 0.546484
60.0 0.547518
65.0 0.5477
70.0 0.583964
75.0 0.590584
80.0 0.591746
85.0 0.539838
90.0 0.54351
95.0 0.54394
100.0 0.543254
105.0 0.544774
110.0 0.54055
115.0 0.542506
120.0 0.54531
125.0 0.547264
130.0 0.58942
135.0 0.593726
140.0 0.59083
145.0 0.545636
150.0 0.539678
155.0 0.544022
160.0 0.54337
165.0 0.540668
170.0 0.543966
175.0 0.544938
180.0 0.545362
185.0 0.545718
190.0 0.592444
195.0 0.58969
200.0 0.589722
205.0 0.545136
210.0 0.545464
215.0 0.54432
220.0 0.544906
225.0 0.545004
230.0 0.542752
235.0 0.54695
240.0 0.546572
245.0 0.54795
250.0 0.59045
255.0 0.58626
260.0 0.544494
265.0 0.548746
270.0 0.544116
275.0 0.54533
280.0 0.54503
285.0 0.542176
290.0 0.546058
295.0 0.546998
300.0 0.542364
305.0 0.54612
310.0 0.589428
315.0 0.593786
320.0 0.588202
325.0 0.593698
330.0 0.541284
335.0 0.54372
340.0 0.539872
345.0 0.548078
350.0 0.5465
355.0 0.545918
360.0 0.54662
365.0 0.5446
370.0 0.591572
375.0 0.589882
380.0 0.588488
385.0 0.524682
390.0 0.544544
395.0 0.524726
400.0 0.546362
405.0 0.541962
410.0 0.544704
415.0 0.538538
420.0 0.546826
425.0 0.543712
430.0 0.587904
435.0 0.54141
440.0 0.590164
445.0 0.544194
450.0 0.545172
455.0 0.540996
460.0 0.545164
465.0 0.542452
470.0 0.540712
475.0 0.545634
480.0 0.543776
485.0 0.545104
490.0 0.59152
495.0 0.590782
500.0 0.59199
505.0 0.542814
510.0 0.54427
515.0 0.543914
520.0 0.540738
525.0 0.544846
530.0 0.547274
535.0 0.54534
540.0 0.546196
545.0 0.54574
550.0 0.592222
555.0 0.56813
560.0 0.588926
565.0 0.54704
570.0 0.538404
575.0 0.544208
580.0 0.545348
585.0 0.545068
590.0 0.591924
595.0 0.592626
600.0 0.5898
605.0 0.548906
610.0 0.547498
615.0 0.534334
620.0 0.593536
625.0 0.590938
630.0 0.588158
635.0 0.547542
640.0 0.54806
645.0 0.54491
650.0 0.547708
655.0 0.547698
660.0 0.59009
665.0 0.59392
670.0 0.59288
675.0 0.58899
680.0 0.538444
685.0 0.546954
690.0 0.546166
695.0 0.54731
700.0 0.546226
705.0 0.54739
710.0 0.546348
715.0 0.546332
720.0 0.593388
725.0 0.591822
730.0 0.594486
735.0 0.543812
740.0 0.545398
745.0 0.540192
750.0 0.542362
755.0 0.545112
760.0 0.544964
765.0 0.54656
770.0 0.592848
775.0 0.589328
780.0 0.593084
785.0 0.548048
790.0 0.54511
795.0 0.540658
800.0 0.547274
805.0 0.549964
810.0 0.547572
815.0 0.554502
820.0 0.549882
825.0 0.593578
830.0 0.599618
835.0 0.599622
840.0 0.550234
845.0 0.549064
850.0 0.548636
855.0 0.546038
860.0 0.552172
865.0 0.55355
870.0 0.550998
875.0 0.553302
880.0 0.552828
885.0 0.554842
890.0 0.598472
895.0 0.598764
900.0 0.552812
905.0 0.548942
910.0 0.553374
915.0 0.553452
920.0 0.55138
925.0 0.552888
930.0 0.54955
935.0 0.555826
940.0 0.553562
945.0 0.590114
950.0 0.600622
955.0 0.601538
960.0 0.552848
965.0 0.549208
970.0 0.550934
975.0 0.551278
980.0 0.547916
985.0 0.55209
990.0 0.552894
995.0 0.550594
1000.0 0.554394
1005.0 0.596884
1010.0 0.598268
1015.0 0.600314
1020.0 0.551826
1025.0 0.549626
1030.0 0.549252
1035.0 0.553248
1040.0 0.555374
1045.0 0.553588
1050.0 0.553152
1055.0 0.557724
1060.0 0.55406
1065.0 0.60101
1070.0 0.598492
1075.0 0.596674
1080.0 0.59883
1085.0 0.555686
1090.0 0.54863
1095.0 0.550138
1100.0 0.542958
1105.0 0.553756
1110.0 0.55324
1115.0 0.548994
1120.0 0.598032
1125.0 0.596838
1130.0 0.599888
1135.0 0.55071
1140.0 0.550696
1145.0 0.548356
1150.0 0.5531
1155.0 0.550876
1160.0 0.554298
1165.0 0.551462
1170.0 0.553498
1175.0 0.552078
1180.0 0.598474
1185.0 0.593518
1190.0 0.599146
1195.0 0.549816
1200.0 0.546516
1205.0 0.552392
1210.0 0.550004
1215.0 0.546774
1220.0 0.555632
1225.0 0.555378
1230.0 0.554164
1235.0 0.601784
1240.0 0.601228
1245.0 0.603356
1250.0 0.553752
1255.0 0.55062
1260.0 0.552134
1265.0 0.553288
1270.0 0.54897
1275.0 0.55648
1280.0 0.554962
1285.0 0.556648
1290.0 0.555848
1295.0 0.601218
1300.0 0.59739
1305.0 0.601374
1310.0 0.553304
1315.0 0.53967
1320.0 0.551764
1325.0 0.55218
1330.0 0.554238
1335.0 0.555912
1340.0 0.554014
1345.0 0.554276
1350.0 0.55386
1355.0 0.599556
1360.0 0.601634
1365.0 0.600804
1370.0 0.555328
1375.0 0.554346
1380.0 0.549736
1385.0 0.553432
1390.0 0.54919
1395.0 0.55652
1400.0 0.554028
1405.0 0.556162
1410.0 0.556356
1415.0 0.603862
1420.0 0.60051
1425.0 0.6065
1430.0 0.551368
1435.0 0.552782
1440.0 0.55443
1445.0 0.55689
1450.0 0.553924
1455.0 0.55531
1460.0 0.559354
1465.0 0.548134
1470.0 0.55338
1475.0 0.601644
1480.0 0.601062
1485.0 0.55349
1490.0 0.547742
1495.0 0.557032
1500.0 0.55594
1505.0 0.553354
1510.0 0.556128
1515.0 0.55461
1520.0 0.553932
1525.0 0.556532
1530.0 0.55725
1535.0 0.603728
1540.0 0.601012
1545.0 0.600374
1550.0 0.551862
1555.0 0.555382
1560.0 0.553154
1565.0 0.55094
1570.0 0.556528
1575.0 0.551804
1580.0 0.555958
1585.0 0.555718
1590.0 0.59976
1595.0 0.588012
1600.0 0.598256
1605.0 0.602046
1610.0 0.494172
1615.0 0.545578
1620.0 0.548406
1625.0 0.55054
1630.0 0.547514
1635.0 0.552138
1640.0 0.557886
1645.0 0.554324
1650.0 0.597576
1655.0 0.558326
1660.0 0.605644
1665.0 0.604152
1670.0 0.56064
1675.0 0.552236
1680.0 0.551842
1685.0 0.548016
1690.0 0.557224
1695.0 0.556114
1700.0 0.556022
1705.0 0.55663
1710.0 0.60244
1715.0 0.605392
1720.0 0.60064
1725.0 0.603598
1730.0 0.557878
1735.0 0.555512
1740.0 0.549868
1745.0 0.556502
1750.0 0.556008
1755.0 0.558106
