0.0 2.31127
5.0 2.366992
10.0 2.379052
15.0 2.373498
20.0 2.145428
25.0 2.289086
30.0 2.351448
35.0 2.007666
40.0 2.289278
45.0 2.357614
50.0 2.349474
55.0 2.353178
60.0 2.291362
65.0 2.312098
70.0 1.79825
75.0 2.266012
80.0 2.354034
85.0 2.352266
90.0 2.349282
95.0 2.363118
100.0 2.370024
105.0 2.356884
110.0 2.347646
115.0 2.316806
120.0 2.32716
125.0 2.312886
130.0 2.389936
135.0 2.367208
140.0 2.352884
145.0 2.343526
150.0 2.335516
155.0 2.26706
160.0 2.311026
165.0 2.336292
170.0 2.369882
175.0 2.321582
180.0 2.327308
185.0 2.364338
190.0 2.341606
195.0 2.348624
200.0 2.349716
205.0 2.36405
210.0 2.354286
215.0 2.34859
220.0 2.336942
225.0 2.321156
230.0 2.335142
235.0 2.360486
240.0 2.30325
245.0 2.360458
250.0 2.194582
255.0 2.363386
260.0 2.33309
265.0 2.131508
270.0 2.349648
275.0 2.338374
280.0 2.349194
285.0 2.355058
290.0 2.371402
295.0 2.354904
300.0 2.303578
305.0 2.341696
310.0 2.32798
315.0 2.366036
320.0 2.373112
325.0 2.362422
330.0 2.338294
335.0 2.05895
340.0 2.321642
345.0 2.370322
350.0 2.296712
355.0 2.351028
360.0 2.339422
365.0 2.313812
370.0 2.132844
375.0 2.460294
380.0 2.457726
385.0 2.47021
390.0 2.48474
395.0 2.447108
400.0 2.474926
405.0 2.479822
410.0 2.4704
415.0 2.472982
420.0 2.475786
425.0 2.430552
430.0 2.475394
435.0 2.482138
440.0 2.48665
445.0 2.449836
450.0 2.472046
455.0 2.45323
460.0 2.425568
465.0 2.43778
470.0 2.475946
475.0 2.491058
480.0 2.472054
485.0 2.463376
490.0 2.485294
495.0 2.506274
500.0 2.468832
505.0 2.454668
510.0 2.488352
515.0 2.480928
520.0 2.47647
525.0 2.458036
530.0 2.484722
535.0 2.49099
540.0 2.506478
545.0 2.461082
550.0 2.434228
555.0 2.472472
560.0 2.477978
565.0 2.452252
570.0 2.485484
575.0 2.474114
580.0 2.488538
585.0 2.489834
590.0 2.440364
595.0 2.451098
600.0 2.443236
605.0 2.461944
610.0 2.470088
615.0 2.49546
620.0 2.496998
625.0 2.465962
630.0 2.316882
635.0 2.459764
640.0 1.599776
645.0 2.467478
650.0 2.503398
655.0 2.487328
660.0 2.501218
665.0 2.475924
670.0 2.502782
675.0 2.498258
680.0 2.481178
685.0 2.490276
690.0 2.503272
695.0 2.44618
700.0 2.47882
705.0 2.474962
710.0 2.481754
715.0 2.470648
720.0 2.47544
725.0 2.48153
730.0 2.467142
735.0 2.479998
740.0 2.508684
745.0 2.496614
750.0 2.49295
755.0 2.291768
760.0 2.444468
765.0 2.476274
770.0 2.443972
775.0 2.462668
780.0 2.451434
785.0 2.49506
790.0 2.468392
795.0 2.489458
800.0 2.47436
805.0 2.47116
810.0 2.492402
815.0 2.493424
820.0 2.482548
825.0 2.475116
830.0 2.481648
835.0 2.451742
840.0 2.395744
845.0 2.515128
850.0 2.502896
855.0 2.517926
860.0 2.494468
865.0 2.384716
870.0 2.461254
875.0 2.464214
880.0 2.430986
885.0 2.506298
890.0 2.482934
895.0 2.478624
900.0 2.486552
905.0 2.490282
910.0 2.504236
915.0 2.372558
920.0 2.493832
925.0 2.487312
930.0 2.446298
935.0 2.46465
940.0 2.503702
945.0 2.490944
950.0 2.43488
955.0 2.472458
960.0 2.499748
965.0 2.501672
970.0 2.494256
975.0 2.514662
980.0 2.505532
985.0 2.485078
990.0 2.47377
995.0 2.500316
1000.0 2.398876
1005.0 2.487816
1010.0 2.502192
1015.0 2.490664
1020.0 2.491318
1025.0 2.495038
1030.0 2.479944
1035.0 2.51132
1040.0 2.508354
1045.0 2.502942
1050.0 2.499464
1055.0 2.510286
1060.0 2.499422
1065.0 2.488832
1070.0 2.498592
1075.0 2.481056
1080.0 2.50391
1085.0 2.489144
1090.0 2.507848
1095.0 2.491692
1100.0 2.463214
1105.0 2.493396
1110.0 2.478042
1115.0 2.489304
1120.0 2.48112
1125.0 2.507508
1130.0 2.507486
1135.0 2.513686
1140.0 2.500236
1145.0 2.502372
1150.0 2.484254
1155.0 2.492158
1160.0 2.499066
1165.0 2.492936
1170.0 2.495172
1175.0 2.504764
1180.0 2.498424
1185.0 2.46538
1190.0 2.491486
1195.0 2.506786
1200.0 2.467308
1205.0 2.494894
1210.0 2.500622
1215.0 2.486184
1220.0 2.510672
1225.0 2.505336
1230.0 2.47143
1235.0 2.450758
1240.0 2.490926
1245.0 2.488216
1250.0 2.500274
1255.0 2.517418
1260.0 2.51739
1265.0 2.504936
1270.0 2.488086
1275.0 2.47136
1280.0 2.479022
1285.0 2.358696
1290.0 2.484738
1295.0 2.517088
1300.0 2.51122
1305.0 2.468816
1310.0 2.491012
1315.0 2.495484
1320.0 2.434128
1325.0 1.356256
1330.0 2.4863
1335.0 2.503192
1340.0 2.50189
1345.0 2.511056
1350.0 2.499822
1355.0 2.495484
1360.0 2.472738
1365.0 2.40739
1370.0 2.4913
