0.0 0.650514
5.0 1.60071
10.0 1.910036
15.0 1.381486
20.0 1.736576
25.0 1.677008
30.0 1.726696
35.0 1.270224
40.0 1.577516
45.0 1.939944
50.0 1.721068
55.0 1.86314
60.0 1.415504
65.0 2.129052
70.0 1.715254
75.0 1.895072
80.0 1.791088
85.0 1.819394
90.0 1.733486
95.0 1.727936
100.0 1.576968
105.0 1.721704
110.0 1.211568
115.0 1.439298
120.0 2.063354
125.0 1.854966
130.0 1.730052
135.0 1.251398
140.0 1.892746
145.0 1.916908
150.0 1.771774
155.0 1.595562
160.0 1.636294
165.0 1.856362
170.0 1.88168
175.0 1.990566
180.0 0.921582
185.0 1.694814
190.0 1.702144
195.0 1.936272
200.0 1.892776
205.0 1.792646
210.0 1.78598
215.0 1.014766
220.0 1.855032
225.0 1.918928
230.0 1.511834
235.0 1.083092
240.0 1.957196
245.0 1.887726
250.0 1.94988
255.0 1.672548
260.0 1.635902
265.0 2.01573
270.0 1.160922
275.0 1.972382
280.0 1.772324
285.0 1.82957
290.0 1.935824
295.0 1.463212
300.0 0.960136
305.0 1.8866
310.0 1.703558
315.0 1.380834
320.0 1.356844
325.0 1.793328
330.0 1.649094
335.0 1.719806
340.0 1.196514
345.0 1.919562
350.0 1.69584
355.0 0.863398
360.0 1.021552
365.0 1.243344
370.0 1.986114
375.0 1.638744
380.0 1.753936
385.0 1.743968
390.0 1.556054
395.0 1.938392
400.0 1.701086
405.0 1.877966
410.0 1.025778
415.0 1.593058
420.0 0.937066
425.0 1.151598
430.0 1.797216
435.0 1.610134
440.0 1.711474
445.0 1.239426
450.0 1.71988
455.0 1.492284
460.0 1.515526
465.0 1.148382
470.0 1.284276
475.0 1.682092
480.0 1.601714
485.0 1.632282
490.0 1.478826
495.0 1.68131
500.0 1.523424
505.0 1.352694
510.0 1.60515
515.0 1.649144
520.0 1.833724
525.0 1.751562
530.0 1.82509
535.0 1.74469
540.0 1.760764
545.0 1.71737
550.0 1.694846
555.0 1.736598
560.0 1.46438
565.0 1.209674
570.0 1.549518
575.0 1.498422
580.0 1.729632
585.0 1.683784
590.0 1.625998
595.0 1.832194
600.0 1.006312
605.0 1.251222
610.0 1.820512
615.0 1.661996
620.0 1.230282
625.0 1.561732
630.0 1.588156
635.0 1.8394
640.0 1.462338
645.0 1.197958
650.0 1.878406
655.0 1.72099
660.0 1.793062
665.0 1.2911
670.0 1.175298
675.0 1.407474
680.0 1.143098
685.0 1.44484
690.0 1.29304
695.0 1.645014
700.0 1.133934
705.0 1.707534
710.0 1.940986
715.0 1.575328
720.0 1.31293
725.0 1.189998
730.0 1.571612
735.0 1.518382
740.0 1.819252
745.0 1.69119
750.0 1.47204
755.0 1.906974
760.0 1.759488
765.0 1.47806
770.0 1.81623
775.0 1.52281
780.0 1.184418
785.0 1.404392
790.0 1.63274
795.0 1.372512
800.0 1.573332
805.0 1.54425
810.0 1.775722
815.0 1.730034
820.0 1.664944
825.0 1.45664
830.0 1.240632
835.0 1.89521
840.0 1.047432
845.0 1.237902
850.0 1.734624
855.0 1.683904
860.0 1.692622
865.0 1.73535
870.0 1.901026
875.0 1.605734
880.0 1.053488
885.0 1.28074
890.0 1.770594
895.0 1.158448
900.0 1.607102
905.0 1.65735
910.0 1.529372
915.0 1.683568
920.0 1.459372
925.0 1.270192
930.0 1.806232
935.0 1.768736
940.0 1.656804
945.0 1.649524
950.0 1.61614
955.0 1.310184
960.0 1.082882
965.0 1.432118
970.0 1.462872
975.0 1.726768
980.0 1.734
985.0 1.62726
990.0 1.312468
995.0 1.378476
1000.0 1.437368
1005.0 1.679814
1010.0 0.950096
1015.0 1.870368
1020.0 1.488032
1025.0 1.748714
1030.0 1.100036
1035.0 1.878834
1040.0 1.547564
1045.0 1.815428
1050.0 1.738744
1055.0 1.646032
1060.0 1.801838
1065.0 1.63086
1070.0 1.44386
1075.0 1.936464
1080.0 1.501954
1085.0 1.686348
1090.0 1.903334
1095.0 1.797936
1100.0 1.805944
1105.0 1.829544
1110.0 1.732266
1115.0 1.967158
1120.0 1.635638
1125.0 1.76149
1130.0 1.953314
1135.0 1.64139
1140.0 1.184694
1145.0 1.863202
1150.0 1.901098
1155.0 1.58333
1160.0 1.598856
1165.0 1.398256
1170.0 1.704156
1175.0 1.366356
1180.0 1.446124
1185.0 1.731256
1190.0 1.789908
1195.0 0.742502
1200.0 1.044506
1205.0 1.5536
1210.0 1.521228
1215.0 1.357878
1220.0 1.585206
1225.0 1.465194
1230.0 1.716184
1235.0 1.288232
1240.0 1.873406
1245.0 1.873202
1250.0 1.820748
1255.0 1.671294
1260.0 0.995882
1265.0 1.61668
1270.0 1.735728
1275.0 1.537958
1280.0 1.616602
1285.0 1.57339
1290.0 1.74077
1295.0 1.598236
1300.0 1.72071
1305.0 1.441936
1310.0 1.920398
1315.0 1.458804
1320.0 1.753984
1325.0 1.70535
1330.0 1.436702
1335.0 1.607396
1340.0 1.68146
1345.0 1.21363
1350.0 1.759282
1355.0 1.958512
1360.0 1.81634
1365.0 1.536922
1370.0 1.249344
1375.0 0.750136
1380.0 1.104874
1385.0 1.65434
1390.0 1.59169
1395.0 1.645752
1400.0 0.596486
1405.0 0.988052
1410.0 1.505968
1415.0 1.766586
1420.0 1.341654
1425.0 0.908282
1430.0 0.830868
1435.0 0.5216
1440.0 0.965808
1445.0 1.563654
1450.0 1.57656
1455.0 1.511324
1460.0 1.792312
1465.0 1.48315
1470.0 1.401914
1475.0 1.509704
1480.0 1.54356
1485.0 1.573062
1490.0 1.549514
1495.0 0.851898
1500.0 1.747994
1505.0 1.41888
1510.0 1.640598
1515.0 1.690408
1520.0 1.771876
1525.0 1.721582
1530.0 1.745566
1535.0 1.67485
1540.0 1.34719
1545.0 1.704844
1550.0 1.678054
1555.0 1.040506
1560.0 1.59904
1565.0 1.500798
1570.0 1.746094
1575.0 1.64343
1580.0 1.83577
1585.0 1.054908
1590.0 1.529836
1595.0 1.718782
1600.0 1.774224
1605.0 1.411748
1610.0 1.319954
1615.0 0.738954
1620.0 1.427056
1625.0 0.58787
1630.0 1.795828
1635.0 1.56184
1640.0 1.440824
1645.0 1.713988
1650.0 1.75738
1655.0 1.863448
1660.0 1.684216
1665.0 1.65194
1670.0 1.629554
1675.0 1.117264
1680.0 1.78219
1685.0 1.531856
1690.0 1.698628
1695.0 1.653106
1700.0 1.229834
1705.0 1.61859
1710.0 1.455174
1715.0 1.543506
1720.0 1.827344
1725.0 1.696952
1730.0 1.095626
1735.0 1.244528
1740.0 1.270254
1745.0 1.57824
1750.0 1.649816
1755.0 1.778276
1760.0 1.586492
1765.0 1.696184
1770.0 1.704422
1775.0 1.736036
1780.0 1.652194
1785.0 1.559114
1790.0 1.481928
1795.0 1.533298
1800.0 1.431122
1805.0 1.218038
1810.0 1.439738
1815.0 1.678836
1820.0 1.653996
1825.0 1.560724
1830.0 0.82388
1835.0 0.095284
1840.0 1.392494
1845.0 1.153802
1850.0 1.697526
