0.0 3.803244
5.0 3.734416
10.0 3.640812
15.0 3.693468
20.0 3.731096
25.0 3.724428
30.0 3.687628
35.0 3.42083
40.0 3.750712
45.0 3.762428
50.0 3.815594
55.0 0.63093
60.0 3.711646
65.0 3.64804
70.0 3.666894
75.0 3.680276
80.0 3.77315
85.0 3.79152
90.0 3.714712
95.0 3.661232
100.0 3.514394
105.0 3.776278
110.0 3.743912
115.0 3.666584
120.0 3.651384
125.0 3.827942
130.0 3.786748
135.0 2.904076
140.0 3.44759
145.0 3.413494
150.0 3.598328
155.0 3.76653
160.0 3.72791
165.0 3.696632
170.0 3.554308
175.0 3.596178
180.0 3.644378
185.0 3.725758
190.0 3.73741
195.0 2.799422
200.0 3.709906
205.0 3.777478
210.0 3.829528
215.0 3.454496
220.0 3.714162
225.0 3.541704
230.0 3.797424
235.0 3.492326
240.0 3.862682
245.0 3.141364
250.0 3.649
255.0 3.77465
260.0 3.64557
265.0 3.605722
270.0 3.640474
275.0 3.773924
280.0 3.784018
285.0 3.79711
290.0 3.732858
295.0 3.75265
300.0 3.760944
305.0 3.675818
310.0 3.735062
315.0 3.713974
320.0 3.687756
325.0 3.672668
330.0 3.746948
335.0 3.703292
340.0 3.642228
345.0 3.835342
350.0 3.718818
355.0 3.404946
360.0 3.827298
365.0 3.783196
370.0 3.8527
375.0 3.775648
380.0 3.811622
385.0 3.623478
390.0 3.657076
395.0 3.705338
400.0 3.46263
405.0 3.919556
410.0 3.323524
415.0 3.802254
420.0 3.758616
425.0 3.645858
430.0 3.813488
435.0 3.720922
440.0 3.754062
445.0 3.738484
450.0 3.93991
455.0 3.512804
460.0 3.652334
465.0 3.772116
470.0 3.734422
475.0 2.79024
480.0 3.525022
485.0 3.49534
490.0 3.741688
495.0 3.782182
500.0 3.792194
505.0 3.820732
510.0 3.650838
515.0 3.570608
520.0 3.709032
525.0 3.706348
530.0 3.896962
535.0 3.691016
540.0 3.87855
545.0 3.787434
550.0 3.53439
555.0 3.409592
560.0 3.784666
565.0 3.943668
570.0 3.737232
575.0 3.84273
580.0 2.74316
585.0 3.454126
590.0 3.631126
595.0 3.705712
600.0 3.725172
605.0 3.832144
610.0 3.73359
615.0 3.673256
620.0 3.83273
625.0 3.20824
630.0 3.901796
635.0 3.734878
640.0 3.881124
645.0 3.278008
650.0 3.288932
655.0 3.830986
660.0 3.572338
665.0 3.934676
670.0 3.80212
675.0 2.29422
680.0 3.74767
685.0 3.69597
690.0 3.710614
695.0 3.532632
700.0 0.876058
705.0 3.482044
710.0 3.175468
715.0 2.328668
720.0 3.049894
725.0 3.650762
730.0 3.187978
735.0 3.821016
740.0 3.62731
745.0 3.726762
750.0 3.820206
755.0 3.826654
760.0 3.852102
765.0 2.902956
770.0 3.047196
775.0 3.730228
780.0 3.685758
785.0 2.868326
790.0 3.127712
795.0 3.768696
800.0 3.76262
805.0 3.535512
810.0 3.773842
815.0 3.794828
820.0 3.012968
825.0 2.814754
830.0 3.797486
835.0 3.863274
840.0 3.834314
845.0 3.80652
850.0 3.557292
855.0 3.773786
860.0 3.824756
865.0 3.739128
870.0 3.879722
875.0 3.578808
880.0 3.73189
885.0 0.756818
890.0 3.771462
895.0 3.4298
900.0 3.624746
905.0 3.735092
910.0 3.843774
915.0 3.75601
920.0 3.54209
925.0 3.689914
930.0 3.78525
935.0 3.704244
940.0 3.77049
