0.0 2.709506
5.0 2.669616
10.0 2.674988
15.0 2.681578
20.0 2.689088
25.0 2.654878
30.0 2.69342
35.0 2.671858
40.0 2.711678
45.0 2.699302
50.0 2.668992
55.0 2.678758
60.0 2.602654
65.0 2.690228
70.0 2.600306
75.0 2.681898
80.0 2.66402
85.0 2.630234
90.0 2.701354
95.0 2.651384
100.0 2.675434
105.0 2.714292
110.0 2.686736
115.0 2.67978
120.0 2.368724
125.0 2.6709
130.0 2.600288
135.0 2.683032
140.0 2.695556
145.0 2.675816
150.0 2.699854
155.0 2.689332
160.0 2.470492
165.0 2.373292
170.0 2.685616
175.0 2.684778
180.0 2.658334
185.0 2.6825
190.0 2.699564
195.0 2.669876
200.0 2.37588
205.0 2.697386
210.0 2.695736
215.0 2.687646
220.0 2.717262
225.0 2.643216
230.0 2.68613
235.0 2.690502
240.0 2.677788
245.0 2.669074
250.0 2.685322
255.0 2.692742
260.0 2.677498
265.0 2.655684
270.0 2.589044
275.0 2.694292
280.0 2.69128
285.0 2.652444
290.0 2.598874
295.0 2.694544
300.0 2.65166
305.0 2.665604
310.0 2.652522
315.0 2.678798
320.0 2.69654
325.0 2.579244
330.0 2.654234
335.0 2.700892
340.0 2.68356
345.0 2.631002
350.0 2.641292
355.0 2.690016
360.0 2.468002
365.0 2.649192
370.0 2.518242
375.0 2.635488
380.0 2.49932
385.0 2.705726
390.0 2.694436
395.0 2.700734
400.0 2.70554
405.0 2.666956
410.0 2.686846
415.0 2.668962
420.0 2.606996
425.0 2.596764
430.0 2.6804
435.0 2.69092
440.0 2.705038
445.0 2.71058
450.0 2.65728
455.0 2.364892
460.0 2.703164
465.0 2.676972
470.0 2.515888
475.0 2.68589
480.0 2.673608
485.0 2.624408
490.0 2.347492
495.0 2.667592
500.0 2.605166
505.0 2.699366
510.0 2.716838
515.0 2.671484
520.0 2.693438
525.0 2.70475
530.0 2.710376
535.0 2.416784
540.0 2.707082
545.0 2.662984
550.0 2.555064
555.0 2.700618
560.0 2.657306
565.0 2.66562
570.0 2.678042
575.0 2.6909
580.0 2.66573
585.0 2.710814
590.0 2.673596
595.0 2.330986
600.0 2.660604
605.0 2.661994
610.0 2.68253
615.0 2.690738
620.0 2.697474
625.0 2.398912
630.0 2.698342
635.0 2.61323
640.0 2.662024
645.0 2.5641
650.0 2.693714
655.0 2.559522
660.0 2.335524
665.0 2.570612
670.0 2.667714
675.0 2.656902
680.0 2.711098
685.0 2.704008
690.0 2.69126
695.0 2.65559
700.0 0.845956
705.0 2.703384
710.0 2.59255
715.0 1.887656
720.0 2.698232
725.0 2.607208
730.0 2.521002
735.0 2.54375
740.0 2.689204
745.0 2.700546
750.0 2.726462
755.0 2.574958
760.0 2.663752
765.0 2.686168
770.0 2.660654
775.0 2.605784
780.0 2.679616
785.0 2.67523
790.0 2.678612
795.0 2.712376
800.0 2.679534
805.0 2.69729
810.0 2.354082
815.0 2.619602
820.0 2.700662
825.0 2.57259
830.0 2.708504
835.0 2.671144
840.0 2.636072
845.0 2.622802
850.0 2.685756
855.0 2.349114
860.0 2.692832
865.0 2.660702
870.0 2.667978
875.0 2.656762
880.0 2.706
885.0 2.702226
890.0 2.639402
895.0 1.602726
900.0 2.654906
905.0 2.622594
910.0 2.699888
915.0 2.709072
920.0 2.721142
925.0 2.736172
930.0 2.695982
935.0 2.714996
940.0 2.708926
945.0 2.721458
950.0 2.376244
955.0 2.70028
960.0 2.711286
965.0 2.71816
970.0 2.604318
975.0 2.717604
980.0 2.699544
985.0 2.699562
990.0 2.72927
995.0 2.421836
1000.0 2.693222
1005.0 2.47556
1010.0 2.745342
1015.0 2.577612
1020.0 2.622292
1025.0 2.679408
1030.0 2.695286
1035.0 2.693722
1040.0 2.72472
1045.0 2.573498
1050.0 2.731778
1055.0 2.713792
1060.0 2.554428
1065.0 2.73794
1070.0 2.655824
1075.0 2.73279
1080.0 2.682626
1085.0 2.655328
1090.0 2.693608
1095.0 2.76178
1100.0 2.713774
1105.0 2.724322
1110.0 2.718134
1115.0 2.611904
1120.0 2.698328
1125.0 2.61256
1130.0 2.261926
1135.0 2.741004
1140.0 2.711112
1145.0 2.708908
1150.0 2.687152
1155.0 2.767696
1160.0 2.70614
1165.0 2.71207
1170.0 2.712484
1175.0 2.55925
1180.0 2.622502
1185.0 2.66122
1190.0 2.69874
1195.0 2.660724
1200.0 2.72137
1205.0 2.699482
1210.0 2.693508
1215.0 2.707812
1220.0 2.689532
1225.0 2.694688
1230.0 2.78458
1235.0 2.721514
1240.0 2.671734
1245.0 2.700966
1250.0 2.568156
1255.0 2.696632
1260.0 2.728602
1265.0 2.704318
1270.0 2.70478
1275.0 2.768738
1280.0 2.733126
1285.0 2.587226
1290.0 2.71752
1295.0 2.778646
1300.0 2.763416
1305.0 2.68424
1310.0 2.766554
1315.0 2.67333
1320.0 2.626722
1325.0 2.600146
1330.0 2.622568
1335.0 2.703244
1340.0 2.775062
1345.0 2.727934
1350.0 2.748716
1355.0 2.772916
1360.0 2.759802
1365.0 2.766834
1370.0 2.622726
1375.0 2.702826
1380.0 2.657244
1385.0 2.39885
1390.0 1.193272
1395.0 2.701614
1400.0 2.665234
1405.0 2.736366
1410.0 2.732594
1415.0 2.618476
1420.0 2.652796
1425.0 1.924266
1430.0 2.70297
1435.0 2.634132
1440.0 2.698242
1445.0 2.546142
1450.0 2.721524
1455.0 2.564746
1460.0 2.646542
1465.0 2.734816
1470.0 2.696126
1475.0 2.723804
1480.0 2.701054
1485.0 2.711112
1490.0 2.706288
1495.0 2.733648
1500.0 2.687926
1505.0 2.60676
1510.0 2.70211
1515.0 2.624194
1520.0 2.695724
1525.0 2.638866
1530.0 2.711482
1535.0 2.727234
1540.0 2.714558
1545.0 2.589428
1550.0 2.71959
1555.0 2.511568
1560.0 2.717346
1565.0 2.517436
1570.0 2.723116
1575.0 2.704718
1580.0 2.677768
1585.0 2.735318
1590.0 2.673438
1595.0 2.715868
1600.0 2.72406
1605.0 2.699396
1610.0 2.703104
1615.0 2.701656
1620.0 2.71273
1625.0 2.607854
1630.0 2.702436
1635.0 2.706508
1640.0 2.711874
1645.0 2.678
1650.0 2.710918
1655.0 2.721166
1660.0 2.685634
1665.0 2.704764
1670.0 2.703176
1675.0 2.720904
1680.0 2.718508
1685.0 2.687262
1690.0 2.669266
1695.0 2.729986
1700.0 2.730072
1705.0 2.73341
1710.0 2.730436
1715.0 2.714628
1720.0 2.69102
1725.0 2.673584
1730.0 2.721236
1735.0 2.685582
1740.0 2.683118
1745.0 2.740962
1750.0 2.5789
1755.0 2.679374
1760.0 2.737256
1765.0 2.674174
1770.0 2.73808
1775.0 2.73895
1780.0 2.497112
1785.0 2.70987
1790.0 2.711588
1795.0 2.713752
1800.0 2.663112
1805.0 2.69113
1810.0 2.54993
1815.0 2.714742
1820.0 2.71896
1825.0 2.740344
1830.0 2.715922
1835.0 2.71758
1840.0 2.726368
1845.0 2.733204
1850.0 2.705664
1855.0 2.721902
