0.0 2.182026
5.0 2.170392
10.0 2.177238
15.0 2.106216
20.0 2.165146
25.0 2.158754
30.0 2.164796
35.0 2.177894
40.0 2.161244
45.0 2.088064
50.0 2.159362
55.0 2.141856
60.0 2.185606
65.0 2.213408
70.0 2.133724
75.0 2.155402
80.0 2.177188
85.0 2.190926
90.0 1.9882
95.0 2.134278
100.0 2.109336
105.0 2.11241
110.0 2.200656
115.0 2.183854
120.0 2.172182
125.0 2.18555
130.0 2.172502
135.0 2.152554
140.0 2.171222
145.0 2.18911
150.0 2.190698
155.0 2.179772
160.0 2.125022
165.0 2.206812
170.0 2.16503
175.0 1.989844
180.0 1.926798
185.0 2.150532
190.0 2.127846
195.0 2.187718
200.0 2.171478
205.0 2.122402
210.0 2.079416
215.0 2.17098
220.0 2.14069
225.0 2.156
230.0 2.182828
235.0 2.123116
240.0 2.184098
245.0 2.11488
250.0 2.104814
255.0 2.063002
260.0 2.170652
265.0 2.19954
270.0 2.167734
275.0 1.970078
280.0 2.070238
285.0 2.165616
290.0 2.141354
295.0 2.103956
300.0 2.149388
305.0 1.361732
310.0 1.656618
315.0 1.408658
320.0 2.108138
325.0 2.14681
330.0 2.214746
335.0 2.138878
340.0 2.190916
345.0 2.180264
350.0 2.066532
355.0 2.186448
360.0 2.147078
365.0 2.128434
370.0 2.123246
375.0 2.15489
380.0 2.203422
385.0 1.995092
390.0 2.01631
395.0 2.110592
400.0 1.460636
405.0 2.14901
410.0 2.172434
415.0 1.951568
420.0 2.173536
425.0 2.147496
430.0 2.1417
435.0 2.055412
440.0 2.059202
445.0 2.1578
450.0 2.173126
455.0 2.16627
460.0 2.168958
465.0 2.191864
470.0 2.132196
475.0 1.91304
480.0 2.137496
485.0 2.17558
490.0 2.190128
495.0 2.03409
500.0 2.169224
505.0 2.12814
510.0 2.18527
515.0 2.188222
520.0 2.091756
525.0 3.996616
530.0 3.949326
535.0 3.876016
540.0 3.91606
545.0 3.734128
550.0 3.764162
555.0 3.939714
560.0 4.023624
565.0 3.964496
570.0 4.056566
575.0 3.87446
580.0 3.92941
585.0 3.719782
590.0 3.955784
595.0 3.747054
600.0 3.845992
605.0 3.74322
610.0 4.0056
615.0 3.942682
620.0 4.049186
625.0 4.010316
630.0 3.991138
635.0 3.943092
640.0 3.998362
645.0 3.982514
650.0 2.29432
655.0 3.950752
660.0 3.89571
665.0 3.853832
670.0 3.396008
675.0 3.963414
680.0 4.041278
685.0 3.989694
690.0 3.955464
695.0 3.972916
700.0 3.860264
705.0 3.579294
710.0 3.69462
715.0 3.864488
720.0 3.916136
725.0 3.824442
730.0 3.891292
735.0 3.948828
740.0 4.064074
745.0 3.916926
750.0 3.85017
755.0 3.936302
760.0 3.871792
765.0 4.024994
770.0 3.981634
775.0 3.94324
780.0 3.791132
785.0 3.863886
790.0 4.149112
795.0 3.953994
800.0 3.992852
805.0 3.9476
810.0 3.875928
815.0 3.537394
820.0 3.814932
825.0 4.018854
830.0 3.888706
835.0 3.921612
840.0 3.974286
845.0 3.760042
850.0 3.967936
855.0 3.95433
860.0 4.009844
865.0 3.99295
870.0 3.945966
875.0 3.94377
880.0 4.103692
885.0 3.586132
890.0 3.962984
895.0 3.850942
900.0 4.003976
905.0 3.99109
910.0 3.924968
915.0 3.929268
920.0 4.047778
925.0 4.056026
930.0 3.974568
935.0 4.025014
940.0 4.036246
945.0 4.084318
950.0 4.158416
955.0 3.872604
960.0 3.893516
965.0 4.1219
970.0 4.003828
975.0 3.945326
980.0 4.179954
985.0 4.016842
990.0 3.9593
995.0 3.656336
1000.0 3.49376
1005.0 4.028806
1010.0 3.976808
1015.0 4.03826
1020.0 4.028362
1025.0 3.919502
1030.0 3.959006
1035.0 3.57391
1040.0 4.038826
1045.0 4.06495
1050.0 4.057226
1055.0 4.028664
1060.0 3.999242
1065.0 3.96131
1070.0 3.859516
1075.0 3.989132
1080.0 3.962926
1085.0 3.872774
1090.0 4.259594
1095.0 4.057514
1100.0 4.004482
1105.0 3.99494
1110.0 4.274596
1115.0 4.07086
1120.0 3.930892
1125.0 4.181748
1130.0 4.159724
1135.0 3.919614
1140.0 3.945278
1145.0 4.111514
1150.0 4.274224
1155.0 4.1819
1160.0 4.036522
1165.0 4.119152
1170.0 4.044376
1175.0 4.101146
1180.0 3.925846
1185.0 3.819082
1190.0 3.921936
1195.0 3.838202
1200.0 4.106842
1205.0 4.022592
1210.0 4.300112
1215.0 4.060836
1220.0 4.08225
1225.0 4.142002
1230.0 3.58878
1235.0 4.230016
1240.0 4.027506
1245.0 3.813942
1250.0 4.127666
1255.0 3.953542
1260.0 4.091356
1265.0 3.920316
1270.0 4.157292
1275.0 4.145162
1280.0 4.0941
1285.0 4.15231
1290.0 3.60546
1295.0 4.269146
1300.0 4.159288
1305.0 3.698062
1310.0 3.990024
1315.0 4.029308
1320.0 4.019624
1325.0 4.061376
1330.0 4.274762
1335.0 3.98047
1340.0 4.096482
1345.0 4.001496
1350.0 4.23986
1355.0 4.1579
1360.0 4.25694
1365.0 4.185446
1370.0 4.013514
1375.0 3.82536
1380.0 3.772288
1385.0 4.044566
1390.0 3.990734
1395.0 3.964448
1400.0 3.979912
1405.0 4.034932
1410.0 3.940584
1415.0 3.04055
1420.0 3.8217
1425.0 3.941432
1430.0 3.910962
1435.0 3.85204
1440.0 3.539984
1445.0 3.90226
1450.0 3.980138
1455.0 4.059248
1460.0 3.504754
1465.0 3.930204
1470.0 3.911462
1475.0 3.992848
1480.0 3.80832
1485.0 3.800544
1490.0 3.970742
1495.0 2.93828
1500.0 3.925494
1505.0 3.799964
1510.0 3.892044
1515.0 3.877216
1520.0 4.003304
1525.0 4.081298
1530.0 3.844668
1535.0 3.672516
1540.0 3.973434
1545.0 4.036502
1550.0 3.883026
1555.0 3.829098
1560.0 4.013598
1565.0 3.914908
1570.0 3.802966
1575.0 4.007792
1580.0 4.039206
1585.0 4.082914
1590.0 3.988784
1595.0 3.854694
1600.0 4.069456
1605.0 4.038566
1610.0 3.980044
1615.0 3.875472
1620.0 3.985944
1625.0 3.995272
1630.0 4.043396
1635.0 3.943496
1640.0 3.930496
1645.0 3.727092
1650.0 3.986804
1655.0 4.001258
1660.0 3.26973
1665.0 3.998978
1670.0 4.019974
1675.0 3.194046
1680.0 4.224
1685.0 3.908836
1690.0 3.968348
1695.0 3.855936
1700.0 4.024262
1705.0 4.013822
1710.0 3.940376
1715.0 3.95923
1720.0 3.75948
1725.0 3.995372
1730.0 3.615282
1735.0 3.959608
1740.0 4.070366
1745.0 3.643652
1750.0 3.42259
1755.0 4.001466
1760.0 4.067708
1765.0 4.042488
1770.0 4.017582
1775.0 3.992528
1780.0 4.032658
1785.0 4.005678
1790.0 3.877434
1795.0 3.903572
1800.0 3.816406
1805.0 3.695728
1810.0 3.868416
1815.0 3.999982
1820.0 4.040368
1825.0 4.067086
1830.0 3.96981
1835.0 3.96384
1840.0 3.821034
1845.0 3.891014
1850.0 4.060726
