0.0 0.54546
5.0 0.51047
10.0 0.546968
15.0 0.54797
20.0 0.551418
25.0 0.551332
30.0 0.545612
35.0 0.547034
40.0 0.549692
45.0 0.549854
50.0 0.545062
55.0 0.548202
60.0 0.552062
65.0 0.545738
70.0 0.54938
75.0 0.551784
80.0 0.550578
85.0 0.553686
90.0 0.5518
95.0 0.552438
100.0 0.548456
105.0 0.548978
110.0 0.550672
115.0 0.549812
120.0 0.5538
125.0 0.439268
130.0 0.548162
135.0 0.551274
140.0 0.554894
145.0 0.550804
150.0 0.553228
155.0 0.55065
160.0 0.553642
165.0 0.55195
170.0 0.546158
175.0 0.550318
180.0 0.54709
185.0 0.553738
190.0 0.553428
195.0 0.551538
200.0 0.552954
205.0 0.553684
210.0 0.55181
215.0 0.551918
220.0 0.551366
225.0 0.552956
230.0 0.547806
235.0 0.550562
240.0 0.552396
245.0 0.55326
250.0 0.550952
255.0 0.550286
260.0 0.539858
265.0 0.547168
270.0 0.548742
275.0 0.553192
280.0 0.552132
285.0 0.552178
290.0 0.546748
295.0 0.55251
300.0 0.550078
305.0 0.55252
310.0 0.551558
315.0 0.547636
320.0 0.552032
325.0 0.55057
330.0 0.550568
335.0 0.552152
340.0 0.549634
345.0 0.5469
350.0 0.55244
355.0 0.553116
360.0 0.54721
365.0 0.55202
370.0 0.551186
375.0 0.549106
380.0 0.55163
385.0 0.549958
390.0 0.549856
395.0 0.550726
400.0 0.551066
405.0 0.5532
410.0 0.550714
415.0 0.547458
420.0 0.551754
425.0 0.552766
430.0 0.549126
435.0 0.549334
440.0 0.551604
445.0 0.546986
450.0 0.548224
455.0 0.547668
460.0 0.547334
465.0 0.550342
470.0 0.550374
475.0 0.549244
480.0 0.552566
485.0 0.548354
490.0 0.54973
495.0 0.551036
500.0 0.5517
505.0 0.552032
510.0 0.548556
515.0 0.553308
520.0 0.552058
525.0 0.551124
530.0 0.552542
535.0 0.553562
540.0 0.551098
545.0 0.552602
550.0 0.554666
555.0 0.552164
560.0 0.54995
565.0 0.554598
570.0 0.55297
575.0 0.551658
580.0 0.549438
585.0 0.55224
590.0 0.552456
595.0 0.551926
600.0 0.553212
605.0 0.550846
610.0 0.553896
615.0 0.55266
620.0 0.549176
625.0 0.550902
630.0 0.551046
635.0 0.55358
640.0 0.538692
645.0 0.5413
650.0 0.550002
655.0 0.551372
660.0 0.552486
665.0 0.53835
670.0 0.55222
675.0 0.548264
680.0 0.548396
685.0 0.547788
690.0 0.551578
695.0 0.55282
700.0 0.55028
705.0 0.55001
710.0 0.5535
715.0 0.55093
720.0 0.540962
725.0 0.54437
730.0 0.541076
735.0 0.552654
740.0 0.546544
745.0 0.509728
750.0 0.548142
755.0 0.553546
760.0 0.552676
765.0 0.5489
770.0 0.549926
775.0 0.55381
780.0 0.548942
785.0 0.556142
790.0 0.558318
795.0 0.518376
800.0 0.558034
805.0 0.557332
810.0 0.554402
815.0 0.557564
820.0 0.559836
825.0 0.557922
830.0 0.557422
835.0 0.556312
840.0 0.5555
845.0 0.554124
850.0 0.562334
855.0 0.5452
860.0 0.55583
865.0 0.55226
870.0 0.557396
875.0 0.549806
880.0 0.545858
885.0 0.559996
890.0 0.55618
895.0 0.557432
900.0 0.559062
905.0 0.558742
910.0 0.554282
915.0 0.55528
920.0 0.555702
925.0 0.556598
930.0 0.551066
935.0 0.547804
940.0 0.557802
945.0 0.563186
950.0 0.55676
955.0 0.547302
960.0 0.558888
965.0 0.546176
970.0 0.545492
975.0 0.558618
980.0 0.558284
985.0 0.559084
990.0 0.556228
995.0 0.551982
1000.0 0.552266
1005.0 0.55706
1010.0 0.560484
1015.0 0.560654
1020.0 0.557338
1025.0 0.559962
1030.0 0.559434
1035.0 0.560074
1040.0 0.56203
1045.0 0.56022
1050.0 0.5588
1055.0 0.559912
1060.0 0.558754
1065.0 0.557528
1070.0 0.558698
1075.0 0.55841
1080.0 0.558288
1085.0 0.560266
1090.0 0.557558
1095.0 0.56004
1100.0 0.553044
1105.0 0.560988
1110.0 0.556032
1115.0 0.55389
1120.0 0.558006
1125.0 0.558794
1130.0 0.55779
1135.0 0.561804
1140.0 0.561138
1145.0 0.556666
1150.0 0.559666
1155.0 0.560994
1160.0 0.556058
1165.0 0.561034
1170.0 0.559582
1175.0 0.561534
1180.0 0.60605
1185.0 0.56219
1190.0 0.559852
1195.0 0.551566
1200.0 0.546718
1205.0 0.562776
1210.0 0.56117
1215.0 0.554794
1220.0 0.562234
1225.0 0.562154
1230.0 0.562046
1235.0 0.559182
1240.0 0.561842
1245.0 0.560126
1250.0 0.556784
1255.0 0.559602
1260.0 0.561584
1265.0 0.561204
1270.0 0.562514
1275.0 0.55694
1280.0 0.56315
1285.0 0.563768
1290.0 0.564402
1295.0 0.55952
1300.0 0.56114
1305.0 0.56365
1310.0 0.560896
1315.0 0.561072
1320.0 0.557334
1325.0 0.558894
1330.0 0.55912
1335.0 0.560928
1340.0 0.558036
1345.0 0.561606
1350.0 0.560884
1355.0 0.562112
1360.0 0.56337
1365.0 0.563256
1370.0 0.560994
1375.0 0.560876
1380.0 0.560626
1385.0 0.56071
1390.0 0.55743
1395.0 0.561412
1400.0 0.556806
1405.0 0.56017
1410.0 0.560532
1415.0 0.559704
1420.0 0.557998
1425.0 0.555306
1430.0 0.559484
1435.0 0.558852
1440.0 0.55755
1445.0 0.55788
1450.0 0.564504
1455.0 0.56359
1460.0 0.556018
1465.0 0.561384
1470.0 0.5642
1475.0 0.561798
1480.0 0.56325
1485.0 0.558526
1490.0 0.565838
1495.0 0.509204
1500.0 0.610092
1505.0 0.559944
1510.0 0.563106
1515.0 0.561344
1520.0 0.561688
1525.0 0.562868
1530.0 0.56145
1535.0 0.564308
1540.0 0.562014
1545.0 0.56375
1550.0 0.563982
1555.0 0.56389
1560.0 0.564434
1565.0 0.546352
