0.0 0.525952
5.0 0.516474
10.0 0.443136
15.0 0.51316
20.0 0.40368
25.0 0.51794
30.0 0.477196
35.0 0.522434
40.0 0.513442
45.0 0.510704
50.0 0.517698
55.0 0.513752
60.0 0.51985
65.0 0.514672
70.0 0.522436
75.0 0.515514
80.0 0.519644
85.0 0.50638
90.0 0.501884
95.0 0.509616
100.0 0.517668
105.0 0.520422
110.0 0.517026
115.0 0.513888
120.0 0.502768
125.0 0.51632
130.0 0.523618
135.0 0.513426
140.0 0.514704
145.0 0.521922
150.0 0.51035
155.0 0.440496
160.0 0.513128
165.0 0.508246
170.0 0.523006
175.0 0.516576
180.0 0.487226
185.0 0.514006
190.0 0.519928
195.0 0.51563
200.0 0.5163
205.0 0.517948
210.0 0.514476
215.0 0.517654
220.0 0.510226
225.0 0.51087
230.0 0.525364
235.0 0.514876
240.0 0.515198
245.0 0.517902
250.0 0.520866
255.0 0.52307
260.0 0.512848
265.0 0.515198
270.0 0.516368
275.0 0.52187
280.0 0.512642
285.0 0.520288
290.0 0.521306
295.0 0.515162
300.0 0.514302
305.0 0.522202
310.0 0.509342
315.0 0.520036
320.0 0.515832
325.0 0.51536
330.0 0.510304
335.0 0.525132
340.0 0.520866
345.0 0.520088
350.0 0.503668
355.0 0.516846
360.0 0.511006
365.0 0.511908
370.0 0.523958
375.0 0.511174
380.0 0.518104
385.0 0.513914
390.0 0.516736
395.0 0.50257
400.0 0.50127
405.0 0.514082
410.0 0.510484
415.0 0.51766
420.0 0.51645
425.0 0.51766
430.0 0.51747
435.0 0.50991
440.0 0.520852
445.0 0.51387
450.0 0.513764
455.0 0.518656
460.0 0.517284
465.0 0.496522
470.0 0.514164
475.0 0.513988
480.0 0.521442
485.0 0.507486
490.0 0.512474
495.0 0.513048
500.0 0.512868
505.0 0.518626
510.0 0.512272
515.0 0.522142
520.0 0.521964
525.0 0.517668
530.0 0.514732
535.0 0.51842
540.0 0.514144
545.0 0.513978
550.0 0.519622
555.0 0.521864
560.0 0.515964
565.0 0.522728
570.0 0.50948
575.0 0.519124
580.0 0.513572
585.0 0.515712
590.0 0.516694
595.0 0.510782
600.0 0.508932
605.0 0.514376
610.0 0.517806
615.0 0.501518
620.0 0.518064
625.0 0.515028
630.0 0.515918
635.0 0.512228
640.0 0.515804
645.0 0.524004
650.0 0.516688
655.0 0.505872
660.0 0.513612
665.0 0.511522
670.0 0.517874
675.0 0.521798
680.0 0.51387
685.0 0.520578
690.0 0.513676
695.0 0.494428
700.0 0.526692
705.0 0.512562
710.0 0.509698
715.0 0.51104
720.0 0.517398
725.0 0.51284
730.0 0.51525
735.0 0.519106
740.0 0.515252
745.0 0.51651
750.0 0.509154
755.0 0.51974
760.0 0.518154
765.0 0.517016
770.0 0.5156
775.0 0.513884
780.0 0.512014
785.0 0.451352
790.0 0.50528
795.0 0.514092
800.0 0.517254
805.0 0.51636
810.0 0.50825
815.0 0.513734
820.0 0.517708
825.0 0.519468
830.0 0.513922
835.0 0.515772
840.0 0.521018
845.0 0.518334
850.0 0.51832
855.0 0.519134
860.0 0.472376
865.0 0.517998
870.0 0.506034
875.0 0.515292
880.0 0.51217
885.0 0.523394
890.0 0.552304
895.0 0.504936
900.0 0.559594
905.0 0.52686
910.0 0.523252
915.0 0.515384
920.0 0.51995
925.0 0.521344
930.0 0.380082
935.0 0.528228
940.0 0.523908
945.0 0.555022
950.0 0.542036
955.0 0.553042
960.0 0.543432
965.0 0.539082
970.0 0.554716
975.0 0.527812
980.0 0.532178
985.0 0.524324
990.0 0.528044
995.0 0.552354
1000.0 0.545714
1005.0 0.523396
1010.0 0.540126
1015.0 0.551042
1020.0 0.512672
1025.0 0.557842
1030.0 0.514102
1035.0 0.52457
1040.0 0.526212
1045.0 0.5225
1050.0 0.522508
1055.0 0.524108
1060.0 0.519316
1065.0 0.529488
1070.0 0.530056
1075.0 0.521836
1080.0 0.553228
1085.0 0.500316
1090.0 0.554328
1095.0 0.514634
1100.0 0.5241
1105.0 0.522676
1110.0 0.533516
1115.0 0.524886
1120.0 0.517662
1125.0 0.52167
1130.0 0.526976
1135.0 0.522354
1140.0 0.510176
1145.0 0.520876
1150.0 0.519854
1155.0 0.519986
1160.0 0.51951
1165.0 0.523838
1170.0 0.523086
1175.0 0.519894
1180.0 0.529964
1185.0 0.524474
1190.0 0.523552
1195.0 0.520764
1200.0 0.521476
1205.0 0.520556
1210.0 0.554012
1215.0 0.52638
1220.0 0.521914
1225.0 0.524384
1230.0 0.519932
1235.0 0.45789
1240.0 0.515158
1245.0 0.52447
1250.0 0.524544
1255.0 0.51854
1260.0 0.531112
1265.0 0.529018
1270.0 0.522998
1275.0 0.522906
1280.0 0.523274
1285.0 0.521722
1290.0 0.408408
1295.0 0.55304
1300.0 0.52085
1305.0 0.507618
1310.0 0.555066
1315.0 0.554118
1320.0 0.519078
1325.0 0.53128
1330.0 0.554902
1335.0 0.529856
1340.0 0.524608
1345.0 0.521008
1350.0 0.515688
1355.0 0.55663
1360.0 0.555978
1365.0 0.552118
1370.0 0.557562
1375.0 0.552336
1380.0 0.555754
1385.0 0.544306
1390.0 0.546044
1395.0 0.527372
1400.0 0.51703
1405.0 0.522314
1410.0 0.514044
1415.0 0.548162
1420.0 0.52924
1425.0 0.522706
1430.0 0.52284
1435.0 0.521728
1440.0 0.551714
1445.0 0.55424
1450.0 0.517094
1455.0 0.524926
1460.0 0.524248
1465.0 0.519636
1470.0 0.383518
1475.0 0.521242
1480.0 0.523384
1485.0 0.523492
1490.0 0.555654
1495.0 0.548384
1500.0 0.523666
1505.0 0.539934
1510.0 0.552822
1515.0 0.525482
1520.0 0.522386
1525.0 0.525866
1530.0 0.511574
1535.0 0.52076
1540.0 0.468734
1545.0 0.529452
1550.0 0.548274
1555.0 0.523478
1560.0 0.55637
1565.0 0.478426
1570.0 0.52784
1575.0 0.523228
1580.0 0.557606
1585.0 0.53052
1590.0 0.504348
1595.0 0.521234
1600.0 0.525792
1605.0 0.547718
1610.0 0.525088
1615.0 0.55425
1620.0 0.5432
1625.0 0.520764
1630.0 0.525562
1635.0 0.521558
1640.0 0.526564
1645.0 0.531018
1650.0 0.517294
1655.0 0.515522
1660.0 0.522028
1665.0 0.521132
1670.0 0.503502
1675.0 0.514412
1680.0 0.518906
1685.0 0.519506
1690.0 0.525842
1695.0 0.50981
1700.0 0.52237
1705.0 0.5233
1710.0 0.5112
1715.0 0.521942
1720.0 0.442796
1725.0 0.525186
1730.0 0.523366
1735.0 0.521472
1740.0 0.531856
1745.0 0.52453
1750.0 0.531994
1755.0 0.52851
1760.0 0.523994
1765.0 0.525254
1770.0 0.499772
1775.0 0.525456
1780.0 0.524374
1785.0 0.555826
1790.0 0.553384
1795.0 0.521132
1800.0 0.553176
1805.0 0.526082
1810.0 0.53058
1815.0 0.526208
1820.0 0.525074
1825.0 0.525274
1830.0 0.531484
1835.0 0.513344
1840.0 0.518944
1845.0 0.53034
1850.0 0.519296
