0.0 0.519198
5.0 0.52219
10.0 0.518526
15.0 0.51988
20.0 0.522784
25.0 0.519378
30.0 0.523012
35.0 0.47007
40.0 0.523486
45.0 0.479982
50.0 0.504702
55.0 0.554952
60.0 0.519588
65.0 0.508654
70.0 0.527446
75.0 0.52206
80.0 0.506564
85.0 0.526902
90.0 0.518548
95.0 0.517176
100.0 0.526008
105.0 0.529254
110.0 0.522404
115.0 0.556528
120.0 0.517902
125.0 0.51054
130.0 0.524594
135.0 0.521978
140.0 0.55181
145.0 0.550744
150.0 0.519416
155.0 0.522552
160.0 0.52143
165.0 0.51478
170.0 0.519368
175.0 0.532242
180.0 0.527402
185.0 0.517956
190.0 0.522774
195.0 0.521292
200.0 0.557068
205.0 0.519574
210.0 0.526322
215.0 0.540132
220.0 0.521078
225.0 0.514284
230.0 0.518074
235.0 0.517976
240.0 0.522552
245.0 0.520968
250.0 0.522122
255.0 0.528424
260.0 0.525018
265.0 0.524424
270.0 0.511438
275.0 0.512634
280.0 0.517106
285.0 0.514988
290.0 0.523952
295.0 0.517762
300.0 0.522838
305.0 0.523516
310.0 0.520882
315.0 0.522792
320.0 0.515492
325.0 0.517472
330.0 0.518384
335.0 0.510962
340.0 0.514794
345.0 0.52531
350.0 0.518674
355.0 0.514452
360.0 0.521276
365.0 0.556822
370.0 0.442394
375.0 0.55672
380.0 0.52374
385.0 0.544012
390.0 0.520784
395.0 0.525124
400.0 0.524862
405.0 0.520444
410.0 0.519164
415.0 0.522638
420.0 0.522406
425.0 0.52907
430.0 0.52689
435.0 0.471924
440.0 0.513614
445.0 0.521446
450.0 0.515768
455.0 0.518284
460.0 0.522286
465.0 0.511268
470.0 0.508944
475.0 0.55626
480.0 0.516608
485.0 0.521216
490.0 0.518056
495.0 0.516784
500.0 0.525122
505.0 0.517446
510.0 0.521884
515.0 0.52185
520.0 0.517932
525.0 0.547828
530.0 0.525868
535.0 0.557198
540.0 0.554876
545.0 0.53107
550.0 0.493558
555.0 0.5214
560.0 0.517082
565.0 0.517192
570.0 0.525176
575.0 0.525996
580.0 0.513668
585.0 0.425594
590.0 0.522982
595.0 0.550642
600.0 0.525134
605.0 0.514228
610.0 0.518986
615.0 0.523878
620.0 0.521246
625.0 0.516582
630.0 0.522434
635.0 0.5213
640.0 0.522498
645.0 0.521844
650.0 0.521536
655.0 0.520122
660.0 0.52286
665.0 0.558454
670.0 0.514528
675.0 0.526652
680.0 0.518654
685.0 0.52297
690.0 0.528386
695.0 0.51846
700.0 0.523584
705.0 0.523154
710.0 0.520044
715.0 0.523078
720.0 0.525958
725.0 0.51976
730.0 0.522236
735.0 0.521898
740.0 0.520468
745.0 0.526184
750.0 0.507012
755.0 0.55848
760.0 0.525238
765.0 0.521694
770.0 0.55609
775.0 0.522244
780.0 0.517168
785.0 0.556952
790.0 0.520348
795.0 0.515418
800.0 0.522822
805.0 0.522348
810.0 0.525864
815.0 0.558676
820.0 0.521096
825.0 0.549548
830.0 0.519644
835.0 0.52287
840.0 0.516848
845.0 0.551774
850.0 0.531066
855.0 0.52506
860.0 0.531706
865.0 0.526892
870.0 0.528254
875.0 0.529498
880.0 0.523026
885.0 0.53147
890.0 0.529032
895.0 0.523292
900.0 0.527256
905.0 0.52892
910.0 0.528266
915.0 0.561984
920.0 0.53387
925.0 0.528192
930.0 0.52785
935.0 0.53049
940.0 0.52725
945.0 0.52318
950.0 0.52719
955.0 0.49669
960.0 0.555976
965.0 0.446274
970.0 0.523476
975.0 0.526304
980.0 0.528688
985.0 0.527708
990.0 0.53193
995.0 0.531412
1000.0 0.52876
1005.0 0.55242
1010.0 0.52561
1015.0 0.528724
1020.0 0.5257
1025.0 0.528984
1030.0 0.529516
1035.0 0.533584
1040.0 0.532388
1045.0 0.524736
1050.0 0.527634
1055.0 0.534398
1060.0 0.52766
1065.0 0.532818
1070.0 0.521142
1075.0 0.517562
1080.0 0.529874
1085.0 0.523362
1090.0 0.531654
1095.0 0.531398
1100.0 0.53077
1105.0 0.532726
1110.0 0.514682
1115.0 0.537684
1120.0 0.53038
1125.0 0.528018
1130.0 0.527696
1135.0 0.565326
1140.0 0.498312
1145.0 0.532392
1150.0 0.52564
1155.0 0.532756
1160.0 0.560996
1165.0 0.526902
1170.0 0.530256
1175.0 0.522456
1180.0 0.50917
1185.0 0.50944
1190.0 0.524576
1195.0 0.563014
1200.0 0.521868
1205.0 0.514248
1210.0 0.52892
1215.0 0.528948
1220.0 0.530666
1225.0 0.523326
1230.0 0.523404
1235.0 0.551268
1240.0 0.529424
1245.0 0.52239
1250.0 0.496854
1255.0 0.529628
1260.0 0.52213
1265.0 0.530488
1270.0 0.529932
1275.0 0.529954
1280.0 0.527986
1285.0 0.527026
1290.0 0.53031
1295.0 0.53045
1300.0 0.533564
1305.0 0.517474
1310.0 0.533166
1315.0 0.534596
1320.0 0.52886
1325.0 0.56469
1330.0 0.538054
1335.0 0.530636
1340.0 0.563328
1345.0 0.533252
1350.0 0.55363
1355.0 0.526518
1360.0 0.529394
1365.0 0.52608
1370.0 0.533818
1375.0 0.531894
1380.0 0.537172
1385.0 0.523196
1390.0 0.530746
1395.0 0.533948
1400.0 0.529482
1405.0 0.53142
1410.0 0.529492
1415.0 0.527254
1420.0 0.528198
1425.0 0.528992
1430.0 0.533934
1435.0 0.535596
1440.0 0.531064
1445.0 0.53128
1450.0 0.530084
1455.0 0.529688
1460.0 0.563412
1465.0 0.52748
1470.0 0.527438
1475.0 0.523778
1480.0 0.527492
1485.0 0.505352
1490.0 0.531252
1495.0 0.52511
1500.0 0.5318
1505.0 0.526394
1510.0 0.533866
1515.0 0.528812
1520.0 0.525068
1525.0 0.532312
1530.0 0.564078
1535.0 0.528262
1540.0 0.53635
1545.0 0.513802
1550.0 0.531724
1555.0 0.527686
1560.0 0.563638
1565.0 0.525438
1570.0 0.527726
1575.0 0.526532
1580.0 0.533808
1585.0 0.526464
1590.0 0.559944
1595.0 0.559234
1600.0 0.532086
1605.0 0.565758
1610.0 0.529842
1615.0 0.558986
1620.0 0.524938
1625.0 0.53729
1630.0 0.527702
1635.0 0.531894
1640.0 0.537666
1645.0 0.530778
1650.0 0.569028
1655.0 0.49479
1660.0 0.521302
1665.0 0.507046
1670.0 0.540418
1675.0 0.565028
1680.0 0.536566
1685.0 0.53169
1690.0 0.535086
1695.0 0.526814
1700.0 0.528338
1705.0 0.52756
1710.0 0.528892
1715.0 0.494586
1720.0 0.536108
1725.0 0.526542
