0.0 2.31226
5.0 2.343348
10.0 2.351282
15.0 2.36949
20.0 2.362774
25.0 1.903256
30.0 2.362016
35.0 2.375256
40.0 2.349036
45.0 2.349452
50.0 2.35704
55.0 2.368836
60.0 2.446296
65.0 2.364788
70.0 2.35585
75.0 2.354198
80.0 2.346298
85.0 0.0
90.0 0.0
95.0 2.353452
100.0 2.383952
105.0 2.353934
110.0 2.366348
115.0 2.363418
120.0 2.36598
125.0 2.44645
130.0 2.358758
135.0 2.38352
140.0 2.35371
145.0 2.370888
150.0 2.377718
155.0 2.326858
160.0 2.3213
165.0 2.334658
170.0 2.346958
175.0 2.265506
180.0 2.195922
185.0 2.261478
190.0 2.297098
195.0 2.313306
200.0 2.310298
205.0 2.283792
210.0 2.258304
215.0 2.245908
220.0 2.25775
225.0 2.226872
230.0 2.236478
235.0 2.250516
240.0 2.301478
245.0 2.258652
250.0 2.192742
255.0 2.238402
260.0 2.285378
265.0 2.233746
270.0 2.283624
275.0 2.239838
280.0 2.250628
285.0 2.227732
290.0 1.491906
295.0 2.237632
300.0 2.255412
305.0 2.273948
310.0 2.279462
315.0 2.239502
320.0 2.287438
325.0 2.290318
330.0 2.24495
335.0 2.260336
340.0 2.249232
345.0 1.630528
350.0 1.199636
355.0 2.170136
360.0 2.452532
365.0 2.287776
370.0 2.260168
375.0 2.257406
380.0 2.247744
385.0 2.253184
390.0 2.209096
395.0 2.25324
400.0 2.254806
405.0 2.268232
410.0 2.24281
415.0 2.273274
420.0 2.450294
425.0 2.272512
430.0 2.250098
435.0 2.24828
440.0 2.290508
445.0 2.283424
450.0 2.388672
455.0 2.260588
460.0 2.269418
465.0 2.257608
470.0 2.2404
475.0 2.18102
480.0 2.357184
485.0 2.258776
490.0 2.254196
495.0 2.26633
500.0 2.255608
505.0 2.299468
510.0 2.253192
515.0 2.400418
520.0 2.385936
525.0 2.14954
530.0 2.205804
535.0 2.290996
540.0 2.256404
545.0 2.254614
550.0 2.264358
555.0 2.264984
560.0 2.287318
565.0 2.249034
570.0 2.277196
575.0 2.247786
580.0 2.267582
585.0 2.27881
590.0 2.249312
595.0 2.218282
600.0 2.283182
605.0 2.26845
610.0 2.279122
615.0 2.262918
620.0 2.27289
625.0 2.24517
630.0 2.278946
635.0 2.265894
640.0 2.25743
645.0 2.251624
650.0 2.28463
655.0 2.260248
660.0 2.277426
665.0 2.287074
670.0 2.278612
675.0 2.262532
680.0 2.308782
685.0 2.260106
690.0 2.241266
695.0 2.248624
700.0 2.220348
705.0 2.240344
710.0 2.264744
715.0 2.243074
720.0 2.253576
725.0 2.255086
730.0 2.25788
735.0 2.271392
740.0 2.282412
745.0 2.263986
750.0 2.253866
755.0 2.26015
760.0 2.253618
765.0 2.040152
770.0 2.122682
775.0 2.289644
780.0 2.292658
785.0 2.241242
790.0 2.257298
795.0 2.269432
800.0 2.255382
805.0 2.282518
810.0 2.251458
815.0 2.265738
820.0 2.237158
825.0 2.239472
830.0 2.194352
835.0 2.39326
840.0 2.27683
845.0 2.260802
850.0 2.269326
855.0 2.288522
860.0 2.251646
865.0 2.239338
870.0 2.250522
875.0 2.283452
880.0 2.266886
885.0 2.25091
890.0 2.244408
895.0 2.258788
900.0 2.297998
905.0 2.273538
910.0 2.258954
915.0 2.27841
920.0 2.268102
925.0 2.25306
930.0 2.26443
935.0 2.268342
940.0 2.280588
945.0 2.263314
950.0 2.34816
955.0 2.330788
960.0 2.34018
965.0 2.35194
970.0 2.328502
975.0 2.3469
980.0 2.365606
985.0 2.352246
990.0 2.354232
995.0 2.296588
1000.0 2.351472
1005.0 2.335846
1010.0 2.354754
1015.0 2.307844
1020.0 2.300822
1025.0 2.331336
1030.0 2.347592
1035.0 2.363172
1040.0 2.356162
1045.0 2.311738
1050.0 2.311018
1055.0 2.34543
1060.0 2.318064
1065.0 2.339832
1070.0 2.314916
1075.0 2.35483
1080.0 2.263112
1085.0 2.276142
1090.0 2.30968
1095.0 2.282404
1100.0 2.272406
1105.0 2.289284
1110.0 2.264458
1115.0 2.280504
1120.0 2.231792
1125.0 2.239446
1130.0 2.237472
1135.0 2.147856
1140.0 2.273366
1145.0 2.280294
1150.0 2.262738
1155.0 2.298462
1160.0 2.292068
1165.0 2.25976
1170.0 2.283884
1175.0 2.252978
1180.0 2.245812
1185.0 2.268626
1190.0 2.24894
1195.0 2.278456
1200.0 2.246904
1205.0 2.294196
1210.0 2.285598
1215.0 2.279402
1220.0 2.260536
1225.0 2.272746
1230.0 2.261976
1235.0 2.296316
1240.0 2.100602
1245.0 2.243066
1250.0 2.282496
1255.0 2.251514
1260.0 2.248464
1265.0 2.276862
1270.0 2.33254
1275.0 2.296332
1280.0 2.287036
1285.0 2.267878
1290.0 2.287792
1295.0 2.272966
1300.0 2.248916
1305.0 2.231198
1310.0 2.25343
1315.0 2.276112
1320.0 2.280802
1325.0 2.259706
1330.0 2.302004
1335.0 2.272768
1340.0 2.30255
1345.0 2.263422
1350.0 2.273278
1355.0 2.280436
1360.0 2.252524
1365.0 2.29601
1370.0 2.280896
1375.0 2.269092
1380.0 2.269288
1385.0 2.261388
1390.0 2.267832
1395.0 2.270722
1400.0 2.27834
1405.0 2.290302
1410.0 2.283098
1415.0 2.313332
1420.0 2.255754
1425.0 2.259518
1430.0 2.26449
1435.0 1.7322
1440.0 2.29992
1445.0 2.273942
1450.0 2.280534
1455.0 2.268938
1460.0 2.300622
1465.0 2.27423
1470.0 2.271072
1475.0 2.278122
1480.0 2.256674
1485.0 2.262332
1490.0 2.27788
1495.0 2.252206
1500.0 2.217756
1505.0 2.275518
1510.0 2.296292
1515.0 2.289026
1520.0 2.286002
1525.0 2.274324
1530.0 2.293406
1535.0 2.287544
1540.0 2.280262
1545.0 2.2677
1550.0 2.24277
1555.0 2.266394
1560.0 2.290604
1565.0 2.269352
1570.0 2.287722
1575.0 2.268602
1580.0 2.3089
1585.0 2.269606
1590.0 2.265656
1595.0 2.292758
1600.0 2.243876
1605.0 2.300356
1610.0 2.272218
1615.0 2.221604
1620.0 2.241948
1625.0 2.268776
1630.0 2.291024
1635.0 2.289092
1640.0 2.274642
1645.0 2.28998
1650.0 2.288496
1655.0 2.263348
1660.0 2.298014
1665.0 2.25807
1670.0 2.287358
1675.0 2.263218
1680.0 2.259092
1685.0 2.260792
1690.0 2.278876
1695.0 2.296792
1700.0 2.286346
1705.0 2.291912
1710.0 2.262112
1715.0 2.251468
1720.0 2.247846
1725.0 2.258702
1730.0 2.281886
1735.0 2.257202
1740.0 2.28641
1745.0 2.266818
1750.0 2.279236
1755.0 2.287438
1760.0 2.32279
1765.0 2.256462
1770.0 2.259282
1775.0 2.219896
1780.0 2.26571
1785.0 2.26752
1790.0 2.216412
1795.0 2.221858
1800.0 2.298706
1805.0 2.317456
1810.0 2.295812
1815.0 2.280504
1820.0 2.2783
1825.0 2.277232
1830.0 2.299084
1835.0 2.285638
1840.0 2.2941
1845.0 2.24243
1850.0 2.2628
