0.0 0.604004
5.0 0.670558
10.0 0.601174
15.0 0.638152
20.0 0.615198
25.0 0.683822
30.0 0.645222
35.0 0.665088
40.0 0.607628
45.0 0.547252
50.0 0.646662
55.0 0.600648
60.0 0.292264
65.0 0.368934
70.0 0.618422
75.0 0.628704
80.0 0.601828
85.0 0.632314
90.0 0.661574
95.0 0.651
100.0 0.517282
105.0 0.623746
110.0 0.65821
115.0 0.525002
120.0 0.571752
125.0 0.423776
130.0 0.624662
135.0 0.622164
140.0 0.660106
145.0 0.507358
150.0 0.612636
155.0 0.668898
160.0 0.667616
165.0 0.651002
170.0 0.45321
175.0 0.617512
180.0 0.441704
185.0 0.61
190.0 0.585236
195.0 0.585606
200.0 0.6064
205.0 0.58999
210.0 0.551934
215.0 0.58432
220.0 0.603732
225.0 0.59566
230.0 0.595462
235.0 0.713274
240.0 0.565728
245.0 0.51395
250.0 0.642562
255.0 0.625172
260.0 0.632474
265.0 0.66152
270.0 0.5969
275.0 0.608284
280.0 0.617406
285.0 0.56612
290.0 0.597326
295.0 0.576004
300.0 0.574704
305.0 0.672184
310.0 0.583726
315.0 0.63639
320.0 0.641528
325.0 0.597818
330.0 0.608722
335.0 0.624694
340.0 0.639362
345.0 0.59943
350.0 0.587708
355.0 0.59582
360.0 0.537392
365.0 0.446922
370.0 0.532482
375.0 0.756668
380.0 0.600112
385.0 0.60013
390.0 0.66359
395.0 0.637006
400.0 0.668966
405.0 0.64133
410.0 0.691732
415.0 0.40456
420.0 0.513512
425.0 0.611504
430.0 0.628148
435.0 0.649468
440.0 0.6575
445.0 0.647366
450.0 0.589946
455.0 0.58338
460.0 0.571284
465.0 0.620394
470.0 0.642776
475.0 0.455096
480.0 0.677748
485.0 0.565664
490.0 0.653798
495.0 0.640512
500.0 0.56839
505.0 0.607492
510.0 0.62765
515.0 0.60382
520.0 0.547936
525.0 0.568856
530.0 0.49856
535.0 0.605338
540.0 0.62922
545.0 0.607296
550.0 0.615276
555.0 0.657554
560.0 0.685702
565.0 0.585978
570.0 0.65078
575.0 0.592086
580.0 0.594882
585.0 0.631522
590.0 0.511728
595.0 0.628642
600.0 0.599478
605.0 0.679268
610.0 0.564222
615.0 0.56895
620.0 0.603868
625.0 0.611016
630.0 0.394118
635.0 0.618058
640.0 0.505212
645.0 0.585672
650.0 0.50444
655.0 0.672374
660.0 0.581508
665.0 0.600466
670.0 0.573322
675.0 0.605862
680.0 0.558136
685.0 0.619224
690.0 0.624182
695.0 0.400732
700.0 0.592716
705.0 0.64947
710.0 0.60846
715.0 0.555136
720.0 0.64123
725.0 0.653916
730.0 0.671178
735.0 0.57387
740.0 0.68699
745.0 0.601924
750.0 0.597194
755.0 0.365562
760.0 0.585048
765.0 0.486974
770.0 0.58022
775.0 0.57531
780.0 0.622104
785.0 0.669656
790.0 0.58019
795.0 0.652378
800.0 0.558052
805.0 0.608304
810.0 0.593034
815.0 0.64987
820.0 0.553348
825.0 0.55901
830.0 0.43773
835.0 0.699306
840.0 0.626844
845.0 0.619778
850.0 0.610796
855.0 0.617108
860.0 0.58303
865.0 0.537868
870.0 0.611244
875.0 0.660894
880.0 0.56706
885.0 0.644764
890.0 0.705966
895.0 0.63877
900.0 0.609524
905.0 0.63549
910.0 0.725422
915.0 0.607858
920.0 0.512042
925.0 0.656118
930.0 0.479006
935.0 0.526454
940.0 0.384612
945.0 0.281406
950.0 0.603564
955.0 0.600066
960.0 0.593088
965.0 0.636794
970.0 0.510298
975.0 0.396212
980.0 0.560804
985.0 0.627248
990.0 0.549216
995.0 0.539086
1000.0 0.614262
1005.0 0.626726
1010.0 0.680116
1015.0 0.611822
1020.0 0.690172
1025.0 0.594992
1030.0 0.613806
1035.0 0.410738
1040.0 0.495054
1045.0 0.549222
1050.0 0.577786
1055.0 0.495724
1060.0 0.553744
1065.0 0.565982
1070.0 0.595566
1075.0 0.653498
1080.0 0.691572
1085.0 0.65647
1090.0 0.614798
1095.0 0.609934
1100.0 0.658606
1105.0 0.53152
1110.0 0.606036
1115.0 0.381836
1120.0 0.40449
1125.0 0.264842
1130.0 0.44483
1135.0 0.464826
1140.0 0.621602
1145.0 0.656216
1150.0 0.624526
1155.0 0.556864
1160.0 0.691104
1165.0 0.448556
1170.0 0.57967
1175.0 0.2817
1180.0 0.597112
1185.0 0.435688
1190.0 0.41762
1195.0 0.58391
1200.0 0.630344
1205.0 0.71974
1210.0 0.606236
1215.0 0.588786
1220.0 0.566424
1225.0 0.615104
1230.0 0.479712
1235.0 0.585326
1240.0 0.326948
1245.0 0.496748
1250.0 0.586876
1255.0 0.642606
1260.0 0.617326
1265.0 0.674452
1270.0 0.645084
1275.0 0.63531
1280.0 0.598972
1285.0 0.554446
1290.0 0.673236
1295.0 0.546352
1300.0 0.624732
1305.0 0.230282
1310.0 0.53526
1315.0 0.54969
1320.0 0.638318
1325.0 0.64469
1330.0 0.712284
1335.0 0.55697
1340.0 0.665654
1345.0 0.589636
1350.0 0.58388
1355.0 0.62129
1360.0 0.676952
