0.0 2.421272
5.0 2.394376
10.0 2.446412
15.0 1.311246
20.0 2.382624
25.0 2.4774
30.0 2.45042
35.0 2.444584
40.0 2.448206
45.0 2.42529
50.0 2.389016
55.0 2.447454
60.0 2.430822
65.0 2.375216
70.0 2.413562
75.0 2.451844
80.0 2.477288
85.0 2.48971
90.0 2.445086
95.0 2.527326
100.0 2.4872
105.0 2.466496
110.0 2.453484
115.0 2.47477
120.0 2.465914
125.0 2.475944
130.0 2.45036
135.0 2.469976
140.0 2.480346
145.0 2.449236
150.0 2.464254
155.0 2.50664
160.0 2.45663
165.0 2.476746
170.0 2.43891
175.0 2.452276
180.0 2.361484
185.0 2.47804
190.0 2.462828
195.0 2.473758
200.0 2.470624
205.0 2.45055
210.0 2.440234
215.0 2.460906
220.0 2.537248
225.0 2.415216
230.0 2.465778
235.0 2.456334
240.0 2.469068
245.0 2.46153
250.0 2.482196
255.0 2.43096
260.0 2.46713
265.0 2.458264
270.0 2.453724
275.0 2.464984
280.0 2.455132
285.0 2.46848
290.0 2.470808
295.0 2.462382
300.0 2.355786
305.0 2.445034
310.0 2.463916
315.0 2.475704
320.0 2.455314
325.0 2.47447
330.0 2.455424
335.0 2.437164
340.0 2.466458
345.0 2.460408
350.0 2.419674
355.0 2.463636
360.0 2.4006
365.0 2.459094
370.0 2.480036
375.0 2.462272
380.0 2.457452
385.0 2.061712
390.0 2.477016
395.0 2.465044
400.0 2.457574
405.0 2.51656
410.0 2.518032
415.0 2.458046
420.0 2.412584
425.0 2.464864
430.0 2.469436
435.0 2.46515
440.0 2.455594
445.0 2.459134
450.0 2.469284
455.0 2.463556
460.0 2.464046
465.0 2.441006
470.0 2.447886
475.0 2.471696
480.0 2.175708
485.0 2.490458
490.0 2.467302
495.0 2.475052
500.0 2.474394
505.0 2.482778
510.0 2.46655
515.0 2.471838
520.0 2.47053
525.0 1.824604
530.0 2.271422
535.0 2.43946
540.0 2.468764
545.0 2.451966
550.0 2.4766
555.0 2.476316
560.0 2.46437
565.0 2.482484
570.0 2.47133
575.0 2.439086
580.0 2.468568
585.0 2.465838
590.0 2.473922
595.0 2.374578
600.0 2.466848
605.0 2.465916
610.0 2.481458
615.0 2.471324
620.0 2.469832
625.0 2.472624
630.0 2.346408
635.0 2.482754
640.0 2.464902
645.0 2.40792
650.0 2.487814
655.0 2.430396
660.0 2.429008
665.0 2.46174
670.0 2.474714
675.0 2.475956
680.0 2.482806
685.0 2.459078
690.0 2.47864
695.0 2.483826
700.0 2.473072
705.0 2.475182
710.0 2.466166
715.0 2.466014
720.0 2.442522
725.0 2.430532
730.0 2.476634
735.0 2.479548
740.0 2.467984
745.0 2.468894
750.0 2.435858
755.0 2.490336
760.0 2.463534
765.0 2.480606
770.0 2.490318
775.0 2.469186
780.0 2.323998
785.0 2.46057
790.0 2.473004
795.0 2.468986
800.0 2.464216
805.0 2.475098
810.0 2.451182
815.0 2.464184
820.0 2.475286
825.0 2.467478
830.0 2.476246
835.0 2.475336
840.0 2.396208
845.0 2.464868
850.0 2.397412
855.0 2.46735
860.0 2.446284
865.0 2.464534
870.0 2.485026
875.0 2.476822
880.0 2.474542
885.0 2.489198
890.0 2.367404
895.0 2.481302
900.0 2.172356
905.0 2.478276
910.0 2.44483
915.0 2.481516
920.0 2.491108
925.0 2.480308
930.0 2.480362
935.0 2.48493
940.0 2.492206
945.0 2.48672
950.0 2.402218
955.0 2.467616
960.0 2.410028
965.0 2.498454
970.0 2.481246
975.0 2.484676
980.0 2.475846
985.0 2.489788
990.0 2.48051
995.0 2.477814
1000.0 2.502626
1005.0 2.49218
1010.0 2.462302
1015.0 2.41046
1020.0 2.189948
1025.0 2.480652
1030.0 2.478212
1035.0 2.472676
1040.0 2.493454
1045.0 2.499592
1050.0 2.48188
1055.0 2.48541
1060.0 2.488402
1065.0 2.490484
1070.0 2.489652
1075.0 2.48257
1080.0 2.490512
1085.0 2.487468
1090.0 2.481998
1095.0 2.49314
1100.0 2.495154
1105.0 2.45459
1110.0 2.494674
1115.0 2.440704
1120.0 2.496974
1125.0 2.475038
1130.0 2.496046
1135.0 2.481876
1140.0 2.482876
1145.0 2.48144
1150.0 2.487902
1155.0 2.48134
1160.0 2.481602
1165.0 2.470742
1170.0 2.479508
1175.0 2.45737
1180.0 2.49069
1185.0 2.491806
1190.0 2.45232
1195.0 2.231308
1200.0 2.222602
1205.0 2.44459
1210.0 2.497962
1215.0 2.47809
1220.0 2.451818
1225.0 2.468066
1230.0 2.486624
1235.0 2.49051
1240.0 2.48079
1245.0 2.477514
1250.0 2.484508
1255.0 2.493692
1260.0 2.475598
1265.0 2.459986
1270.0 2.47185
1275.0 2.494924
1280.0 2.477372
1285.0 2.478598
1290.0 2.462752
1295.0 2.450314
1300.0 2.472846
1305.0 2.476784
1310.0 2.49061
1315.0 2.400882
1320.0 2.34537
1325.0 2.250428
1330.0 2.485388
1335.0 2.496938
1340.0 2.491386
1345.0 2.471892
1350.0 2.469278
1355.0 2.486594
1360.0 2.495812
1365.0 2.475826
1370.0 2.495822
1375.0 2.486642
1380.0 2.368364
1385.0 2.490992
1390.0 2.50173
1395.0 2.4868
1400.0 2.488028
1405.0 2.44078
1410.0 1.708308
1415.0 2.472884
1420.0 2.42566
1425.0 2.48567
1430.0 2.40931
1435.0 2.507496
1440.0 2.41739
1445.0 2.4598
1450.0 2.49469
1455.0 2.484682
1460.0 2.465164
1465.0 2.489052
1470.0 2.45496
1475.0 2.476908
1480.0 2.495312
1485.0 2.485474
1490.0 2.503036
1495.0 2.35819
1500.0 2.476206
1505.0 2.496518
1510.0 2.485718
1515.0 2.487542
1520.0 2.48422
1525.0 2.482782
1530.0 2.484556
1535.0 2.48679
1540.0 2.479942
1545.0 2.491542
1550.0 2.473962
1555.0 2.502404
1560.0 2.49575
1565.0 2.473644
1570.0 2.478318
1575.0 2.489626
1580.0 2.487134
1585.0 2.480702
1590.0 2.465152
1595.0 2.497776
1600.0 2.494284
1605.0 1.490622
1610.0 2.48232
1615.0 2.473534
1620.0 2.474284
1625.0 2.445572
1630.0 2.495958
1635.0 2.024276
1640.0 2.470938
1645.0 2.489668
1650.0 2.484224
1655.0 2.501956
1660.0 2.497458
1665.0 2.485754
1670.0 2.48779
1675.0 2.019904
1680.0 2.488112
1685.0 2.458422
1690.0 2.494864
1695.0 2.501822
1700.0 2.502864
1705.0 2.498438
1710.0 2.49423
1715.0 2.496062
1720.0 2.481878
1725.0 2.474528
1730.0 2.485118
1735.0 2.501692
1740.0 2.523484
1745.0 2.233326
1750.0 2.47782
1755.0 2.496722
1760.0 2.514754
1765.0 2.49911
1770.0 2.495902
1775.0 2.49957
1780.0 2.479698
1785.0 2.468136
1790.0 2.497622
1795.0 2.488784
1800.0 2.4936
1805.0 2.442644
1810.0 2.494622
1815.0 2.48985
1820.0 2.508046
1825.0 2.417012
1830.0 2.474418
1835.0 2.506858
1840.0 2.498256
1845.0 2.548526
1850.0 2.454532
