0.0 0.829202
5.0 0.821864
10.0 0.821556
15.0 0.829578
20.0 0.837376
25.0 0.833594
30.0 0.834136
35.0 0.82486
40.0 0.817792
45.0 0.81854
50.0 0.825758
55.0 0.817584
60.0 0.47232
65.0 0.836424
70.0 0.82595
75.0 0.834128
80.0 0.837494
85.0 0.83461
90.0 0.826358
95.0 0.0
100.0 0.0
105.0 0.833122
110.0 0.368392
115.0 0.39524
120.0 0.382382
125.0 0.82919
130.0 0.0
135.0 0.839798
140.0 0.120052
145.0 0.387778
150.0 0.830016
155.0 0.0
160.0 0.0
165.0 0.842022
170.0 0.836224
175.0 0.544424
180.0 0.463392
185.0 0.834714
190.0 0.834432
195.0 0.837648
200.0 0.833318
205.0 0.833504
210.0 0.83628
215.0 0.832666
220.0 0.828666
225.0 0.81599
230.0 0.83298
235.0 0.838174
240.0 0.835022
245.0 0.859508
250.0 0.835616
255.0 0.826728
260.0 0.816992
265.0 0.838024
270.0 0.83423
275.0 0.833386
280.0 0.796066
285.0 0.792596
290.0 0.836916
295.0 0.837308
300.0 0.834624
305.0 0.830704
310.0 0.834688
315.0 0.837608
320.0 0.835758
325.0 0.78694
330.0 0.83653
335.0 0.826662
340.0 0.51837
345.0 0.770958
350.0 0.83242
355.0 0.838452
360.0 0.79835
365.0 0.83699
370.0 0.82069
375.0 0.837372
380.0 0.800246
385.0 0.792082
390.0 0.834432
395.0 0.580542
400.0 0.713944
405.0 0.73507
410.0 0.822492
415.0 0.81852
420.0 0.83475
425.0 0.829276
430.0 0.826054
435.0 0.814426
440.0 0.498612
445.0 0.836284
450.0 0.836606
455.0 0.836668
460.0 0.82354
465.0 0.837636
470.0 0.827276
475.0 0.825428
480.0 0.833078
485.0 0.829034
490.0 0.836606
495.0 0.807842
500.0 0.800684
505.0 0.835928
510.0 0.835738
515.0 0.834368
520.0 0.838886
525.0 0.835218
530.0 0.826604
535.0 0.818688
540.0 0.82811
545.0 0.816496
550.0 0.825348
555.0 0.80288
560.0 0.836402
565.0 0.832908
570.0 0.836212
575.0 0.850722
580.0 0.83871
585.0 0.84317
590.0 0.840884
595.0 0.84102
600.0 0.788186
605.0 0.83533
610.0 0.827924
615.0 0.829472
620.0 0.813078
625.0 0.835934
630.0 0.837276
635.0 0.840678
640.0 0.830468
645.0 0.838334
650.0 0.831686
655.0 0.817794
660.0 0.822164
665.0 0.817816
670.0 0.82375
675.0 0.748138
680.0 0.830282
685.0 0.83092
690.0 0.835592
695.0 0.838078
700.0 0.83277
705.0 0.83662
710.0 0.832316
715.0 0.83581
720.0 0.829402
725.0 0.835064
730.0 0.83896
735.0 0.43105
740.0 0.818726
745.0 0.845172
750.0 0.834468
755.0 0.846926
760.0 0.836324
765.0 0.83122
770.0 0.829674
775.0 0.826814
780.0 0.826318
785.0 0.820668
790.0 0.82492
795.0 0.567148
800.0 0.857992
805.0 0.838084
810.0 0.837596
815.0 0.832742
820.0 0.82682
825.0 0.843874
830.0 0.81966
835.0 0.838082
840.0 0.832042
845.0 0.844428
850.0 0.83005
855.0 0.84037
860.0 0.840284
865.0 0.836518
870.0 0.842988
875.0 0.83806
880.0 0.833356
885.0 0.823544
890.0 0.824254
895.0 0.836684
900.0 0.838666
905.0 0.804218
910.0 0.585584
915.0 0.838514
920.0 0.842646
925.0 0.84347
930.0 0.844532
935.0 0.838222
940.0 0.83631
945.0 0.839106
950.0 0.831506
955.0 0.83774
960.0 0.830814
965.0 0.596114
970.0 0.49361
975.0 0.843478
980.0 0.842208
985.0 0.393884
990.0 0.39114
995.0 0.296042
1000.0 0.393888
1005.0 0.72612
1010.0 0.29241
1015.0 0.847232
1020.0 0.822668
1025.0 0.840286
1030.0 0.847336
1035.0 0.843766
1040.0 0.84113
1045.0 0.845376
1050.0 0.834098
1055.0 0.845038
1060.0 0.838822
1065.0 0.838288
1070.0 0.802094
1075.0 0.836988
1080.0 0.84148
1085.0 0.842776
1090.0 0.840206
1095.0 0.839814
1100.0 0.829648
1105.0 0.843276
1110.0 0.635892
1115.0 0.791212
1120.0 0.834642
1125.0 0.83389
1130.0 0.854548
1135.0 0.84473
1140.0 0.84559
1145.0 0.842386
1150.0 0.834078
1155.0 0.83794
1160.0 0.836092
1165.0 0.768036
1170.0 0.764748
1175.0 0.589872
1180.0 0.501946
1185.0 0.8322
1190.0 0.845962
1195.0 0.845142
1200.0 0.8423
1205.0 0.832902
1210.0 0.831648
1215.0 0.811864
1220.0 0.84025
1225.0 0.462534
1230.0 0.844938
1235.0 0.864836
1240.0 0.84194
1245.0 0.868562
1250.0 0.849598
1255.0 0.860918
1260.0 0.838638
1265.0 0.846256
1270.0 0.836942
1275.0 0.84138
1280.0 0.841914
1285.0 0.842776
1290.0 0.83783
1295.0 0.843076
1300.0 0.836876
1305.0 0.835978
1310.0 0.657476
1315.0 0.638702
1320.0 0.849078
1325.0 0.841618
1330.0 0.854002
1335.0 0.841828
1340.0 0.83933
1345.0 0.842584
1350.0 0.847978
1355.0 0.82934
1360.0 0.82157
1365.0 0.853646
1370.0 0.86129
1375.0 0.840592
1380.0 0.866584
1385.0 0.841642
1390.0 0.888254
1395.0 0.872904
1400.0 0.857468
1405.0 0.834712
1410.0 0.839848
1415.0 0.852484
1420.0 0.841336
1425.0 0.841302
1430.0 0.837838
1435.0 0.838464
1440.0 0.841436
1445.0 0.859718
1450.0 0.834462
1455.0 0.797052
1460.0 0.838948
1465.0 0.844608
1470.0 0.845522
1475.0 0.855226
1480.0 0.862496
1485.0 0.838548
1490.0 0.875238
1495.0 0.867408
1500.0 0.485636
1505.0 0.837898
1510.0 0.702944
1515.0 0.795366
1520.0 0.864278
1525.0 0.84024
1530.0 0.84316
1535.0 0.825582
1540.0 0.859416
1545.0 0.869794
1550.0 0.842136
1555.0 0.840484
1560.0 0.835426
1565.0 0.76405
1570.0 0.8465
1575.0 0.842968
1580.0 0.847128
1585.0 0.884426
1590.0 0.850518
1595.0 0.834332
1600.0 0.848812
1605.0 0.849338
1610.0 0.84815
1615.0 0.485468
1620.0 0.842454
1625.0 0.843174
1630.0 0.844164
1635.0 0.853152
1640.0 0.84604
1645.0 0.839536
1650.0 0.843464
