0.0 0.327294
5.0 0.375884
10.0 0.376922
15.0 0.377748
20.0 0.372626
25.0 0.370388
30.0 0.370806
35.0 0.37199
40.0 0.368362
45.0 0.374224
50.0 0.36378
55.0 0.355474
60.0 0.364934
65.0 0.374342
70.0 0.367694
75.0 0.396336
80.0 0.37275
85.0 0.36884
90.0 0.369988
95.0 0.434844
100.0 0.367686
105.0 0.377838
110.0 0.370294
115.0 0.369784
120.0 0.398176
125.0 0.40649
130.0 0.405748
135.0 0.395274
140.0 0.372992
145.0 0.390766
150.0 0.386592
155.0 0.411304
160.0 0.407264
165.0 0.404596
170.0 0.413824
175.0 0.361842
180.0 0.373368
185.0 0.393742
190.0 0.388652
195.0 0.406398
200.0 0.392782
205.0 0.377022
210.0 0.372184
215.0 0.386596
220.0 0.37339
225.0 0.376068
230.0 0.349374
235.0 0.376562
240.0 0.377154
245.0 0.395516
250.0 0.398832
255.0 0.396558
260.0 0.397804
265.0 0.393666
270.0 0.383474
275.0 0.387042
280.0 0.390162
285.0 0.39585
290.0 0.39515
295.0 0.393968
300.0 0.415802
305.0 0.423684
310.0 0.424142
315.0 0.423884
320.0 0.423088
325.0 0.420402
330.0 0.491998
335.0 0.484134
340.0 0.503154
345.0 0.491566
350.0 0.506504
355.0 0.506228
360.0 0.392708
365.0 0.38694
370.0 0.371784
375.0 0.392404
380.0 0.385292
385.0 0.386536
390.0 0.388704
395.0 0.391932
400.0 0.387542
405.0 0.398052
410.0 0.384124
415.0 0.368874
420.0 0.374216
425.0 0.39449
430.0 0.39018
435.0 0.391282
440.0 0.391676
445.0 0.383816
450.0 0.34571
455.0 0.376244
460.0 0.381834
465.0 0.371204
470.0 0.387824
475.0 0.379666
480.0 0.385046
485.0 0.393854
490.0 0.403406
495.0 0.403326
500.0 0.39969
505.0 0.366834
510.0 0.316608
515.0 0.377912
520.0 0.17581
525.0 0.377186
530.0 0.380178
535.0 0.37566
540.0 0.387026
545.0 0.384152
550.0 0.376838
555.0 0.389768
560.0 0.390868
565.0 0.3743
570.0 0.384672
575.0 0.380202
580.0 0.386902
585.0 0.38566
590.0 0.385548
595.0 0.386782
600.0 0.39372
605.0 0.380544
610.0 0.394834
615.0 0.381428
620.0 0.37909
625.0 0.396096
630.0 0.397242
635.0 0.392388
640.0 0.37593
645.0 0.376994
650.0 0.374314
655.0 0.367922
660.0 0.427374
665.0 0.429718
670.0 0.432046
675.0 0.42946
680.0 0.429674
685.0 0.431334
690.0 0.443932
695.0 0.44583
700.0 0.451566
705.0 0.444708
710.0 0.438896
715.0 0.444038
720.0 0.384444
725.0 0.393638
730.0 0.387852
735.0 0.397526
740.0 0.394036
745.0 0.394792
750.0 0.369582
755.0 0.380368
760.0 0.377266
765.0 0.376474
770.0 0.375252
775.0 0.38091
780.0 0.390246
785.0 0.386774
790.0 0.3716
795.0 0.371432
800.0 0.376478
805.0 0.367872
810.0 0.372532
815.0 0.37534
820.0 0.394394
825.0 0.422574
830.0 0.390548
835.0 0.396206
840.0 0.410758
845.0 0.377942
850.0 0.375642
855.0 0.369312
860.0 0.382912
865.0 0.389536
870.0 0.389872
875.0 0.37195
880.0 0.326546
885.0 0.402366
890.0 0.407168
895.0 0.409892
900.0 0.375076
905.0 0.376196
910.0 0.374102
915.0 0.391986
920.0 0.39263
925.0 0.386848
930.0 0.39576
935.0 0.199622
940.0 0.376216
945.0 0.376482
950.0 0.374486
955.0 0.390462
960.0 0.381004
965.0 0.376638
970.0 0.384942
975.0 0.377522
980.0 0.378716
985.0 0.376922
990.0 0.359458
995.0 0.392852
1000.0 0.376748
1005.0 0.3758
1010.0 0.377312
1015.0 0.375256
1020.0 0.3589
1025.0 0.373604
1030.0 0.379356
1035.0 0.396422
1040.0 0.387768
1045.0 0.372794
1050.0 0.374626
1055.0 0.36546
1060.0 0.38328
1065.0 0.426908
1070.0 0.41768
1075.0 0.3779
1080.0 0.37819
1085.0 0.37733
1090.0 0.378866
1095.0 0.38243
1100.0 0.377902
1105.0 0.504
1110.0 0.440282
1115.0 0.419444
1120.0 0.415962
1125.0 0.349052
1130.0 0.368628
1135.0 0.386242
1140.0 0.394536
1145.0 0.387096
1150.0 0.380958
1155.0 0.39081
1160.0 0.404052
1165.0 0.414084
1170.0 0.424782
1175.0 0.427256
1180.0 0.426584
1185.0 0.39809
1190.0 0.404628
1195.0 0.395172
1200.0 0.393052
1205.0 0.417542
1210.0 0.39189
1215.0 0.42299
1220.0 0.412494
1225.0 0.390606
1230.0 0.391848
1235.0 0.393274
1240.0 0.41426
1245.0 0.411944
1250.0 0.413706
1255.0 0.39527
1260.0 0.377406
1265.0 0.376932
1270.0 0.379238
1275.0 0.378668
1280.0 0.374916
1285.0 0.377872
1290.0 0.3913
1295.0 0.378902
1300.0 0.380378
1305.0 0.40129
1310.0 0.412018
1315.0 0.38846
1320.0 0.372934
1325.0 0.386024
1330.0 0.383552
1335.0 0.39567
1340.0 0.401908
1345.0 0.39291
1350.0 0.39154
1355.0 0.391254
1360.0 0.39487
1365.0 0.379728
1370.0 0.38681
1375.0 0.388498
1380.0 0.376524
1385.0 0.389518
1390.0 0.40064
1395.0 0.391802
1400.0 0.399452
1405.0 0.199622
1410.0 0.39716
1415.0 0.38093
1420.0 0.383108
1425.0 0.378646
1430.0 0.380594
1435.0 0.384294
1440.0 0.384158
1445.0 0.390302
1450.0 0.391772
1455.0 0.387402
1460.0 0.399636
1465.0 0.412734
1470.0 0.393448
1475.0 0.37831
1480.0 0.374712
1485.0 0.376068
1490.0 0.373378
1495.0 0.37348
1500.0 0.506546
1505.0 0.474626
1510.0 0.512096
1515.0 0.50649
1520.0 0.443348
1525.0 0.475802
1530.0 0.36274
1535.0 0.390688
1540.0 0.374368
1545.0 0.374256
