0.0 0.740236
5.0 0.688494
10.0 0.671294
15.0 0.59042
20.0 0.663112
25.0 0.76487
30.0 0.639868
35.0 0.756074
40.0 0.741976
45.0 0.709598
50.0 0.697582
55.0 0.756388
60.0 0.655782
65.0 0.740002
70.0 0.735822
75.0 0.073374
80.0 0.765088
85.0 0.755916
90.0 0.770066
95.0 0.567922
100.0 0.75445
105.0 0.674316
110.0 0.783148
115.0 0.742882
120.0 0.68309
125.0 0.817486
130.0 0.837374
135.0 0.843362
140.0 0.677532
145.0 0.687226
150.0 0.71049
155.0 0.766938
160.0 0.743046
165.0 0.497858
170.0 0.804314
175.0 0.749004
180.0 0.792112
185.0 0.673426
190.0 0.697
195.0 0.740824
200.0 0.765922
205.0 0.701716
210.0 0.699128
215.0 0.720474
220.0 0.706248
225.0 0.749054
230.0 0.732178
235.0 0.766342
240.0 0.377644
245.0 0.830118
250.0 0.808982
255.0 0.780952
260.0 0.791644
265.0 0.822134
270.0 0.764604
275.0 0.791412
280.0 0.782722
285.0 0.680754
290.0 0.80362
295.0 0.883912
300.0 0.855538
305.0 0.610176
310.0 0.856288
315.0 0.818196
320.0 0.659006
325.0 1.004574
330.0 0.979464
335.0 1.005598
340.0 0.868274
345.0 0.869412
350.0 0.70728
355.0 0.76734
360.0 0.732914
365.0 0.751796
370.0 0.707222
375.0 0.678862
380.0 0.704498
385.0 0.775104
390.0 0.703936
395.0 0.761768
400.0 0.74584
405.0 0.616066
410.0 0.794672
415.0 0.803684
420.0 0.710356
425.0 0.793366
430.0 0.760892
435.0 0.724944
440.0 0.699106
445.0 0.673546
450.0 0.726036
455.0 0.787424
460.0 0.753776
465.0 0.716562
470.0 0.743136
475.0 0.697002
480.0 0.722634
485.0 0.758474
490.0 0.682124
495.0 0.784182
500.0 0.675476
505.0 0.402436
510.0 0.785392
515.0 0.723224
520.0 0.708732
525.0 0.786098
530.0 0.796484
535.0 0.738452
540.0 0.769968
545.0 0.766754
550.0 0.74488
555.0 0.729022
560.0 0.78516
565.0 0.695384
570.0 0.789422
575.0 0.754192
580.0 0.654914
585.0 0.743946
590.0 0.076338
595.0 0.751036
600.0 0.787104
605.0 0.812702
610.0 0.848694
615.0 0.80062
620.0 0.886136
625.0 0.771626
630.0 0.81959
635.0 0.911056
640.0 0.79958
645.0 0.824376
650.0 0.80342
655.0 0.805286
660.0 0.737142
665.0 0.709442
670.0 0.760406
675.0 0.660596
680.0 0.751532
685.0 0.744668
690.0 0.698344
695.0 0.765714
700.0 0.790774
705.0 0.693424
710.0 0.780148
715.0 0.79382
720.0 0.770236
725.0 0.819922
730.0 0.69777
735.0 0.802088
740.0 0.751706
745.0 0.78813
750.0 0.695784
755.0 0.740466
760.0 0.800016
765.0 0.764636
770.0 0.695628
775.0 0.627564
780.0 0.649642
785.0 0.677158
790.0 0.669928
795.0 0.742716
800.0 0.63737
805.0 0.830206
810.0 0.718462
815.0 0.416708
820.0 0.769436
825.0 0.705762
830.0 0.67475
835.0 0.791506
840.0 0.80845
845.0 0.786002
850.0 0.812428
855.0 0.752994
860.0 0.759388
865.0 0.671448
870.0 0.75922
875.0 0.700578
880.0 0.783456
885.0 0.686334
890.0 0.694736
895.0 0.66553
900.0 0.7952
905.0 0.74676
910.0 0.740306
915.0 0.760768
920.0 0.79034
925.0 0.734048
930.0 0.747088
935.0 0.634514
940.0 0.718634
945.0 0.732022
950.0 0.785774
955.0 0.73723
960.0 0.724818
965.0 0.761774
970.0 0.668072
975.0 0.753598
980.0 0.789528
985.0 0.852824
990.0 0.73305
995.0 0.687004
1000.0 0.746306
1005.0 0.70336
1010.0 0.775886
1015.0 0.827636
1020.0 0.750822
1025.0 0.771052
1030.0 0.843608
1035.0 0.759674
1040.0 0.795766
1045.0 0.719192
1050.0 0.810396
1055.0 0.722414
1060.0 0.606906
1065.0 0.775836
1070.0 0.892406
1075.0 0.882488
1080.0 0.805366
1085.0 0.793096
1090.0 0.691706
1095.0 0.49543
1100.0 0.744996
1105.0 0.80321
1110.0 0.821446
1115.0 0.824722
1120.0 0.839862
1125.0 0.781906
1130.0 0.680516
1135.0 0.76219
1140.0 0.759246
1145.0 0.778378
1150.0 0.776916
1155.0 0.395346
1160.0 0.68425
1165.0 0.76133
1170.0 0.778116
1175.0 0.674394
1180.0 0.692128
1185.0 0.670148
1190.0 0.685176
1195.0 0.761684
1200.0 0.66525
1205.0 0.835696
1210.0 0.748388
1215.0 0.780876
1220.0 0.578294
1225.0 0.769582
1230.0 0.75691
1235.0 0.852468
1240.0 0.72497
1245.0 0.734582
1250.0 0.796066
1255.0 0.708152
1260.0 0.743108
1265.0 0.788768
1270.0 0.75954
1275.0 0.801006
1280.0 0.810714
1285.0 0.828364
1290.0 0.799522
1295.0 0.80591
1300.0 0.81061
1305.0 0.825634
1310.0 0.772142
1315.0 0.752358
1320.0 0.728486
1325.0 0.775324
1330.0 0.68861
1335.0 0.724452
1340.0 0.772616
1345.0 0.7524
1350.0 0.672956
1355.0 0.827716
1360.0 0.786462
1365.0 0.738828
1370.0 0.715734
1375.0 0.713742
1380.0 0.676754
1385.0 0.671448
1390.0 0.66952
1395.0 0.611366
1400.0 1.009698
1405.0 0.920892
1410.0 0.922778
1415.0 0.860946
1420.0 0.915008
1425.0 0.758332
1430.0 0.760324
1435.0 0.66356
1440.0 0.749362
1445.0 0.78784
1450.0 0.752322
1455.0 0.736312
1460.0 0.837066
1465.0 0.75523
1470.0 0.731464
1475.0 0.822684
1480.0 0.694306
1485.0 0.686278
1490.0 0.810408
1495.0 0.734644
1500.0 0.73161
1505.0 0.720142
1510.0 0.675296
1515.0 0.766692
1520.0 0.777102
1525.0 0.792684
1530.0 0.768232
1535.0 0.80596
1540.0 0.214134
1545.0 0.741978
1550.0 0.735918
1555.0 0.660772
1560.0 0.789874
1565.0 0.763656
1570.0 0.786584
1575.0 0.754618
1580.0 0.789678
1585.0 0.740722
1590.0 0.768914
1595.0 0.71287
1600.0 0.735628
1605.0 0.71101
1610.0 0.052876
1615.0 0.563634
1620.0 0.634018
1625.0 0.762594
1630.0 0.730038
1635.0 0.739886
1640.0 0.808466
1645.0 0.723532
1650.0 0.709628
1655.0 0.768304
1660.0 0.737924
1665.0 0.72865
1670.0 0.877252
1675.0 0.467808
1680.0 0.714446
1685.0 0.815418
1690.0 0.791626
1695.0 0.715896
1700.0 0.782998
1705.0 0.709696
1710.0 0.805184
1715.0 0.779988
1720.0 0.770774
