0.0 0.674972
5.0 0.66594
10.0 0.574678
15.0 0.57067
20.0 0.618386
25.0 0.683736
30.0 0.632482
35.0 0.577346
40.0 0.653216
45.0 0.651594
50.0 0.580072
55.0 0.667688
60.0 0.656398
65.0 0.646354
70.0 0.674478
75.0 0.762552
80.0 0.612712
85.0 0.603348
90.0 0.65243
95.0 0.694012
100.0 0.759346
105.0 0.630498
110.0 0.674522
115.0 0.583854
120.0 0.688382
125.0 0.709782
130.0 0.748828
135.0 0.639668
140.0 0.727498
145.0 0.564528
150.0 0.589884
155.0 0.652166
160.0 0.686976
165.0 0.691888
170.0 0.556682
175.0 0.656634
180.0 0.644484
185.0 0.6554
190.0 0.638614
195.0 0.564308
200.0 0.684504
205.0 0.679066
210.0 0.639732
215.0 0.608656
220.0 0.677584
225.0 0.685282
230.0 0.745508
235.0 0.689974
240.0 0.353224
245.0 0.715986
250.0 0.636922
255.0 0.718482
260.0 0.76416
265.0 0.876354
270.0 0.90176
275.0 0.788892
280.0 0.857164
285.0 0.89571
290.0 0.67682
295.0 0.123586
300.0 0.652226
305.0 0.270928
310.0 0.673462
315.0 0.61027
320.0 0.665854
325.0 0.670852
330.0 0.591076
335.0 0.583808
340.0 0.64405
345.0 0.67161
350.0 0.591896
355.0 0.65031
360.0 0.595084
365.0 0.669438
370.0 0.58093
375.0 0.650554
380.0 0.56261
385.0 0.670096
390.0 0.657522
395.0 0.612442
400.0 0.548546
405.0 0.698276
410.0 0.674816
415.0 0.62761
420.0 0.64438
425.0 0.574912
430.0 0.66005
435.0 0.668566
440.0 0.67584
445.0 0.652248
450.0 0.653366
455.0 0.652374
460.0 0.654954
465.0 0.602522
470.0 0.6802
475.0 0.653868
480.0 0.60036
485.0 0.670286
490.0 0.679136
495.0 0.62989
500.0 0.574102
505.0 0.618774
510.0 0.65531
515.0 0.587176
520.0 0.673462
525.0 0.592646
530.0 0.64901
535.0 0.607338
540.0 0.62843
545.0 0.632946
550.0 0.653998
555.0 0.736962
560.0 0.705834
565.0 0.75785
570.0 0.738424
575.0 0.748368
580.0 0.737298
585.0 0.67515
590.0 0.769558
595.0 0.774944
600.0 0.708428
605.0 0.674866
610.0 0.74278
615.0 0.595996
620.0 0.67488
625.0 0.673058
630.0 0.689192
635.0 0.689198
640.0 0.624224
645.0 0.656038
650.0 0.643224
655.0 0.644734
660.0 0.572248
665.0 0.560636
670.0 0.655488
675.0 0.679092
680.0 0.667908
685.0 0.640136
690.0 0.561032
695.0 0.57411
700.0 0.67669
705.0 0.649518
710.0 0.70046
715.0 0.666828
720.0 0.612222
725.0 0.588824
730.0 0.713862
735.0 0.593572
740.0 0.587
745.0 0.569726
750.0 0.584048
755.0 0.601782
760.0 0.643208
765.0 0.630616
770.0 0.65004
775.0 0.519798
780.0 0.606208
785.0 0.71202
790.0 0.565942
795.0 0.631256
800.0 0.679416
805.0 0.66874
810.0 0.59885
815.0 0.67138
820.0 0.657084
825.0 0.647338
830.0 0.643882
835.0 0.671942
840.0 0.64994
845.0 0.645994
850.0 0.666392
855.0 0.564818
860.0 0.63317
865.0 0.605586
870.0 0.611008
875.0 0.545604
880.0 0.664008
885.0 0.583588
890.0 0.677138
895.0 0.72016
900.0 0.625224
905.0 0.649182
910.0 0.574716
915.0 0.621444
920.0 0.674566
925.0 0.75855
930.0 0.765428
935.0 0.715856
940.0 0.749016
945.0 0.625934
950.0 0.636766
955.0 0.60153
960.0 0.575386
965.0 0.685746
970.0 0.660714
975.0 0.738116
980.0 0.711752
985.0 0.611252
990.0 0.59106
995.0 0.69985
1000.0 0.699526
1005.0 0.660848
1010.0 0.65471
1015.0 0.690906
1020.0 0.725724
1025.0 0.687152
1030.0 0.62812
1035.0 0.627048
1040.0 0.611958
1045.0 0.626604
1050.0 0.586114
1055.0 0.640558
1060.0 0.574714
1065.0 0.649364
1070.0 0.619112
1075.0 0.55181
1080.0 0.57089
1085.0 0.546244
1090.0 0.616522
1095.0 0.671876
1100.0 0.672618
1105.0 0.617226
1110.0 0.63185
1115.0 0.667932
1120.0 0.538258
1125.0 0.582464
1130.0 0.689354
1135.0 0.633654
1140.0 0.583166
1145.0 0.637898
1150.0 0.495432
1155.0 0.398016
1160.0 0.57095
1165.0 0.584806
1170.0 0.612614
1175.0 0.681682
1180.0 0.66989
1185.0 0.644834
1190.0 0.668522
1195.0 0.730356
1200.0 0.661484
1205.0 0.653986
1210.0 0.651916
1215.0 0.569998
1220.0 0.57242
1225.0 0.548638
1230.0 0.839656
1235.0 0.86858
1240.0 0.86147
1245.0 0.751276
1250.0 0.692586
1255.0 0.812986
1260.0 0.609822
1265.0 0.561408
1270.0 0.646254
1275.0 0.632588
1280.0 0.289746
1285.0 0.327766
1290.0 0.371328
1295.0 0.42105
1300.0 0.67968
1305.0 0.568884
1310.0 0.612084
1315.0 0.594592
1320.0 0.606988
1325.0 0.693894
1330.0 0.713372
1335.0 0.717552
1340.0 0.702854
1345.0 0.72307
1350.0 0.652728
1355.0 0.509464
1360.0 0.563682
1365.0 0.684306
1370.0 0.682276
1375.0 0.618198
1380.0 0.45524
1385.0 0.643954
1390.0 0.650784
1395.0 0.663076
1400.0 0.6407
1405.0 0.557468
1410.0 0.683784
1415.0 0.522642
1420.0 0.560846
1425.0 0.58807
1430.0 0.642756
1435.0 0.56927
1440.0 0.657716
1445.0 0.61318
1450.0 0.558036
1455.0 0.64412
1460.0 0.65648
1465.0 0.657862
1470.0 0.647944
1475.0 0.562076
1480.0 0.643826
1485.0 0.681564
1490.0 0.593028
1495.0 0.701152
1500.0 0.621444
1505.0 0.670044
1510.0 0.680584
1515.0 0.646262
1520.0 0.678626
1525.0 0.681238
1530.0 0.66605
1535.0 0.559492
1540.0 0.62262
1545.0 0.63733
