0.0 0.959058
5.0 0.622502
10.0 0.613032
15.0 0.613142
20.0 0.98744
25.0 0.658336
30.0 0.633106
35.0 0.653018
40.0 0.656796
45.0 0.624054
50.0 0.975262
55.0 0.93802
60.0 0.9352
65.0 0.638946
70.0 0.96498
75.0 0.661052
80.0 0.627854
85.0 0.631778
90.0 0.672158
95.0 0.618098
100.0 0.950642
105.0 0.60975
110.0 0.619834
115.0 0.95082
120.0 0.924228
125.0 0.676192
130.0 0.678036
135.0 0.676066
140.0 0.673134
145.0 0.646724
150.0 0.348304
155.0 0.6367
160.0 1.029002
165.0 0.683388
170.0 0.69066
175.0 0.695902
180.0 0.64008
185.0 0.918736
190.0 0.652466
195.0 0.59865
200.0 0.594382
205.0 1.02904
210.0 0.95734
215.0 0.65553
220.0 0.683362
225.0 0.685518
230.0 0.644572
235.0 0.647186
240.0 0.633218
245.0 0.987102
250.0 0.692032
255.0 0.66727
260.0 0.724494
265.0 1.032976
270.0 0.680848
275.0 0.645864
280.0 1.044572
285.0 0.66024
290.0 0.999718
295.0 0.645264
300.0 0.691164
305.0 0.737636
310.0 0.695408
315.0 0.72606
320.0 0.72546
325.0 1.13009
330.0 1.11128
335.0 0.649284
340.0 0.919734
345.0 0.93514
350.0 0.940744
355.0 0.657914
360.0 0.684526
365.0 0.683976
370.0 0.624164
375.0 0.97023
380.0 0.698504
385.0 0.672866
390.0 0.672244
395.0 0.705692
400.0 0.682308
405.0 0.644282
410.0 0.633194
415.0 0.667512
420.0 0.661306
425.0 0.33126
430.0 0.632408
435.0 0.70477
440.0 1.172026
445.0 0.784606
450.0 0.780402
455.0 0.754018
460.0 1.162154
465.0 0.750136
470.0 0.625024
475.0 0.655516
480.0 0.648368
485.0 0.987532
490.0 0.974936
495.0 0.702468
500.0 0.689952
505.0 0.66434
510.0 0.667236
515.0 0.6543
520.0 0.625248
525.0 0.66436
530.0 0.932318
535.0 0.949344
540.0 0.671008
545.0 0.65762
550.0 0.970378
555.0 0.638092
560.0 0.676976
565.0 0.6987
570.0 0.708848
575.0 0.658408
580.0 0.632448
585.0 0.641044
590.0 0.66177
595.0 0.642988
600.0 0.644518
605.0 0.633072
610.0 0.627276
615.0 0.654812
620.0 0.691468
625.0 0.992322
630.0 0.69175
635.0 0.670122
640.0 0.670384
645.0 0.326174
650.0 0.931854
655.0 0.630064
660.0 0.63046
665.0 0.59161
670.0 0.580416
675.0 0.586622
680.0 0.59659
685.0 0.584504
690.0 0.626566
695.0 0.583684
700.0 0.585388
705.0 0.623262
710.0 0.607876
715.0 0.60964
720.0 0.613124
725.0 1.004478
730.0 0.652546
735.0 0.666624
740.0 1.047978
745.0 0.673618
750.0 0.671742
755.0 0.660546
760.0 0.619816
765.0 0.631946
770.0 0.623592
775.0 0.94876
780.0 0.627172
785.0 0.675192
790.0 0.634348
795.0 0.635282
800.0 0.674428
805.0 0.331718
810.0 0.681402
815.0 0.953188
820.0 1.002022
825.0 0.568688
830.0 0.735512
835.0 0.495178
840.0 0.535358
845.0 0.743738
850.0 0.62944
855.0 0.630216
860.0 0.65542
865.0 0.62843
870.0 0.711606
875.0 0.679954
880.0 0.644396
885.0 0.626282
890.0 0.56447
895.0 0.557382
900.0 0.552996
905.0 0.615206
910.0 0.638808
915.0 0.643964
920.0 0.66846
925.0 0.71982
930.0 1.049008
935.0 0.66556
940.0 0.622238
945.0 0.621356
950.0 0.65324
955.0 0.678038
960.0 0.65177
965.0 0.638236
970.0 0.617106
975.0 0.669216
980.0 0.630498
985.0 0.663528
990.0 0.68999
995.0 0.560802
1000.0 0.54491
1005.0 0.532104
1010.0 0.733496
1015.0 0.665944
1020.0 0.662474
1025.0 0.973766
1030.0 0.647378
1035.0 0.668758
1040.0 0.702964
1045.0 1.034414
1050.0 0.687282
1055.0 0.9641
1060.0 0.635876
1065.0 0.573224
1070.0 0.615798
1075.0 0.641284
1080.0 0.58362
1085.0 0.964782
1090.0 0.963508
1095.0 0.652296
1100.0 0.638044
1105.0 0.538888
1110.0 0.498112
1115.0 0.594526
1120.0 0.579252
1125.0 0.56455
1130.0 0.497268
1135.0 0.544474
1140.0 0.533694
1145.0 0.721348
1150.0 0.543442
1155.0 0.534836
1160.0 0.586604
1165.0 0.559862
1170.0 0.622042
1175.0 0.74789
1180.0 0.58151
1185.0 0.679478
1190.0 1.016748
1195.0 0.988974
1200.0 0.69323
1205.0 0.746144
1210.0 0.66532
1215.0 0.69629
1220.0 1.096916
1225.0 0.693058
1230.0 0.668204
1235.0 0.67221
1240.0 0.662294
1245.0 0.449656
1250.0 0.53726
1255.0 0.434228
1260.0 0.443948
1265.0 0.654714
1270.0 0.66109
1275.0 0.664326
1280.0 0.768676
1285.0 0.748364
1290.0 0.518032
1295.0 0.982128
1300.0 0.650024
1305.0 0.653414
1310.0 0.587272
1315.0 0.45649
1320.0 0.575964
1325.0 0.62902
1330.0 0.640692
1335.0 0.998158
1340.0 0.689662
1345.0 0.703986
1350.0 0.666778
1355.0 0.670992
1360.0 0.656484
1365.0 0.670542
1370.0 0.675618
1375.0 0.64595
1380.0 0.501598
1385.0 0.998362
1390.0 0.643538
1395.0 1.003228
1400.0 0.673058
1405.0 0.683938
1410.0 0.74062
1415.0 1.10966
1420.0 0.702646
1425.0 0.627194
1430.0 1.023112
1435.0 0.666402
1440.0 0.971902
1445.0 0.974892
1450.0 0.661598
1455.0 0.650518
1460.0 0.734792
1465.0 0.609814
1470.0 1.040556
1475.0 0.662602
1480.0 1.00234
1485.0 0.640316
1490.0 0.643672
1495.0 0.638496
1500.0 0.624616
1505.0 0.905748
1510.0 0.672564
1515.0 0.67795
1520.0 0.616198
1525.0 0.624202
1530.0 0.629046
1535.0 0.629682
1540.0 0.664152
1545.0 1.004138
1550.0 0.989214
1555.0 0.642258
1560.0 0.621968
1565.0 1.017352
1570.0 1.05187
1575.0 0.662428
1580.0 0.682936
1585.0 0.709284
1590.0 0.669532
1595.0 0.45398
1600.0 0.444136
1605.0 0.545704
1610.0 0.46609
1615.0 0.441304
1620.0 0.438
1625.0 0.687842
1630.0 0.652232
1635.0 0.678902
1640.0 0.65467
1645.0 0.691314
1650.0 0.74902
1655.0 0.69252
1660.0 0.68104
1665.0 0.644336
1670.0 1.001944
1675.0 0.62656
1680.0 0.622746
1685.0 1.034054
1690.0 0.942818
1695.0 0.631508
1700.0 1.005136
1705.0 0.658712
1710.0 0.682948
1715.0 0.697406
1720.0 0.654212
1725.0 0.66428
1730.0 0.645972
1735.0 0.65569
1740.0 0.634126
1745.0 0.983198
1750.0 0.644466
1755.0 0.780452
1760.0 0.576032
1765.0 0.619044
1770.0 0.693848
1775.0 0.675394
1780.0 0.655038
1785.0 0.664896
1790.0 0.581138
1795.0 0.714098
1800.0 0.679722
1805.0 0.584298
1810.0 0.555986
1815.0 0.545424
1820.0 0.554694
1825.0 0.715714
1830.0 0.690158
1835.0 0.677454
1840.0 0.683958
1845.0 0.717278
1850.0 0.625938
1855.0 0.640682
