0.0 0.781498
5.0 0.776286
10.0 0.72575
15.0 0.65202
20.0 0.737248
25.0 0.727296
30.0 0.75981
35.0 0.731814
40.0 0.735124
45.0 0.40895
50.0 0.729796
55.0 0.727308
60.0 0.774808
65.0 0.612736
70.0 0.734146
75.0 0.731742
80.0 0.673766
85.0 0.715878
90.0 0.729244
95.0 0.666434
100.0 0.719806
105.0 0.73334
110.0 0.744658
115.0 0.736234
120.0 0.796194
125.0 0.791242
130.0 0.80872
135.0 0.721328
140.0 0.683258
145.0 0.717058
150.0 0.457096
155.0 0.787114
160.0 0.726366
165.0 0.688942
170.0 0.767166
175.0 0.63419
180.0 0.645832
185.0 0.78045
190.0 0.813836
195.0 0.690712
200.0 0.72024
205.0 0.587362
210.0 0.712268
215.0 0.7591
220.0 0.77893
225.0 0.71993
230.0 0.657322
235.0 0.636886
240.0 0.769494
245.0 0.793922
250.0 0.704386
255.0 0.678186
260.0 0.775826
265.0 0.094888
270.0 0.749016
275.0 0.415922
280.0 0.636588
285.0 0.692482
290.0 0.463388
295.0 0.723132
300.0 0.855874
305.0 0.81321
310.0 0.818998
315.0 0.70468
320.0 0.83991
325.0 0.779358
330.0 0.660752
335.0 0.94468
340.0 1.01616
345.0 1.003538
350.0 1.01964
355.0 0.98698
360.0 0.779666
365.0 0.710958
370.0 0.693348
375.0 0.766892
380.0 0.684258
385.0 0.778012
390.0 0.68752
395.0 0.760192
400.0 0.770028
405.0 0.678392
410.0 0.754572
415.0 0.713384
420.0 0.750492
425.0 0.689998
430.0 0.76802
435.0 0.688956
440.0 0.699582
445.0 0.6929
450.0 0.768502
455.0 0.74441
460.0 0.682494
465.0 0.728184
470.0 0.640174
475.0 0.766776
480.0 0.760526
485.0 0.6537
490.0 0.656914
495.0 0.800934
500.0 0.587782
505.0 0.684316
510.0 0.741256
515.0 0.696856
520.0 0.743708
525.0 0.744024
530.0 0.5994
535.0 0.749962
540.0 0.757822
545.0 0.775224
550.0 0.751434
555.0 0.758336
560.0 0.780056
565.0 0.616334
570.0 0.7607
575.0 0.767786
580.0 0.38367
585.0 0.642802
590.0 0.770016
595.0 0.726604
600.0 0.779682
605.0 0.784618
610.0 0.758352
615.0 0.661398
620.0 0.609044
625.0 0.615996
630.0 0.552082
635.0 0.685248
640.0 0.708872
645.0 0.728136
650.0 0.683542
655.0 0.716694
660.0 0.820726
665.0 0.779304
670.0 0.858152
675.0 0.846672
680.0 0.83416
685.0 0.84387
690.0 0.82262
695.0 0.886734
700.0 0.77465
705.0 0.870158
710.0 0.072196
715.0 0.84493
720.0 0.791842
725.0 0.773348
730.0 0.763318
735.0 0.724778
740.0 0.768174
745.0 0.572722
750.0 0.765232
755.0 0.75373
760.0 0.664906
765.0 0.752732
770.0 0.455712
775.0 0.756358
780.0 0.754828
785.0 0.690868
790.0 0.640666
795.0 0.753364
800.0 0.748636
805.0 0.767274
810.0 0.723012
815.0 0.772558
820.0 0.790072
825.0 0.770716
830.0 0.499422
835.0 0.786426
840.0 0.81765
845.0 0.75477
850.0 0.74978
855.0 0.710366
860.0 0.743754
865.0 0.607564
870.0 0.740832
875.0 0.0
880.0 0.0
885.0 0.0
890.0 0.0
895.0 0.38629
900.0 0.745586
905.0 0.672696
910.0 0.662
915.0 0.683212
920.0 0.766664
925.0 0.76233
930.0 0.582696
935.0 0.54978
940.0 0.727698
945.0 0.75616
950.0 0.430556
955.0 0.419876
960.0 0.74954
965.0 0.763564
970.0 0.76262
975.0 0.744814
980.0 0.776142
985.0 0.336448
990.0 0.794928
995.0 0.787798
1000.0 0.667052
1005.0 0.79603
1010.0 0.743642
1015.0 0.749048
1020.0 0.744102
1025.0 0.756522
1030.0 0.669718
1035.0 0.768924
1040.0 0.791114
1045.0 0.729644
1050.0 0.738466
1055.0 0.657428
1060.0 0.861782
1065.0 0.763114
1070.0 0.758576
1075.0 0.686532
1080.0 0.64897
1085.0 0.640544
1090.0 0.757834
1095.0 0.300384
1100.0 0.78537
1105.0 0.92073
1110.0 0.412244
1115.0 0.833506
1120.0 0.863214
1125.0 0.661558
1130.0 0.750144
1135.0 0.769876
1140.0 0.575024
1145.0 0.671126
1150.0 0.693086
1155.0 0.756836
1160.0 0.84919
1165.0 0.830848
1170.0 0.644348
1175.0 0.751978
1180.0 0.780918
1185.0 0.0
1190.0 0.0
1195.0 0.0
1200.0 0.854108
1205.0 0.78974
1210.0 0.627374
1215.0 0.726168
1220.0 0.822272
1225.0 0.62525
1230.0 0.64286
1235.0 0.779358
1240.0 0.834988
1245.0 0.815902
1250.0 0.826642
1255.0 0.81406
1260.0 0.764006
1265.0 0.679164
1270.0 0.675774
1275.0 0.754016
1280.0 0.638248
1285.0 0.718422
1290.0 0.766294
1295.0 0.762484
1300.0 0.622098
1305.0 0.834382
1310.0 0.81948
1315.0 0.634956
1320.0 0.67162
1325.0 0.744008
1330.0 0.727406
1335.0 0.816152
1340.0 0.705862
1345.0 0.806742
1350.0 0.772848
1355.0 0.700158
1360.0 0.707204
1365.0 0.751756
1370.0 0.644146
1375.0 0.687486
1380.0 0.726534
1385.0 0.776308
1390.0 0.762542
1395.0 0.783802
1400.0 0.794516
1405.0 0.78915
1410.0 0.730706
1415.0 0.705884
1420.0 0.550364
1425.0 0.75118
1430.0 0.743402
1435.0 0.797606
1440.0 0.769036
1445.0 0.65991
1450.0 0.6948
1455.0 0.815746
1460.0 0.753964
1465.0 0.698436
1470.0 0.720676
1475.0 0.724572
1480.0 0.691952
1485.0 0.698086
1490.0 0.590506
1495.0 0.883656
1500.0 0.845356
1505.0 0.253326
1510.0 0.880068
1515.0 0.896274
1520.0 0.939264
1525.0 0.66963
1530.0 0.728556
1535.0 0.639944
1540.0 0.687986
1545.0 0.662612
1550.0 0.66567
1555.0 0.777238
1560.0 0.686018
1565.0 0.313348
1570.0 0.341
1575.0 0.510332
1580.0 0.255658
1585.0 0.755084
1590.0 0.781172
1595.0 0.396314
1600.0 0.708824
1605.0 0.77746
1610.0 0.706042
1615.0 0.77503
1620.0 0.781374
1625.0 0.741846
1630.0 0.719912
1635.0 0.767172
1640.0 0.609692
1645.0 0.799728
1650.0 0.676752
1655.0 0.50057
1660.0 0.673088
1665.0 0.728866
1670.0 0.74571
1675.0 0.752722
1680.0 0.736902
1685.0 0.66786
1690.0 0.733952
1695.0 0.729186
1700.0 0.594288
1705.0 0.672916
1710.0 0.72968
1715.0 0.735962
1720.0 0.657636
1725.0 0.770728
1730.0 0.729596
1735.0 0.350172
1740.0 0.399692
1745.0 0.58976
1750.0 0.751354
1755.0 0.629508
1760.0 0.69395
1765.0 0.661356
1770.0 0.77806
1775.0 0.72084
1780.0 0.747208
1785.0 0.660932
1790.0 0.61765
1795.0 0.730258
1800.0 0.591154
1805.0 0.664064
1810.0 0.677546
1815.0 0.714592
1820.0 0.65162
1825.0 0.669468
1830.0 0.775826
1835.0 0.664
1840.0 0.32752
1845.0 0.642202
