0.0 0.65001
5.0 0.689502
10.0 0.80535
15.0 0.823058
20.0 0.482258
25.0 0.782594
30.0 0.748376
35.0 0.730864
40.0 0.612878
45.0 0.73098
50.0 0.501832
55.0 0.833642
60.0 0.875704
65.0 0.83363
70.0 0.79269
75.0 0.572714
80.0 0.812638
85.0 0.891418
90.0 0.634952
95.0 0.734468
100.0 0.840252
105.0 0.709028
110.0 0.920866
115.0 0.798366
120.0 0.843532
125.0 0.771086
130.0 0.802934
135.0 0.876966
140.0 0.876634
145.0 0.853968
150.0 0.695762
155.0 0.830606
160.0 0.864922
165.0 0.85366
170.0 0.827518
175.0 0.828472
180.0 0.842322
185.0 0.74203
190.0 0.900808
195.0 0.771584
200.0 0.699936
205.0 0.89275
210.0 0.745094
215.0 0.783616
220.0 0.716526
225.0 0.898672
230.0 0.844202
235.0 0.890162
240.0 0.906516
245.0 0.942554
250.0 0.817328
255.0 1.105116
260.0 1.065754
265.0 1.104722
270.0 1.099852
275.0 1.123712
280.0 0.888966
285.0 0.83426
290.0 0.816178
295.0 0.879754
300.0 0.848096
305.0 0.794726
310.0 0.823702
315.0 0.867036
320.0 0.779526
325.0 0.83784
330.0 0.760812
335.0 0.879426
340.0 0.88037
345.0 0.771336
350.0 0.81041
355.0 0.733924
360.0 0.87778
365.0 0.837576
370.0 0.832206
375.0 0.863136
380.0 0.71857
385.0 0.691202
390.0 0.915734
395.0 0.768072
400.0 0.726428
405.0 0.853098
410.0 0.813074
415.0 0.845564
420.0 0.835512
425.0 0.806488
430.0 0.844826
435.0 0.72339
440.0 0.86079
445.0 0.737348
450.0 0.859834
455.0 0.838662
460.0 0.7173
465.0 0.873236
470.0 0.755552
475.0 0.816696
480.0 0.727734
485.0 0.797174
490.0 0.764336
495.0 0.70311
500.0 0.893844
505.0 0.80853
510.0 0.630138
515.0 0.78108
520.0 0.720456
525.0 0.791832
530.0 0.808668
535.0 0.836804
540.0 0.832908
545.0 0.761084
550.0 0.760796
555.0 0.850384
560.0 0.975528
565.0 0.967366
570.0 0.906086
575.0 0.860366
580.0 1.00784
585.0 0.923668
590.0 0.956418
595.0 0.855206
600.0 0.891074
605.0 0.871176
610.0 0.859752
615.0 0.809066
620.0 0.732576
625.0 0.781836
630.0 0.83366
635.0 0.845666
640.0 0.857304
645.0 0.814138
650.0 0.86513
655.0 0.693602
660.0 0.741074
665.0 0.8258
670.0 0.908132
675.0 0.900646
680.0 0.909354
685.0 0.806388
690.0 0.893416
695.0 0.784288
700.0 0.76795
705.0 0.791836
710.0 0.74403
715.0 0.831126
720.0 0.83489
725.0 0.65698
730.0 0.790568
735.0 0.929176
740.0 0.707696
745.0 0.902772
750.0 0.718482
755.0 0.748536
760.0 0.856088
765.0 0.783662
770.0 0.838644
775.0 0.724368
780.0 0.831602
785.0 0.831594
790.0 0.693618
795.0 0.862768
800.0 0.744042
805.0 0.691998
810.0 0.700316
815.0 0.665018
820.0 0.742522
825.0 0.854908
830.0 0.90721
835.0 0.861018
840.0 0.7826
845.0 0.88517
850.0 0.726454
855.0 0.649418
860.0 0.85919
865.0 0.699688
870.0 0.699518
875.0 0.750006
880.0 0.756024
885.0 0.709224
890.0 0.716256
895.0 0.830908
900.0 0.818866
905.0 1.06059
910.0 0.952426
915.0 0.962856
920.0 0.95937
925.0 0.737572
930.0 0.866938
935.0 0.820268
940.0 0.789838
945.0 0.759472
950.0 0.874188
955.0 0.965576
960.0 0.887732
965.0 0.95848
970.0 0.894678
975.0 0.967506
980.0 0.762356
985.0 0.890472
990.0 0.857456
995.0 0.94054
1000.0 0.763406
1005.0 0.922676
1010.0 0.786618
1015.0 0.847656
1020.0 0.873924
1025.0 0.926354
1030.0 0.777708
1035.0 0.925782
1040.0 0.72302
1045.0 0.829736
1050.0 0.779682
1055.0 0.582788
1060.0 0.841862
1065.0 0.757422
1070.0 0.783024
1075.0 0.63273
1080.0 0.853794
1085.0 0.640186
1090.0 1.047292
1095.0 0.958612
1100.0 0.937044
1105.0 0.819974
1110.0 0.704626
1115.0 0.862106
1120.0 0.792544
1125.0 0.908038
1130.0 0.73991
1135.0 0.780278
1140.0 0.871692
1145.0 0.778586
1150.0 0.812002
1155.0 0.736316
1160.0 0.843074
1165.0 0.841038
1170.0 0.843264
1175.0 0.792768
1180.0 0.660944
1185.0 0.901666
1190.0 0.785678
1195.0 0.897602
1200.0 0.812514
1205.0 0.721082
1210.0 0.859136
1215.0 0.832188
1220.0 0.700078
1225.0 0.765462
1230.0 0.747404
1235.0 0.810164
1240.0 0.805078
1245.0 0.67743
1250.0 0.735956
1255.0 0.822372
1260.0 0.690324
1265.0 0.850028
1270.0 0.78229
1275.0 1.146772
1280.0 1.160694
1285.0 1.013872
1290.0 1.02717
1295.0 0.915236
1300.0 1.057812
1305.0 0.768382
1310.0 0.733334
1315.0 0.808822
1320.0 0.804698
1325.0 0.779634
1330.0 0.802856
1335.0 0.90527
1340.0 0.902878
1345.0 0.918544
1350.0 0.928616
1355.0 0.92898
1360.0 0.780034
1365.0 0.916132
1370.0 0.929192
1375.0 0.717408
1380.0 0.732896
1385.0 0.805368
1390.0 0.820504
1395.0 0.90762
1400.0 0.880632
1405.0 0.886266
1410.0 0.73897
1415.0 0.86071
1420.0 0.795384
1425.0 0.845102
1430.0 0.851166
1435.0 0.881042
1440.0 0.865044
1445.0 0.88534
1450.0 0.7604
1455.0 0.860496
1460.0 0.834886
1465.0 0.751842
1470.0 0.818676
1475.0 0.7871
1480.0 0.755926
1485.0 0.72915
1490.0 0.759914
1495.0 0.79154
1500.0 0.891896
1505.0 0.814516
1510.0 0.80018
1515.0 0.890464
1520.0 0.897528
1525.0 0.848438
1530.0 0.927792
1535.0 0.887208
1540.0 0.76255
1545.0 0.847066
1550.0 0.873948
1555.0 0.731092
