0.0 0.736728
5.0 0.73053
10.0 0.742098
15.0 0.729556
20.0 0.345514
25.0 0.734178
30.0 0.759964
35.0 0.738362
40.0 0.74702
45.0 0.723202
50.0 0.724382
55.0 0.731196
60.0 0.729234
65.0 0.721574
70.0 0.060202
75.0 0.788406
80.0 0.720032
85.0 0.715556
90.0 1.186642
95.0 0.7143
100.0 0.735594
105.0 0.71557
110.0 0.755702
115.0 0.73915
120.0 0.717014
125.0 0.783376
130.0 0.79553
135.0 0.795778
140.0 0.737382
145.0 0.729334
150.0 0.766574
155.0 0.80226
160.0 0.80423
165.0 0.8231
170.0 0.822526
175.0 0.779282
180.0 0.747372
185.0 0.736054
190.0 0.76673
195.0 0.803778
200.0 0.80113
205.0 0.782156
210.0 0.744498
215.0 0.77842
220.0 0.757896
225.0 0.75333
230.0 0.716254
235.0 0.711534
240.0 0.76447
245.0 0.772708
250.0 0.776286
255.0 0.771834
260.0 0.76981
265.0 0.77452
270.0 0.74223
275.0 0.768072
280.0 0.773008
285.0 0.77597
290.0 0.779168
295.0 0.76818
300.0 0.858324
305.0 0.827044
310.0 0.820158
315.0 0.833406
320.0 0.82342
325.0 0.827428
330.0 0.719878
335.0 0.716212
340.0 0.721576
345.0 0.720694
350.0 0.7369
355.0 0.732918
360.0 0.78763
365.0 0.745944
370.0 0.723546
375.0 0.764764
380.0 0.763378
385.0 0.761268
390.0 0.77811
395.0 0.766334
400.0 0.755116
405.0 0.764166
410.0 0.743436
415.0 0.72814
420.0 0.75886
425.0 0.786572
430.0 0.783888
435.0 0.76142
440.0 0.7939
445.0 0.766368
450.0 0.774914
455.0 0.737806
460.0 0.764792
465.0 0.774496
470.0 0.773616
475.0 0.761868
480.0 0.830744
485.0 0.809052
490.0 0.732254
495.0 0.753692
500.0 0.723032
505.0 0.730456
510.0 0.764228
515.0 0.743408
520.0 0.731472
525.0 0.651602
530.0 0.63982
535.0 0.627942
540.0 0.657786
545.0 0.659108
550.0 0.659614
555.0 0.634144
560.0 0.633478
565.0 0.638808
570.0 0.639654
575.0 0.632144
580.0 0.636284
585.0 0.631898
590.0 0.620794
595.0 0.517392
600.0 0.775858
605.0 0.751242
610.0 0.720694
615.0 0.771424
620.0 0.77549
625.0 0.74244
630.0 0.738502
635.0 0.719546
640.0 0.71537
645.0 0.722698
650.0 0.608324
655.0 0.621064
660.0 1.072498
665.0 0.619336
670.0 0.623706
675.0 0.631172
680.0 0.635288
685.0 0.647032
690.0 0.642526
695.0 0.646374
700.0 0.641528
705.0 0.639934
710.0 0.762574
715.0 0.786704
720.0 0.778388
725.0 0.771914
730.0 0.768948
735.0 0.799988
740.0 0.742118
745.0 0.739108
750.0 0.72506
755.0 0.736082
760.0 0.733558
765.0 0.74199
770.0 0.751108
775.0 0.7436
780.0 0.724052
785.0 0.75659
790.0 0.73645
795.0 0.756826
800.0 0.728036
805.0 0.776824
810.0 0.609786
815.0 0.574294
820.0 0.555854
825.0 0.566818
830.0 0.589196
835.0 0.730094
840.0 0.72368
845.0 0.740584
850.0 0.751864
855.0 0.73193
860.0 0.724146
865.0 0.724592
870.0 0.59197
875.0 0.588262
880.0 0.585994
885.0 0.739384
890.0 0.733484
895.0 0.734884
900.0 0.766032
905.0 0.775848
910.0 0.805268
915.0 0.769954
920.0 0.726288
925.0 0.726834
930.0 0.736684
935.0 0.768984
940.0 0.76212
945.0 0.708096
950.0 0.699322
955.0 0.757842
960.0 0.768612
965.0 0.765472
970.0 0.755982
975.0 0.582686
980.0 0.57209
985.0 0.575654
990.0 0.572362
995.0 0.734682
1000.0 0.734308
1005.0 0.729934
1010.0 0.741558
1015.0 0.728554
1020.0 1.252052
1025.0 0.7686
1030.0 0.746834
1035.0 0.727654
1040.0 0.748644
1045.0 0.606668
1050.0 0.614904
1055.0 1.209088
1060.0 0.733272
1065.0 0.730074
1070.0 0.731358
1075.0 0.7418
1080.0 0.746646
1085.0 0.809908
1090.0 0.535422
1095.0 0.605098
1100.0 0.614276
1105.0 0.61765
1110.0 0.543936
1115.0 0.568884
1120.0 0.574064
1125.0 0.572408
1130.0 0.568008
1135.0 0.633388
1140.0 0.632914
1145.0 0.62103
1150.0 0.60749
1155.0 0.59946
1160.0 0.77889
1165.0 0.796948
1170.0 0.792292
1175.0 0.770586
1180.0 0.642532
1185.0 0.786892
1190.0 0.818896
1195.0 0.79708
1200.0 0.746366
1205.0 0.75987
1210.0 0.80016
1215.0 0.464962
1220.0 0.57397
1225.0 0.464658
1230.0 0.379348
1235.0 0.748678
1240.0 0.732634
1245.0 0.754192
1250.0 0.748944
1255.0 0.740148
1260.0 0.602522
1265.0 0.746534
1270.0 0.74402
1275.0 0.732546
1280.0 0.472666
1285.0 0.484864
1290.0 0.314078
1295.0 0.750378
1300.0 0.766262
1305.0 0.795182
1310.0 0.844654
1315.0 0.786728
1320.0 0.7831
1325.0 0.77757
1330.0 0.77218
1335.0 0.77286
1340.0 0.74262
1345.0 0.770866
1350.0 0.767536
1355.0 0.769626
1360.0 0.744564
1365.0 0.8073
1370.0 0.760118
1375.0 0.779822
1380.0 0.777368
1385.0 1.229488
1390.0 0.75484
1395.0 0.73865
1400.0 0.746778
1405.0 0.75219
1410.0 0.597586
1415.0 0.772062
1420.0 0.762594
1425.0 0.766556
1430.0 0.594768
1435.0 0.7615
1440.0 0.777358
1445.0 0.754624
1450.0 0.730384
1455.0 0.74146
1460.0 0.728482
1465.0 0.748418
1470.0 0.731768
1475.0 0.751786
1480.0 0.734218
1485.0 0.696286
1490.0 0.685862
1495.0 0.701614
1500.0 0.724672
1505.0 0.730544
1510.0 0.739856
1515.0 0.735738
1520.0 0.72718
1525.0 0.740048
1530.0 0.788194
1535.0 0.79454
1540.0 0.80355
1545.0 0.808196
1550.0 0.798012
1555.0 0.781568
1560.0 0.488738
1565.0 0.473804
1570.0 0.46868
1575.0 0.46159
1580.0 0.461812
1585.0 0.462728
1590.0 0.745942
1595.0 0.756164
1600.0 0.78132
1605.0 0.735124
1610.0 0.787556
1615.0 0.783706
1620.0 0.807368
1625.0 0.78064
1630.0 0.731858
1635.0 0.736202
1640.0 0.736788
1645.0 0.724622
1650.0 0.731606
1655.0 0.743066
1660.0 0.74648
1665.0 0.756522
1670.0 0.736858
1675.0 0.761552
1680.0 0.752574
1685.0 0.736036
1690.0 0.743742
1695.0 0.7547
1700.0 0.729228
1705.0 0.745422
1710.0 0.746756
1715.0 0.758472
1720.0 0.759374
1725.0 0.754486
1730.0 0.788612
1735.0 0.790546
1740.0 0.746804
1745.0 0.36575
1750.0 0.599154
1755.0 0.763488
1760.0 0.792382
1765.0 0.0
1770.0 0.0
1775.0 0.0
1780.0 0.575328
1785.0 0.8149
1790.0 0.772412
1795.0 0.768396
1800.0 0.77839
1805.0 0.76433
1810.0 0.736706
1815.0 0.750966
