0.0 0.788118
5.0 0.761658
10.0 0.7718
15.0 0.767272
20.0 0.769992
25.0 0.762244
30.0 0.76432
35.0 0.759678
40.0 0.768876
45.0 1.212354
50.0 0.780746
55.0 0.762202
60.0 0.68236
65.0 0.808566
70.0 0.757136
75.0 0.754516
80.0 0.76204
85.0 0.75811
90.0 0.868124
95.0 0.752174
100.0 0.774168
105.0 0.764296
110.0 0.753804
115.0 0.83293
120.0 0.8246
125.0 0.7679
130.0 0.77791
135.0 0.657896
140.0 1.333616
145.0 0.85104
150.0 0.848274
155.0 0.85455
160.0 0.859386
165.0 0.793644
170.0 0.770708
175.0 0.804034
180.0 0.791566
185.0 0.820386
190.0 0.793076
195.0 0.78626
200.0 0.770222
205.0 0.778506
210.0 0.771022
215.0 0.784926
220.0 0.767696
225.0 1.274634
230.0 0.79817
235.0 0.80099
240.0 0.81111
245.0 0.813808
250.0 0.801428
255.0 0.791948
260.0 0.80963
265.0 0.81849
270.0 0.802634
275.0 0.805088
280.0 0.883096
285.0 0.862374
290.0 0.872856
295.0 0.772506
300.0 0.76597
305.0 0.77378
310.0 0.816376
315.0 0.80238
320.0 0.815766
325.0 0.807204
330.0 0.798898
335.0 0.79917
340.0 0.811282
345.0 0.808418
350.0 0.787526
355.0 0.772162
360.0 0.822432
365.0 0.799636
370.0 0.794838
375.0 0.79417
380.0 0.803326
385.0 0.787128
390.0 0.777628
395.0 0.796616
400.0 0.746166
405.0 0.795502
410.0 0.780136
415.0 0.807538
420.0 0.835158
425.0 0.786622
430.0 0.818452
435.0 0.77532
440.0 0.782822
445.0 0.75628
450.0 0.7721
455.0 0.776054
460.0 0.788914
465.0 0.797156
470.0 0.756386
475.0 1.290418
480.0 0.789278
485.0 0.811382
490.0 1.284878
495.0 0.802334
500.0 0.792408
505.0 0.79872
510.0 0.794074
515.0 0.793648
520.0 0.784668
525.0 0.779838
530.0 0.781076
535.0 0.720566
540.0 0.825088
545.0 0.819748
550.0 1.297406
555.0 0.770762
560.0 0.762152
565.0 0.768256
570.0 0.66408
575.0 0.556094
580.0 0.661042
585.0 0.667442
590.0 0.43259
595.0 0.664576
600.0 0.962216
605.0 0.674378
610.0 0.661906
615.0 0.662222
620.0 0.657474
625.0 0.771984
630.0 0.76657
635.0 0.753642
640.0 0.771968
645.0 0.789398
650.0 0.780732
655.0 0.727462
660.0 0.719802
665.0 0.726356
670.0 0.741664
675.0 0.719538
680.0 0.753778
685.0 0.725732
690.0 0.758842
695.0 0.64904
700.0 0.609382
705.0 0.620406
710.0 0.7702
715.0 0.76351
720.0 0.79993
725.0 0.819652
730.0 0.785724
735.0 0.76321
740.0 0.765128
745.0 0.623812
750.0 0.609302
755.0 0.625318
760.0 1.230114
765.0 0.768696
770.0 0.524194
775.0 0.825526
780.0 0.796778
785.0 1.323344
790.0 0.648264
795.0 0.781902
800.0 0.75008
805.0 0.769788
810.0 0.806412
815.0 0.798494
820.0 0.783768
825.0 0.780862
830.0 0.784562
835.0 0.76201
840.0 0.786614
845.0 0.770854
850.0 0.620846
855.0 0.80055
860.0 0.607294
865.0 0.775484
870.0 0.762954
875.0 0.77709
880.0 0.751342
885.0 0.811398
890.0 0.783506
895.0 0.776212
900.0 0.678262
905.0 0.793708
910.0 0.649872
915.0 0.657416
920.0 0.767106
925.0 0.787194
930.0 0.795448
935.0 0.630376
940.0 0.617524
945.0 0.671984
950.0 0.646264
955.0 0.681224
960.0 0.574346
965.0 0.568454
970.0 0.599194
975.0 0.459756
980.0 0.618888
985.0 0.605626
990.0 0.61729
995.0 0.673026
1000.0 0.670124
1005.0 0.650984
1010.0 0.661558
1015.0 0.834164
1020.0 0.831668
1025.0 0.813938
1030.0 0.616278
1035.0 0.64394
1040.0 0.819622
1045.0 0.650662
1050.0 0.849742
1055.0 0.813998
1060.0 0.776372
1065.0 1.327118
1070.0 0.500226
1075.0 0.615104
1080.0 0.489532
1085.0 0.790274
1090.0 0.774644
1095.0 0.776358
1100.0 0.76857
1105.0 0.789322
1110.0 0.778658
1115.0 0.787264
1120.0 0.784544
1125.0 0.50657
1130.0 0.511702
1135.0 0.77313
1140.0 0.794238
1145.0 1.347682
1150.0 0.827506
1155.0 0.840718
1160.0 0.812292
1165.0 0.814752
1170.0 0.785728
1175.0 0.804826
1180.0 0.80531
1185.0 0.827996
1190.0 0.799262
1195.0 0.81315
1200.0 0.820286
1205.0 0.829824
1210.0 1.265534
1215.0 0.791242
1220.0 0.803746
1225.0 0.795012
1230.0 0.810868
1235.0 0.81009
1240.0 0.805814
1245.0 0.619744
1250.0 0.812154
1255.0 0.8193
1260.0 0.704726
1265.0 0.7245
1270.0 0.765186
1275.0 0.77107
1280.0 0.779618
1285.0 0.77683
1290.0 0.154936
1295.0 1.113358
1300.0 0.777476
1305.0 0.77471
1310.0 0.780502
1315.0 0.77044
1320.0 0.770342
1325.0 0.753972
1330.0 0.761824
1335.0 0.761032
1340.0 0.82647
1345.0 0.820024
1350.0 0.826314
1355.0 0.829248
1360.0 0.821812
1365.0 0.49102
1370.0 0.485906
1375.0 0.623528
1380.0 0.488662
1385.0 0.477716
1390.0 0.791268
1395.0 0.790984
1400.0 0.795644
1405.0 0.789904
1410.0 0.813436
1415.0 0.819036
1420.0 0.85937
1425.0 0.810796
1430.0 0.7777
1435.0 0.770166
1440.0 0.773708
1445.0 0.765158
1450.0 1.263554
1455.0 0.756558
1460.0 0.774782
1465.0 0.802742
1470.0 0.783882
1475.0 0.793538
1480.0 0.795268
1485.0 1.257706
1490.0 0.7705
1495.0 0.78554
1500.0 0.810322
1505.0 0.786654
1510.0 0.80082
1515.0 0.849634
1520.0 0.822222
1525.0 0.78923
1530.0 0.832016
1535.0 0.811646
1540.0 0.764032
1545.0 0.801758
1550.0 0.82329
1555.0 0.81901
1560.0 0.63222
1565.0 0.63782
1570.0 0.617474
1575.0 0.61406
1580.0 0.835512
1585.0 0.822132
1590.0 0.817928
1595.0 0.823566
1600.0 0.772648
1605.0 0.794678
1610.0 0.773
