0.0 0.741358
5.0 0.571998
10.0 0.506208
15.0 0.631118
20.0 0.790928
25.0 0.68825
30.0 0.792952
35.0 0.603976
40.0 0.805718
45.0 0.796158
50.0 0.64984
55.0 0.615806
60.0 0.643644
65.0 0.622672
70.0 0.863146
75.0 0.78291
80.0 0.777446
85.0 0.767286
90.0 0.542724
95.0 0.536708
100.0 0.037572
105.0 0.814736
110.0 0.74749
115.0 0.455078
120.0 0.680894
125.0 0.86836
130.0 0.787474
135.0 0.547564
140.0 0.708848
145.0 0.726026
150.0 0.827692
155.0 0.753722
160.0 0.900052
165.0 0.76712
170.0 0.717434
175.0 0.402984
180.0 0.442742
185.0 0.698792
190.0 0.75
195.0 0.839288
200.0 0.820572
205.0 0.783646
210.0 0.770598
215.0 0.742238
220.0 0.705652
225.0 0.408326
230.0 0.788304
235.0 0.475068
240.0 0.745178
245.0 0.607774
250.0 0.473978
255.0 0.598618
260.0 0.852274
265.0 0.797648
270.0 0.813112
275.0 0.524596
280.0 0.826356
285.0 0.778864
290.0 0.732662
295.0 0.531336
300.0 0.65692
305.0 0.752338
310.0 0.76362
315.0 0.908836
320.0 0.875288
325.0 0.865538
330.0 0.52271
335.0 0.998382
340.0 1.04069
345.0 0.991496
350.0 0.658016
355.0 1.02696
360.0 0.838432
365.0 0.810096
370.0 0.730716
375.0 0.788318
380.0 0.808756
385.0 0.770498
390.0 0.79408
395.0 0.74819
400.0 0.84228
405.0 0.721162
410.0 0.780582
415.0 0.659506
420.0 0.393428
425.0 0.707838
430.0 0.819464
435.0 0.702942
440.0 0.64182
445.0 0.813136
450.0 0.835588
455.0 0.79935
460.0 0.822446
465.0 0.323824
470.0 0.766032
475.0 0.79684
480.0 0.526704
485.0 0.815574
490.0 0.78808
495.0 0.733946
500.0 0.809926
505.0 0.819914
510.0 0.690484
515.0 0.534736
520.0 0.626316
525.0 0.780502
530.0 0.687306
535.0 0.783282
540.0 0.376412
545.0 0.835348
550.0 0.79441
555.0 0.686958
560.0 0.691472
565.0 0.82254
570.0 0.836484
575.0 0.59405
580.0 0.0
585.0 0.0
590.0 0.0
595.0 0.0
600.0 0.76689
605.0 0.70421
610.0 0.613902
615.0 0.784168
620.0 0.775778
625.0 0.83308
630.0 0.722238
635.0 0.616588
640.0 0.793786
645.0 0.665168
650.0 0.691604
655.0 0.609688
660.0 0.746642
665.0 0.81154
670.0 0.764812
675.0 0.773064
680.0 0.91152
685.0 0.437914
690.0 0.917086
695.0 0.904968
700.0 0.960748
705.0 0.80942
710.0 0.791258
715.0 0.941178
720.0 0.63584
725.0 0.564644
730.0 0.435474
735.0 0.83124
740.0 0.838646
745.0 0.840138
750.0 0.512582
755.0 0.709868
760.0 0.799048
765.0 0.655862
770.0 0.588998
775.0 0.748628
780.0 0.801686
785.0 0.845488
790.0 0.809736
795.0 0.826568
800.0 0.800994
805.0 0.845142
810.0 0.779904
815.0 0.783206
820.0 0.619354
825.0 0.830692
830.0 0.826222
835.0 0.277718
840.0 0.379712
845.0 0.462566
850.0 0.74092
855.0 0.670208
860.0 0.804394
865.0 0.767576
870.0 0.857836
875.0 0.523958
880.0 0.746262
885.0 0.712484
890.0 0.089504
895.0 0.383068
900.0 0.381866
905.0 0.395862
910.0 0.642148
915.0 0.716126
920.0 0.795016
925.0 0.851308
930.0 0.812008
935.0 0.777192
940.0 0.409266
945.0 0.806464
950.0 0.519774
955.0 0.841032
960.0 0.427
965.0 0.398184
970.0 0.699256
975.0 0.713466
980.0 0.745976
985.0 0.796482
990.0 0.711522
995.0 0.800932
1000.0 0.709312
1005.0 0.231372
1010.0 0.750828
1015.0 0.800282
1020.0 0.609498
1025.0 0.817428
1030.0 0.322232
1035.0 0.849538
1040.0 0.537094
1045.0 0.629124
1050.0 0.467828
1055.0 0.8797
1060.0 0.39229
1065.0 0.891652
1070.0 0.747176
1075.0 0.494952
1080.0 0.526984
1085.0 0.459892
1090.0 0.595406
1095.0 0.440588
1100.0 0.877008
1105.0 0.881362
1110.0 0.924972
1115.0 0.888158
1120.0 0.842884
1125.0 0.297706
1130.0 0.80109
1135.0 0.75497
1140.0 0.75849
1145.0 0.790072
1150.0 0.572324
1155.0 0.742842
1160.0 0.778294
1165.0 0.904056
1170.0 0.902554
1175.0 0.650592
1180.0 0.882918
1185.0 0.864046
1190.0 0.819378
1195.0 0.731334
1200.0 0.533442
1205.0 0.458822
1210.0 0.779004
1215.0 0.78211
1220.0 0.780488
1225.0 0.831698
1230.0 0.373626
1235.0 0.425694
1240.0 0.423848
1245.0 0.83706
1250.0 0.811272
1255.0 0.716282
1260.0 0.517362
1265.0 0.093884
1270.0 0.720042
1275.0 0.69282
1280.0 0.806906
1285.0 0.756274
1290.0 0.662288
1295.0 0.809296
1300.0 0.79174
1305.0 0.889928
1310.0 0.723862
1315.0 0.89538
1320.0 0.414342
1325.0 0.73363
1330.0 0.797258
1335.0 0.268222
1340.0 0.866026
1345.0 0.876064
1350.0 0.80307
1355.0 0.37926
1360.0 0.838822
1365.0 0.550136
1370.0 0.637988
1375.0 0.470438
1380.0 0.604364
1385.0 0.75577
1390.0 0.773538
1395.0 0.73883
1400.0 0.88234
1405.0 0.393918
1410.0 0.833738
1415.0 0.614476
1420.0 0.806006
1425.0 0.7826
1430.0 0.762988
1435.0 0.681856
1440.0 0.439274
1445.0 0.737666
1450.0 0.719432
1455.0 0.805728
1460.0 0.870886
1465.0 0.679898
1470.0 0.769546
1475.0 0.571582
1480.0 0.731918
1485.0 0.413312
1490.0 0.798804
1495.0 0.79259
1500.0 0.461336
1505.0 0.969638
1510.0 0.654336
1515.0 0.7733
1520.0 0.681758
1525.0 0.694246
1530.0 0.782262
1535.0 0.668948
1540.0 0.610438
1545.0 0.650576
1550.0 0.75403
1555.0 0.680342
1560.0 0.670664
1565.0 0.542506
1570.0 0.762206
1575.0 0.807462
1580.0 0.599356
1585.0 0.476748
1590.0 0.779058
1595.0 0.85764
1600.0 0.539218
1605.0 0.874582
1610.0 0.775476
1615.0 0.869388
1620.0 0.453086
1625.0 0.746734
1630.0 0.748858
1635.0 0.643046
1640.0 0.86638
1645.0 0.620876
1650.0 0.516038
1655.0 0.856586
1660.0 0.564494
1665.0 0.568028
1670.0 0.822318
1675.0 0.785652
1680.0 0.633552
1685.0 0.725574
1690.0 0.661676
1695.0 0.652446
1700.0 0.775508
1705.0 0.780596
1710.0 0.809662
1715.0 0.41069
1720.0 0.5752
1725.0 0.786852
1730.0 0.774938
1735.0 0.54049
1740.0 0.732204
1745.0 0.13731
1750.0 0.806068
1755.0 0.660988
1760.0 0.842596
1765.0 0.401002
1770.0 0.861008
1775.0 0.60285
1780.0 0.741144
1785.0 0.712748
1790.0 0.706204
1795.0 0.703772
1800.0 0.785544
1805.0 0.80322
1810.0 0.696218
1815.0 0.862886
1820.0 0.733322
1825.0 0.81613
1830.0 0.853356
1835.0 0.457746
1840.0 0.78288
1845.0 0.723238
1850.0 0.717538
