0.0 0.765678
5.0 0.769248
10.0 0.764708
15.0 1.231682
20.0 0.758976
25.0 0.742002
30.0 1.222582
35.0 1.23211
40.0 0.7725
45.0 1.229292
50.0 0.746802
55.0 0.686762
60.0 0.751344
65.0 0.74615
70.0 0.740142
75.0 0.792326
80.0 0.76783
85.0 0.742794
90.0 1.204122
95.0 0.747284
100.0 1.22633
105.0 0.740366
110.0 0.7919
115.0 0.747082
120.0 1.208004
125.0 0.80663
130.0 0.809486
135.0 1.353792
140.0 0.748878
145.0 0.741532
150.0 1.27896
155.0 0.800678
160.0 0.863266
165.0 0.844918
170.0 1.37194
175.0 0.833098
180.0 0.777936
185.0 0.769066
190.0 0.796362
195.0 0.825922
200.0 0.81874
205.0 0.812044
210.0 0.754016
215.0 0.78003
220.0 0.798254
225.0 0.785072
230.0 0.757836
235.0 0.75365
240.0 0.764188
245.0 0.79453
250.0 0.794328
255.0 0.800634
260.0 0.796646
265.0 0.789856
270.0 0.999646
275.0 0.776122
280.0 0.773836
285.0 0.826838
290.0 0.793616
295.0 0.793956
300.0 0.802132
305.0 0.876928
310.0 0.872966
315.0 0.847142
320.0 0.88159
325.0 0.847612
330.0 1.37432
335.0 0.75435
340.0 0.75626
345.0 0.776314
350.0 0.775582
355.0 1.08411
360.0 0.788378
365.0 0.796866
370.0 0.760394
375.0 0.786852
380.0 1.260916
385.0 0.780666
390.0 0.785628
395.0 0.778284
400.0 0.78826
405.0 0.788828
410.0 0.80316
415.0 0.774722
420.0 0.756144
425.0 0.791192
430.0 0.784528
435.0 0.790562
440.0 0.615538
445.0 1.139526
450.0 1.327376
455.0 0.766282
460.0 0.769228
465.0 1.272698
470.0 0.746212
475.0 0.80342
480.0 0.80235
485.0 0.821326
490.0 1.275406
495.0 0.808784
500.0 0.81663
505.0 0.820284
510.0 0.767826
515.0 0.75347
520.0 0.753582
525.0 1.286888
530.0 0.782938
535.0 1.249554
540.0 0.791732
545.0 0.783284
550.0 0.779606
555.0 0.775952
560.0 0.792772
565.0 0.792332
570.0 0.815098
575.0 1.272778
580.0 0.786492
585.0 0.78435
590.0 0.773332
595.0 0.78178
600.0 0.779896
605.0 0.765248
610.0 0.736376
615.0 0.764216
620.0 0.786072
625.0 0.756756
630.0 1.311526
635.0 0.822874
640.0 1.252674
645.0 0.746694
650.0 0.74147
655.0 0.749482
660.0 1.214336
665.0 0.651024
670.0 0.65781
675.0 0.668046
680.0 0.654854
685.0 0.653726
690.0 0.670732
695.0 0.678656
700.0 0.67395
705.0 0.681648
710.0 0.678316
715.0 0.68083
720.0 0.66266
725.0 1.29632
730.0 0.788292
735.0 1.291716
740.0 1.303184
745.0 0.793806
750.0 0.78221
755.0 0.765328
760.0 0.75215
765.0 1.22918
770.0 0.760152
775.0 0.760698
780.0 1.236186
785.0 0.77095
790.0 0.820662
795.0 0.757836
800.0 0.7955
805.0 1.236962
810.0 0.815938
815.0 0.782614
820.0 0.800624
825.0 1.294412
830.0 0.614908
835.0 0.617054
840.0 0.606756
845.0 0.62743
850.0 0.777582
855.0 1.232686
860.0 0.745372
865.0 0.747884
870.0 0.779022
875.0 0.757734
880.0 0.747686
885.0 0.744632
890.0 0.627072
895.0 0.86202
900.0 0.867744
905.0 0.750664
910.0 0.747918
915.0 0.756524
920.0 0.796994
925.0 0.761822
930.0 1.300132
935.0 0.799576
940.0 0.75903
945.0 0.749142
950.0 0.765812
955.0 0.78353
960.0 0.798084
965.0 0.76045
970.0 0.765224
975.0 0.779334
980.0 0.749226
985.0 1.286788
990.0 0.770896
995.0 0.620744
1000.0 0.862308
1005.0 0.607614
1010.0 0.601568
1015.0 0.761612
1020.0 0.788514
1025.0 1.223428
1030.0 0.788184
1035.0 0.76982
1040.0 0.802964
1045.0 0.812934
1050.0 0.78517
1055.0 0.764584
1060.0 0.75283
1065.0 0.62936
1070.0 0.661634
1075.0 0.76287
1080.0 0.757498
1085.0 0.781622
1090.0 0.780718
1095.0 0.793792
1100.0 1.22891
1105.0 0.62136
1110.0 0.562992
1115.0 0.677432
1120.0 0.896564
1125.0 0.661216
1130.0 0.749536
1135.0 0.602934
1140.0 0.837244
1145.0 0.613608
1150.0 0.602722
1155.0 0.65941
1160.0 0.670312
1165.0 0.663758
1170.0 0.65595
1175.0 0.65234
1180.0 0.92528
1185.0 0.793576
1190.0 0.81821
1195.0 0.810054
1200.0 0.828878
1205.0 0.85651
1210.0 0.801664
1215.0 0.823588
1220.0 0.852464
1225.0 1.323486
1230.0 0.795456
1235.0 0.774594
1240.0 0.800228
1245.0 0.650624
1250.0 0.606296
1255.0 0.505414
1260.0 0.479124
1265.0 1.21959
1270.0 1.235802
1275.0 1.225692
1280.0 0.79797
1285.0 0.769736
1290.0 0.603694
1295.0 0.75585
1300.0 0.797588
1305.0 0.790416
1310.0 0.669262
1315.0 0.525074
1320.0 0.525736
1325.0 0.771346
1330.0 0.799732
1335.0 0.800424
1340.0 0.836906
1345.0 0.81716
1350.0 0.810296
1355.0 1.307896
1360.0 1.31753
1365.0 0.819296
1370.0 0.79206
1375.0 0.8212
1380.0 0.781934
1385.0 0.780452
1390.0 1.285992
1395.0 0.81778
1400.0 0.783986
1405.0 0.839632
1410.0 0.820804
1415.0 0.8166
1420.0 0.780672
1425.0 0.769016
1430.0 0.756462
1435.0 0.776734
1440.0 0.800234
1445.0 0.773264
1450.0 1.245972
1455.0 0.780776
1460.0 1.272416
1465.0 0.641084
1470.0 0.820156
1475.0 0.801304
1480.0 0.776648
1485.0 0.778946
1490.0 0.748342
1495.0 0.758336
1500.0 1.224214
1505.0 0.773884
1510.0 0.784366
1515.0 0.774724
1520.0 0.740858
1525.0 0.721188
1530.0 1.018252
1535.0 0.746446
1540.0 0.74519
1545.0 1.224154
1550.0 0.745236
1555.0 1.231384
1560.0 0.762528
1565.0 0.816916
1570.0 1.317862
1575.0 0.81177
1580.0 1.343516
1585.0 0.820522
1590.0 1.323744
1595.0 0.50985
1600.0 0.510428
1605.0 0.491138
1610.0 0.508208
1615.0 0.633744
1620.0 0.488298
1625.0 0.80647
1630.0 0.773578
1635.0 0.774658
1640.0 0.777882
1645.0 0.790024
1650.0 1.333432
1655.0 1.318772
1660.0 0.797318
1665.0 1.123376
1670.0 0.77134
1675.0 0.796172
1680.0 0.777528
1685.0 0.768694
1690.0 0.765938
1695.0 0.75734
1700.0 1.256438
1705.0 0.794568
1710.0 0.783478
1715.0 0.78111
1720.0 0.765828
1725.0 0.78194
1730.0 0.778966
1735.0 0.746736
1740.0 0.800848
1745.0 0.77082
1750.0 0.766306
1755.0 0.771852
1760.0 0.729972
1765.0 0.846848
1770.0 0.80959
1775.0 0.805418
1780.0 0.766146
1785.0 0.776896
1790.0 0.622794
1795.0 0.76585
1800.0 0.825072
1805.0 0.63278
1810.0 0.91601
1815.0 0.627066
1820.0 0.60691
1825.0 0.804944
1830.0 0.777694
1835.0 1.35088
1840.0 1.32043
1845.0 1.32651
1850.0 0.769532
1855.0 1.262876
