0.0 0.747218
5.0 0.75273
10.0 0.671228
15.0 0.71014
20.0 0.757838
25.0 0.670298
30.0 0.607042
35.0 0.6485
40.0 0.740612
45.0 0.745812
50.0 0.66008
55.0 0.631598
60.0 0.63533
65.0 0.748844
70.0 0.651142
75.0 0.685372
80.0 0.754714
85.0 0.872332
90.0 0.74688
95.0 0.748108
100.0 0.745968
105.0 0.57323
110.0 0.717944
115.0 0.761184
120.0 0.751682
125.0 0.785912
130.0 0.787642
135.0 0.858912
140.0 0.846852
145.0 0.75167
150.0 0.783522
155.0 0.807126
160.0 0.811536
165.0 0.770586
170.0 0.777734
175.0 0.799666
180.0 0.772302
185.0 0.735416
190.0 0.711882
195.0 0.743362
200.0 0.801188
205.0 0.821896
210.0 0.799576
215.0 0.823392
220.0 0.728666
225.0 0.781302
230.0 0.801024
235.0 0.783968
240.0 0.710878
245.0 0.87198
250.0 0.865434
255.0 0.766476
260.0 0.862908
265.0 0.84593
270.0 0.813384
275.0 1.008744
280.0 0.87717
285.0 0.923058
290.0 0.875024
295.0 0.911498
300.0 0.903928
305.0 0.896914
310.0 0.681614
315.0 0.759384
320.0 0.712352
325.0 0.781096
330.0 0.674578
335.0 0.756924
340.0 0.732554
345.0 0.78254
350.0 0.77243
355.0 0.787218
360.0 0.786294
365.0 0.798024
370.0 0.782352
375.0 0.687374
380.0 0.776576
385.0 0.671668
390.0 0.676922
395.0 0.7
400.0 0.790858
405.0 0.813918
410.0 0.70682
415.0 0.684928
420.0 0.673628
425.0 0.755172
430.0 0.66121
435.0 0.67916
440.0 0.702368
445.0 0.790288
450.0 0.797852
455.0 0.674878
460.0 0.787386
465.0 0.745304
470.0 0.778546
475.0 0.814348
480.0 0.782976
485.0 0.692202
490.0 0.688482
495.0 0.793046
500.0 0.67503
505.0 0.668166
510.0 0.651488
515.0 0.521674
520.0 0.800278
525.0 0.826142
530.0 0.64803
535.0 0.759534
540.0 0.573716
545.0 0.74831
550.0 0.758108
555.0 0.872972
560.0 0.826136
565.0 0.772378
570.0 0.77365
575.0 0.815172
580.0 0.843182
585.0 0.842328
590.0 0.835342
595.0 0.874534
600.0 0.76059
605.0 0.734208
610.0 0.750286
615.0 0.664418
620.0 0.69012
625.0 0.758922
630.0 0.713104
635.0 0.760958
640.0 0.693784
645.0 0.726396
650.0 0.730484
655.0 0.598498
660.0 0.660544
665.0 0.642566
670.0 0.576766
675.0 0.63506
680.0 0.625974
685.0 0.633726
690.0 0.683606
695.0 0.798966
700.0 0.6825
705.0 0.883508
710.0 0.683902
715.0 0.813316
720.0 0.728902
725.0 0.656546
730.0 0.70553
735.0 0.600672
740.0 0.77553
745.0 0.789166
750.0 0.785422
755.0 0.66646
760.0 0.642376
765.0 0.740442
770.0 0.659298
775.0 0.673278
780.0 0.675982
785.0 0.687514
790.0 0.653612
795.0 0.804936
800.0 0.789868
805.0 0.719178
810.0 0.79383
815.0 0.708788
820.0 0.673224
825.0 0.66722
830.0 0.685122
835.0 0.61745
840.0 0.729322
845.0 0.78473
850.0 0.753078
855.0 0.693698
860.0 0.761074
865.0 0.666232
870.0 0.799908
875.0 0.768216
880.0 0.797212
885.0 0.753386
890.0 0.759162
895.0 0.765696
900.0 0.695634
905.0 0.671772
910.0 0.728852
915.0 0.825388
920.0 0.597298
925.0 0.767362
930.0 0.756794
935.0 0.674522
940.0 0.76399
945.0 0.85456
950.0 0.691406
955.0 0.687288
960.0 0.763154
965.0 0.689982
970.0 0.711116
975.0 0.716212
980.0 1.02041
985.0 0.914488
990.0 0.88291
995.0 0.770734
1000.0 0.664452
1005.0 0.78359
1010.0 0.70743
1015.0 0.70885
1020.0 0.7651
1025.0 0.891424
1030.0 0.897832
1035.0 0.762046
1040.0 0.829822
1045.0 0.858666
1050.0 0.806244
1055.0 0.817684
1060.0 0.74486
1065.0 0.803424
1070.0 0.871674
1075.0 0.719232
1080.0 0.840144
1085.0 0.70412
1090.0 0.654482
1095.0 0.798892
1100.0 0.842086
1105.0 0.693612
1110.0 0.702494
1115.0 0.704236
1120.0 0.721512
1125.0 0.704908
1130.0 0.742894
1135.0 0.794514
1140.0 0.816612
1145.0 0.765558
1150.0 0.754092
1155.0 0.782752
1160.0 0.790738
1165.0 0.727868
1170.0 0.702932
1175.0 0.697388
1180.0 0.717802
1185.0 0.768792
1190.0 0.779654
1195.0 0.73136
1200.0 0.790166
1205.0 0.802976
1210.0 0.804734
1215.0 0.804362
1220.0 0.78822
1225.0 0.800072
1230.0 0.591018
1235.0 0.618458
1240.0 0.79915
1245.0 0.793332
1250.0 0.659966
1255.0 0.817414
1260.0 0.857382
1265.0 0.679624
1270.0 0.72601
1275.0 0.66457
1280.0 0.727204
1285.0 0.765898
1290.0 1.022458
1295.0 0.960934
1300.0 0.4902
1305.0 1.029512
1310.0 1.050128
1315.0 0.70013
1320.0 0.77032
1325.0 0.745204
1330.0 0.726218
1335.0 0.692586
1340.0 0.680186
1345.0 0.822416
1350.0 0.677
1355.0 0.716648
1360.0 0.800292
1365.0 0.817018
1370.0 0.82206
1375.0 0.80137
1380.0 0.80176
1385.0 0.780628
1390.0 0.744378
1395.0 0.834558
1400.0 0.727284
1405.0 0.779654
1410.0 0.7844
1415.0 0.78201
1420.0 0.653574
1425.0 0.798518
1430.0 0.716508
1435.0 0.80461
1440.0 0.789266
1445.0 0.684224
1450.0 0.717038
1455.0 0.733214
1460.0 0.777288
1465.0 0.718956
1470.0 0.739014
1475.0 0.626478
1480.0 0.670216
1485.0 0.771636
1490.0 0.72491
1495.0 0.76909
1500.0 0.729378
1505.0 0.80438
1510.0 0.780624
1515.0 0.67608
1520.0 0.667418
1525.0 0.781298
1530.0 0.763792
1535.0 0.679862
1540.0 0.703536
1545.0 0.75217
1550.0 0.738986
1555.0 0.773412
1560.0 0.761264
1565.0 0.858076
1570.0 0.665838
1575.0 0.803266
1580.0 0.720758
1585.0 0.714046
1590.0 0.806016
1595.0 0.739256
1600.0 0.656936
