0.0 0.440394
5.0 0.436718
10.0 0.442826
15.0 0.441896
20.0 0.401848
25.0 0.437506
30.0 0.39199
35.0 0.43561
40.0 0.429216
45.0 0.436312
50.0 0.4346
55.0 0.43124
60.0 0.433452
65.0 0.431518
70.0 0.431688
75.0 0.467506
80.0 0.43451
85.0 0.429032
90.0 0.432336
95.0 0.426988
100.0 0.437492
105.0 0.43665
110.0 0.439994
115.0 0.445086
120.0 0.430524
125.0 0.472194
130.0 0.468686
135.0 0.4766
140.0 0.43844
145.0 0.432668
150.0 0.455154
155.0 0.448724
160.0 0.4908
165.0 0.483962
170.0 0.491376
175.0 0.485668
180.0 0.434506
185.0 0.403872
190.0 0.45549
195.0 0.481984
200.0 0.478502
205.0 0.462444
210.0 0.431344
215.0 0.454554
220.0 0.452544
225.0 0.396334
230.0 0.439814
235.0 0.438034
240.0 0.441478
245.0 0.469506
250.0 0.468616
255.0 0.46784
260.0 0.389784
265.0 0.453682
270.0 0.460646
275.0 0.441718
280.0 0.465154
285.0 0.464044
290.0 0.455256
295.0 0.466092
300.0 0.465378
305.0 0.514412
310.0 0.496858
315.0 0.497136
320.0 0.4966
325.0 0.498804
330.0 0.49501
335.0 0.582174
340.0 0.577788
345.0 0.589886
350.0 0.586284
355.0 0.591028
360.0 0.599332
365.0 0.456648
370.0 0.43408
375.0 0.443836
380.0 0.465278
385.0 0.457148
390.0 0.453248
395.0 0.456032
400.0 0.4572
405.0 0.452756
410.0 0.449704
415.0 0.441784
420.0 0.438616
425.0 0.458058
430.0 0.461116
435.0 0.447774
440.0 0.451036
445.0 0.45737
450.0 0.476608
455.0 0.452098
460.0 0.457678
465.0 0.453634
470.0 0.433518
475.0 0.317472
480.0 0.445562
485.0 0.456228
490.0 0.458978
495.0 0.476826
500.0 0.479058
505.0 0.457444
510.0 0.451358
515.0 0.434608
520.0 0.433004
525.0 0.456426
530.0 0.43629
535.0 0.443208
540.0 0.44284
545.0 0.44993
550.0 0.457756
555.0 0.450436
560.0 0.458472
565.0 0.459164
570.0 0.455926
575.0 0.452148
580.0 0.45307
585.0 0.450948
590.0 0.456908
595.0 0.452922
600.0 0.454222
605.0 0.448252
610.0 0.461936
615.0 0.44763
620.0 0.445268
625.0 0.430646
630.0 0.460404
635.0 0.460606
640.0 0.441778
645.0 0.432966
650.0 0.434298
655.0 0.437732
660.0 0.448392
665.0 0.503274
670.0 0.497666
675.0 0.505356
680.0 0.50361
685.0 0.505186
690.0 0.50486
695.0 0.523032
700.0 0.517846
705.0 0.517412
710.0 0.515996
715.0 0.520996
720.0 0.520256
725.0 0.453852
730.0 0.46615
735.0 0.45917
740.0 0.45963
745.0 0.463786
750.0 0.464118
755.0 0.445754
760.0 0.443074
765.0 0.439094
770.0 0.437956
775.0 0.441064
780.0 0.439846
785.0 0.447802
790.0 0.457422
795.0 0.435838
800.0 0.4473
805.0 0.43444
810.0 0.456124
815.0 0.438292
820.0 0.484776
825.0 0.47021
830.0 0.459736
835.0 0.455488
840.0 0.484688
845.0 0.431052
850.0 0.437828
855.0 0.0
860.0 0.435516
865.0 0.45728
870.0 0.433804
875.0 0.428202
880.0 0.432394
885.0 0.472224
890.0 0.478364
895.0 0.478136
900.0 0.436454
905.0 0.440176
910.0 0.435712
915.0 0.45823
920.0 0.466436
925.0 0.463268
930.0 0.438752
935.0 0.435714
940.0 0.436194
945.0 0.453204
950.0 0.46361
955.0 0.439096
960.0 0.442396
965.0 0.457036
970.0 0.441542
975.0 0.454402
980.0 0.450974
985.0 0.466608
990.0 0.466126
995.0 0.462112
1000.0 0.465278
1005.0 0.444758
1010.0 0.437396
1015.0 0.446064
1020.0 0.4449
1025.0 0.443278
1030.0 0.460512
1035.0 0.463982
1040.0 0.440604
1045.0 0.43666
1050.0 0.436874
1055.0 0.494418
1060.0 0.490216
1065.0 0.440446
1070.0 0.440962
1075.0 0.446508
1080.0 0.446084
1085.0 0.446196
1090.0 0.438252
1095.0 0.474432
1100.0 0.549602
1105.0 0.489258
1110.0 0.494296
1115.0 0.5022
1120.0 0.434928
1125.0 0.4558
1130.0 0.463512
1135.0 0.46263
1140.0 0.461272
1145.0 0.461922
1150.0 0.510562
1155.0 0.51155
1160.0 0.495464
1165.0 0.493954
1170.0 0.465842
1175.0 0.450028
1180.0 0.48071
1185.0 0.468184
1190.0 0.465044
1195.0 0.495314
1200.0 0.468658
1205.0 0.470604
1210.0 0.48801
1215.0 0.467576
1220.0 0.458996
1225.0 0.451042
1230.0 0.463776
1235.0 0.47437
1240.0 0.465874
1245.0 0.486366
1250.0 0.485208
1255.0 0.439964
1260.0 0.447962
1265.0 0.44077
1270.0 0.452044
1275.0 0.443572
1280.0 0.460502
1285.0 0.44245
1290.0 0.448228
1295.0 0.442836
1300.0 0.488546
1305.0 0.492816
1310.0 0.488422
1315.0 0.450436
1320.0 0.448234
1325.0 0.463058
1330.0 0.488756
1335.0 0.473342
1340.0 0.423894
1345.0 0.463628
1350.0 0.463724
1355.0 0.466598
1360.0 0.44501
1365.0 0.45227
1370.0 0.459674
1375.0 0.449744
1380.0 0.463906
1385.0 0.479336
1390.0 0.462022
1395.0 0.453538
1400.0 0.472546
1405.0 0.478114
1410.0 0.448998
1415.0 0.44853
1420.0 0.44989
1425.0 0.454448
1430.0 0.453002
1435.0 0.471486
1440.0 0.460948
1445.0 0.457084
1450.0 0.457608
1455.0 0.490266
1460.0 0.464528
1465.0 0.460604
1470.0 0.44449
1475.0 0.437998
1480.0 0.441126
1485.0 0.441794
1490.0 0.441544
1495.0 0.589834
1500.0 0.609652
1505.0 0.598102
1510.0 0.572952
1515.0 0.557644
1520.0 0.572018
1525.0 0.436704
1530.0 0.437256
1535.0 0.435582
1540.0 0.437106
1545.0 0.443524
1550.0 0.44063
1555.0 0.467732
1560.0 0.461624
1565.0 0.472836
1570.0 0.483984
1575.0 0.472274
1580.0 0.471004
1585.0 0.479764
1590.0 0.475602
1595.0 0.469678
1600.0 0.476962
1605.0 0.479786
1610.0 0.47289
1615.0 0.457108
1620.0 0.45192
1625.0 0.451258
1630.0 0.444472
1635.0 0.456776
1640.0 0.467122
1645.0 0.47492
1650.0 0.463782
1655.0 0.44615
1660.0 0.442408
1665.0 0.447746
1670.0 0.44056
1675.0 0.451872
1680.0 0.443846
1685.0 0.44795
1690.0 0.452792
1695.0 0.4477
1700.0 0.461412
1705.0 0.441692
1710.0 0.44157
1715.0 0.445212
1720.0 0.435886
1725.0 0.444598
1730.0 0.44525
1735.0 0.434988
1740.0 0.460634
1745.0 0.45024
1750.0 0.441284
1755.0 0.481266
1760.0 0.468708
1765.0 0.448522
1770.0 0.451928
1775.0 0.458562
1780.0 0.47726
1785.0 0.46491
1790.0 0.46727
1795.0 0.493374
1800.0 0.491524
1805.0 0.493326
1810.0 0.477448
1815.0 0.4689
1820.0 0.468912
1825.0 0.4661
1830.0 0.47083
1835.0 0.466548
1840.0 0.444248
1845.0 0.438408
