0.0 0.93993
5.0 0.911134
10.0 0.910514
15.0 0.907162
20.0 0.89134
25.0 0.885016
30.0 1.630108
35.0 1.84796
40.0 0.91738
45.0 1.656172
50.0 0.907054
55.0 0.904382
60.0 0.938118
65.0 0.983584
70.0 1.009978
75.0 1.002478
80.0 1.644696
85.0 0.931838
90.0 0.954526
95.0 1.015924
100.0 1.009622
105.0 1.006818
110.0 1.756832
115.0 0.916784
120.0 0.93475
125.0 1.67038
130.0 0.949876
135.0 1.00526
140.0 1.73826
145.0 1.640896
150.0 1.618776
155.0 0.954168
160.0 0.960038
165.0 0.899284
170.0 0.9128
175.0 0.921882
180.0 0.933338
185.0 1.754826
190.0 1.685286
195.0 0.984268
200.0 0.981968
205.0 0.961486
210.0 0.934498
215.0 0.965814
220.0 0.965074
225.0 1.69287
230.0 0.970288
235.0 0.966922
240.0 1.026118
245.0 1.04504
250.0 1.0089
255.0 1.029088
260.0 1.879576
265.0 0.836012
270.0 1.197434
275.0 0.85557
280.0 0.85172
285.0 0.839448
290.0 0.844044
295.0 0.933364
300.0 0.931096
305.0 0.943202
310.0 0.894586
315.0 0.921876
320.0 0.909684
325.0 0.983116
330.0 0.931256
335.0 0.903266
340.0 0.933384
345.0 0.969782
350.0 0.925308
355.0 0.983
360.0 1.012876
365.0 0.985192
370.0 0.951538
375.0 0.942172
380.0 0.941276
385.0 0.920436
390.0 0.92607
395.0 0.922744
400.0 0.913702
405.0 0.948542
410.0 1.687136
415.0 0.954802
420.0 0.964104
425.0 1.703632
430.0 0.967136
435.0 0.936112
440.0 0.824752
445.0 0.670092
450.0 0.93516
455.0 0.959706
460.0 0.965396
465.0 1.756676
470.0 0.920358
475.0 0.931034
480.0 0.918756
485.0 0.90355
490.0 0.717518
495.0 0.718654
500.0 1.024838
505.0 0.743238
510.0 0.740726
515.0 0.742394
520.0 0.805966
525.0 1.736434
530.0 0.929104
535.0 0.90737
540.0 0.90814
545.0 1.643986
550.0 0.871548
555.0 0.945028
560.0 0.955548
565.0 0.83301
570.0 0.630626
575.0 0.589076
580.0 1.023678
585.0 0.658422
590.0 1.75347
595.0 0.912894
600.0 0.92787
605.0 0.919064
610.0 0.679088
615.0 0.685594
620.0 0.914548
625.0 0.919442
630.0 0.91755
635.0 0.964838
640.0 0.951926
645.0 1.693876
650.0 0.956794
655.0 0.91782
660.0 0.883286
665.0 0.912184
670.0 0.892358
675.0 1.668346
680.0 0.674218
685.0 0.666904
690.0 0.66891
695.0 0.928094
700.0 0.901458
705.0 1.570936
710.0 0.930508
715.0 0.914622
720.0 0.9296
725.0 0.973066
730.0 0.935016
735.0 0.930804
740.0 0.917334
745.0 0.721098
750.0 0.678518
755.0 0.919956
760.0 0.90212
765.0 0.790024
770.0 0.710124
775.0 0.72639
780.0 0.726958
785.0 0.631638
790.0 0.66438
795.0 0.664674
800.0 0.716188
805.0 0.72976
810.0 1.037676
815.0 0.713122
820.0 1.769462
825.0 1.005488
830.0 0.99151
835.0 0.921764
840.0 0.941338
845.0 0.930636
850.0 0.664698
855.0 0.53332
860.0 0.712144
865.0 0.526464
870.0 0.526188
875.0 1.676232
880.0 0.92138
885.0 1.644716
890.0 0.94527
895.0 0.939728
900.0 0.663062
905.0 0.93412
910.0 0.92739
915.0 1.624238
920.0 0.508704
925.0 0.721032
930.0 0.50367
935.0 0.981546
940.0 0.96704
945.0 0.966614
950.0 0.906948
955.0 1.703204
960.0 0.951546
965.0 1.752274
970.0 0.983028
975.0 0.945058
980.0 0.927212
985.0 0.924998
990.0 1.667272
995.0 1.59614
1000.0 0.959266
1005.0 0.948428
1010.0 0.319564
1015.0 0.113708
1020.0 0.911468
1025.0 0.154788
1030.0 1.119892
1035.0 0.900204
1040.0 0.037946
1045.0 0.113368
1050.0 0.11345
1055.0 0.113702
1060.0 0.121474
1065.0 0.124718
1070.0 0.124226
1075.0 0.124172
1080.0 0.12377
1085.0 0.117004
1090.0 0.11673
1095.0 0.123002
1100.0 0.1238
1105.0 0.120338
1110.0 0.114654
1115.0 0.89458
1120.0 0.870218
1125.0 0.918148
1130.0 1.605458
1135.0 0.922876
1140.0 0.954372
1145.0 1.610176
1150.0 0.824604
1155.0 0.903076
1160.0 0.07501
1165.0 0.544438
1170.0 0.118924
1175.0 0.118306
1180.0 0.075342
1185.0 0.11938
1190.0 0.123928
1195.0 0.120232
1200.0 0.121738
1205.0 0.128064
1210.0 0.12574
1215.0 0.1217
1220.0 0.121226
1225.0 0.12126
1230.0 0.12169
1235.0 0.121766
1240.0 0.121408
1245.0 0.121398
1250.0 0.11537
1255.0 0.114036
