0.0 0.344374
5.0 0.33807
10.0 1.165622
15.0 0.327854
20.0 1.038374
25.0 1.16983
30.0 0.331694
35.0 0.3345
40.0 0.327362
45.0 0.336584
50.0 0.335014
55.0 0.331612
60.0 0.277424
65.0 0.32404
70.0 0.330964
75.0 0.345078
80.0 1.14261
85.0 1.06291
90.0 0.323596
95.0 0.378374
100.0 0.323024
105.0 0.355736
110.0 1.379522
115.0 0.330618
120.0 0.344946
125.0 0.359432
130.0 1.322456
135.0 1.268154
140.0 0.330706
145.0 0.346282
150.0 1.20568
155.0 1.2755
160.0 0.361876
165.0 0.360602
170.0 0.371516
175.0 0.297266
180.0 0.263954
185.0 0.331134
190.0 0.351012
195.0 0.363564
200.0 0.347368
205.0 0.33511
210.0 0.32752
215.0 0.344182
220.0 0.34467
225.0 0.332662
230.0 0.340034
235.0 0.31667
240.0 0.330646
245.0 0.34689
250.0 0.353828
255.0 0.357992
260.0 0.34658
265.0 1.285364
270.0 0.3389
275.0 0.342528
280.0 0.349236
285.0 0.34641
290.0 0.34697
295.0 1.240118
300.0 0.333606
305.0 0.387954
310.0 1.323692
315.0 1.265456
320.0 0.367
325.0 0.369276
330.0 1.242088
335.0 1.578602
340.0 0.431976
345.0 0.447424
350.0 0.45181
355.0 0.450858
360.0 0.43992
365.0 0.34405
370.0 0.337666
375.0 0.350098
380.0 0.342544
385.0 1.224268
390.0 0.350532
395.0 1.293618
400.0 0.349036
405.0 0.346034
410.0 0.345964
415.0 0.334824
420.0 0.331172
425.0 1.20619
430.0 1.254954
435.0 1.264736
440.0 0.349316
445.0 0.347412
450.0 0.359882
455.0 0.340666
460.0 0.335434
465.0 1.186854
470.0 1.08767
475.0 0.3494
480.0 0.338612
485.0 0.338998
490.0 0.359202
495.0 1.35473
500.0 0.361434
505.0 0.342322
510.0 0.32268
515.0 0.334068
520.0 1.172268
525.0 0.340706
530.0 0.338572
535.0 0.326394
540.0 0.351188
545.0 0.305194
550.0 0.33337
555.0 0.352482
560.0 1.194596
565.0 0.349638
570.0 0.350526
575.0 0.34742
580.0 0.337616
585.0 0.34428
590.0 0.32979
595.0 0.342404
600.0 0.350164
605.0 0.268412
610.0 0.309538
615.0 0.336378
620.0 0.352338
625.0 0.35206
630.0 0.360214
635.0 0.340358
640.0 0.323644
645.0 1.219324
650.0 0.324388
655.0 0.300868
660.0 0.38126
665.0 1.301544
670.0 0.384172
675.0 0.377372
680.0 0.377152
685.0 1.266252
690.0 0.39832
695.0 1.256316
700.0 0.389634
705.0 0.910092
710.0 0.4006
715.0 1.36905
720.0 1.184872
725.0 0.344282
730.0 0.343156
735.0 0.347782
740.0 1.19721
745.0 0.352964
750.0 0.338436
755.0 0.33205
760.0 0.325918
765.0 0.331508
770.0 0.345162
775.0 0.334496
780.0 0.343464
785.0 0.34518
790.0 1.18157
795.0 0.326482
800.0 0.340376
805.0 0.350322
810.0 1.158134
815.0 0.356408
820.0 1.32973
825.0 0.34746
830.0 1.331388
835.0 0.339972
840.0 0.329548
845.0 0.333262
850.0 0.331532
855.0 0.326836
860.0 0.332206
865.0 0.353506
870.0 0.332556
875.0 1.184196
880.0 0.32676
885.0 0.36409
890.0 1.237348
895.0 0.33275
900.0 0.338042
905.0 0.305522
910.0 0.335182
915.0 0.350494
920.0 0.343424
925.0 0.35298
930.0 0.335826
935.0 0.335228
940.0 0.329392
945.0 0.330328
950.0 0.351046
955.0 0.338688
960.0 0.340784
965.0 0.349118
970.0 1.22273
975.0 0.341036
980.0 0.35566
985.0 0.342584
990.0 0.360778
995.0 0.355052
1000.0 0.362816
1005.0 0.345432
1010.0 0.33589
1015.0 0.325602
1020.0 0.332804
1025.0 0.334006
1030.0 1.239966
1035.0 0.32773
1040.0 0.348986
1045.0 1.200394
1050.0 0.33633
1055.0 0.341388
1060.0 0.380618
1065.0 0.367332
1070.0 0.333828
1075.0 0.337702
1080.0 1.200688
1085.0 0.33272
1090.0 0.341854
1095.0 0.338142
1100.0 0.401034
1105.0 0.41744
1110.0 0.38214
1115.0 1.280856
1120.0 1.355888
1125.0 1.19684
1130.0 0.351198
1135.0 1.31947
1140.0 0.352096
1145.0 1.208148
1150.0 0.33749
1155.0 0.380132
1160.0 0.3797
1165.0 0.37334
1170.0 0.676626
1175.0 0.363736
1180.0 0.34978
1185.0 0.279706
1190.0 0.351876
1195.0 0.34964
1200.0 0.290498
1205.0 0.349534
1210.0 0.368194
1215.0 0.369686
1220.0 1.292492
1225.0 0.339148
1230.0 0.333702
1235.0 1.232266
1240.0 0.361974
1245.0 0.357792
1250.0 0.369572
1255.0 0.371114
1260.0 0.332648
1265.0 0.34216
1270.0 0.344888
1275.0 0.337572
1280.0 0.334286
1285.0 0.347368
1290.0 0.33822
1295.0 0.340546
1300.0 0.330922
1305.0 0.381524
1310.0 1.355146
1315.0 0.377344
1320.0 0.337754
1325.0 0.336652
1330.0 0.35954
1335.0 1.246808
1340.0 0.360666
1345.0 1.151278
1350.0 0.34892
1355.0 0.353982
1360.0 1.307194
1365.0 1.261134
1370.0 0.34487
1375.0 0.343586
1380.0 0.35001
1385.0 0.348846
1390.0 0.359166
1395.0 0.34838
1400.0 0.354546
1405.0 0.373944
1410.0 0.37327
1415.0 0.352082
1420.0 0.351466
1425.0 0.352778
1430.0 0.349944
1435.0 1.164594
1440.0 0.373584
1445.0 0.325302
1450.0 0.367644
1455.0 0.35876
1460.0 0.381676
1465.0 0.36221
1470.0 0.340954
1475.0 0.349418
1480.0 0.340776
1485.0 0.346096
1490.0 1.364186
1495.0 0.346496
1500.0 0.404082
1505.0 0.481152
1510.0 1.855294
1515.0 1.746888
1520.0 0.440598
1525.0 0.440168
1530.0 1.30198
1535.0 0.339598
1540.0 1.337432
1545.0 0.347596
1550.0 0.34723
1555.0 0.371352
1560.0 0.374264
1565.0 0.372322
1570.0 0.367362
1575.0 0.37271
1580.0 0.372592
1585.0 0.380978
1590.0 0.390832
1595.0 0.373086
1600.0 0.378338
1605.0 0.378536
1610.0 0.385628
1615.0 0.350764
1620.0 1.38641
1625.0 0.341368
1630.0 0.360134
1635.0 0.364034
1640.0 1.4591
1645.0 0.371928
1650.0 0.370244
1655.0 0.35038
1660.0 0.317506
1665.0 0.340038
1670.0 0.351506
1675.0 0.340384
1680.0 0.347542
1685.0 0.353142
1690.0 0.356792
1695.0 1.286328
1700.0 1.327262
1705.0 1.36503
1710.0 0.349226
1715.0 0.339002
1720.0 0.338636
1725.0 1.318692
1730.0 1.242158
1735.0 0.602994
1740.0 0.3626
1745.0 0.346652
1750.0 0.325858
1755.0 0.371944
1760.0 0.36178
1765.0 0.360328
1770.0 1.423084
1775.0 0.333624
1780.0 0.35874
1785.0 0.365356
1790.0 1.142026
1795.0 0.38605
1800.0 0.378338
1805.0 0.371588
1810.0 0.368178
1815.0 0.365902
1820.0 0.369416
1825.0 0.369276
1830.0 1.454582
1835.0 0.628654
1840.0 0.790906
1845.0 0.348692
