0.0 0.501986
5.0 0.659688
10.0 0.680754
15.0 0.69292
20.0 0.636012
25.0 0.547336
30.0 0.70678
35.0 0.673408
40.0 0.635916
45.0 0.683522
50.0 0.687838
55.0 0.671816
60.0 0.61886
65.0 0.669326
70.0 0.668838
75.0 0.740908
80.0 0.60695
85.0 0.644288
90.0 0.699194
95.0 0.435166
100.0 0.437022
105.0 0.636022
110.0 0.708906
115.0 0.696638
120.0 0.702968
125.0 0.703954
130.0 0.601644
135.0 0.696084
140.0 0.507534
145.0 0.742704
150.0 0.75768
155.0 0.779442
160.0 0.657056
165.0 0.716992
170.0 0.728026
175.0 0.721396
180.0 0.6704
185.0 0.736862
190.0 0.650938
195.0 0.73536
200.0 0.600518
205.0 0.716908
210.0 0.726214
215.0 0.742584
220.0 0.598774
225.0 0.64848
230.0 0.708318
235.0 0.749714
240.0 0.747354
245.0 0.75097
250.0 0.56614
255.0 0.631478
260.0 0.762924
265.0 0.614646
270.0 0.718556
275.0 0.637808
280.0 0.74574
285.0 0.745308
290.0 0.682084
295.0 0.757446
300.0 0.802766
305.0 0.73759
310.0 0.811652
315.0 0.79254
320.0 0.791202
325.0 0.935994
330.0 0.95487
335.0 0.963676
340.0 0.958866
345.0 0.953512
350.0 0.946974
355.0 0.65934
360.0 0.725624
365.0 0.712834
370.0 0.63264
375.0 0.666444
380.0 0.620634
385.0 0.671348
390.0 0.745818
395.0 0.673166
400.0 0.74952
405.0 0.731094
410.0 0.70832
415.0 0.711502
420.0 0.73221
425.0 0.73665
430.0 0.662322
435.0 0.627802
440.0 0.743122
445.0 0.723056
450.0 0.68779
455.0 0.651214
460.0 0.616926
465.0 0.725528
470.0 0.750648
475.0 0.759786
480.0 0.643896
485.0 0.73039
490.0 0.64177
495.0 0.70067
500.0 0.64376
505.0 0.714802
510.0 0.665156
515.0 0.660604
520.0 0.73266
525.0 0.74408
530.0 0.656354
535.0 0.565684
540.0 0.663522
545.0 0.607982
550.0 0.721182
555.0 0.720444
560.0 0.733454
565.0 0.717184
570.0 0.714794
575.0 0.601598
580.0 0.726626
585.0 0.710904
590.0 0.593402
595.0 0.632846
600.0 0.744782
605.0 0.72833
610.0 0.749354
615.0 0.407968
620.0 0.689084
625.0 0.66579
630.0 0.568098
635.0 0.673578
640.0 0.80745
645.0 0.72705
650.0 0.663392
655.0 0.677356
660.0 0.618362
665.0 0.695548
670.0 0.830626
675.0 0.686416
680.0 0.820406
685.0 0.69516
690.0 0.843638
695.0 0.452088
700.0 0.724324
705.0 0.716046
710.0 0.623576
715.0 0.62034
720.0 0.61402
725.0 0.712016
730.0 0.681298
735.0 0.712266
740.0 0.677634
745.0 0.676366
750.0 0.63
755.0 0.737314
760.0 0.70709
765.0 0.675998
770.0 0.619832
775.0 0.585308
780.0 0.691632
785.0 0.684712
790.0 0.64428
795.0 0.652046
800.0 0.789434
805.0 0.620334
810.0 0.731316
815.0 0.74618
820.0 0.524332
825.0 0.57755
830.0 0.685718
835.0 0.592408
840.0 0.72019
845.0 0.711934
850.0 0.694568
855.0 0.591772
860.0 0.768264
865.0 0.757846
870.0 0.74674
875.0 0.506746
880.0 0.687264
885.0 0.69293
890.0 0.73883
895.0 0.621116
900.0 0.723642
905.0 0.730932
910.0 0.685188
915.0 0.638274
920.0 0.577156
925.0 0.67873
930.0 0.708826
935.0 0.621196
940.0 0.695454
945.0 0.70276
950.0 0.70622
955.0 0.596738
960.0 0.631848
965.0 0.729064
970.0 0.730646
975.0 0.703066
980.0 0.741664
985.0 0.714696
990.0 0.726562
995.0 0.434798
1000.0 0.684216
1005.0 0.646174
1010.0 0.6731
1015.0 0.404242
1020.0 0.582022
1025.0 0.691174
1030.0 0.687024
1035.0 0.174592
1040.0 0.78454
1045.0 0.728748
1050.0 0.70607
1055.0 0.667886
1060.0 0.645898
1065.0 0.693188
1070.0 0.714662
1075.0 0.694958
1080.0 0.938134
1085.0 0.79695
1090.0 0.760756
1095.0 0.788086
1100.0 0.709016
1105.0 0.686076
1110.0 0.745326
1115.0 0.650486
1120.0 0.605238
1125.0 0.725832
1130.0 0.676822
1135.0 0.66759
1140.0 0.723652
1145.0 0.789578
1150.0 0.711528
1155.0 0.793556
1160.0 0.736178
1165.0 0.746834
1170.0 0.67824
1175.0 0.605942
1180.0 0.749842
1185.0 0.725426
1190.0 0.795116
1195.0 0.69871
1200.0 0.64279
1205.0 0.72497
1210.0 0.671802
1215.0 0.702186
1220.0 0.770106
1225.0 0.689804
1230.0 0.771024
1235.0 0.564196
1240.0 0.709766
1245.0 0.647704
1250.0 0.381856
1255.0 0.634404
1260.0 0.653988
1265.0 0.744132
1270.0 0.713298
1275.0 0.658334
1280.0 0.767738
1285.0 0.727052
1290.0 0.800764
1295.0 0.64747
1300.0 0.662538
1305.0 0.701508
1310.0 0.67658
1315.0 0.693338
1320.0 0.645832
1325.0 0.741576
1330.0 0.627934
1335.0 0.723494
1340.0 0.744758
1345.0 0.736662
1350.0 0.718504
1355.0 0.649412
1360.0 0.759086
1365.0 0.747992
1370.0 0.68584
1375.0 0.636156
1380.0 0.751188
1385.0 0.7273
1390.0 0.725064
1395.0 0.72857
1400.0 0.721176
1405.0 0.662566
1410.0 0.694872
1415.0 0.737406
1420.0 0.76059
1425.0 0.736884
1430.0 0.637938
1435.0 0.66383
1440.0 0.744286
1445.0 0.72012
1450.0 0.713808
1455.0 0.710358
1460.0 0.705654
1465.0 0.71466
1470.0 0.807254
1475.0 0.727818
1480.0 0.901918
1485.0 0.961174
1490.0 0.76574
1495.0 0.83134
1500.0 0.70063
1505.0 0.698984
1510.0 0.708106
1515.0 0.698342
1520.0 0.703044
1525.0 0.595356
1530.0 0.469224
1535.0 0.586956
1540.0 0.760364
1545.0 0.695736
1550.0 0.77609
1555.0 0.635974
1560.0 0.712802
1565.0 0.775128
1570.0 0.773972
1575.0 0.651678
1580.0 0.648476
1585.0 0.482352
1590.0 0.675042
1595.0 0.747074
1600.0 0.665324
1605.0 0.715168
1610.0 0.741756
1615.0 0.756102
1620.0 0.763982
1625.0 0.769206
1630.0 0.661304
1635.0 0.710426
1640.0 0.716416
1645.0 0.724364
1650.0 0.716522
1655.0 0.600774
1660.0 0.397396
1665.0 0.382416
1670.0 0.175718
1675.0 0.68022
1680.0 0.736216
1685.0 0.730328
1690.0 0.71696
1695.0 0.721312
1700.0 0.717376
1705.0 0.0
1710.0 0.658684
1715.0 0.73222
1720.0 0.724928
1725.0 0.552776
1730.0 0.74711
1735.0 0.765604
1740.0 0.74091
1745.0 0.744118
1750.0 0.690902
1755.0 0.728032
1760.0 0.75748
1765.0 0.70339
1770.0 0.796342
1775.0 0.800054
1780.0 0.76264
1785.0 0.637982
1790.0 0.638898
1795.0 0.750426
1800.0 0.77585
1805.0 0.690668
1810.0 0.659564
1815.0 0.712074
