0.0 0.853054
5.0 0.34001
10.0 0.349978
15.0 0.856984
20.0 0.884572
25.0 0.86081
30.0 0.855188
35.0 0.382784
40.0 0.365324
45.0 0.853732
50.0 0.421424
55.0 0.842134
60.0 0.809194
65.0 0.26949
70.0 0.82747
75.0 0.857286
80.0 0.870036
85.0 0.503226
90.0 0.465564
95.0 0.865374
100.0 0.774042
105.0 0.376442
110.0 0.833892
115.0 0.89628
120.0 0.823908
125.0 0.83884
130.0 0.862554
135.0 0.854702
140.0 0.500154
145.0 0.870852
150.0 0.850898
155.0 0.776686
160.0 0.492332
165.0 0.843016
170.0 0.0
175.0 0.0
180.0 0.0
185.0 0.84742
190.0 0.441278
195.0 0.881238
200.0 0.415632
205.0 0.45332
210.0 0.84902
215.0 0.869076
220.0 0.474162
225.0 0.769696
230.0 0.859506
235.0 0.533994
240.0 0.879306
245.0 0.8872
250.0 0.869486
255.0 0.858444
260.0 0.878972
265.0 0.823682
270.0 0.857474
275.0 0.525436
280.0 0.855418
285.0 0.85326
290.0 0.86998
295.0 0.877762
300.0 0.986614
305.0 0.277368
310.0 0.50478
315.0 0.861768
320.0 0.836412
325.0 0.668482
330.0 0.41773
335.0 0.249622
340.0 0.4264
345.0 0.877716
350.0 0.98497
355.0 0.854858
360.0 0.873884
365.0 0.296558
370.0 0.84948
375.0 0.77696
380.0 0.446598
385.0 0.453234
390.0 0.898744
395.0 0.474256
400.0 0.87694
405.0 0.905394
410.0 0.86879
415.0 0.862258
420.0 0.857928
425.0 0.836462
430.0 0.424198
435.0 0.41264
440.0 0.461514
445.0 0.479074
450.0 0.844344
455.0 0.860636
460.0 0.472884
465.0 0.85895
470.0 0.861844
475.0 0.860046
480.0 0.869344
485.0 0.786124
490.0 0.425876
495.0 0.292774
500.0 0.536312
505.0 0.873076
510.0 0.982628
515.0 0.708646
520.0 0.82164
525.0 0.487322
530.0 0.892906
535.0 0.98075
540.0 0.853948
545.0 0.54193
550.0 0.409656
555.0 0.756526
560.0 0.499626
565.0 0.544126
570.0 0.366472
575.0 0.96635
580.0 0.506158
585.0 0.983868
590.0 0.416894
595.0 0.975598
600.0 0.846876
605.0 0.777528
610.0 0.395712
615.0 0.846178
620.0 0.86787
625.0 0.873088
630.0 0.863982
635.0 0.429002
640.0 0.976146
645.0 0.834004
650.0 0.8592
655.0 0.348444
660.0 0.853604
665.0 0.809204
670.0 0.830372
675.0 0.861494
680.0 0.87806
685.0 0.866914
690.0 0.868182
695.0 0.459074
700.0 0.407228
705.0 0.803
710.0 0.862504
715.0 0.16713
720.0 0.82696
725.0 0.863654
730.0 0.960326
735.0 0.866574
740.0 0.842986
745.0 0.987806
750.0 0.864584
755.0 0.846722
760.0 0.860026
765.0 0.50361
770.0 0.410276
775.0 0.845436
780.0 0.835336
785.0 0.474992
790.0 0.975634
795.0 0.842474
800.0 0.863462
805.0 0.809072
810.0 0.431798
815.0 0.854004
820.0 0.854816
825.0 0.852302
830.0 0.811252
835.0 0.898754
840.0 0.8673
845.0 0.812326
850.0 0.86841
855.0 0.497062
860.0 0.0
865.0 0.870586
870.0 0.847854
875.0 0.424408
880.0 0.493208
885.0 0.481062
890.0 0.0
895.0 0.0
900.0 0.0
905.0 0.0
910.0 0.860824
915.0 0.812478
920.0 0.42572
925.0 0.512964
930.0 0.811402
935.0 0.491304
940.0 0.859188
945.0 0.854118
950.0 0.459336
955.0 0.83512
960.0 0.394178
965.0 0.800714
970.0 0.776608
975.0 0.418028
980.0 0.371376
985.0 0.87476
990.0 0.434626
995.0 0.3891
1000.0 0.74575
1005.0 0.42714
1010.0 0.378498
1015.0 0.948794
1020.0 0.834308
1025.0 0.472742
1030.0 0.874454
1035.0 0.84798
1040.0 0.846168
1045.0 0.802338
1050.0 0.85535
1055.0 0.851418
1060.0 0.863426
1065.0 0.15471
1070.0 0.98472
1075.0 0.87222
1080.0 0.428756
1085.0 0.424546
1090.0 0.428424
1095.0 0.427142
1100.0 0.87353
1105.0 0.417016
1110.0 0.456516
1115.0 0.869638
1120.0 0.46646
1125.0 0.842708
1130.0 0.706036
1135.0 0.8495
1140.0 0.735354
1145.0 0.426066
1150.0 0.371664
1155.0 0.4663
1160.0 0.451728
1165.0 0.837908
1170.0 0.363402
1175.0 0.481704
1180.0 0.845084
1185.0 0.48007
1190.0 0.811698
1195.0 0.789792
1200.0 0.474
1205.0 0.854936
1210.0 0.412452
1215.0 0.477154
1220.0 0.431222
1225.0 0.865618
1230.0 0.958534
1235.0 0.845268
1240.0 0.851316
1245.0 0.850694
1250.0 0.84905
1255.0 0.850224
1260.0 0.885054
1265.0 0.83048
1270.0 0.199056
1275.0 0.85848
1280.0 0.477364
1285.0 0.868798
1290.0 0.87674
1295.0 0.860308
1300.0 0.280156
1305.0 0.870108
1310.0 0.860172
1315.0 0.846278
1320.0 0.473934
1325.0 0.831554
1330.0 0.503998
1335.0 0.855942
1340.0 0.855278
1345.0 0.839114
1350.0 0.858322
1355.0 0.968384
1360.0 0.872162
1365.0 0.988416
1370.0 0.86794
1375.0 0.864098
1380.0 0.46037
1385.0 0.991384
1390.0 0.721076
1395.0 0.854708
1400.0 0.88364
1405.0 0.86817
1410.0 0.877334
1415.0 0.501926
1420.0 0.943924
1425.0 0.85357
1430.0 0.847736
1435.0 0.420228
1440.0 0.991926
1445.0 0.874654
1450.0 0.85459
1455.0 0.512412
1460.0 0.443344
1465.0 0.867016
1470.0 0.95802
1475.0 0.373586
1480.0 0.743386
1485.0 0.971202
1490.0 0.859326
1495.0 0.857748
1500.0 0.47861
1505.0 0.86709
1510.0 0.863334
1515.0 0.475698
1520.0 0.985402
1525.0 0.447006
1530.0 0.388698
1535.0 0.984758
1540.0 1.005324
1545.0 0.48867
1550.0 0.40086
1555.0 0.987464
1560.0 1.00353
1565.0 0.990228
1570.0 0.973688
1575.0 0.96878
1580.0 0.927698
1585.0 0.566008
1590.0 0.973842
1595.0 0.441976
1600.0 0.959714
1605.0 0.97537
1610.0 0.958316
1615.0 0.92868
1620.0 0.957124
1625.0 0.980356
1630.0 0.450146
1635.0 0.970876
1640.0 0.967698
1645.0 0.984968
1650.0 0.97699
1655.0 0.441786
1660.0 0.395244
1665.0 0.771908
1670.0 0.38755
1675.0 0.491242
1680.0 0.407034
1685.0 1.002592
1690.0 0.39532
1695.0 0.332972
1700.0 0.755668
1705.0 0.464982
1710.0 0.985784
1715.0 0.965818
