0.0 0.614954
5.0 0.604538
10.0 0.661652
15.0 0.634792
20.0 0.628068
25.0 0.652646
30.0 1.036948
35.0 1.04983
40.0 1.051108
45.0 0.965986
50.0 1.105084
55.0 0.995774
60.0 0.941734
65.0 1.00994
70.0 1.088466
75.0 1.061994
80.0 1.089862
85.0 0.997926
90.0 1.117934
95.0 0.998154
100.0 0.921232
105.0 1.079278
110.0 1.075334
115.0 1.002542
120.0 1.060406
125.0 1.075692
130.0 1.041656
135.0 1.069032
140.0 1.079708
145.0 1.037588
150.0 1.085692
155.0 1.042314
160.0 1.101474
165.0 0.675546
170.0 1.092916
175.0 1.082848
180.0 1.04466
185.0 1.027298
190.0 1.046654
195.0 1.07316
200.0 0.78901
205.0 1.12842
210.0 1.052328
215.0 1.113448
220.0 1.159026
225.0 1.093576
230.0 1.040214
235.0 1.05505
240.0 1.127932
245.0 1.110344
250.0 1.096046
255.0 1.06837
260.0 1.100778
265.0 1.071946
270.0 1.107494
275.0 1.102416
280.0 1.104982
285.0 1.072878
290.0 1.001706
295.0 0.06157
300.0 1.089698
305.0 0.982992
310.0 0.942248
315.0 1.097714
320.0 1.014192
325.0 1.031876
330.0 1.085782
335.0 1.117066
340.0 1.083368
345.0 1.107774
350.0 1.11896
355.0 1.160198
360.0 1.095408
365.0 1.097666
370.0 1.038828
375.0 1.05307
380.0 1.21952
385.0 1.176918
390.0 1.064592
395.0 1.07988
400.0 1.109468
405.0 1.14279
410.0 1.086608
415.0 0.713132
420.0 0.96623
425.0 1.03679
430.0 1.044996
435.0 0.721394
440.0 1.052342
445.0 1.095234
450.0 1.031112
455.0 1.07125
460.0 1.0975
465.0 1.03443
470.0 1.044822
475.0 1.120036
480.0 1.026042
485.0 1.192204
490.0 0.977232
495.0 0.985094
500.0 0.932608
505.0 0.940206
510.0 1.096546
515.0 1.009182
520.0 0.9923
525.0 1.063398
530.0 1.120808
535.0 1.085484
540.0 1.120036
545.0 1.078784
550.0 1.091818
555.0 1.141558
560.0 1.025748
565.0 1.031208
570.0 1.037326
575.0 1.092902
580.0 1.0875
585.0 1.097484
590.0 1.09298
595.0 0.742842
600.0 1.016656
605.0 1.065324
610.0 1.070844
615.0 1.096172
620.0 1.053642
625.0 1.06311
630.0 0.816122
635.0 1.09734
640.0 1.089574
645.0 1.083836
650.0 1.16477
655.0 1.100848
660.0 0.999372
665.0 1.104358
670.0 1.107822
675.0 1.084494
680.0 1.088542
685.0 0.734794
690.0 1.159652
695.0 1.118084
700.0 1.139302
705.0 1.173852
710.0 1.095688
715.0 0.671112
720.0 1.051042
725.0 1.014902
730.0 1.122628
735.0 1.118654
740.0 0.97365
745.0 1.142234
750.0 1.041712
755.0 1.091278
760.0 0.977786
765.0 1.06223
770.0 1.052678
775.0 0.405782
780.0 0.960626
785.0 0.999592
790.0 1.082922
795.0 1.14868
800.0 1.091192
805.0 1.073362
810.0 1.126544
815.0 1.225916
820.0 1.028982
825.0 1.168166
830.0 0.660628
835.0 1.088944
840.0 1.12491
845.0 1.1441
850.0 0.923468
855.0 1.116874
860.0 0.969886
865.0 1.041304
870.0 1.07191
875.0 1.13103
880.0 0.998252
885.0 1.148628
890.0 0.940146
895.0 1.203158
900.0 1.199744
905.0 1.0835
910.0 1.122348
915.0 1.10915
920.0 0.977786
925.0 0.934114
930.0 1.091898
935.0 1.034698
940.0 1.075098
945.0 1.122616
950.0 1.108752
955.0 1.219684
960.0 1.12377
965.0 1.102464
970.0 1.08018
975.0 1.103152
980.0 0.84056
985.0 1.11957
990.0 1.114368
995.0 1.16554
1000.0 1.101242
1005.0 1.173276
1010.0 1.095736
1015.0 1.090348
1020.0 1.154624
1025.0 1.068628
1030.0 1.157922
1035.0 1.199878
1040.0 1.172104
1045.0 1.074698
1050.0 1.115486
1055.0 1.15732
1060.0 1.097192
1065.0 1.113058
1070.0 1.110312
1075.0 1.189316
1080.0 1.169034
1085.0 1.103736
1090.0 1.134236
1095.0 1.113048
1100.0 1.219248
1105.0 0.667246
1110.0 1.119956
1115.0 1.15387
1120.0 1.072468
1125.0 1.020026
1130.0 1.098966
1135.0 1.05409
1140.0 1.035002
1145.0 1.027498
1150.0 1.115906
1155.0 1.063118
1160.0 1.064326
1165.0 1.081976
1170.0 0.855594
1175.0 1.031604
1180.0 1.048766
1185.0 1.124882
1190.0 1.115164
1195.0 1.090082
1200.0 1.136908
1205.0 1.078688
1210.0 1.082702
1215.0 1.0414
1220.0 1.050074
1225.0 1.139182
1230.0 1.077576
1235.0 1.130878
1240.0 1.066054
1245.0 1.123328
1250.0 1.064146
1255.0 1.13042
1260.0 1.067458
1265.0 0.853426
1270.0 1.085652
1275.0 1.12488
1280.0 1.121968
1285.0 1.141604
1290.0 1.126396
1295.0 1.048298
1300.0 1.07652
1305.0 1.112376
1310.0 1.12926
1315.0 1.071722
1320.0 1.08796
1325.0 1.047292
1330.0 1.165592
1335.0 1.110454
1340.0 1.168834
1345.0 1.183524
1350.0 1.087598
1355.0 0.93277
1360.0 1.014398
1365.0 1.090324
1370.0 1.084104
1375.0 1.157482
1380.0 1.180384
1385.0 1.175832
1390.0 1.383218
1395.0 1.45667
1400.0 1.453364
1405.0 1.400572
1410.0 1.421898
1415.0 1.158842
1420.0 1.394924
1425.0 1.11594
1430.0 1.387242
1435.0 1.44352
1440.0 1.428542
1445.0 1.390426
1450.0 1.455964
1455.0 1.40226
1460.0 1.442124
1465.0 1.519136
1470.0 1.516484
1475.0 1.314762
1480.0 1.35069
1485.0 1.432604
1490.0 1.09529
1495.0 1.123522
1500.0 1.43059
1505.0 1.139124
1510.0 1.159692
1515.0 1.132102
1520.0 0.502634
1525.0 1.074624
1530.0 1.136812
1535.0 1.040294
1540.0 0.020066
1545.0 1.124552
1550.0 1.154552
1555.0 1.118042
1560.0 1.096922
1565.0 1.201438
1570.0 1.179112
1575.0 1.137426
1580.0 1.147782
