0.0 1.19584
5.0 1.2699
10.0 1.277766
15.0 1.370182
20.0 1.28609
25.0 1.136176
30.0 1.416758
35.0 1.1673
40.0 1.289256
45.0 1.297348
50.0 1.134098
55.0 1.169946
60.0 1.308504
65.0 1.169918
70.0 1.277406
75.0 1.172546
80.0 1.387992
85.0 1.358744
90.0 0.145746
95.0 1.393172
100.0 1.16861
105.0 0.790708
110.0 0.921834
115.0 1.28153
120.0 1.152898
125.0 1.308574
130.0 1.249996
135.0 1.251694
140.0 1.279504
145.0 1.306758
150.0 1.248036
155.0 1.231994
160.0 1.270986
165.0 1.292328
170.0 1.405208
175.0 1.350742
180.0 1.023878
185.0 1.0803
190.0 1.231614
195.0 1.250514
200.0 1.236556
205.0 1.151404
210.0 1.414318
215.0 1.376718
220.0 1.390806
225.0 1.374266
230.0 1.339704
235.0 1.197986
240.0 1.189944
245.0 1.20715
250.0 1.386578
255.0 1.232698
260.0 0.98096
265.0 1.37324
270.0 1.160578
275.0 1.414714
280.0 1.173166
285.0 1.279694
290.0 1.246222
295.0 1.076816
300.0 1.039462
305.0 1.301044
310.0 1.303858
315.0 1.23957
320.0 1.42955
325.0 1.317842
330.0 1.3935
335.0 1.14672
340.0 1.288766
345.0 1.23971
350.0 1.030248
355.0 1.330586
360.0 1.307088
365.0 1.38643
370.0 1.349608
375.0 1.06008
380.0 1.378666
385.0 0.515112
390.0 1.269238
395.0 1.277116
400.0 1.150306
405.0 1.344538
410.0 1.25153
415.0 1.332716
420.0 1.299418
425.0 1.337926
430.0 1.351014
435.0 1.28298
440.0 1.338688
445.0 1.261546
450.0 1.288916
455.0 1.259662
460.0 1.271116
465.0 1.122796
470.0 1.276768
475.0 1.323996
480.0 1.065216
485.0 1.044396
490.0 1.138104
495.0 1.18866
500.0 1.346544
505.0 1.1764
510.0 1.336588
515.0 1.244508
520.0 1.22696
525.0 1.14326
530.0 1.204094
535.0 1.228558
540.0 1.323
545.0 0.979708
550.0 1.184192
555.0 1.182772
560.0 1.123316
565.0 0.629988
570.0 1.403596
575.0 1.343148
580.0 1.328222
585.0 1.294408
590.0 1.18502
595.0 1.26299
600.0 1.321948
605.0 0.867956
610.0 1.248754
615.0 1.354788
620.0 1.140478
625.0 1.317222
630.0 1.2853
635.0 1.27098
640.0 1.266862
645.0 1.148284
650.0 1.247362
655.0 1.127944
660.0 1.247936
665.0 1.12718
670.0 0.995832
675.0 1.155276
680.0 1.106644
685.0 1.370282
690.0 1.122362
695.0 1.194054
700.0 1.079936
705.0 1.163144
710.0 1.253364
715.0 1.156888
720.0 1.341882
725.0 1.212624
730.0 1.343648
735.0 1.386894
740.0 1.081226
745.0 1.163104
750.0 1.253072
755.0 1.37603
760.0 1.14014
765.0 1.123184
770.0 1.0341
775.0 1.279936
780.0 1.215922
785.0 1.320834
790.0 1.210374
795.0 1.108192
800.0 1.075416
805.0 1.316074
810.0 1.362476
815.0 1.360148
820.0 1.339684
825.0 1.117156
830.0 1.226856
835.0 1.235266
840.0 1.018066
845.0 1.174358
850.0 1.325712
855.0 1.290762
860.0 1.1371
865.0 1.347316
870.0 1.173604
875.0 1.064076
880.0 1.233828
885.0 1.41961
890.0 1.165994
895.0 1.150776
900.0 1.23398
905.0 1.336664
910.0 1.116678
915.0 1.138036
920.0 1.37255
925.0 1.253384
930.0 1.20436
935.0 1.258504
940.0 0.0
945.0 1.418614
950.0 1.176966
955.0 1.200116
960.0 1.19745
965.0 1.167274
970.0 1.24544
975.0 1.203812
980.0 1.376828
985.0 1.322228
990.0 1.415418
995.0 1.245826
1000.0 1.37093
1005.0 1.255124
1010.0 1.321572
1015.0 1.003882
1020.0 1.291572
1025.0 1.361832
1030.0 1.292898
1035.0 1.18106
1040.0 1.057268
1045.0 1.201126
1050.0 1.155152
1055.0 1.20375
1060.0 0.388514
1065.0 0.583226
1070.0 1.322144
1075.0 1.250144
1080.0 1.354442
1085.0 1.318632
1090.0 1.230704
1095.0 0.943906
1100.0 1.249366
1105.0 1.22257
1110.0 1.252236
1115.0 1.274466
1120.0 1.23555
1125.0 1.310082
1130.0 1.20101
1135.0 1.107954
1140.0 0.912002
1145.0 1.265098
1150.0 1.384058
1155.0 1.262616
1160.0 0.835
1165.0 1.242138
1170.0 1.202566
1175.0 1.375648
1180.0 1.234772
1185.0 1.19047
1190.0 1.373558
1195.0 1.213198
1200.0 0.946254
1205.0 1.391908
1210.0 1.260058
1215.0 0.95015
1220.0 1.34827
1225.0 1.205308
1230.0 1.13123
1235.0 1.235962
1240.0 0.886036
1245.0 1.237588
1250.0 1.275096
1255.0 1.069604
1260.0 0.986348
1265.0 1.401966
1270.0 1.239382
1275.0 1.317962
1280.0 1.224336
1285.0 1.37613
1290.0 1.241582
1295.0 1.147322
1300.0 1.2846
1305.0 1.221028
1310.0 1.409728
1315.0 1.286716
1320.0 1.147562
1325.0 1.28891
1330.0 1.38188
1335.0 1.33572
1340.0 0.968468
1345.0 1.159082
1350.0 1.207148
1355.0 1.099564
1360.0 1.258128
1365.0 1.302736
1370.0 0.705232
1375.0 1.08265
1380.0 1.203016
1385.0 1.194446
1390.0 0.250772
1395.0 1.039196
1400.0 1.043746
1405.0 1.080956
1410.0 1.04487
1415.0 1.070866
1420.0 1.097874
1425.0 1.060252
1430.0 0.854798
1435.0 1.224478
1440.0 1.025472
1445.0 1.085372
1450.0 0.827916
1455.0 1.334764
1460.0 0.572216
1465.0 1.24047
1470.0 0.987154
1475.0 0.331764
1480.0 0.885908
1485.0 1.148788
1490.0 1.181964
1495.0 1.159416
1500.0 1.197856
1505.0 1.150708
1510.0 1.345754
1515.0 1.252884
1520.0 1.109176
1525.0 0.978944
1530.0 1.125052
1535.0 1.19427
1540.0 1.307702
1545.0 1.200976
1550.0 0.842664
1555.0 0.323366
1560.0 1.382762
1565.0 1.212694
1570.0 1.168224
1575.0 0.821266
1580.0 0.800302
