0.0 0.604354
5.0 0.822676
10.0 0.828812
15.0 0.453154
20.0 0.797252
25.0 0.831956
30.0 0.61689
35.0 0.765238
40.0 0.776984
45.0 0.755466
50.0 0.557664
55.0 0.400718
60.0 0.730512
65.0 0.779248
70.0 0.111282
75.0 0.763572
80.0 0.881752
85.0 0.746272
90.0 0.487728
95.0 0.509926
100.0 0.51955
105.0 0.868146
110.0 0.70799
115.0 0.833142
120.0 0.759292
125.0 0.686262
130.0 0.913972
135.0 0.547226
140.0 0.785932
145.0 0.58188
150.0 0.862562
155.0 0.962794
160.0 0.794756
165.0 0.567032
170.0 0.786818
175.0 0.729422
180.0 0.83805
185.0 0.775914
190.0 0.777604
195.0 0.736356
200.0 0.540768
205.0 0.849132
210.0 0.492104
215.0 0.46881
220.0 0.733412
225.0 0.383596
230.0 0.760996
235.0 0.801556
240.0 0.79345
245.0 0.793684
250.0 0.815906
255.0 0.676436
260.0 0.75505
265.0 0.740414
270.0 0.795202
275.0 0.687344
280.0 0.779196
285.0 0.831102
290.0 0.549918
295.0 0.516068
300.0 0.590456
305.0 0.755136
310.0 0.672186
315.0 0.700428
320.0 0.960622
325.0 0.93121
330.0 0.774912
335.0 0.782314
340.0 0.55929
345.0 0.561634
350.0 0.557752
355.0 0.81278
360.0 0.796696
365.0 0.711284
370.0 0.799774
375.0 0.7694
380.0 0.369464
385.0 0.78397
390.0 0.435924
395.0 0.743906
400.0 0.738676
405.0 0.686154
410.0 0.822516
415.0 0.776356
420.0 0.726622
425.0 0.951908
430.0 0.96032
435.0 0.788966
440.0 0.8083
445.0 0.654832
450.0 0.937634
455.0 0.80339
460.0 0.473494
465.0 0.577286
470.0 0.974796
475.0 0.69675
480.0 0.449054
485.0 0.687572
490.0 0.814688
495.0 0.504962
500.0 0.687836
505.0 0.534954
510.0 0.686296
515.0 0.790152
520.0 0.966604
525.0 0.790518
530.0 0.741148
535.0 0.782678
540.0 0.429754
545.0 0.817292
550.0 0.775938
555.0 0.771164
560.0 0.768356
565.0 0.548994
570.0 0.633028
575.0 0.789008
580.0 0.688858
585.0 0.772958
590.0 0.780232
595.0 0.818024
600.0 0.802254
605.0 0.72455
610.0 0.443192
615.0 0.432828
620.0 0.384132
625.0 0.744842
630.0 0.481888
635.0 0.718246
640.0 0.122108
645.0 0.75793
650.0 0.840734
655.0 0.775412
660.0 0.94224
665.0 0.698214
670.0 0.589408
675.0 0.722518
680.0 0.551226
685.0 0.654202
690.0 0.775784
695.0 0.764456
700.0 0.841662
705.0 0.805636
710.0 0.72584
715.0 0.552722
720.0 0.762054
725.0 0.774782
730.0 0.755948
735.0 0.799658
740.0 0.745672
745.0 0.820218
750.0 0.737846
755.0 0.781192
760.0 0.821702
765.0 0.768202
770.0 0.456174
775.0 0.382556
780.0 0.527918
785.0 0.785622
790.0 0.771214
795.0 0.985236
800.0 0.757698
805.0 0.800426
810.0 0.821464
815.0 0.765694
820.0 0.758922
825.0 0.963146
830.0 0.585936
835.0 0.708954
840.0 0.62276
845.0 0.78929
850.0 0.550558
855.0 0.762116
860.0 0.799828
865.0 0.77795
870.0 0.775472
875.0 0.685196
880.0 0.468982
885.0 0.64536
890.0 0.470816
895.0 0.74194
900.0 0.612752
905.0 0.784086
910.0 0.725448
915.0 0.77878
920.0 0.739298
925.0 0.645772
930.0 0.80911
935.0 0.96038
940.0 0.80154
945.0 0.74254
950.0 0.735394
955.0 0.704186
960.0 0.774276
965.0 0.28925
970.0 0.583378
975.0 0.550526
980.0 0.63343
985.0 0.953264
990.0 0.66745
995.0 0.769706
1000.0 0.778262
1005.0 0.596818
1010.0 0.656448
1015.0 0.554804
1020.0 0.71869
1025.0 0.698022
1030.0 0.745912
1035.0 0.643558
1040.0 0.839288
1045.0 0.827008
1050.0 0.340322
1055.0 0.440244
1060.0 0.395482
1065.0 0.827598
1070.0 0.770868
1075.0 1.029984
1080.0 0.79614
1085.0 0.792754
1090.0 0.761666
1095.0 0.979128
1100.0 0.738534
1105.0 0.80149
1110.0 0.786686
1115.0 0.746486
1120.0 0.962294
1125.0 0.785222
1130.0 0.794078
1135.0 0.749908
1140.0 0.783264
1145.0 0.777716
1150.0 0.790312
1155.0 0.667582
1160.0 0.80659
1165.0 0.764854
1170.0 0.76698
1175.0 0.804134
1180.0 0.76859
1185.0 0.482274
1190.0 0.718268
1195.0 0.519914
1200.0 0.78537
1205.0 0.937712
1210.0 0.511844
1215.0 0.792006
1220.0 0.80824
1225.0 0.81177
1230.0 0.602076
1235.0 0.766776
1240.0 0.97176
1245.0 0.734914
1250.0 0.907728
1255.0 0.767232
1260.0 0.734622
1265.0 0.720228
1270.0 0.786556
1275.0 0.807058
1280.0 0.55956
1285.0 0.817478
1290.0 0.80489
1295.0 0.765952
1300.0 0.792614
1305.0 0.116806
1310.0 0.978846
1315.0 0.746788
1320.0 0.55293
1325.0 0.928306
1330.0 0.93923
1335.0 0.630406
1340.0 0.780736
1345.0 0.73326
1350.0 0.759904
1355.0 0.641928
1360.0 0.593758
1365.0 0.78987
1370.0 0.785488
1375.0 0.536172
1380.0 0.8087
1385.0 0.573836
1390.0 0.790068
1395.0 0.975132
1400.0 0.74763
1405.0 0.534004
1410.0 0.8071
1415.0 0.589386
1420.0 0.812838
1425.0 0.49956
1430.0 0.71047
1435.0 0.993222
1440.0 0.487732
1445.0 0.830516
1450.0 0.9757
1455.0 0.761706
1460.0 0.689808
1465.0 0.832806
1470.0 0.607768
1475.0 0.771016
1480.0 0.754766
1485.0 0.517024
1490.0 0.779628
1495.0 0.515058
1500.0 0.76085
1505.0 0.485118
1510.0 0.773352
1515.0 0.729778
1520.0 0.744638
1525.0 0.956766
1530.0 0.799252
1535.0 0.773864
1540.0 0.77414
1545.0 0.788888
1550.0 0.797552
1555.0 0.792004
1560.0 0.797888
1565.0 0.0
1570.0 0.7914
1575.0 0.79803
1580.0 0.711216
1585.0 0.82748
1590.0 0.791828
1595.0 0.769292
1600.0 0.904106
1605.0 0.793826
1610.0 0.794236
1615.0 0.839704
1620.0 0.802042
1625.0 0.724732
1630.0 0.789114
1635.0 0.886392
1640.0 0.79305
1645.0 0.645338
1650.0 0.781994
1655.0 1.019928
1660.0 0.833174
1665.0 0.821312
1670.0 1.019964
1675.0 0.999024
1680.0 1.001092
1685.0 1.000324
1690.0 0.914126
1695.0 0.968882
1700.0 0.973982
1705.0 0.956606
1710.0 0.961472
1715.0 0.947954
1720.0 0.942186
1725.0 1.00933
1730.0 0.925742
1735.0 0.86133
1740.0 0.87535
1745.0 0.922454
1750.0 0.930446
1755.0 0.979434
1760.0 0.963986
1765.0 0.930884
1770.0 0.946482
1775.0 0.601694
1780.0 0.961168
1785.0 1.005724
1790.0 0.359476
1795.0 0.703532
1800.0 0.965902
1805.0 0.877176
1810.0 0.948064
1815.0 0.946888
1820.0 0.858516
1825.0 0.608012
1830.0 0.986806
1835.0 0.998642
1840.0 0.820682
1845.0 0.962328
1850.0 0.989536
1855.0 0.878938
