0.0 0.693384
5.0 0.516176
10.0 0.993578
15.0 1.046236
20.0 1.114674
25.0 0.574848
30.0 1.047884
35.0 1.03292
40.0 1.16328
45.0 1.088578
50.0 0.497546
55.0 0.98841
60.0 0.986282
65.0 1.126778
70.0 0.97749
75.0 1.128132
80.0 1.063976
85.0 0.441076
90.0 0.858376
95.0 1.286874
100.0 1.013024
105.0 1.253906
110.0 1.008412
115.0 0.38252
120.0 0.987962
125.0 1.02976
130.0 1.033012
135.0 1.02577
140.0 1.090314
145.0 0.629236
150.0 1.298446
155.0 1.052638
160.0 1.041342
165.0 0.432898
170.0 1.065562
175.0 1.11227
180.0 1.139328
185.0 1.158088
190.0 1.075828
195.0 0.702494
200.0 1.083314
205.0 1.239132
210.0 1.196898
215.0 0.951026
220.0 0.653404
225.0 0.49799
230.0 1.033082
235.0 1.032274
240.0 1.184876
245.0 0.945958
250.0 1.037322
255.0 0.701704
260.0 0.65469
265.0 1.212608
270.0 1.222688
275.0 1.042892
280.0 0.621618
285.0 0.981888
290.0 1.062026
295.0 0.597406
300.0 0.652446
305.0 0.963612
310.0 1.113518
315.0 1.00194
320.0 1.063668
325.0 1.051898
330.0 1.03297
335.0 0.543018
340.0 1.04116
345.0 0.95757
350.0 1.148912
355.0 1.135806
360.0 1.005662
365.0 1.139052
370.0 1.044544
375.0 1.053584
380.0 1.249196
385.0 0.639264
390.0 0.682596
395.0 1.173898
400.0 1.025756
405.0 0.99638
410.0 0.745498
415.0 1.05316
420.0 1.065778
425.0 0.28103
430.0 1.047672
435.0 1.179946
440.0 0.956136
445.0 0.497986
450.0 1.109246
455.0 0.44692
460.0 0.959692
465.0 1.141318
470.0 1.22569
475.0 0.711342
480.0 1.235046
485.0 0.463094
490.0 0.997296
495.0 0.933382
500.0 1.161844
505.0 0.998588
510.0 1.063328
515.0 0.79252
520.0 1.013572
525.0 1.176886
530.0 0.976468
535.0 1.128048
540.0 1.035344
545.0 0.966014
550.0 1.18666
555.0 1.236276
560.0 1.027736
565.0 1.067798
570.0 0.397664
575.0 1.16181
580.0 0.978298
585.0 0.701104
590.0 0.993568
595.0 1.11663
600.0 0.980266
605.0 1.02911
610.0 1.059502
615.0 1.080174
620.0 1.031014
625.0 1.03653
630.0 0.959222
635.0 1.047696
640.0 0.868746
645.0 0.548938
650.0 1.017192
655.0 1.157476
660.0 1.039678
665.0 1.167098
670.0 1.190862
675.0 0.969588
680.0 0.71011
685.0 0.517904
690.0 1.021338
695.0 0.749978
700.0 0.95028
705.0 0.981966
710.0 1.01262
715.0 0.94668
720.0 1.304344
725.0 1.040902
730.0 1.02697
735.0 0.6466
740.0 0.969852
745.0 0.774864
750.0 0.920742
755.0 0.95141
760.0 0.961434
765.0 0.966618
770.0 1.049286
775.0 0.560092
780.0 1.09034
785.0 1.269416
790.0 1.069522
795.0 1.186098
800.0 0.64009
805.0 1.146036
810.0 1.011796
815.0 1.054742
820.0 1.021476
825.0 1.106422
830.0 0.519266
835.0 0.565836
840.0 0.582756
845.0 1.036132
850.0 1.066428
855.0 1.076222
860.0 1.034964
865.0 1.183162
870.0 0.736648
875.0 0.668278
880.0 0.936182
885.0 1.035182
890.0 1.03687
895.0 1.171562
900.0 0.933754
905.0 1.068106
910.0 1.049428
915.0 1.13886
920.0 1.039576
925.0 0.539916
930.0 1.030714
935.0 1.056026
940.0 1.030376
945.0 1.063622
950.0 0.79132
955.0 0.965746
960.0 1.0985
965.0 1.270346
970.0 0.97838
975.0 1.02517
980.0 1.120312
985.0 0.591016
990.0 1.051122
995.0 1.117898
1000.0 0.556726
1005.0 1.064528
1010.0 1.118398
1015.0 1.110818
1020.0 1.050198
1025.0 1.30348
1030.0 1.014136
1035.0 1.002006
1040.0 0.964574
1045.0 0.977484
1050.0 0.9679
1055.0 0.928434
1060.0 0.963746
1065.0 0.683624
1070.0 0.472174
1075.0 0.950466
1080.0 0.934574
1085.0 0.536374
1090.0 1.13272
1095.0 0.925424
1100.0 0.932896
1105.0 0.942622
1110.0 0.853008
1115.0 0.492616
1120.0 0.919916
1125.0 0.465014
1130.0 1.137222
1135.0 1.099906
1140.0 0.882822
1145.0 1.102276
1150.0 0.959764
1155.0 0.92324
1160.0 0.988274
1165.0 0.925666
1170.0 0.696754
1175.0 0.916392
1180.0 0.95562
1185.0 0.942082
1190.0 1.166894
1195.0 0.776606
1200.0 0.559664
1205.0 0.973444
1210.0 1.172596
1215.0 0.976318
1220.0 0.959788
1225.0 0.989232
1230.0 0.943484
