0.0 0.86931
5.0 0.816078
10.0 0.855268
15.0 0.853214
20.0 0.850512
25.0 0.824216
30.0 0.876168
35.0 0.850568
40.0 0.865942
45.0 0.859532
50.0 0.85699
55.0 0.646762
60.0 0.860216
65.0 0.86505
70.0 0.854186
75.0 0.845242
80.0 0.657748
85.0 0.864734
90.0 0.864458
95.0 0.851464
100.0 0.824322
105.0 0.883644
110.0 0.881558
115.0 0.861314
120.0 0.857542
125.0 0.86782
130.0 0.853858
135.0 0.817272
140.0 0.881346
145.0 0.814856
150.0 0.856694
155.0 0.858422
160.0 0.037768
165.0 0.888754
170.0 0.850942
175.0 0.849898
180.0 0.869846
185.0 0.84016
190.0 0.821616
195.0 0.867082
200.0 0.897728
205.0 0.871026
210.0 0.89494
215.0 0.896894
220.0 0.871608
225.0 0.874454
230.0 0.882756
235.0 0.866454
240.0 0.882988
245.0 0.856318
250.0 0.888442
255.0 0.885298
260.0 0.828176
265.0 0.869878
270.0 0.865348
275.0 0.852842
280.0 0.874192
285.0 0.872948
290.0 0.860214
295.0 0.873654
300.0 0.880412
305.0 0.803176
310.0 0.845342
315.0 0.824982
320.0 0.890038
325.0 0.809754
330.0 0.87447
335.0 0.896052
340.0 0.866682
345.0 0.872216
350.0 0.84552
355.0 0.875296
360.0 0.875892
365.0 0.848134
370.0 0.810994
375.0 0.85202
380.0 0.8632
385.0 0.835624
390.0 0.845946
395.0 0.862796
400.0 0.869064
405.0 0.861246
410.0 0.835474
415.0 0.879714
420.0 0.810654
425.0 0.852924
430.0 0.869708
435.0 0.871796
440.0 0.849264
445.0 0.839416
450.0 0.879478
455.0 0.794968
460.0 0.691376
465.0 0.884064
470.0 0.814568
475.0 0.820344
480.0 0.856396
485.0 0.833478
490.0 0.881752
495.0 0.894166
500.0 0.872832
505.0 0.799382
510.0 0.804812
515.0 0.860762
520.0 0.886912
525.0 0.789698
530.0 0.88066
535.0 0.869118
540.0 0.779074
545.0 0.850044
550.0 0.719632
555.0 0.884674
560.0 0.852808
565.0 0.865144
570.0 0.84082
575.0 0.901396
580.0 0.910632
585.0 0.870502
590.0 0.848148
595.0 0.864252
600.0 0.899932
605.0 0.860654
610.0 0.824958
615.0 0.863642
620.0 0.86371
625.0 0.84622
630.0 0.849818
635.0 0.872714
640.0 0.891126
645.0 0.936826
650.0 0.854866
655.0 0.86599
660.0 0.809066
665.0 0.855408
670.0 0.871134
675.0 0.866448
680.0 0.835128
685.0 0.832674
690.0 0.886448
695.0 0.89008
700.0 0.725576
705.0 0.912022
710.0 0.871336
715.0 0.847708
720.0 0.860802
725.0 0.836688
730.0 0.855282
735.0 0.678338
740.0 0.887406
745.0 0.869402
750.0 0.82889
755.0 0.824858
760.0 0.876908
765.0 0.863202
770.0 0.834852
775.0 0.842238
780.0 0.887846
785.0 0.88218
790.0 0.878634
795.0 0.844978
800.0 0.897334
805.0 0.877236
810.0 0.851926
815.0 0.851554
820.0 0.83707
825.0 0.892058
830.0 0.866608
835.0 0.793284
840.0 0.878836
845.0 0.877016
850.0 0.878016
855.0 0.87315
860.0 0.799542
865.0 0.889648
870.0 0.853662
875.0 0.824674
880.0 0.873946
885.0 0.882792
890.0 0.848272
895.0 0.85075
900.0 0.874622
905.0 0.773958
910.0 0.865738
915.0 0.88178
920.0 0.85505
925.0 0.860134
930.0 0.857556
935.0 0.843658
940.0 0.861962
945.0 0.843322
950.0 0.850774
955.0 0.876228
960.0 0.884354
965.0 0.722018
970.0 0.812878
975.0 0.644708
980.0 0.883094
985.0 0.761886
990.0 0.720088
995.0 0.557004
1000.0 0.598286
1005.0 0.727582
1010.0 0.708608
1015.0 0.519584
1020.0 0.725688
1025.0 0.845882
1030.0 0.719902
1035.0 0.496126
1040.0 0.737514
1045.0 0.88153
1050.0 0.740708
1055.0 0.514058
1060.0 0.864948
1065.0 0.873884
1070.0 0.842996
1075.0 0.87878
1080.0 0.919928
1085.0 0.915574
1090.0 0.83706
1095.0 0.907998
1100.0 0.888702
1105.0 0.885898
