0.0 0.999328
5.0 1.005954
10.0 1.14022
15.0 0.99947
20.0 1.021306
25.0 1.016242
30.0 1.267972
35.0 1.093742
40.0 1.11217
45.0 1.18706
50.0 0.965242
55.0 1.446796
60.0 0.46914
65.0 1.280688
70.0 1.207896
75.0 1.157408
80.0 1.300918
85.0 1.297434
90.0 1.163574
95.0 0.939698
100.0 0.975314
105.0 1.117436
110.0 1.004298
115.0 1.334982
120.0 1.33926
125.0 0.837516
130.0 1.138904
135.0 1.449984
140.0 1.135942
145.0 1.166098
150.0 0.99931
155.0 1.216488
160.0 1.244936
165.0 1.130578
170.0 1.155754
175.0 1.087482
180.0 0.65943
185.0 1.32692
190.0 1.002668
195.0 0.97158
200.0 1.06364
205.0 1.0336
210.0 1.365308
215.0 1.136852
220.0 1.018206
225.0 1.62128
230.0 0.703196
235.0 0.953354
240.0 0.78483
245.0 1.280046
250.0 1.361666
255.0 1.047978
260.0 1.238656
265.0 1.00571
270.0 1.0822
275.0 1.023688
280.0 1.253512
285.0 0.79817
290.0 1.119852
295.0 1.165942
300.0 1.091292
305.0 1.130384
310.0 1.126512
315.0 0.980394
320.0 0.988794
325.0 0.974838
330.0 1.424292
335.0 1.06721
340.0 0.978248
345.0 1.137436
350.0 1.37531
355.0 1.133034
360.0 0.913258
365.0 1.4389
370.0 1.278686
375.0 1.189614
380.0 1.074162
385.0 1.09106
390.0 1.239298
395.0 1.307992
400.0 0.826672
405.0 1.077098
410.0 1.299124
415.0 1.072458
420.0 0.749498
425.0 1.224964
430.0 0.986782
435.0 1.309064
440.0 1.09567
445.0 0.971496
450.0 1.09498
455.0 1.351172
460.0 1.043616
465.0 1.49597
470.0 0.750828
475.0 1.398654
480.0 0.677994
485.0 1.224654
490.0 0.479872
495.0 1.128168
500.0 1.443002
505.0 1.258138
510.0 1.098904
515.0 1.357564
520.0 1.322676
525.0 1.270628
530.0 0.970976
535.0 1.17062
540.0 0.922198
545.0 1.118074
550.0 1.121002
555.0 1.488712
560.0 1.131504
565.0 1.018644
570.0 0.936496
575.0 1.068502
580.0 1.01025
585.0 1.245794
590.0 1.20483
595.0 1.343726
600.0 1.16475
605.0 1.298224
610.0 1.014892
615.0 0.656472
620.0 1.129794
625.0 0.879246
630.0 1.306988
635.0 0.967096
640.0 1.111078
645.0 1.1799
650.0 1.229476
655.0 1.025438
660.0 1.260632
665.0 0.42907
670.0 1.132806
675.0 1.240894
680.0 1.251904
685.0 1.08631
690.0 1.284028
695.0 1.017968
700.0 1.093478
705.0 1.159832
710.0 1.115594
715.0 1.224814
720.0 1.04397
725.0 1.13479
730.0 1.086212
735.0 1.252794
740.0 1.12232
745.0 0.984534
750.0 1.081512
755.0 1.07791
760.0 1.03161
765.0 1.1837
770.0 1.306504
775.0 1.20163
780.0 1.024924
785.0 1.292396
790.0 1.077154
795.0 1.093236
800.0 1.206464
805.0 1.172318
810.0 1.19931
815.0 1.133878
820.0 1.230768
825.0 1.111574
830.0 1.291292
835.0 1.06122
840.0 0.73872
845.0 1.347636
850.0 1.329038
855.0 1.19542
860.0 1.064862
865.0 0.996016
870.0 0.971228
875.0 0.921828
880.0 1.288026
885.0 1.09944
890.0 1.212578
895.0 1.501582
900.0 1.017596
905.0 0.955604
910.0 1.0315
915.0 1.343724
920.0 1.096674
925.0 0.811464
930.0 1.207588
935.0 1.164302
940.0 1.015382
945.0 1.18296
950.0 1.02737
955.0 1.237912
960.0 1.008008
965.0 1.19332
970.0 0.948984
975.0 0.975914
980.0 1.072102
985.0 1.066818
990.0 0.798276
995.0 0.6136
1000.0 1.143786
1005.0 1.190506
1010.0 0.786686
1015.0 1.204512
1020.0 0.746226
1025.0 1.116422
1030.0 1.278378
1035.0 1.160006
1040.0 1.048108
1045.0 1.239868
1050.0 1.096886
1055.0 0.980798
1060.0 1.163366
1065.0 1.159356
1070.0 1.263872
1075.0 1.710032
1080.0 0.738168
1085.0 1.140558
1090.0 1.417634
1095.0 1.249104
1100.0 1.082696
1105.0 1.083344
1110.0 1.084882
1115.0 1.293662
1120.0 1.02679
1125.0 1.24671
1130.0 1.169616
1135.0 1.311592
1140.0 1.052264
1145.0 1.35654
1150.0 1.212672
1155.0 1.408034
1160.0 1.118968
1165.0 1.08102
1170.0 0.946074
1175.0 1.314588
1180.0 1.282054
1185.0 1.144024
1190.0 1.289674
1195.0 0.88623
1200.0 1.164918
1205.0 1.783138
1210.0 1.138128
1215.0 1.128384
1220.0 0.963362
1225.0 0.999388
1230.0 1.040458
1235.0 1.102344
1240.0 1.147516
1245.0 0.945282
1250.0 1.046692
1255.0 1.167808
1260.0 0.96903
1265.0 1.050034
1270.0 1.265284
1275.0 1.132448
1280.0 1.096022
1285.0 1.142826
1290.0 1.059264
1295.0 0.14797
1300.0 1.2219
1305.0 1.164598
1310.0 1.182442
1315.0 1.139578
1320.0 1.194264
1325.0 0.379884
1330.0 1.16334
1335.0 1.62206
1340.0 1.293686
1345.0 1.11751
1350.0 1.068226
1355.0 1.299692
1360.0 1.008488
1365.0 1.271522
1370.0 1.236536
1375.0 1.169618
1380.0 0.502768
1385.0 0.754296
1390.0 1.289866
1395.0 1.404138
1400.0 1.15332
1405.0 0.98844
1410.0 1.287664
1415.0 1.280552
1420.0 1.051968
1425.0 1.036288
1430.0 1.131508
1435.0 0.95666
1440.0 1.327608
1445.0 1.080994
1450.0 1.383012
1455.0 1.017736
1460.0 0.985442
1465.0 0.97311
1470.0 1.008116
1475.0 1.114672
1480.0 0.915296
1485.0 1.16243
1490.0 1.12685
1495.0 0.180852
1500.0 1.055474
1505.0 1.64324
1510.0 1.246718
1515.0 0.415732
1520.0 1.398934
1525.0 0.980386
1530.0 0.713366
1535.0 1.119188
1540.0 1.067138
1545.0 1.168882
1550.0 1.399398
1555.0 1.322242
1560.0 0.66931
1565.0 1.116376
1570.0 1.250248
1575.0 1.154426
1580.0 0.967976
1585.0 1.145522
1590.0 0.414592
1595.0 0.336344
1600.0 1.172416
1605.0 1.250234
1610.0 1.328448
1615.0 0.98496
1620.0 1.338396
1625.0 1.006884
1630.0 1.608708
1635.0 1.112654
1640.0 1.15452
1645.0 1.01268
1650.0 1.80058
1655.0 1.605378
1660.0 1.107862
1665.0 1.261096
1670.0 1.510122
1675.0 1.11822
1680.0 1.20623
1685.0 1.526108
1690.0 1.758786
1695.0 1.11573
1700.0 1.419258
1705.0 1.082284
1710.0 1.23205
1715.0 1.281686
1720.0 1.23492
1725.0 1.252998
1730.0 1.247902
1735.0 1.318356
1740.0 1.256424
1745.0 0.450086
1750.0 1.359368
1755.0 1.11596
1760.0 1.071632
1765.0 0.805468
1770.0 1.859304
1775.0 1.49431
1780.0 1.244302
1785.0 1.325668
1790.0 1.03134
1795.0 1.242776
1800.0 1.572098
1805.0 0.743296
1810.0 1.385602
1815.0 1.522448
1820.0 1.167978
1825.0 1.16115
1830.0 1.583374
1835.0 1.672616
1840.0 1.141192
1845.0 0.300514
1850.0 1.416144
1855.0 1.332924
