0.0 1.635056
5.0 1.3087
10.0 1.485956
15.0 1.116308
20.0 1.820614
25.0 1.539984
30.0 1.219602
35.0 1.397358
40.0 1.575992
45.0 0.988338
50.0 1.352758
55.0 1.366818
60.0 1.386448
65.0 1.182818
70.0 1.270416
75.0 0.722196
80.0 1.55888
85.0 1.384182
90.0 1.154264
95.0 1.833008
100.0 1.63031
105.0 1.409834
110.0 1.358194
115.0 1.090124
120.0 1.017916
125.0 0.679226
130.0 1.684188
135.0 1.99132
140.0 1.398918
145.0 1.184184
150.0 1.378678
155.0 1.512524
160.0 1.21871
165.0 1.31127
170.0 1.455932
175.0 1.266406
180.0 1.56887
185.0 0.705766
190.0 0.93587
195.0 1.219486
200.0 1.448898
205.0 1.25292
210.0 1.248862
215.0 1.348254
220.0 1.143848
225.0 1.140528
230.0 1.20354
235.0 1.559304
240.0 1.286118
245.0 1.81928
250.0 1.501956
255.0 1.168914
260.0 1.315262
265.0 1.399724
270.0 1.25314
275.0 1.287502
280.0 1.40067
285.0 1.162666
290.0 1.41556
295.0 2.118004
300.0 1.384574
305.0 1.610274
310.0 1.171134
315.0 1.114802
320.0 1.388852
325.0 0.961598
330.0 1.165594
335.0 1.384596
340.0 1.298274
345.0 1.266086
350.0 1.673276
355.0 1.503348
360.0 1.157882
365.0 1.224772
370.0 1.382406
375.0 1.93424
380.0 1.352696
385.0 1.194292
390.0 1.295546
395.0 1.303144
400.0 1.306868
405.0 1.248484
410.0 1.572882
415.0 1.471536
420.0 0.99473
425.0 1.635924
430.0 1.200372
435.0 1.251692
440.0 1.551362
445.0 1.284738
450.0 1.74124
455.0 1.97739
460.0 1.378914
465.0 1.743874
470.0 1.353254
475.0 1.025624
480.0 1.331006
485.0 1.615002
490.0 1.212706
495.0 1.695054
500.0 1.902708
505.0 1.35157
510.0 1.80581
515.0 1.26202
520.0 1.53364
525.0 1.40549
530.0 1.701328
535.0 1.7083
540.0 0.87042
545.0 2.021694
550.0 1.306346
555.0 1.772798
560.0 1.140078
565.0 1.11746
570.0 1.15341
575.0 1.043828
580.0 1.190108
585.0 1.40515
590.0 1.436492
595.0 1.499026
600.0 0.811834
605.0 1.551924
610.0 1.230954
615.0 1.329372
620.0 1.276952
625.0 1.14404
630.0 1.195778
635.0 1.327428
640.0 1.552862
645.0 1.38354
650.0 1.568458
655.0 1.159032
660.0 1.279428
665.0 1.389632
670.0 1.162796
675.0 1.268488
680.0 1.201528
685.0 1.181974
690.0 1.554368
695.0 1.57084
700.0 1.302072
705.0 1.531702
710.0 1.186986
715.0 1.245602
720.0 1.304056
725.0 1.300122
730.0 1.117094
735.0 1.425718
740.0 1.166268
745.0 1.189644
750.0 0.737148
755.0 1.160356
760.0 1.66176
765.0 1.392082
770.0 1.155636
775.0 1.426534
780.0 1.373292
785.0 1.298998
790.0 1.397056
795.0 1.273528
800.0 1.398938
805.0 1.622628
810.0 1.15452
815.0 1.483802
820.0 2.152566
825.0 1.463996
830.0 1.430386
835.0 1.489616
840.0 0.572222
845.0 1.76251
850.0 1.416136
855.0 1.238654
860.0 1.403982
865.0 1.221404
870.0 1.281376
875.0 1.285156
880.0 2.359034
885.0 1.273578
890.0 1.988942
895.0 1.435752
900.0 0.45155
905.0 1.198964
910.0 1.328912
915.0 1.206624
920.0 1.44306
925.0 1.165534
930.0 1.157838
935.0 1.775554
940.0 1.15681
945.0 1.45079
950.0 1.315028
955.0 1.284428
960.0 0.87596
965.0 2.01592
970.0 1.110376
975.0 1.272874
980.0 1.428102
985.0 1.185976
990.0 1.097152
995.0 1.357152
1000.0 1.528336
1005.0 1.730056
1010.0 1.152948
1015.0 1.47932
1020.0 1.241894
1025.0 1.165642
1030.0 1.1011
1035.0 1.2499
1040.0 1.670496
1045.0 1.199964
1050.0 1.216958
1055.0 1.277088
1060.0 1.546696
1065.0 2.397054
1070.0 1.677556
1075.0 0.858884
1080.0 1.248746
1085.0 1.268904
1090.0 2.08253
1095.0 1.271566
1100.0 1.291016
1105.0 1.220612
1110.0 1.77979
1115.0 1.707972
1120.0 1.665022
1125.0 1.678436
1130.0 1.80924
1135.0 1.477138
1140.0 1.60335
1145.0 0.221158
1150.0 1.273434
1155.0 1.723496
1160.0 1.318828
1165.0 1.217716
1170.0 1.436926
1175.0 1.650552
1180.0 1.670736
1185.0 1.4784
1190.0 1.449924
1195.0 1.144358
1200.0 0.92289
1205.0 0.471172
1210.0 1.244026
1215.0 1.172398
1220.0 1.142772
1225.0 1.18308
1230.0 1.616
1235.0 1.517212
1240.0 1.330954
1245.0 1.4588
1250.0 1.427148
1255.0 1.156098
1260.0 1.181362
1265.0 0.484526
1270.0 1.478012
1275.0 1.381966
1280.0 1.396198
1285.0 1.307144
1290.0 1.243908
1295.0 1.708972
1300.0 1.439962
1305.0 1.488678
1310.0 1.357432
1315.0 1.810846
1320.0 1.381134
1325.0 1.322166
1330.0 1.854618
1335.0 0.81881
1340.0 2.07491
1345.0 1.426746
1350.0 1.305494
1355.0 0.588598
1360.0 1.920756
1365.0 1.161118
1370.0 1.472088
1375.0 1.208792
1380.0 1.276312
1385.0 1.298054
1390.0 1.595022
1395.0 1.035506
1400.0 1.350456
1405.0 1.175846
1410.0 1.27237
1415.0 1.363404
1420.0 1.367322
1425.0 1.505962
1430.0 1.5611
1435.0 1.209894
1440.0 1.455748
1445.0 0.758556
1450.0 1.167444
1455.0 1.400358
1460.0 1.38364
1465.0 1.561692
1470.0 1.531812
1475.0 0.5687
1480.0 1.83921
1485.0 1.266722
1490.0 1.785102
1495.0 1.115442
1500.0 1.50393
1505.0 1.62309
1510.0 1.34398
1515.0 1.27034
1520.0 1.19162
1525.0 1.37257
1530.0 1.679466
1535.0 1.23115
1540.0 1.205926
1545.0 1.432084
1550.0 1.824838
1555.0 1.718178
1560.0 1.53897
1565.0 1.183756
1570.0 1.30262
1575.0 1.312158
1580.0 1.414002
1585.0 1.480416
1590.0 1.58901
1595.0 1.178458
1600.0 1.198706
1605.0 1.157776
1610.0 0.86398
1615.0 1.170202
1620.0 1.213702
1625.0 1.709432
1630.0 1.369582
1635.0 1.198888
1640.0 1.32272
1645.0 1.42701
1650.0 1.600036
1655.0 1.733154
1660.0 2.157688
1665.0 1.574626
1670.0 1.945874
1675.0 1.372434
1680.0 1.542892
1685.0 1.322752
1690.0 2.143554
1695.0 1.373756
1700.0 1.31865
1705.0 1.306574
1710.0 1.310212
1715.0 1.27922
1720.0 1.209482
1725.0 1.693642
1730.0 2.253472
1735.0 1.310264
1740.0 1.59506
1745.0 1.104554
1750.0 1.622758
1755.0 1.595078
1760.0 1.615214
1765.0 1.471062
1770.0 1.572732
1775.0 1.510476
1780.0 1.244094
1785.0 1.313426
1790.0 1.50816
1795.0 1.633806
1800.0 1.74192
1805.0 0.853162
1810.0 2.142822
1815.0 1.590802
1820.0 2.034722
1825.0 1.353294
1830.0 0.91983
1835.0 1.697966
1840.0 1.973682
1845.0 1.773776
1850.0 1.344802
1855.0 1.34196
1860.0 1.286818
