0.0 1.169114
5.0 1.231354
10.0 1.21281
15.0 1.241302
20.0 1.217584
25.0 1.246982
30.0 1.082848
35.0 0.647774
40.0 1.172068
45.0 0.688816
50.0 1.081816
55.0 1.257096
60.0 0.696614
65.0 1.249814
70.0 1.227438
75.0 1.211494
80.0 1.157902
85.0 0.786666
90.0 1.159088
95.0 1.182974
100.0 0.742778
105.0 1.209818
110.0 1.18727
115.0 1.169742
120.0 0.634874
125.0 0.6099
130.0 1.209152
135.0 1.061576
140.0 0.929388
145.0 1.183548
150.0 1.07467
155.0 0.397892
160.0 1.23047
165.0 1.18744
170.0 1.189186
175.0 1.232186
180.0 0.852598
185.0 0.673432
190.0 1.077688
195.0 1.211512
200.0 1.192554
205.0 1.100612
210.0 1.237184
215.0 0.649212
220.0 1.257688
225.0 1.199836
230.0 1.187868
235.0 1.229254
240.0 1.23656
245.0 1.263558
250.0 1.236844
255.0 1.21086
260.0 1.229046
265.0 1.126768
270.0 1.220542
275.0 1.223484
280.0 1.030132
285.0 1.221436
290.0 1.096616
295.0 1.213514
300.0 1.234322
305.0 1.245496
310.0 1.199252
315.0 1.198558
320.0 1.239472
325.0 1.20212
330.0 0.777228
335.0 1.170254
340.0 1.233634
345.0 1.224606
350.0 1.160614
355.0 1.244828
360.0 1.220858
365.0 1.242484
370.0 0.780154
375.0 1.192106
380.0 1.189792
385.0 1.238146
390.0 1.218782
395.0 0.96776
400.0 1.230382
405.0 1.209904
410.0 1.01238
415.0 1.230712
420.0 1.236632
425.0 0.706856
430.0 1.230584
435.0 1.115204
440.0 1.209722
445.0 1.179854
450.0 1.199018
455.0 0.80559
460.0 1.236672
465.0 1.184976
470.0 1.221018
475.0 1.205784
480.0 1.216318
485.0 1.226442
490.0 1.193176
495.0 1.162676
500.0 1.196198
505.0 1.228986
510.0 0.723014
515.0 1.195632
520.0 1.243944
525.0 0.356282
530.0 1.171436
535.0 1.218074
540.0 1.241752
545.0 1.249896
550.0 1.23607
555.0 1.221474
560.0 1.199376
565.0 1.206996
570.0 0.63623
575.0 0.02096
580.0 0.053622
585.0 1.215148
590.0 1.05402
595.0 1.050708
600.0 1.166634
605.0 1.203788
610.0 1.253134
615.0 1.206064
620.0 1.20159
625.0 1.448094
630.0 0.908166
635.0 1.128138
640.0 1.411096
645.0 1.037416
650.0 0.06031
655.0 1.013904
660.0 1.038024
665.0 1.628986
670.0 1.241238
675.0 0.654674
680.0 1.187612
685.0 1.231922
690.0 0.467426
695.0 1.647236
700.0 0.79682
705.0 1.248468
710.0 1.15065
715.0 0.995346
720.0 1.210472
725.0 0.718782
730.0 1.229278
735.0 0.84938
740.0 0.933544
745.0 0.996398
750.0 1.017556
755.0 1.23493
760.0 1.245714
765.0 1.09451
770.0 0.972336
775.0 0.74632
780.0 1.202444
785.0 1.22404
790.0 0.873902
795.0 0.899944
800.0 0.901158
805.0 1.216512
810.0 1.16181
815.0 1.192112
820.0 1.135488
825.0 0.66953
830.0 0.8449
835.0 0.702822
840.0 0.648648
845.0 1.20211
850.0 0.751162
855.0 1.016448
860.0 1.060398
865.0 1.207926
870.0 1.18722
875.0 1.214088
880.0 1.10618
885.0 0.512676
890.0 0.846796
895.0 0.744106
900.0 0.764214
905.0 1.444372
910.0 1.1135
915.0 0.75736
920.0 0.59074
925.0 1.052732
930.0 0.512666
935.0 1.273834
940.0 1.2565
945.0 1.10049
950.0 1.233114
955.0 1.189838
960.0 0.700234
965.0 0.720358
970.0 1.21106
975.0 1.387456
980.0 0.063014
985.0 1.086314
990.0 1.190696
995.0 1.086642
1000.0 1.05608
1005.0 1.026992
1010.0 1.079032
1015.0 1.28484
1020.0 0.90157
1025.0 1.218422
1030.0 0.707274
1035.0 1.257088
1040.0 1.080598
1045.0 1.088592
1050.0 1.18627
1055.0 1.198416
1060.0 1.077192
1065.0 1.44181
1070.0 1.171104
1075.0 1.214558
1080.0 0.060482
1085.0 0.928698
1090.0 0.952818
1095.0 0.058914
1100.0 1.006256
1105.0 1.274558
1110.0 1.02971
1115.0 1.070052
1120.0 1.041418
1125.0 1.243864
1130.0 1.237198
1135.0 1.19845
1140.0 1.310258
1145.0 1.212172
1150.0 1.285236
1155.0 1.081314
1160.0 0.737616
1165.0 0.653426
1170.0 1.193264
1175.0 0.670482
1180.0 1.03829
1185.0 1.204624
1190.0 1.234896
1195.0 0.764124
1200.0 1.238384
1205.0 0.917042
1210.0 1.223286
1215.0 0.928808
1220.0 0.684914
1225.0 1.23609
1230.0 1.230852
1235.0 1.232082
1240.0 1.25782
1245.0 1.204938
1250.0 0.669662
1255.0 0.882942
1260.0 1.26851
1265.0 1.246388
1270.0 1.218232
1275.0 1.243408
1280.0 1.006284
1285.0 0.774328
1290.0 1.062684
1295.0 1.465374
1300.0 1.23215
1305.0 0.632948
1310.0 0.76271
1315.0 1.180014
1320.0 0.960596
1325.0 1.600246
1330.0 0.94083
1335.0 1.17619
1340.0 1.014112
1345.0 1.174352
1350.0 1.228344
1355.0 1.167202
1360.0 1.589196
1365.0 1.233814
1370.0 1.199576
1375.0 1.20178
1380.0 1.219078
1385.0 1.200076
1390.0 1.15639
1395.0 0.740052
1400.0 0.060864
1405.0 1.159636
1410.0 0.061038
1415.0 1.205574
1420.0 0.878716
1425.0 0.733664
1430.0 0.68922
1435.0 1.198068
1440.0 1.203048
1445.0 1.186424
1450.0 0.061102
1455.0 1.207538
1460.0 1.366006
1465.0 1.398404
1470.0 1.189656
1475.0 1.186748
1480.0 1.256402
1485.0 1.16574
1490.0 1.16325
1495.0 1.434708
1500.0 1.19083
1505.0 1.204874
1510.0 1.220804
1515.0 1.212498
1520.0 1.223676
1525.0 1.074528
1530.0 1.40742
1535.0 1.193926
1540.0 1.18838
1545.0 0.615874
1550.0 0.80539
1555.0 0.615864
1560.0 1.183728
1565.0 1.16823
1570.0 1.172064
1575.0 1.033136
1580.0 1.005466
1585.0 1.655494
1590.0 0.583414
1595.0 1.246162
1600.0 0.723166
1605.0 1.207214
1610.0 0.963896
1615.0 0.657688
1620.0 1.26793
1625.0 1.278842
1630.0 0.83599
1635.0 0.90958
1640.0 0.543592
1645.0 0.07942
1650.0 1.048672
1655.0 1.3115
1660.0 0.861382
1665.0 1.273616
1670.0 1.186942
1675.0 0.975778
1680.0 1.19805
1685.0 0.590154
1690.0 1.14657
1695.0 1.23433
1700.0 1.010986
1705.0 1.21884
1710.0 1.077304
1715.0 0.7909
1720.0 0.945852
1725.0 0.946648
1730.0 0.077912
1735.0 0.934596
1740.0 1.23251
1745.0 0.7748
1750.0 0.791124
1755.0 0.665778
1760.0 1.2795
1765.0 1.27751
1770.0 1.23527
1775.0 1.272718
1780.0 0.799638
1785.0 0.020748
1790.0 0.77147
1795.0 1.084486
1800.0 1.27978
1805.0 0.632502
1810.0 0.93252
