0.0 0.777514
5.0 0.772578
10.0 0.758282
15.0 0.747796
20.0 0.767736
25.0 0.751406
30.0 0.746834
35.0 0.750774
40.0 0.771962
45.0 0.762726
50.0 0.767366
55.0 0.771154
60.0 0.710712
65.0 0.761808
70.0 0.764086
75.0 0.702472
80.0 0.766956
85.0 0.768884
90.0 0.608516
95.0 0.7635
100.0 0.740094
105.0 0.709446
110.0 0.756666
115.0 0.717412
120.0 0.744428
125.0 0.764258
130.0 0.775308
135.0 0.749292
140.0 0.744468
145.0 0.7324
150.0 0.75634
155.0 0.765288
160.0 0.753554
165.0 0.777998
170.0 0.78466
175.0 0.716484
180.0 0.77896
185.0 0.746474
190.0 0.767448
195.0 0.750874
200.0 0.768332
205.0 0.762502
210.0 0.75202
215.0 0.042608
220.0 0.764952
225.0 0.768136
230.0 0.77577
235.0 0.74601
240.0 0.766486
245.0 0.753916
250.0 0.759734
255.0 0.762484
260.0 0.780336
265.0 0.759268
270.0 0.772684
275.0 0.773932
280.0 0.763392
285.0 0.754058
290.0 0.742726
295.0 0.709428
300.0 0.785884
305.0 0.78007
310.0 0.74588
315.0 0.769794
320.0 0.663832
325.0 0.78116
330.0 0.773964
335.0 0.768938
340.0 0.763644
345.0 0.775872
350.0 0.779626
355.0 0.011746
360.0 0.042138
365.0 0.776
370.0 0.75025
375.0 0.748256
380.0 0.774884
385.0 0.758304
390.0 0.77587
395.0 0.761924
400.0 0.778882
405.0 0.765908
410.0 0.762354
415.0 0.695014
420.0 0.766574
425.0 0.729258
430.0 0.757434
435.0 0.690974
440.0 0.774708
445.0 0.675992
450.0 0.792476
455.0 0.75991
460.0 0.695654
465.0 0.783442
470.0 0.765666
475.0 0.72039
480.0 0.767516
485.0 0.786468
490.0 0.689522
495.0 0.771954
500.0 0.784076
505.0 0.74869
510.0 0.690638
515.0 0.752988
520.0 0.762168
525.0 0.790746
530.0 0.74967
535.0 0.210612
540.0 0.68737
545.0 0.770512
550.0 0.746762
555.0 0.760664
560.0 0.69571
565.0 0.758494
570.0 0.769642
575.0 0.781578
580.0 0.762716
585.0 0.754934
590.0 0.764374
595.0 0.762128
600.0 0.765426
605.0 0.766202
610.0 0.714354
615.0 0.783814
620.0 0.752852
625.0 0.591132
630.0 0.753228
635.0 0.754926
640.0 0.767594
645.0 0.781316
650.0 0.774566
655.0 0.742982
660.0 0.77359
665.0 0.754642
670.0 0.77546
675.0 0.77633
680.0 0.681034
685.0 0.770664
690.0 0.778502
695.0 0.77047
700.0 0.767918
705.0 0.782426
710.0 0.77919
715.0 0.743998
720.0 0.756902
725.0 0.760266
730.0 0.757688
735.0 0.728884
740.0 0.746602
745.0 0.771366
750.0 0.747408
755.0 0.766456
760.0 0.768866
765.0 0.758402
770.0 0.760222
775.0 0.754568
780.0 0.76003
785.0 0.755402
790.0 0.593104
795.0 0.672148
800.0 0.670378
805.0 0.67311
810.0 0.482474
815.0 0.701976
820.0 0.668698
825.0 0.45202
830.0 0.685696
835.0 0.66093
840.0 0.674868
845.0 0.699414
850.0 0.65528
855.0 0.69831
860.0 0.650688
865.0 0.69253
870.0 0.681758
875.0 0.7833
880.0 0.73215
885.0 0.752974
890.0 0.680118
895.0 0.662218
900.0 0.780006
905.0 0.797012
910.0 0.799224
915.0 0.450932
920.0 0.801932
925.0 0.385928
930.0 0.747616
935.0 0.773022
940.0 0.754992
945.0 0.754894
950.0 0.753738
955.0 0.691986
960.0 0.787832
965.0 0.784618
970.0 0.74054
975.0 0.718148
980.0 0.699986
985.0 0.706858
990.0 0.714248
995.0 0.742314
1000.0 0.739882
1005.0 0.784918
1010.0 0.758224
1015.0 0.773296
1020.0 0.751122
1025.0 0.770476
1030.0 0.751356
1035.0 0.762056
1040.0 0.751168
1045.0 0.771068
1050.0 0.65719
1055.0 0.738084
1060.0 0.546918
1065.0 0.75549
1070.0 0.748764
1075.0 0.752528
1080.0 0.783058
1085.0 0.785036
1090.0 0.781594
1095.0 0.326006
1100.0 0.762312
1105.0 0.790178
1110.0 0.769878
1115.0 0.769952
1120.0 0.750488
1125.0 0.755742
1130.0 0.78755
1135.0 0.772388
1140.0 0.789028
1145.0 0.78157
1150.0 0.77907
1155.0 0.757144
1160.0 0.720478
1165.0 0.767224
1170.0 0.676466
1175.0 0.755974
1180.0 0.772314
1185.0 0.812138
1190.0 0.782726
1195.0 0.67344
1200.0 0.747914
1205.0 0.664292
1210.0 0.774732
1215.0 0.742846
1220.0 0.757956
1225.0 0.798886
1230.0 0.021844
1235.0 0.790498
1240.0 0.778506
1245.0 0.780946
1250.0 0.75613
1255.0 0.753596
1260.0 0.703108
1265.0 0.762928
1270.0 0.757292
1275.0 0.77191
1280.0 0.78875
1285.0 0.791342
1290.0 0.784202
1295.0 0.729626
1300.0 0.745142
1305.0 0.74793
1310.0 0.753
1315.0 0.73671
1320.0 0.720478
1325.0 0.743198
1330.0 0.749482
1335.0 0.779394
1340.0 0.76695
1345.0 0.760504
1350.0 0.775568
1355.0 0.754114
1360.0 0.771356
1365.0 0.763022
1370.0 0.775268
1375.0 0.600132
1380.0 0.590768
1385.0 0.601712
1390.0 0.554136
1395.0 0.590438
1400.0 0.594256
1405.0 0.588152
1410.0 0.111798
1415.0 0.59691
1420.0 0.578124
1425.0 0.588496
1430.0 0.76274
1435.0 0.777788
1440.0 0.74591
1445.0 0.776708
1450.0 0.776778
1455.0 0.788428
1460.0 0.752574
1465.0 0.78142
1470.0 0.764628
1475.0 0.743532
1480.0 0.763662
1485.0 0.67638
1490.0 0.665764
1495.0 0.76575
1500.0 0.77487
1505.0 0.78128
1510.0 0.608624
1515.0 0.531626
1520.0 0.527622
1525.0 0.602342
1530.0 0.49822
1535.0 0.603766
1540.0 0.58576
1545.0 0.606298
1550.0 0.606896
1555.0 0.550558
1560.0 0.525696
1565.0 0.60109
1570.0 0.75579
1575.0 0.753768
1580.0 0.591702
1585.0 0.560954
1590.0 0.602798
1595.0 0.608086
1600.0 0.605374
1605.0 0.521142
1610.0 0.605008
1615.0 0.770432
1620.0 0.715116
1625.0 0.148424
1630.0 0.397328
1635.0 0.77597
1640.0 0.5563
1645.0 0.809342
1650.0 0.788508
1655.0 0.79163
1660.0 0.795926
1665.0 0.799036
1670.0 0.785108
1675.0 0.780426
1680.0 0.777166
1685.0 0.795168
1690.0 0.786864
1695.0 0.786404
