0.0 0.446526
5.0 0.96116
10.0 1.057888
15.0 1.043408
20.0 1.067826
25.0 1.071508
30.0 0.836738
35.0 1.069298
40.0 1.055716
45.0 1.008894
50.0 1.040658
55.0 1.029636
60.0 0.470752
65.0 0.476058
70.0 0.740574
75.0 0.852538
80.0 1.03499
85.0 1.058258
90.0 0.802796
95.0 1.090472
100.0 1.065484
105.0 0.996416
110.0 0.792188
115.0 1.057406
120.0 1.0434
125.0 1.081012
130.0 1.057732
135.0 1.070952
140.0 0.984182
145.0 1.06651
150.0 0.861156
155.0 1.078378
160.0 1.035776
165.0 1.034992
170.0 1.059728
175.0 0.73842
180.0 1.049014
185.0 0.967476
190.0 1.081778
195.0 1.064092
200.0 1.055226
205.0 1.080602
210.0 1.082838
215.0 1.019984
220.0 0.999474
225.0 1.091414
230.0 1.022018
235.0 1.05829
240.0 0.851972
245.0 0.933152
250.0 0.80482
255.0 0.798536
260.0 1.080268
265.0 1.089526
270.0 1.066378
275.0 1.050356
280.0 1.071758
285.0 1.047468
290.0 1.021394
295.0 0.849642
300.0 1.05063
305.0 0.93921
310.0 0.434626
315.0 0.999642
320.0 1.063836
325.0 1.058876
330.0 1.03951
335.0 1.061008
340.0 0.958806
345.0 0.987806
350.0 1.059976
355.0 1.007774
360.0 0.10403
365.0 0.708862
370.0 0.530186
375.0 1.07382
380.0 1.05276
385.0 0.907166
390.0 0.232664
395.0 1.067212
400.0 0.098236
405.0 0.10406
410.0 1.059312
415.0 0.279948
420.0 0.99765
425.0 0.049766
430.0 0.450078
435.0 1.075098
440.0 1.026798
445.0 1.070184
450.0 0.6304
455.0 1.030824
460.0 1.082086
465.0 1.016048
470.0 1.047942
475.0 1.002958
480.0 1.00195
485.0 1.078738
490.0 1.019966
495.0 1.074854
500.0 1.04695
505.0 1.062816
510.0 1.052892
515.0 1.07215
520.0 1.04247
525.0 1.058888
530.0 1.078838
535.0 1.095288
540.0 0.77271
545.0 1.087356
550.0 1.087692
555.0 0.945494
560.0 1.055072
565.0 1.074258
570.0 1.07285
575.0 0.978774
580.0 1.057102
585.0 1.05202
590.0 1.071144
595.0 1.067948
600.0 1.071314
605.0 1.046308
610.0 1.027496
615.0 1.027636
620.0 1.043818
625.0 1.06721
630.0 0.912352
635.0 1.058392
640.0 1.076662
645.0 1.00071
650.0 1.067782
655.0 0.936092
660.0 1.047812
665.0 1.03738
670.0 1.04728
675.0 1.051608
680.0 1.06761
685.0 1.063768
690.0 1.037014
695.0 0.969854
700.0 1.053302
705.0 1.071456
710.0 1.010296
715.0 1.029878
720.0 1.061896
725.0 1.069606
730.0 0.2474
735.0 1.057756
740.0 1.038332
745.0 1.072696
750.0 1.060198
755.0 1.053314
760.0 1.0376
765.0 1.060926
770.0 1.04092
775.0 1.05653
780.0 1.064028
785.0 1.013608
790.0 0.811758
795.0 1.029892
800.0 1.011828
805.0 1.034276
810.0 1.020118
815.0 1.008716
820.0 1.02984
825.0 1.04799
830.0 1.058266
835.0 0.939342
840.0 1.080606
845.0 0.991584
850.0 1.084648
855.0 1.047932
860.0 1.057616
865.0 1.06756
870.0 1.065316
875.0 1.038286
880.0 1.123644
885.0 1.084322
890.0 1.057794
895.0 1.034906
900.0 0.957688
905.0 1.010412
910.0 1.016908
915.0 1.0069
920.0 1.064526
925.0 1.067926
930.0 1.029356
935.0 1.082306
940.0 1.029542
945.0 1.079036
950.0 1.046004
955.0 1.067428
960.0 1.013618
965.0 1.036174
970.0 1.071932
975.0 1.064728
980.0 1.046366
985.0 1.065362
990.0 1.060312
995.0 1.088774
1000.0 1.005668
1005.0 1.05958
1010.0 1.018896
1015.0 1.056448
1020.0 0.93283
1025.0 1.101514
1030.0 0.734044
1035.0 1.025778
1040.0 0.935308
1045.0 1.04746
1050.0 1.035486
1055.0 1.054952
1060.0 1.038008
1065.0 1.047884
1070.0 1.11217
1075.0 0.898002
1080.0 1.04216
1085.0 1.080084
1090.0 0.764356
1095.0 0.663884
1100.0 1.062604
1105.0 1.098634
1110.0 1.091256
1115.0 0.940306
1120.0 1.095498
1125.0 1.020298
1130.0 0.988748
1135.0 1.050702
1140.0 1.04337
1145.0 1.025464
1150.0 0.090776
1155.0 0.985224
1160.0 1.013328
1165.0 1.120414
1170.0 1.060622
1175.0 1.037798
1180.0 1.08605
1185.0 1.075478
1190.0 0.99939
1195.0 1.09754
1200.0 1.02737
1205.0 1.046612
1210.0 1.030382
1215.0 0.294772
1220.0 1.054118
1225.0 1.089144
1230.0 1.034758
1235.0 1.019664
1240.0 1.054938
1245.0 1.063192
1250.0 1.104024
1255.0 1.101968
1260.0 1.063788
1265.0 1.07648
1270.0 1.060016
1275.0 1.065848
1280.0 1.012292
1285.0 1.057146
1290.0 1.097562
1295.0 1.023224
1300.0 1.05225
1305.0 1.066416
1310.0 1.086048
1315.0 1.03038
1320.0 0.998044
1325.0 0.970714
1330.0 1.002504
1335.0 1.101668
1340.0 1.08222
1345.0 1.073852
1350.0 0.56203
1355.0 1.032406
1360.0 1.052168
1365.0 0.990358
1370.0 1.015964
1375.0 1.060994
1380.0 1.050794
1385.0 1.067928
1390.0 1.056414
1395.0 1.091412
1400.0 1.040926
1405.0 0.119852
1410.0 0.984798
1415.0 1.056686
1420.0 1.040074
1425.0 1.076672
1430.0 1.011152
1435.0 0.649518
1440.0 1.057666
1445.0 1.030712
1450.0 1.054274
1455.0 1.06942
1460.0 1.06436
1465.0 1.038688
1470.0 1.086614
1475.0 1.08829
1480.0 1.100762
1485.0 1.088552
1490.0 1.076052
1495.0 0.281654
1500.0 0.863202
1505.0 1.036328
1510.0 0.923954
1515.0 0.261066
1520.0 0.800342
1525.0 1.033182
1530.0 1.069946
1535.0 1.074774
1540.0 1.065764
1545.0 0.952078
1550.0 1.07736
1555.0 1.053038
1560.0 1.018152
1565.0 1.026998
1570.0 1.074072
1575.0 1.027662
1580.0 1.071298
1585.0 1.049672
1590.0 1.003806
1595.0 1.01806
1600.0 1.056952
1605.0 1.043206
1610.0 1.009688
1615.0 1.027768
1620.0 1.07606
1625.0 1.063024
1630.0 1.081918
1635.0 1.0068
1640.0 1.072594
1645.0 1.104004
1650.0 0.841644
1655.0 1.065696
1660.0 1.06161
1665.0 0.827714
1670.0 1.097628
1675.0 0.837332
1680.0 1.073834
1685.0 1.058664
1690.0 0.617404
1695.0 1.07441
1700.0 0.83123
1705.0 0.83386
1710.0 0.7167
1715.0 0.66708
1720.0 0.825456
1725.0 0.131486
1730.0 0.61272
1735.0 1.00159
1740.0 0.818346
1745.0 0.536696
1750.0 0.677246
1755.0 0.840456
1760.0 0.82374
1765.0 0.680528
1770.0 0.803274
1775.0 0.773444
1780.0 1.058988
1785.0 1.11629
1790.0 0.675178
1795.0 1.1171
1800.0 0.319162
1805.0 0.30081
1810.0 0.37416
1815.0 1.03298
1820.0 1.105022
1825.0 1.140294
1830.0 1.118626
1835.0 1.100572
1840.0 1.122714
1845.0 1.097168
1850.0 1.146658
1855.0 0.993744
