0.0 0.078048
5.0 0.869068
10.0 0.867362
15.0 0.85922
20.0 0.879668
25.0 0.871804
30.0 0.839012
35.0 0.858526
40.0 0.83416
45.0 0.852192
50.0 0.868622
55.0 0.154732
60.0 0.846172
65.0 0.862936
70.0 0.873932
75.0 0.84742
80.0 0.584318
85.0 0.865256
90.0 0.84199
95.0 0.846536
100.0 0.86136
105.0 0.864174
110.0 0.86562
115.0 0.863314
120.0 0.851476
125.0 0.868932
130.0 0.863848
135.0 0.882956
140.0 0.883614
145.0 0.829638
150.0 0.858288
155.0 0.674034
160.0 0.856658
165.0 0.852172
170.0 0.880196
175.0 0.867384
180.0 0.88332
185.0 0.896074
190.0 0.897548
195.0 0.862704
200.0 0.865928
205.0 0.888904
210.0 0.866276
215.0 0.861382
220.0 0.853954
225.0 0.857032
230.0 0.83959
235.0 0.881774
240.0 0.894492
245.0 0.898006
250.0 0.886768
255.0 0.87967
260.0 0.867776
265.0 0.88071
270.0 0.87961
275.0 0.877268
280.0 0.287744
285.0 0.873136
290.0 0.821446
295.0 0.898544
300.0 0.868932
305.0 0.872726
310.0 0.86043
315.0 0.868872
320.0 0.853696
325.0 0.869702
330.0 0.89469
335.0 0.86779
340.0 0.422414
345.0 0.894176
350.0 0.87047
355.0 0.86776
360.0 0.871008
365.0 0.865252
370.0 0.894918
375.0 0.883666
380.0 0.869444
385.0 0.856576
390.0 0.890118
395.0 0.87295
400.0 0.853268
405.0 0.87207
410.0 0.886354
415.0 0.890576
420.0 0.881122
425.0 0.870652
430.0 0.889876
435.0 0.859898
440.0 0.859624
445.0 0.406358
450.0 0.893448
455.0 0.858088
460.0 0.873624
465.0 0.771868
470.0 0.877484
475.0 0.885526
480.0 0.8481
485.0 0.798014
490.0 0.851188
495.0 0.884474
500.0 0.870362
505.0 0.860054
510.0 0.868774
515.0 0.874012
520.0 0.886134
525.0 0.892508
530.0 0.877958
535.0 0.86706
540.0 0.891986
545.0 0.85558
550.0 0.882462
555.0 0.835592
560.0 0.702888
565.0 0.845222
570.0 0.842326
575.0 0.878502
580.0 0.86342
585.0 0.879936
590.0 0.84476
595.0 0.883114
600.0 0.857558
605.0 0.875732
610.0 0.887808
615.0 0.359978
620.0 0.85077
625.0 0.870274
630.0 0.878838
635.0 0.843828
640.0 0.840012
645.0 0.892412
650.0 0.865802
655.0 0.892168
660.0 0.866986
665.0 0.858884
670.0 0.863612
675.0 0.86717
680.0 0.85782
685.0 0.834944
690.0 0.867324
695.0 0.840006
700.0 0.88134
705.0 0.847522
710.0 0.903626
715.0 0.890122
720.0 0.883074
725.0 0.870214
730.0 0.854986
735.0 0.882014
740.0 0.81464
745.0 0.5996
750.0 0.881256
755.0 0.870962
760.0 0.884936
765.0 0.881764
770.0 0.880202
775.0 0.862418
780.0 0.857726
785.0 0.815362
790.0 0.88436
795.0 0.875004
800.0 0.881144
805.0 0.869818
810.0 0.795266
815.0 0.852198
820.0 0.769808
825.0 0.876706
830.0 0.853806
835.0 0.868136
840.0 0.880942
845.0 0.804746
850.0 0.86376
855.0 0.870132
860.0 0.861376
865.0 0.890766
870.0 0.885072
875.0 0.882288
880.0 0.896346
885.0 0.888108
890.0 0.875104
895.0 0.844932
900.0 0.875098
905.0 0.883968
910.0 0.877662
915.0 0.06766
920.0 0.872642
925.0 0.616366
930.0 0.798026
935.0 0.54834
940.0 0.695966
945.0 0.701064
950.0 0.694802
955.0 0.687748
960.0 0.88531
965.0 0.791366
970.0 0.89244
975.0 0.78673
980.0 0.795988
985.0 0.041434
990.0 0.808804
995.0 0.847992
1000.0 0.901778
1005.0 0.890266
1010.0 0.880788
1015.0 0.890154
1020.0 0.874186
1025.0 0.87492
1030.0 0.84294
1035.0 0.841658
1040.0 0.613382
1045.0 0.862168
1050.0 0.884264
1055.0 0.886264
1060.0 0.848458
1065.0 0.882404
1070.0 0.900676
1075.0 0.883496
1080.0 0.860168
1085.0 0.8729
1090.0 0.886502
1095.0 0.897802
1100.0 0.873574
1105.0 1.080554
1110.0 0.992502
1115.0 0.863108
1120.0 0.868266
1125.0 0.878238
1130.0 0.872752
1135.0 0.880654
1140.0 0.87805
1145.0 0.844092
1150.0 0.866262
1155.0 0.800844
1160.0 0.867914
1165.0 0.836604
1170.0 0.81084
1175.0 0.72167
1180.0 0.871076
1185.0 0.860826
1190.0 0.879836
1195.0 0.876028
1200.0 0.89571
1205.0 0.862526
1210.0 0.894962
1215.0 0.847862
1220.0 0.886792
1225.0 0.853086
1230.0 0.882972
1235.0 0.876822
1240.0 0.875312
1245.0 0.868124
1250.0 0.90657
1255.0 0.86257
1260.0 0.849788
1265.0 0.851986
1270.0 0.84794
1275.0 0.85815
1280.0 0.861062
1285.0 0.883324
1290.0 0.855262
1295.0 0.83165
1300.0 0.879362
1305.0 0.880464
1310.0 0.788236
1315.0 0.907422
1320.0 0.860638
1325.0 0.915682
1330.0 0.876554
1335.0 0.864684
1340.0 0.860434
1345.0 0.889082
1350.0 0.86193
1355.0 0.88835
1360.0 0.88062
1365.0 0.896166
1370.0 0.855262
1375.0 0.885642
1380.0 0.906418
1385.0 0.87177
1390.0 0.886886
1395.0 0.848772
1400.0 0.882276
1405.0 0.873132
1410.0 0.879274
1415.0 0.857884
1420.0 0.820628
1425.0 0.89262
1430.0 0.882436
1435.0 0.881972
1440.0 0.888916
1445.0 0.863678
1450.0 0.667102
1455.0 0.864404
1460.0 0.862196
1465.0 0.829896
1470.0 0.852288
1475.0 0.885746
1480.0 0.897352
1485.0 0.884994
1490.0 0.862252
1495.0 0.871904
1500.0 0.864386
1505.0 0.893598
1510.0 0.86439
1515.0 0.884676
1520.0 0.8179
1525.0 0.878908
1530.0 0.841186
1535.0 0.85974
1540.0 0.890028
1545.0 0.880742
1550.0 0.88377
1555.0 0.876372
1560.0 0.88593
1565.0 0.86405
1570.0 0.855348
1575.0 0.869478
1580.0 0.838626
1585.0 0.90496
1590.0 0.862856
1595.0 0.852498
1600.0 0.285072
1605.0 0.863708
1610.0 0.900298
1615.0 0.71987
1620.0 0.720494
1625.0 0.714208
1630.0 0.711896
1635.0 0.712316
1640.0 0.853928
1645.0 0.711442
1650.0 0.578834
1655.0 0.711798
1660.0 0.71684
1665.0 0.68538
1670.0 0.897646
1675.0 0.887796
1680.0 0.713424
1685.0 0.696626
1690.0 0.712392
1695.0 0.886868
1700.0 0.865738
1705.0 0.522442
1710.0 0.708712
1715.0 0.715422
1720.0 0.722426
1725.0 0.718486
1730.0 0.701642
1735.0 0.714818
1740.0 0.925366
1745.0 0.86046
1750.0 0.910934
1755.0 0.900796
1760.0 0.931376
1765.0 0.909876
1770.0 0.609776
1775.0 0.911932
1780.0 0.890778
1785.0 0.245658
1790.0 0.92787
