0.0 1.067884
5.0 0.555982
10.0 0.488568
15.0 1.091958
20.0 1.148642
25.0 1.122938
30.0 0.89433
35.0 1.529882
40.0 0.58582
45.0 1.166968
50.0 1.052508
55.0 1.046708
60.0 1.057418
65.0 0.9439
70.0 0.807072
75.0 1.474218
80.0 1.090198
85.0 1.063552
90.0 1.03054
95.0 1.075294
100.0 1.037198
105.0 1.321828
110.0 0.445354
115.0 1.05756
120.0 1.073416
125.0 1.06821
130.0 1.531602
135.0 1.101612
140.0 1.055588
145.0 0.858652
150.0 1.081844
155.0 0.152918
160.0 1.117186
165.0 0.93285
170.0 0.764152
175.0 0.76067
180.0 0.896042
185.0 0.81289
190.0 1.032618
195.0 0.858146
200.0 0.808304
205.0 1.17711
210.0 1.156766
215.0 0.75027
220.0 1.141768
225.0 0.70756
230.0 1.081078
235.0 1.048402
240.0 0.868966
245.0 1.08603
250.0 1.075774
255.0 1.115206
260.0 1.092534
265.0 1.05919
270.0 0.694962
275.0 0.866146
280.0 0.718842
285.0 1.111242
290.0 1.082386
295.0 0.773084
300.0 1.573352
305.0 0.454264
310.0 0.44185
315.0 1.080022
320.0 1.141338
325.0 0.837334
330.0 0.786742
335.0 1.587448
340.0 1.107246
345.0 1.061962
350.0 0.908764
355.0 1.370776
360.0 0.83144
365.0 0.518838
370.0 0.874296
375.0 0.972606
380.0 1.177154
385.0 0.745144
390.0 1.065022
395.0 1.057576
400.0 1.18182
405.0 0.529888
410.0 1.070792
415.0 1.476946
420.0 0.278906
425.0 1.075276
430.0 1.657856
435.0 1.067534
440.0 1.034708
445.0 1.58926
450.0 1.058142
455.0 1.0613
460.0 1.16206
465.0 1.083418
470.0 1.093672
475.0 0.436738
480.0 0.90946
485.0 1.515966
490.0 1.032408
495.0 1.104452
500.0 0.691532
505.0 0.686112
510.0 1.044154
515.0 1.104362
520.0 0.81857
525.0 0.79108
530.0 1.082852
535.0 0.788592
540.0 0.970198
545.0 0.211502
550.0 1.047106
555.0 1.593092
560.0 0.758642
565.0 0.939804
570.0 1.070502
575.0 0.907936
580.0 0.951484
585.0 1.088908
590.0 1.637516
595.0 1.083986
600.0 1.014948
605.0 1.040204
610.0 1.60343
615.0 1.10699
620.0 1.611188
625.0 1.156476
630.0 1.076034
635.0 0.589064
640.0 1.051104
645.0 1.034152
650.0 0.75697
655.0 1.01764
660.0 0.997422
665.0 1.088838
670.0 0.862994
675.0 1.049128
680.0 1.053388
685.0 1.070888
690.0 0.419622
695.0 1.02863
700.0 1.044976
705.0 0.783106
710.0 1.290206
715.0 1.034904
720.0 1.151972
725.0 1.054854
730.0 0.448278
735.0 1.587998
740.0 1.09741
745.0 1.123772
750.0 1.029924
755.0 1.059278
760.0 0.70337
765.0 1.053472
770.0 1.071056
775.0 1.155364
780.0 0.764146
785.0 0.68287
790.0 1.014102
795.0 1.131006
800.0 1.188428
805.0 0.860754
810.0 0.805576
815.0 1.054828
820.0 1.049054
825.0 0.786418
830.0 0.932214
835.0 0.980278
840.0 1.126678
845.0 0.787304
850.0 0.958246
855.0 1.060116
860.0 1.106284
865.0 1.425676
870.0 1.632074
875.0 0.339804
880.0 0.673966
885.0 0.918518
890.0 0.999052
895.0 0.93992
900.0 0.996882
905.0 0.741686
910.0 0.97466
915.0 1.177028
920.0 1.000316
925.0 1.514754
930.0 1.040866
935.0 0.741406
940.0 1.223318
945.0 1.047604
950.0 0.672328
955.0 1.557596
960.0 1.032234
965.0 0.30984
970.0 1.055724
975.0 0.937676
980.0 1.061756
985.0 0.64759
990.0 1.137428
995.0 1.0408
1000.0 1.055598
1005.0 0.699266
1010.0 0.951964
1015.0 1.055668
1020.0 0.997952
1025.0 0.839406
1030.0 1.09459
1035.0 1.271648
1040.0 1.151102
1045.0 0.970178
1050.0 0.786338
1055.0 1.150888
1060.0 0.897568
1065.0 1.114618
1070.0 0.938928
1075.0 1.021476
1080.0 0.414732
1085.0 1.188046
1090.0 1.085606
1095.0 1.021076
1100.0 1.541144
1105.0 1.544664
1110.0 1.041728
1115.0 1.058262
1120.0 1.079538
1125.0 1.079866
1130.0 1.112858
1135.0 0.936416
1140.0 1.034492
1145.0 1.452616
1150.0 1.043568
1155.0 1.084338
1160.0 1.071598
1165.0 1.089
1170.0 0.427708
1175.0 1.02807
1180.0 0.978298
1185.0 1.136822
1190.0 1.0211
1195.0 0.713098
1200.0 0.864256
1205.0 0.370694
1210.0 1.139066
1215.0 1.579008
1220.0 1.060208
1225.0 0.776976
1230.0 1.056402
1235.0 1.089512
1240.0 1.078534
1245.0 1.078178
1250.0 1.097766
1255.0 0.554434
1260.0 0.251324
1265.0 1.098316
1270.0 1.00826
1275.0 1.077416
1280.0 1.086514
1285.0 1.052386
1290.0 0.784454
1295.0 1.61724
1300.0 0.910532
1305.0 0.706036
1310.0 0.718596
1315.0 1.189136
1320.0 0.754286
1325.0 1.005332
1330.0 1.068924
1335.0 1.037886
1340.0 1.033976
1345.0 1.554822
1350.0 1.600132
1355.0 0.0
1360.0 1.02668
1365.0 1.0369
1370.0 1.007718
1375.0 1.161518
1380.0 1.02221
1385.0 0.986814
1390.0 1.075898
1395.0 1.095186
1400.0 0.695124
1405.0 1.169666
1410.0 0.722166
1415.0 1.15312
1420.0 0.718136
1425.0 0.0
1430.0 0.99877
1435.0 1.029192
1440.0 0.678188
1445.0 0.583616
1450.0 1.551174
1455.0 1.049494
1460.0 0.912242
1465.0 0.753296
1470.0 0.759736
1475.0 1.087182
1480.0 1.099972
1485.0 1.078068
1490.0 0.991674
1495.0 1.084742
1500.0 1.060318
1505.0 1.015364
1510.0 1.614782
1515.0 1.592048
1520.0 1.186806
1525.0 1.616968
1530.0 0.900254
1535.0 0.688934
1540.0 0.418628
1545.0 1.156588
1550.0 0.479228
1555.0 1.081984
1560.0 1.588064
1565.0 1.07831
1570.0 0.902774
1575.0 1.036276
1580.0 1.087636
1585.0 1.109666
1590.0 1.497216
1595.0 1.054006
1600.0 1.140068
1605.0 0.0
1610.0 1.731592
1615.0 1.07863
1620.0 1.103998
1625.0 1.622842
1630.0 0.0
1635.0 1.228468
1640.0 0.746374
1645.0 1.742298
1650.0 1.672278
1655.0 1.841084
1660.0 1.568968
1665.0 1.614662
1670.0 1.460288
1675.0 0.461196
1680.0 0.614348
1685.0 1.746066
1690.0 1.765674
1695.0 1.655436
1700.0 1.637076
1705.0 1.683858
1710.0 1.683634
1715.0 1.638564
1720.0 1.659598
1725.0 1.65262
1730.0 1.25212
1735.0 1.50695
1740.0 1.445088
1745.0 0.466252
1750.0 1.560544
1755.0 1.613394
1760.0 1.660712
1765.0 1.677602
1770.0 1.730106
1775.0 1.694782
1780.0 1.643784
1785.0 0.807158
1790.0 1.745852
1795.0 1.67415
1800.0 1.41258
1805.0 1.477238
1810.0 1.239096
1815.0 1.739602
1820.0 1.797252
1825.0 0.494152
1830.0 1.55014
1835.0 1.77295
1840.0 1.68676
1845.0 1.692698
1850.0 1.353412
1855.0 0.367434
