0.0 1.536592
5.0 1.520744
10.0 1.634466
15.0 1.391314
20.0 1.264324
25.0 1.58527
30.0 1.691588
35.0 1.522184
40.0 1.584842
45.0 0.262324
50.0 1.61752
55.0 1.400508
60.0 1.07191
65.0 1.201924
70.0 1.57421
75.0 1.578
80.0 1.459566
85.0 1.544398
90.0 1.381868
95.0 1.233924
100.0 1.66393
105.0 1.342058
110.0 1.223446
115.0 1.108838
120.0 1.565378
125.0 1.427966
130.0 1.146774
135.0 1.394992
140.0 1.503598
145.0 1.565522
150.0 1.467296
155.0 1.430196
160.0 1.259104
165.0 1.601894
170.0 1.572246
175.0 1.414492
180.0 1.432668
185.0 1.233436
190.0 1.28544
195.0 1.320612
200.0 1.559892
205.0 1.634508
210.0 1.439252
215.0 1.437108
220.0 1.08134
225.0 1.473458
230.0 1.27923
235.0 1.4737
240.0 1.729846
245.0 1.561366
250.0 1.324096
255.0 1.546546
260.0 1.279898
265.0 1.608412
270.0 1.124748
275.0 1.325666
280.0 1.424928
285.0 1.60171
290.0 1.43289
295.0 1.593078
300.0 1.69267
305.0 1.543294
310.0 1.46732
315.0 1.479308
320.0 1.458636
325.0 1.527436
330.0 1.362808
335.0 1.489122
340.0 1.488358
345.0 1.34843
350.0 0.99915
355.0 1.225638
360.0 1.287506
365.0 1.561706
370.0 1.381448
375.0 1.564998
380.0 1.412768
385.0 1.124362
390.0 1.374554
395.0 1.11248
400.0 1.484452
405.0 1.37756
410.0 1.291868
415.0 1.66751
420.0 1.443922
425.0 1.252732
430.0 1.528134
435.0 1.090004
440.0 1.086156
445.0 1.099574
450.0 1.084554
455.0 1.01895
460.0 1.589218
465.0 1.196856
470.0 1.547766
475.0 1.557456
480.0 1.407432
485.0 1.088572
490.0 1.414244
495.0 1.614162
500.0 1.214278
505.0 1.656738
510.0 1.203178
515.0 1.539474
520.0 1.122786
525.0 1.302422
530.0 1.399072
535.0 1.102766
540.0 1.39774
545.0 1.279182
550.0 1.597788
555.0 1.20313
560.0 1.553388
565.0 1.443382
570.0 1.378446
575.0 1.423184
580.0 1.544226
585.0 1.422972
590.0 1.29574
595.0 1.157078
600.0 1.25209
605.0 1.529686
610.0 1.453194
615.0 1.339186
620.0 1.662982
625.0 1.458396
630.0 1.577732
635.0 1.633812
640.0 1.59047
645.0 1.476596
650.0 1.510204
655.0 1.158374
660.0 1.39225
665.0 1.542036
670.0 1.520492
675.0 1.477612
680.0 1.475254
685.0 1.583182
690.0 1.175808
695.0 1.471156
700.0 1.323714
705.0 0.230966
710.0 1.109268
715.0 1.438228
720.0 1.496606
725.0 1.569336
730.0 1.537898
735.0 1.111376
740.0 1.356944
745.0 1.404962
750.0 1.056952
755.0 0.943512
760.0 1.328494
765.0 1.279598
770.0 1.426546
775.0 1.12567
780.0 1.091024
785.0 1.49454
790.0 1.38561
795.0 1.51462
800.0 1.631066
805.0 1.540986
810.0 1.548702
815.0 1.61045
820.0 1.275212
825.0 1.458618
830.0 1.231604
835.0 1.488408
840.0 1.389744
845.0 1.187258
850.0 1.439046
855.0 1.585834
860.0 1.218446
865.0 0.960032
870.0 1.139206
875.0 1.07865
880.0 1.516606
885.0 1.303996
890.0 1.224982
895.0 1.48191
900.0 1.52048
905.0 1.464316
910.0 1.179778
915.0 1.48242
920.0 1.589444
925.0 1.627564
930.0 1.122316
935.0 1.312084
940.0 1.359984
945.0 1.67563
950.0 1.61294
955.0 1.6108
960.0 1.548038
965.0 1.468192
970.0 1.375588
975.0 1.375014
980.0 1.388342
985.0 1.71771
990.0 1.383022
995.0 1.487688
1000.0 1.123308
1005.0 1.560062
1010.0 1.373832
1015.0 1.558984
1020.0 1.436122
1025.0 1.468662
1030.0 1.308246
1035.0 1.302668
1040.0 1.546178
1045.0 1.423062
1050.0 1.43124
1055.0 1.597254
1060.0 1.439178
1065.0 1.722012
1070.0 1.615004
1075.0 1.614354
1080.0 1.55822
1085.0 1.200458
1090.0 1.132922
1095.0 1.313032
1100.0 1.649406
1105.0 1.5099
1110.0 1.543698
1115.0 1.279524
1120.0 1.414874
1125.0 1.520436
1130.0 1.636218
1135.0 1.542072
1140.0 1.498578
1145.0 1.396392
1150.0 1.408204
1155.0 1.517982
1160.0 1.68559
1165.0 1.06228
1170.0 1.44986
1175.0 1.074706
1180.0 1.40499
1185.0 1.63014
1190.0 1.470394
1195.0 1.426402
1200.0 1.333998
1205.0 1.129006
1210.0 1.583282
1215.0 1.433024
1220.0 1.073128
1225.0 1.547354
1230.0 1.426336
1235.0 1.105044
1240.0 1.400612
1245.0 1.51036
1250.0 1.483976
1255.0 1.677668
1260.0 1.536258
1265.0 1.438012
1270.0 1.18889
1275.0 1.636586
1280.0 1.60559
1285.0 1.558868
1290.0 1.140366
1295.0 1.524494
1300.0 1.55404
1305.0 1.448288
1310.0 1.477788
1315.0 1.632146
1320.0 1.377652
1325.0 1.36982
1330.0 1.620116
1335.0 1.386716
1340.0 1.68189
1345.0 1.410308
1350.0 1.570342
1355.0 1.48669
1360.0 1.087568
1365.0 1.732008
1370.0 1.589534
1375.0 1.672398
1380.0 1.642288
1385.0 1.701004
1390.0 1.565384
1395.0 1.607384
1400.0 1.397632
1405.0 1.328528
1410.0 1.603686
1415.0 1.490276
1420.0 1.553358
1425.0 1.538624
1430.0 1.51497
1435.0 1.4686
1440.0 1.468068
1445.0 1.437922
1450.0 1.075004
1455.0 1.60207
1460.0 1.354312
1465.0 1.454104
1470.0 1.555514
1475.0 1.353876
1480.0 1.08863
1485.0 1.47412
1490.0 1.432202
1495.0 1.49649
1500.0 1.70161
1505.0 1.285216
1510.0 1.691
1515.0 1.226084
1520.0 1.351998
1525.0 1.269298
1530.0 1.449078
1535.0 1.14398
1540.0 1.308952
1545.0 1.419984
1550.0 1.18634
1555.0 1.381014
1560.0 1.383552
1565.0 1.384612
1570.0 1.311582
1575.0 1.408874
1580.0 1.124012
1585.0 1.353854
1590.0 1.114154
1595.0 1.322436
1600.0 1.436566
1605.0 1.27881
1610.0 1.286644
1615.0 1.40806
1620.0 1.273938
1625.0 1.235584
1630.0 1.578802
1635.0 1.164124
1640.0 1.400388
1645.0 0.247254
1650.0 1.64853
1655.0 0.564506
1660.0 1.461254
1665.0 1.01864
1670.0 1.49662
1675.0 1.63715
1680.0 0.862262
1685.0 0.971868
1690.0 1.380152
1695.0 1.768488
1700.0 1.213684
1705.0 1.638596
1710.0 1.04533
