0.0 0.67806
5.0 0.65692
10.0 0.66675
15.0 0.66575
20.0 0.647522
25.0 0.641378
30.0 0.663658
35.0 0.674896
40.0 0.670068
45.0 0.651542
50.0 0.668028
55.0 0.638938
60.0 0.659026
65.0 0.664954
70.0 0.681334
75.0 0.63096
80.0 0.618422
85.0 0.673332
90.0 0.666346
95.0 0.647282
100.0 0.65937
105.0 0.620228
110.0 0.675782
115.0 0.623356
120.0 0.644906
125.0 0.658546
130.0 0.660104
135.0 0.664014
140.0 0.667302
145.0 0.639358
150.0 0.673704
155.0 0.650048
160.0 0.686976
165.0 0.66063
170.0 0.649524
175.0 0.664792
180.0 0.63963
185.0 0.657312
190.0 0.658966
195.0 0.643142
200.0 0.68649
205.0 0.66845
210.0 0.64967
215.0 0.674704
220.0 0.644184
225.0 0.65125
230.0 0.653772
235.0 0.65681
240.0 0.662314
245.0 0.672416
250.0 0.670798
255.0 0.654194
260.0 0.66925
265.0 0.676426
270.0 0.666396
275.0 0.523452
280.0 0.676712
285.0 0.671046
290.0 0.65538
295.0 0.673374
300.0 0.67038
305.0 0.630172
310.0 0.616322
315.0 0.638578
320.0 0.678998
325.0 0.667202
330.0 0.666944
335.0 0.67447
340.0 0.669494
345.0 0.690154
350.0 0.660186
355.0 0.66376
360.0 0.632796
365.0 0.683818
370.0 0.673016
375.0 0.685816
380.0 0.64727
385.0 0.644908
390.0 0.670644
395.0 0.661208
400.0 0.635086
405.0 0.66907
410.0 0.652616
415.0 0.618866
420.0 0.658638
425.0 0.681266
430.0 0.532324
435.0 0.705012
440.0 0.69148
445.0 0.665096
450.0 0.65599
455.0 0.608228
460.0 0.64445
465.0 0.666728
470.0 0.674602
475.0 0.66654
480.0 0.650408
485.0 0.665434
490.0 0.697804
495.0 0.743542
500.0 0.77458
505.0 0.65613
510.0 0.67246
515.0 0.672268
520.0 0.66928
525.0 0.677604
530.0 0.663796
535.0 0.66896
540.0 0.661676
545.0 0.603728
550.0 0.695706
555.0 0.707166
560.0 0.709968
565.0 0.665766
570.0 0.675476
575.0 0.680788
580.0 0.683466
585.0 0.657566
590.0 0.6547
595.0 0.676366
600.0 0.631544
605.0 0.650128
610.0 0.680744
615.0 0.642812
620.0 0.704438
625.0 0.657268
630.0 0.678754
635.0 0.652918
640.0 0.637324
645.0 0.652768
650.0 0.624102
655.0 0.613064
660.0 0.64911
665.0 0.665742
670.0 0.671498
675.0 0.658346
680.0 0.662156
685.0 0.50402
690.0 0.659086
695.0 0.660798
700.0 1.082252
705.0 0.666048
710.0 0.655052
715.0 0.650768
720.0 0.67112
725.0 0.66244
730.0 0.675928
735.0 0.6619
740.0 0.670878
745.0 0.629664
750.0 0.650836
755.0 0.645282
760.0 0.658744
765.0 0.561714
770.0 0.674852
775.0 0.666904
780.0 0.670346
785.0 0.678902
790.0 0.681306
795.0 0.684804
800.0 0.651956
805.0 0.642788
810.0 0.644848
815.0 0.644808
820.0 0.643938
825.0 0.673212
830.0 0.648256
835.0 0.67168
840.0 0.680718
845.0 0.631518
850.0 0.690566
855.0 0.694438
860.0 0.652908
865.0 0.598756
870.0 0.65898
875.0 0.693922
880.0 0.666778
885.0 0.695822
890.0 0.598272
895.0 0.637888
900.0 0.66318
905.0 0.601102
910.0 0.590268
915.0 0.675552
920.0 0.630514
925.0 0.657854
930.0 0.689282
935.0 0.661242
940.0 0.614474
945.0 0.678678
950.0 0.702932
955.0 0.695436
960.0 0.685648
965.0 0.687892
970.0 0.674912
975.0 0.667388
980.0 0.66835
985.0 0.678924
990.0 0.579922
995.0 0.64913
1000.0 0.617934
1005.0 0.676056
1010.0 0.668676
1015.0 0.617522
1020.0 0.639282
1025.0 0.661864
1030.0 0.675742
1035.0 0.669884
1040.0 0.641656
1045.0 0.66793
1050.0 0.665254
1055.0 0.65398
1060.0 0.651474
1065.0 0.639656
1070.0 0.669258
1075.0 0.670824
1080.0 0.650214
1085.0 0.671646
1090.0 0.653778
1095.0 0.6698
1100.0 0.647198
1105.0 0.678916
1110.0 0.672542
1115.0 0.673946
1120.0 0.657258
1125.0 0.691864
1130.0 0.6686
1135.0 0.656044
1140.0 0.660856
1145.0 0.691302
1150.0 0.672898
1155.0 0.68931
1160.0 0.650356
1165.0 0.719304
1170.0 0.616576
1175.0 0.698492
1180.0 0.69687
1185.0 0.655348
1190.0 0.691096
1195.0 0.652576
1200.0 0.709
1205.0 0.680766
1210.0 0.642722
1215.0 0.703756
1220.0 0.6111
1225.0 0.67734
1230.0 0.665848
1235.0 0.69711
1240.0 0.665004
1245.0 0.6763
1250.0 0.666956
1255.0 0.660318
1260.0 0.643232
1265.0 0.671404
1270.0 0.622948
1275.0 0.631818
1280.0 0.665378
1285.0 0.686622
1290.0 0.68877
1295.0 0.70034
1300.0 0.633152
1305.0 0.704132
1310.0 0.645306
1315.0 0.124584
1320.0 0.663318
1325.0 0.670102
1330.0 0.667958
1335.0 0.682092
1340.0 0.688404
1345.0 0.706732
1350.0 0.675522
1355.0 0.67592
1360.0 0.680746
1365.0 0.685316
1370.0 0.665332
1375.0 0.695752
1380.0 0.65539
1385.0 0.662288
1390.0 0.65191
1395.0 0.656524
1400.0 0.663068
1405.0 0.666292
1410.0 0.694588
1415.0 0.67447
1420.0 0.66396
1425.0 0.673998
1430.0 0.671846
1435.0 0.69031
1440.0 0.675646
1445.0 0.695662
1450.0 0.693124
1455.0 0.68876
1460.0 0.681506
1465.0 0.676662
1470.0 0.675454
1475.0 0.682042
1480.0 0.679648
1485.0 0.68977
1490.0 0.67066
1495.0 0.666002
1500.0 0.69435
1505.0 0.673372
1510.0 0.691198
1515.0 0.66449
1520.0 0.656718
1525.0 0.67526
1530.0 0.67759
1535.0 0.67414
1540.0 0.68608
1545.0 0.667822
1550.0 0.674348
1555.0 0.65953
1560.0 0.686486
1565.0 0.674716
1570.0 0.667408
1575.0 0.67101
1580.0 0.684542
1585.0 0.783812
1590.0 0.6802
1595.0 0.815966
1600.0 0.815132
1605.0 0.814152
1610.0 0.83366
1615.0 0.661818
1620.0 0.679616
1625.0 0.627162
1630.0 0.591986
1635.0 0.805926
1640.0 0.684582
1645.0 0.805316
1650.0 0.821504
1655.0 0.81789
1660.0 0.810626
1665.0 0.638788
1670.0 0.556674
1675.0 0.666644
1680.0 0.831004
1685.0 0.7998
1690.0 0.811534
1695.0 0.80045
1700.0 0.684262
1705.0 0.671246
1710.0 0.655134
1715.0 0.465218
1720.0 0.51744
1725.0 0.707198
1730.0 0.674196
1735.0 0.728626
1740.0 0.750004
1745.0 0.659386
1750.0 0.701286
1755.0 0.690956
1760.0 0.7103
1765.0 0.657962
1770.0 0.691916
1775.0 0.707854
