0.0 0.454902
5.0 0.836484
10.0 0.399782
15.0 0.876688
20.0 0.43606
25.0 0.873294
30.0 0.158486
35.0 0.817504
40.0 0.913134
45.0 0.56102
50.0 0.824456
55.0 0.840224
60.0 0.945516
65.0 0.714296
70.0 0.86287
75.0 0.570152
80.0 0.379392
85.0 0.865222
90.0 0.436814
95.0 0.85789
100.0 0.813544
105.0 0.827406
110.0 0.464658
115.0 0.824148
120.0 0.492496
125.0 0.831606
130.0 0.830896
135.0 0.83924
140.0 0.856696
145.0 0.824672
150.0 0.739486
155.0 0.792692
160.0 0.817696
165.0 0.781356
170.0 0.82245
175.0 0.542174
180.0 0.8182
185.0 0.827986
190.0 0.753944
195.0 0.82377
200.0 0.939474
205.0 0.77734
210.0 0.866678
215.0 0.825956
220.0 0.845186
225.0 0.82827
230.0 0.369362
235.0 0.822674
240.0 0.798354
245.0 0.823776
250.0 0.82426
255.0 0.84655
260.0 0.833952
265.0 0.436358
270.0 0.850824
275.0 0.807562
280.0 0.945614
285.0 0.808964
290.0 0.81545
295.0 0.811506
300.0 0.844664
305.0 0.841776
310.0 0.83293
315.0 0.835432
320.0 0.862568
325.0 0.817996
330.0 0.932212
335.0 0.828258
340.0 0.793614
345.0 0.843814
350.0 0.865246
355.0 0.832588
360.0 0.830364
365.0 0.839016
370.0 0.872916
375.0 0.841024
380.0 0.825426
385.0 0.84456
390.0 0.826976
395.0 0.249224
400.0 0.820646
405.0 0.810566
410.0 0.15898
415.0 0.838406
420.0 0.81978
425.0 0.405914
430.0 0.361272
435.0 0.858186
440.0 0.794466
445.0 0.677246
450.0 1.343304
455.0 0.493412
460.0 1.453708
465.0 0.66769
470.0 1.37174
475.0 1.447612
480.0 1.673018
485.0 1.241382
490.0 1.454148
495.0 1.434276
500.0 1.276172
505.0 0.825524
510.0 1.631282
515.0 1.477784
520.0 1.65853
525.0 1.512614
530.0 1.423154
535.0 0.689552
540.0 1.495012
545.0 0.693396
550.0 0.674658
555.0 1.515322
560.0 0.995442
565.0 0.664088
570.0 0.146264
575.0 1.37643
580.0 0.677186
585.0 1.317648
590.0 1.512158
595.0 1.465998
600.0 0.678172
605.0 0.6885
610.0 1.448754
615.0 1.457946
620.0 1.248206
625.0 1.623554
630.0 1.30162
635.0 1.433074
640.0 1.489846
645.0 0.680314
650.0 1.370628
655.0 1.13801
660.0 1.438272
665.0 1.491696
670.0 1.483096
675.0 0.65428
680.0 1.365684
685.0 0.688004
690.0 1.366806
695.0 0.603414
700.0 1.355552
705.0 1.576798
710.0 0.834818
715.0 1.427628
720.0 1.623784
725.0 1.470086
730.0 1.446046
735.0 1.434246
740.0 1.292674
745.0 1.48468
750.0 1.398078
755.0 1.485878
760.0 1.607738
765.0 1.479426
770.0 0.68431
775.0 1.437968
780.0 0.67074
785.0 1.352356
790.0 1.408806
795.0 1.348476
800.0 1.44509
805.0 1.654794
810.0 0.835626
815.0 1.338086
820.0 1.436874
825.0 0.699514
830.0 1.398166
835.0 0.66806
840.0 0.676536
845.0 0.847778
850.0 1.48129
855.0 1.142868
860.0 1.18253
865.0 0.711294
870.0 1.312234
875.0 1.188446
880.0 1.455594
885.0 1.441826
890.0 1.232434
895.0 1.444842
900.0 0.66747
905.0 1.372664
910.0 1.035812
915.0 1.658786
920.0 1.417022
925.0 0.696354
930.0 1.015952
935.0 1.286066
940.0 0.662542
945.0 0.699404
950.0 0.675948
955.0 1.521156
960.0 0.598982
965.0 0.602756
970.0 1.33097
975.0 1.463784
980.0 0.68275
985.0 0.699256
990.0 1.437496
995.0 0.290366
1000.0 1.366898
1005.0 1.451162
1010.0 0.708842
1015.0 1.550648
1020.0 1.60307
1025.0 0.598638
1030.0 1.35832
1035.0 1.47973
1040.0 1.403986
1045.0 1.63778
1050.0 1.033316
1055.0 0.635284
1060.0 1.449382
1065.0 1.435638
1070.0 1.433476
1075.0 1.286738
1080.0 0.249912
1085.0 1.477976
1090.0 1.417222
1095.0 1.402334
1100.0 1.509342
1105.0 1.462114
1110.0 1.441292
1115.0 1.659868
1120.0 1.452346
1125.0 0.868908
1130.0 1.43344
1135.0 1.399536
1140.0 1.415092
1145.0 1.484462
1150.0 1.63614
1155.0 1.473102
1160.0 1.510716
1165.0 1.435616
1170.0 1.383586
1175.0 1.43059
1180.0 1.344922
1185.0 1.46419
1190.0 1.486054
1195.0 1.500608
1200.0 1.398048
1205.0 1.21006
1210.0 1.330332
1215.0 1.335848
1220.0 1.380036
1225.0 1.503734
1230.0 1.416528
1235.0 1.4392
1240.0 1.189818
1245.0 1.665616
1250.0 1.296168
1255.0 0.714192
1260.0 1.433342
1265.0 1.449556
1270.0 1.424878
1275.0 1.400668
1280.0 1.396304
1285.0 1.590754
1290.0 1.339908
1295.0 1.568206
1300.0 1.421564
1305.0 1.404306
1310.0 1.489256
1315.0 1.510092
1320.0 1.455734
1325.0 1.278406
1330.0 1.41716
1335.0 1.528632
1340.0 1.10858
1345.0 1.315556
1350.0 1.279852
1355.0 1.392904
1360.0 1.49868
1365.0 0.214666
1370.0 1.37227
1375.0 1.453604
1380.0 0.213354
1385.0 1.442034
1390.0 1.251724
1395.0 1.095318
1400.0 1.518358
1405.0 1.32951
1410.0 1.455428
1415.0 1.405044
1420.0 1.514798
1425.0 1.44083
1430.0 1.51202
1435.0 1.504638
1440.0 1.443116
1445.0 1.64242
1450.0 1.49951
1455.0 1.428024
1460.0 1.649138
1465.0 1.434188
1470.0 1.501572
1475.0 1.51678
1480.0 1.485292
1485.0 0.214222
1490.0 1.611204
1495.0 1.52407
1500.0 1.683374
1505.0 1.496416
1510.0 1.548016
1515.0 1.62067
1520.0 1.450706
1525.0 1.530554
1530.0 1.540734
1535.0 1.328908
1540.0 1.290142
1545.0 1.53445
1550.0 1.681298
1555.0 1.674884
1560.0 1.486314
1565.0 1.54958
1570.0 1.48919
1575.0 1.678478
1580.0 1.252842
1585.0 1.695108
1590.0 1.681808
1595.0 1.697604
1600.0 1.483664
1605.0 1.392296
1610.0 1.669534
1615.0 1.661344
1620.0 1.564672
1625.0 1.524424
1630.0 1.61288
1635.0 1.548274
1640.0 1.471396
1645.0 1.598028
1650.0 1.627144
1655.0 1.553434
1660.0 1.690454
1665.0 1.591838
1670.0 1.69832
1675.0 1.604822
1680.0 1.665242
1685.0 1.305922
1690.0 1.425452
1695.0 1.620334
1700.0 1.360134
1705.0 1.620624
1710.0 1.37572
1715.0 1.682598
1720.0 1.660438
1725.0 1.47258
1730.0 1.702276
1735.0 1.626018
1740.0 1.694178
1745.0 1.667704
1750.0 1.51184
1755.0 1.373612
1760.0 1.551316
1765.0 1.564172
1770.0 1.383156
1775.0 1.272808
1780.0 1.36569
