0.0 0.437548
5.0 0.56007
10.0 0.566718
15.0 0.570476
20.0 0.564054
25.0 0.559126
30.0 0.560842
35.0 0.572518
40.0 0.567692
45.0 0.559572
50.0 0.553526
55.0 0.558022
60.0 0.547794
65.0 0.57682
70.0 0.558768
75.0 0.569198
80.0 0.550106
85.0 0.573128
90.0 0.570714
95.0 0.449076
100.0 0.58798
105.0 0.583818
110.0 0.572356
115.0 0.605896
120.0 0.59233
125.0 0.62353
130.0 0.561778
135.0 0.571724
140.0 0.570372
145.0 0.570298
150.0 0.577176
155.0 0.587122
160.0 0.564306
165.0 0.577856
170.0 0.579402
175.0 0.571656
180.0 0.553052
185.0 0.595346
190.0 0.586088
195.0 0.589548
200.0 0.60034
205.0 0.554758
210.0 0.570362
215.0 0.55915
220.0 0.580442
225.0 0.57687
230.0 0.577368
235.0 0.54719
240.0 0.573046
245.0 0.585736
250.0 0.59509
255.0 0.59063
260.0 0.588926
265.0 0.569714
270.0 0.562394
275.0 0.575626
280.0 0.555102
285.0 0.58656
290.0 0.557862
295.0 0.597904
300.0 0.6326
305.0 0.588792
310.0 0.598584
315.0 0.575628
320.0 0.60966
325.0 0.59715
330.0 0.602204
335.0 0.577762
340.0 0.580314
345.0 0.585968
350.0 0.573764
355.0 0.587108
360.0 0.59393
365.0 0.576226
370.0 0.55375
375.0 0.57202
380.0 0.568042
385.0 0.60334
390.0 0.571928
395.0 0.435798
400.0 0.547402
405.0 0.618294
410.0 0.516084
415.0 0.541044
420.0 0.639034
425.0 0.61074
430.0 0.61405
435.0 0.518794
440.0 0.600288
445.0 0.596912
450.0 0.567844
455.0 0.632608
460.0 0.604302
465.0 0.489384
470.0 0.611896
475.0 0.572648
480.0 0.559818
485.0 0.595168
490.0 0.603344
495.0 0.457678
500.0 0.613818
505.0 0.547692
510.0 0.602666
515.0 0.611056
520.0 0.608352
525.0 0.566728
530.0 0.60632
535.0 0.5813
540.0 0.56659
545.0 0.608392
550.0 0.581976
555.0 0.612786
560.0 0.609406
565.0 0.609162
570.0 0.58895
575.0 0.608804
580.0 0.599034
585.0 0.580464
590.0 0.570124
595.0 0.599924
600.0 0.527496
605.0 0.553612
610.0 0.601224
615.0 0.610838
620.0 0.576466
625.0 0.598334
630.0 0.573556
635.0 0.600488
640.0 0.575586
645.0 0.601152
650.0 0.581804
655.0 0.596558
660.0 0.58345
665.0 0.531584
670.0 0.608948
675.0 0.608526
680.0 0.597522
685.0 0.609902
690.0 0.599596
695.0 0.606772
700.0 0.569584
705.0 0.585798
710.0 0.611606
715.0 0.536114
720.0 0.59383
725.0 0.596116
730.0 0.61729
735.0 0.569626
740.0 0.632226
745.0 0.591206
750.0 0.597338
755.0 0.604412
760.0 0.60109
765.0 0.61577
770.0 0.588108
775.0 0.574962
780.0 0.608642
785.0 0.616408
790.0 0.60715
795.0 0.578648
800.0 0.606248
805.0 0.560596
810.0 0.586884
815.0 0.577358
820.0 0.567264
825.0 0.600262
830.0 0.570254
835.0 0.595398
840.0 0.605988
845.0 0.610668
850.0 0.60017
855.0 0.606406
860.0 0.620412
865.0 0.623742
870.0 0.0
875.0 0.613566
880.0 0.607476
885.0 0.577152
890.0 0.604754
895.0 0.608076
900.0 0.6024
905.0 0.62379
910.0 0.624108
915.0 0.579338
920.0 0.579064
925.0 0.601992
930.0 0.609556
935.0 0.57634
940.0 0.579486
945.0 0.607018
950.0 0.585138
955.0 0.612372
960.0 0.593824
965.0 0.587934
970.0 0.596938
975.0 0.593934
980.0 0.585316
985.0 0.584448
990.0 0.603718
995.0 0.596332
1000.0 0.577002
1005.0 0.586506
1010.0 0.596406
1015.0 0.594656
1020.0 0.602168
1025.0 0.592936
1030.0 0.598328
1035.0 0.605298
1040.0 0.611486
1045.0 0.593522
1050.0 0.610354
1055.0 0.595946
1060.0 0.57269
1065.0 0.57405
1070.0 0.587976
1075.0 0.591658
1080.0 0.58659
1085.0 0.622214
1090.0 0.721658
1095.0 0.751728
1100.0 0.564688
1105.0 0.750672
1110.0 0.730896
1115.0 0.595572
1120.0 0.746856
1125.0 0.703972
1130.0 0.73836
1135.0 0.721674
1140.0 0.742114
1145.0 0.600146
1150.0 0.786228
1155.0 0.747256
1160.0 0.62067
1165.0 0.709164
1170.0 0.628426
1175.0 0.71516
1180.0 0.756636
1185.0 0.708516
1190.0 0.697216
1195.0 0.736434
1200.0 0.714092
1205.0 0.593716
1210.0 0.584904
1215.0 0.594078
1220.0 0.597184
1225.0 0.609416
1230.0 0.621972
1235.0 0.637782
1240.0 0.643604
1245.0 0.644544
1250.0 0.616344
1255.0 0.620428
1260.0 0.62939
1265.0 0.623642
1270.0 0.610024
