0.0 2.184362
5.0 2.195382
10.0 2.189056
15.0 2.211526
20.0 2.193752
25.0 2.188694
30.0 2.218546
35.0 2.168452
40.0 2.166852
45.0 2.198912
50.0 2.193888
55.0 2.182476
60.0 2.2023
65.0 2.192618
70.0 2.21649
75.0 2.22635
80.0 2.21309
85.0 2.194162
90.0 2.19298
95.0 2.209886
100.0 2.19395
105.0 2.203928
110.0 2.200164
115.0 2.212754
120.0 2.213146
125.0 2.216076
130.0 2.22154
135.0 2.213488
140.0 2.20092
145.0 2.229198
150.0 2.21659
155.0 2.211984
160.0 2.200772
165.0 2.17166
170.0 2.19119
175.0 2.21439
180.0 2.212002
185.0 2.189962
190.0 2.220736
195.0 2.197978
200.0 2.196836
205.0 2.221604
210.0 2.18714
215.0 2.224326
220.0 2.239434
225.0 2.201638
230.0 2.16912
235.0 2.227892
240.0 2.210702
245.0 2.201366
250.0 2.159454
255.0 2.225134
260.0 2.206874
265.0 2.209388
270.0 2.173342
275.0 2.213146
280.0 2.205182
285.0 2.200182
290.0 2.191274
295.0 2.162698
300.0 2.19755
305.0 2.167068
310.0 2.19266
315.0 2.19361
320.0 2.18821
325.0 2.220132
330.0 2.20083
335.0 2.174322
340.0 2.222822
345.0 2.232666
350.0 2.229388
355.0 2.21484
360.0 2.211838
365.0 2.18213
370.0 2.184402
375.0 2.18566
380.0 2.228602
385.0 2.205726
390.0 2.206014
395.0 2.200848
400.0 2.20315
405.0 2.192828
410.0 2.2044
415.0 2.217724
420.0 2.195698
425.0 2.195794
430.0 2.1896
435.0 2.198616
440.0 2.219724
445.0 2.213126
450.0 2.20188
455.0 2.231354
460.0 2.20323
465.0 2.201264
470.0 2.215004
475.0 2.22646
480.0 2.206366
485.0 2.201324
490.0 2.226874
495.0 2.203294
500.0 2.218084
505.0 2.22314
510.0 2.199596
515.0 2.207716
520.0 2.220008
525.0 2.212342
530.0 2.2046
535.0 2.205074
540.0 2.226236
545.0 2.217728
550.0 2.19266
555.0 2.216028
560.0 2.215224
565.0 2.216776
570.0 2.227196
575.0 2.185716
580.0 2.19254
585.0 2.205178
590.0 2.204288
595.0 2.19684
600.0 2.169346
605.0 2.20531
610.0 2.21903
615.0 2.22569
620.0 2.224164
625.0 2.217484
630.0 2.224288
635.0 2.205774
640.0 2.168076
645.0 2.190266
650.0 2.18039
655.0 2.209802
660.0 2.172742
665.0 2.211868
670.0 2.219374
675.0 2.20151
680.0 2.23542
685.0 2.213632
690.0 2.239152
695.0 2.191582
700.0 2.202864
705.0 2.223532
710.0 2.212432
715.0 2.210176
720.0 2.194196
725.0 2.216444
730.0 2.209688
735.0 2.208432
740.0 2.214868
745.0 2.201954
750.0 2.226174
755.0 2.220886
760.0 2.222036
765.0 2.221742
770.0 2.215074
775.0 2.180272
780.0 2.211972
785.0 2.212848
790.0 2.197276
795.0 2.241034
800.0 2.210824
805.0 2.22115
810.0 2.224224
815.0 1.999298
820.0 2.190792
825.0 2.21674
830.0 2.175578
835.0 2.21797
840.0 2.22077
845.0 2.217512
850.0 2.200254
855.0 2.212346
860.0 2.215316
865.0 2.19345
870.0 2.185586
875.0 2.172488
880.0 2.209708
885.0 2.21772
890.0 2.191182
895.0 2.224648
900.0 2.21232
905.0 2.202566
910.0 2.201548
915.0 2.20377
920.0 2.22474
925.0 2.21656
930.0 1.98753
935.0 2.217264
940.0 2.217724
945.0 2.225576
950.0 2.187162
955.0 2.228906
960.0 2.22832
965.0 2.209054
970.0 2.226324
975.0 2.233288
980.0 2.221302
985.0 2.214596
990.0 2.078996
995.0 2.220306
1000.0 2.232054
1005.0 2.34585
1010.0 2.349776
1015.0 2.21321
1020.0 2.210554
1025.0 2.200998
1030.0 2.21934
1035.0 2.214816
1040.0 2.182104
1045.0 2.21493
1050.0 2.199386
1055.0 2.103034
1060.0 2.22712
1065.0 2.23843
1070.0 2.231712
1075.0 2.217254
1080.0 2.220128
1085.0 2.177178
1090.0 2.164374
1095.0 2.213496
1100.0 2.215534
1105.0 2.211032
1110.0 2.22509
1115.0 2.239906
1120.0 2.222182
1125.0 2.216968
1130.0 2.199156
1135.0 2.19294
1140.0 2.227334
1145.0 2.237806
1150.0 2.218478
1155.0 2.22331
1160.0 2.208264
1165.0 2.197474
1170.0 2.009112
1175.0 1.904638
1180.0 0.30208
1185.0 1.92449
1190.0 1.896812
1195.0 1.917254
1200.0 1.906818
1205.0 1.919296
1210.0 1.887794
1215.0 1.903864
1220.0 1.927306
1225.0 1.928302
1230.0 1.90574
1235.0 1.910152
1240.0 1.903752
1245.0 1.897408
1250.0 1.91208
1255.0 1.905128
1260.0 1.913354
1265.0 1.915476
1270.0 1.912918
1275.0 1.800128
1280.0 1.904068
1285.0 1.906146
1290.0 1.903012
1295.0 1.216244
1300.0 1.874024
1305.0 1.918754
1310.0 1.905234
1315.0 1.91433
1320.0 1.901326
1325.0 1.907942
1330.0 1.912716
1335.0 1.895988
1340.0 1.896812
1345.0 1.895304
1350.0 1.893732
1355.0 1.917568
1360.0 1.919972
1365.0 1.903228
1370.0 1.909478
1375.0 1.892142
1380.0 1.913576
1385.0 1.918738
1390.0 1.89884
1395.0 1.8942
1400.0 1.90424
1405.0 1.913526
1410.0 1.897344
1415.0 1.91153
1420.0 1.849656
1425.0 1.446344
1430.0 1.88806
1435.0 1.917662
1440.0 1.903568
1445.0 1.909502
1450.0 1.879688
1455.0 1.915586
1460.0 1.908928
1465.0 1.912422
1470.0 1.904036
1475.0 1.915404
1480.0 1.738824
1485.0 1.906578
1490.0 1.908512
1495.0 1.911242
1500.0 1.76016
1505.0 1.894296
1510.0 1.90895
1515.0 1.899368
1520.0 1.907506
1525.0 1.89557
1530.0 1.912062
1535.0 1.911446
1540.0 1.893398
1545.0 1.909178
1550.0 1.88876
1555.0 1.912352
1560.0 1.9106
1565.0 1.90069
1570.0 1.870284
1575.0 1.899256
1580.0 1.920036
1585.0 1.91314
1590.0 1.913064
1595.0 1.921358
1600.0 1.906456
1605.0 1.87937
1610.0 1.898336
1615.0 1.919252
1620.0 1.907796
1625.0 1.919602
1630.0 1.920478
1635.0 1.903948
1640.0 1.91659
1645.0 1.9318
1650.0 1.90581
1655.0 1.915606
1660.0 1.920692
1665.0 1.906364
1670.0 1.923756
