0.0 5.020944
5.0 5.132504
10.0 5.089726
15.0 5.335908
20.0 5.00088
25.0 4.964944
30.0 3.775558
35.0 2.651684
40.0 4.99356
45.0 4.892558
50.0 5.550382
55.0 5.104886
60.0 1.87758
65.0 5.041884
70.0 5.068076
75.0 5.476038
80.0 4.656684
85.0 4.560584
90.0 4.94543
95.0 6.069264
100.0 5.179066
105.0 5.78076
110.0 3.75455
115.0 5.406522
120.0 5.28764
125.0 4.771388
130.0 4.671584
135.0 5.613558
140.0 5.104416
145.0 4.529766
150.0 5.17979
155.0 5.375626
160.0 4.990118
165.0 5.12236
170.0 5.017026
175.0 5.77393
180.0 5.287244
185.0 5.510266
190.0 5.28044
195.0 4.637038
200.0 4.887376
205.0 5.04901
210.0 5.030478
215.0 3.313206
220.0 5.508336
225.0 3.649812
230.0 5.216976
235.0 5.243966
240.0 5.060538
245.0 5.093386
250.0 5.394518
255.0 5.178096
260.0 5.422626
265.0 5.175386
270.0 5.009048
275.0 4.995736
280.0 5.14838
285.0 5.418474
290.0 5.469482
295.0 4.795484
300.0 5.990382
305.0 5.258432
310.0 4.987752
315.0 5.083566
320.0 5.716868
325.0 5.247868
330.0 6.080466
335.0 5.601222
340.0 5.241432
345.0 5.90081
350.0 4.21035
355.0 4.980364
360.0 5.558332
365.0 5.03307
370.0 4.788194
375.0 5.535628
380.0 5.026006
385.0 6.106008
390.0 5.174076
395.0 5.85363
400.0 5.157874
405.0 5.01435
410.0 5.301952
415.0 5.54569
420.0 5.294068
425.0 5.664448
430.0 6.253364
435.0 5.155886
440.0 5.453788
445.0 5.223308
450.0 3.69234
455.0 5.282338
460.0 5.041716
465.0 4.744548
470.0 5.49339
475.0 3.557676
480.0 4.667876
485.0 4.63321
490.0 4.926954
495.0 5.805706
500.0 5.062628
505.0 5.63239
510.0 5.209812
515.0 5.189994
520.0 5.935916
525.0 5.129798
530.0 5.36779
535.0 4.832942
540.0 5.16435
545.0 5.728688
550.0 5.115552
555.0 5.107126
560.0 4.56956
565.0 4.652654
570.0 5.895176
575.0 4.642258
580.0 6.01256
585.0 5.945862
590.0 4.684692
595.0 5.055152
600.0 5.72979
605.0 5.334996
610.0 4.926506
615.0 4.998258
620.0 4.201334
625.0 5.710844
630.0 4.908144
635.0 5.456942
640.0 6.138306
645.0 5.35918
650.0 4.887538
655.0 5.950028
660.0 5.562918
665.0 4.291726
670.0 0.466516
675.0 5.389664
680.0 5.562658
685.0 4.783156
690.0 5.090364
695.0 5.268352
700.0 4.99884
705.0 5.08314
710.0 5.184116
715.0 5.215994
720.0 5.318194
725.0 4.376314
730.0 5.470768
735.0 5.388654
740.0 4.639724
745.0 5.884478
750.0 4.993536
755.0 4.863516
760.0 5.353354
765.0 5.9612
770.0 5.71955
775.0 5.518818
780.0 5.084814
785.0 6.002654
790.0 5.016758
795.0 5.018452
800.0 5.584326
805.0 5.629028
810.0 5.592274
815.0 4.919306
820.0 6.22549
825.0 5.685562
830.0 5.029936
835.0 5.042878
840.0 5.237546
845.0 5.274978
850.0 5.33986
855.0 4.89135
860.0 5.43693
865.0 5.303794
870.0 5.431902
875.0 5.175584
880.0 5.630532
885.0 5.81388
890.0 5.409884
895.0 4.796796
900.0 6.08282
905.0 4.689666
910.0 4.786794
915.0 5.240098
920.0 5.261242
925.0 3.81825
930.0 5.690434
935.0 5.420086
940.0 5.732372
945.0 4.448856
950.0 5.25876
955.0 5.324262
960.0 5.28175
965.0 5.17586
970.0 5.684906
975.0 5.569402
980.0 5.092418
985.0 5.744492
990.0 5.940926
995.0 5.640888
1000.0 5.988886
1005.0 4.909556
1010.0 5.11849
1015.0 5.315764
1020.0 5.367376
1025.0 4.814358
1030.0 4.981752
1035.0 4.747846
1040.0 4.307152
1045.0 4.94091
1050.0 5.340096
1055.0 4.845174
1060.0 5.809516
1065.0 5.351096
1070.0 5.830424
1075.0 4.456222
1080.0 5.120884
1085.0 5.07625
1090.0 4.19896
1095.0 4.795148
1100.0 5.45547
1105.0 3.865178
1110.0 5.471668
1115.0 5.11643
1120.0 5.416876
1125.0 5.505496
1130.0 6.2316
1135.0 4.95093
1140.0 5.008912
1145.0 5.791492
1150.0 5.79157
1155.0 5.159248
1160.0 5.460258
1165.0 5.040916
1170.0 4.911922
1175.0 1.520642
1180.0 5.053596
1185.0 4.735424
1190.0 5.157682
1195.0 5.130196
1200.0 5.464272
1205.0 5.523238
1210.0 5.264834
1215.0 5.48893
1220.0 4.824598
1225.0 4.789112
1230.0 5.197944
1235.0 5.055842
1240.0 5.058506
1245.0 5.046104
1250.0 5.031626
1255.0 5.156334
1260.0 5.28746
1265.0 4.593548
1270.0 5.259754
1275.0 4.585226
1280.0 5.398206
1285.0 5.560436
1290.0 4.940196
1295.0 5.02515
1300.0 4.46596
1305.0 4.71339
1310.0 5.447136
1315.0 4.87223
1320.0 5.45518
1325.0 5.423026
1330.0 4.870804
1335.0 3.76572
1340.0 5.654844
1345.0 5.205652
1350.0 5.679666
1355.0 4.861168
1360.0 5.302124
1365.0 4.804284
1370.0 5.300248
1375.0 4.892712
1380.0 4.963702
1385.0 5.168628
1390.0 5.285088
1395.0 3.823166
1400.0 5.564748
1405.0 5.303546
1410.0 5.218462
1415.0 5.29281
1420.0 5.116738
1425.0 5.231052
1430.0 5.186734
1435.0 5.213044
1440.0 5.378506
1445.0 4.605956
1450.0 5.904602
1455.0 4.828682
1460.0 5.34525
1465.0 5.288294
1470.0 2.101014
1475.0 4.787428
1480.0 4.71354
1485.0 1.637568
1490.0 5.207048
1495.0 4.970384
1500.0 4.932838
1505.0 5.437368
1510.0 5.467828
1515.0 5.40779
1520.0 5.687946
1525.0 5.946958
1530.0 3.607608
1535.0 4.912138
1540.0 5.098622
1545.0 5.363976
1550.0 5.104298
1555.0 5.29499
1560.0 4.900394
1565.0 5.525144
1570.0 5.58912
1575.0 5.120984
1580.0 5.563506
1585.0 5.153506
1590.0 5.631816
1595.0 4.492888
1600.0 5.474122
1605.0 5.251844
1610.0 5.576176
1615.0 5.101078
1620.0 3.898616
1625.0 5.735338
1630.0 3.879482
1635.0 5.860688
1640.0 4.54513
1645.0 4.897398
1650.0 5.201486
1655.0 5.125328
1660.0 5.54027
1665.0 5.246454
1670.0 5.125562
1675.0 5.988608
1680.0 5.19566
1685.0 4.831264
1690.0 4.85567
1695.0 5.374026
1700.0 5.070546
1705.0 4.79898
1710.0 5.640844
1715.0 5.606586
1720.0 4.707456
1725.0 5.20323
1730.0 4.756594
1735.0 5.097004
1740.0 4.71157
1745.0 5.24397
1750.0 1.64476
1755.0 4.999428
1760.0 5.466128
1765.0 5.33119
1770.0 5.148602
1775.0 5.47688
1780.0 4.064886
1785.0 4.985266
1790.0 4.973072
1795.0 4.92929
1800.0 5.589638
1805.0 5.670986
