0.0 4.893098
5.0 2.439372
10.0 2.71271
15.0 4.99654
20.0 5.030954
25.0 4.961968
30.0 4.94764
35.0 4.698888
40.0 4.954034
45.0 4.952696
50.0 4.995362
55.0 4.866236
60.0 5.02774
65.0 3.127086
70.0 3.810618
75.0 4.623392
80.0 5.14291
85.0 5.08811
90.0 4.952258
95.0 5.0153
100.0 4.756654
105.0 4.53459
110.0 4.668316
115.0 4.354126
120.0 3.8533
125.0 4.410654
130.0 5.073556
135.0 4.953562
140.0 5.141448
145.0 4.928516
150.0 5.007976
155.0 4.887114
160.0 4.97537
165.0 4.92921
170.0 4.046698
175.0 3.389738
180.0 4.244012
185.0 4.756236
190.0 5.027076
195.0 5.019128
200.0 4.923094
205.0 4.91349
210.0 4.929636
215.0 5.113538
220.0 4.592508
225.0 4.606164
230.0 4.24784
235.0 4.901618
240.0 4.887516
245.0 5.102212
250.0 5.11455
255.0 5.09077
260.0 4.818732
265.0 5.018498
270.0 4.999636
275.0 4.92109
280.0 4.959038
285.0 4.39915
290.0 4.572412
295.0 4.776592
300.0 4.996288
305.0 5.122696
310.0 5.118204
315.0 4.944166
320.0 4.9258
325.0 5.074956
330.0 4.446492
335.0 4.768276
340.0 4.940338
345.0 4.595524
350.0 4.246212
355.0 3.661782
360.0 4.70346
365.0 4.996616
370.0 5.070288
375.0 4.826134
380.0 5.08016
385.0 4.963536
390.0 4.876066
395.0 4.959576
400.0 4.694076
405.0 3.427064
410.0 3.977816
415.0 4.453616
420.0 4.933206
425.0 5.060784
430.0 5.05036
435.0 4.988958
440.0 5.020268
445.0 4.931092
450.0 4.738282
455.0 4.860684
460.0 5.074048
465.0 4.566628
470.0 4.34088
475.0 4.618746
480.0 4.945894
485.0 4.9303
490.0 5.032108
495.0 4.91873
500.0 4.713972
505.0 4.825488
510.0 4.858338
515.0 4.386684
520.0 4.417718
525.0 4.385418
530.0 2.097516
535.0 3.740672
540.0 5.064868
545.0 5.044646
550.0 5.035728
555.0 4.62352
560.0 4.477226
565.0 3.648798
570.0 5.033642
575.0 4.796024
580.0 2.831214
585.0 4.766302
590.0 4.607598
595.0 4.536666
600.0 4.46011
605.0 5.134516
610.0 5.038142
615.0 4.965876
620.0 4.930342
625.0 5.012196
630.0 4.87599
635.0 4.596368
640.0 3.66577
645.0 4.22985
650.0 3.605532
655.0 2.989332
660.0 4.665098
665.0 4.234226
670.0 5.006964
675.0 4.66738
680.0 4.761402
685.0 4.283862
690.0 3.59653
695.0 4.964972
700.0 4.974492
705.0 4.798152
710.0 4.745218
715.0 4.843162
720.0 4.631846
725.0 4.880268
730.0 5.13629
735.0 5.044216
740.0 4.503822
745.0 3.406412
750.0 4.325546
755.0 3.778842
760.0 4.811842
765.0 4.193808
770.0 3.289362
775.0 4.737582
780.0 4.948162
785.0 4.828866
790.0 4.712438
795.0 4.804284
800.0 4.814708
805.0 4.949548
810.0 4.615962
815.0 4.648128
820.0 3.969938
825.0 4.499478
830.0 3.783472
835.0 4.914986
840.0 4.854494
845.0 4.317428
850.0 4.736176
855.0 4.695952
860.0 4.530588
865.0 4.982756
870.0 4.75778
875.0 4.867694
880.0 3.845986
885.0 4.008598
890.0 4.525584
895.0 4.861624
900.0 4.989096
905.0 5.01502
910.0 4.688154
915.0 4.91749
920.0 4.515588
925.0 4.84835
930.0 4.459092
935.0 4.135552
940.0 4.598814
945.0 4.74663
950.0 4.85666
955.0 4.928734
960.0 5.063446
965.0 4.838678
970.0 4.443064
975.0 4.945932
980.0 4.909558
985.0 4.918888
990.0 4.816908
995.0 4.723122
1000.0 2.15368
1005.0 4.516732
1010.0 4.836264
1015.0 4.972042
1020.0 5.084136
1025.0 4.95468
1030.0 4.627738
1035.0 4.448714
1040.0 4.563168
1045.0 4.941244
1050.0 4.013266
1055.0 4.574132
1060.0 4.753748
1065.0 2.76994
1070.0 3.91501
1075.0 5.281068
1080.0 5.372506
1085.0 4.860628
1090.0 4.542628
1095.0 4.385332
1100.0 4.904112
1105.0 4.104224
1110.0 3.219346
1115.0 4.774666
1120.0 4.471636
1125.0 4.723332
1130.0 4.87724
1135.0 4.78725
1140.0 5.075998
1145.0 4.736486
1150.0 3.510996
1155.0 4.902268
1160.0 4.593316
1165.0 3.837174
1170.0 2.331494
1175.0 1.183474
1180.0 3.723094
1185.0 4.389612
1190.0 4.939304
1195.0 4.305304
1200.0 4.856378
1205.0 4.38457
1210.0 4.994974
1215.0 4.958436
1220.0 4.881092
1225.0 4.632052
1230.0 3.188844
1235.0 3.598378
1240.0 3.830576
1245.0 0.988904
1250.0 4.532228
1255.0 4.876336
1260.0 4.865148
1265.0 4.962018
1270.0 4.58418
1275.0 4.823788
1280.0 4.250124
1285.0 4.614664
1290.0 2.909676
1295.0 4.577746
1300.0 3.854096
1305.0 4.186086
1310.0 4.331616
1315.0 4.898266
1320.0 4.568922
1325.0 4.705256
1330.0 4.53882
1335.0 4.595518
1340.0 4.852794
1345.0 4.463188
1350.0 4.377404
1355.0 4.667578
1360.0 3.937786
1365.0 1.912638
1370.0 3.943768
1375.0 4.686766
1380.0 4.805454
1385.0 4.767454
1390.0 4.70696
1395.0 4.040794
1400.0 4.737548
1405.0 4.595512
1410.0 3.726146
1415.0 4.248178
1420.0 3.988424
1425.0 3.792416
1430.0 4.595908
1435.0 4.79113
1440.0 4.761644
1445.0 4.765488
1450.0 4.576286
1455.0 3.938554
1460.0 4.53694
1465.0 3.848154
1470.0 4.576406
1475.0 4.086218
1480.0 3.723194
1485.0 4.386552
1490.0 4.04143
1495.0 4.783816
1500.0 4.835842
1505.0 4.385136
1510.0 4.577096
1515.0 4.233978
1520.0 4.52568
1525.0 4.796578
1530.0 4.579624
1535.0 3.976724
1540.0 2.963854
1545.0 4.113882
1550.0 4.854618
1555.0 4.87352
1560.0 4.874474
1565.0 4.870466
1570.0 4.250796
1575.0 4.8094
1580.0 4.586056
1585.0 3.679176
1590.0 4.045886
1595.0 4.639882
1600.0 4.577254
1605.0 4.56499
1610.0 4.247816
1615.0 4.76979
1620.0 4.81953
1625.0 4.507088
1630.0 4.714966
1635.0 4.45624
1640.0 4.615532
1645.0 2.803822
1650.0 3.784298
1655.0 3.519148
1660.0 4.809908
1665.0 4.844854
1670.0 4.813086
1675.0 3.975508
1680.0 4.716546
1685.0 4.359092
1690.0 4.54277
1695.0 4.244856
1700.0 4.326548
1705.0 4.411076
1710.0 2.764816
1715.0 3.452952
1720.0 4.692128
1725.0 0.0
1730.0 4.972544
1735.0 5.013994
1740.0 4.899558
1745.0 4.964684
1750.0 4.985152
1755.0 4.992736
1760.0 4.95215
1765.0 4.926624
1770.0 4.802366
1775.0 4.926934
1780.0 4.942466
1785.0 4.994638
1790.0 5.01485
1795.0 4.96051
1800.0 4.789882
1805.0 4.931466
1810.0 4.800736
1815.0 4.871486
1820.0 4.898342
