0.0 0.73418
5.0 0.734872
10.0 0.714436
15.0 0.731354
20.0 0.729008
25.0 0.722376
30.0 0.73361
35.0 0.726602
40.0 0.72233
45.0 0.52039
50.0 0.728966
55.0 0.73599
60.0 0.732996
65.0 0.732218
70.0 0.735636
75.0 0.725876
80.0 0.730624
85.0 0.731848
90.0 0.72654
95.0 0.739788
100.0 0.735218
105.0 0.733032
110.0 0.72759
115.0 0.728426
120.0 0.732362
125.0 0.717616
130.0 0.713026
135.0 0.730528
140.0 0.72947
145.0 0.730458
150.0 0.735394
155.0 0.72568
160.0 0.727748
165.0 0.731568
170.0 0.733386
175.0 0.72726
180.0 0.730544
185.0 0.73711
190.0 0.731398
195.0 0.733824
200.0 0.72646
205.0 0.727252
210.0 0.730662
215.0 0.73808
220.0 0.733976
225.0 0.733262
230.0 0.736722
235.0 0.724408
240.0 0.649004
245.0 0.734632
250.0 0.73294
255.0 0.729604
260.0 0.722334
265.0 0.728456
270.0 0.68024
275.0 0.693114
280.0 0.716684
285.0 0.715204
290.0 0.726178
295.0 0.730992
300.0 0.730788
305.0 0.732904
310.0 0.729316
315.0 0.735146
320.0 0.588786
325.0 0.731108
330.0 0.733426
335.0 0.727494
340.0 0.731034
345.0 0.732386
350.0 0.734546
355.0 0.676122
360.0 0.728294
365.0 0.728736
370.0 0.72631
375.0 0.736316
380.0 0.734564
385.0 0.733776
390.0 0.735268
395.0 0.734378
400.0 0.735252
405.0 0.733492
410.0 0.73201
415.0 0.724424
420.0 0.730394
425.0 0.7304
430.0 0.732572
435.0 0.734736
440.0 0.730464
445.0 0.737992
450.0 0.737002
455.0 0.726024
460.0 0.733952
465.0 0.725446
470.0 0.736394
475.0 0.734302
480.0 0.73158
485.0 0.729812
490.0 0.731456
495.0 0.728146
500.0 0.72504
505.0 0.730514
510.0 0.732696
515.0 0.735434
520.0 0.729968
525.0 0.730792
530.0 0.733682
535.0 0.72829
540.0 0.619318
545.0 0.735392
550.0 0.733404
555.0 0.72894
560.0 0.733066
565.0 0.735062
570.0 0.732124
575.0 0.731558
580.0 0.734524
585.0 0.735316
590.0 0.733758
595.0 0.732552
600.0 0.734954
605.0 0.735146
610.0 0.7332
615.0 0.73053
620.0 0.714276
625.0 0.730308
630.0 0.73114
635.0 0.724222
640.0 0.734866
645.0 0.729912
650.0 0.73471
655.0 0.735158
660.0 0.73809
665.0 0.727414
670.0 0.736384
675.0 0.735516
680.0 0.735394
685.0 0.733614
690.0 0.723706
695.0 0.731876
700.0 0.736052
705.0 0.731732
710.0 0.733852
715.0 0.739174
720.0 0.725032
725.0 0.733742
730.0 0.726682
735.0 0.729132
740.0 0.728748
745.0 0.724386
750.0 0.715986
755.0 0.730606
760.0 0.73035
765.0 0.728796
770.0 0.735358
775.0 0.729158
780.0 0.734212
785.0 0.731846
790.0 0.737118
795.0 0.732426
800.0 0.728328
805.0 0.725702
810.0 0.73224
815.0 0.72876
820.0 0.729196
825.0 0.724016
830.0 0.744442
835.0 0.728712
840.0 0.727388
845.0 0.734616
850.0 0.73708
855.0 0.73283
860.0 0.721872
865.0 0.720912
870.0 0.731554
875.0 0.725672
880.0 0.727672
885.0 0.73072
890.0 0.732464
895.0 0.727034
900.0 0.676622
905.0 0.722948
910.0 0.735302
915.0 0.740726
920.0 0.726432
925.0 0.735538
930.0 0.739324
935.0 0.7342
940.0 0.728702
945.0 0.73377
950.0 0.732344
955.0 0.73534
960.0 0.736628
965.0 0.725074
970.0 0.732724
975.0 0.733774
980.0 0.734938
985.0 0.731622
990.0 0.725278
995.0 0.732006
1000.0 0.729172
1005.0 0.66794
1010.0 0.710628
1015.0 0.743032
1020.0 0.727012
1025.0 0.73108
1030.0 0.736796
1035.0 0.72468
1040.0 0.731682
1045.0 0.733796
1050.0 0.73507
1055.0 0.734598
1060.0 0.730966
1065.0 0.722006
1070.0 0.732982
1075.0 0.726918
1080.0 0.73156
1085.0 0.735328
1090.0 0.73143
1095.0 0.739866
1100.0 0.73746
1105.0 0.736002
1110.0 0.737586
1115.0 0.73983
1120.0 0.73824
1125.0 0.602786
1130.0 0.74
1135.0 0.728762
1140.0 0.73544
1145.0 0.733812
1150.0 0.732112
1155.0 0.739662
1160.0 0.736986
1165.0 0.73554
1170.0 0.736038
1175.0 0.733398
1180.0 0.735556
1185.0 0.742516
1190.0 0.741332
1195.0 0.739688
1200.0 0.724646
1205.0 0.730184
1210.0 0.731406
1215.0 0.73686
1220.0 0.73795
1225.0 0.730802
1230.0 0.735662
1235.0 0.733334
1240.0 0.7404
1245.0 0.73316
1250.0 0.718026
1255.0 0.735124
1260.0 0.73972
1265.0 0.73488
1270.0 0.726874
1275.0 0.722914
1280.0 0.736498
1285.0 0.740318
1290.0 0.734872
1295.0 0.731252
1300.0 0.721408
1305.0 0.7345
