0.0 2.2963
5.0 2.321318
10.0 2.328022
15.0 2.328732
20.0 2.311176
25.0 2.306652
30.0 2.308282
35.0 2.321242
40.0 2.299016
45.0 2.311098
50.0 2.298582
55.0 2.312366
60.0 2.284752
65.0 2.296334
70.0 2.319634
75.0 2.318846
80.0 2.315564
85.0 2.308706
90.0 2.321358
95.0 2.303434
100.0 2.305352
105.0 2.285106
110.0 2.287908
115.0 2.283508
120.0 2.271964
125.0 2.310658
130.0 2.298326
135.0 2.276496
140.0 2.312502
145.0 2.29936
150.0 2.306716
155.0 2.29875
160.0 2.292226
165.0 2.2997
170.0 2.269992
175.0 2.263904
180.0 2.28829
185.0 2.300092
190.0 2.29126
195.0 2.31249
200.0 2.315178
205.0 2.32665
210.0 2.319468
215.0 2.276248
220.0 2.319628
225.0 2.288404
230.0 2.296208
235.0 2.25863
240.0 2.29805
245.0 2.27687
250.0 2.230762
255.0 2.279708
260.0 2.22954
265.0 2.316258
270.0 2.296826
275.0 2.311712
280.0 2.297156
285.0 2.276484
290.0 2.274702
295.0 2.30256
300.0 2.263016
305.0 2.300864
310.0 2.276448
315.0 2.265776
320.0 2.143774
325.0 2.295698
330.0 2.318362
335.0 2.292462
340.0 2.32887
345.0 2.3015
350.0 2.291244
355.0 2.303168
360.0 2.324032
365.0 2.300608
370.0 2.306756
375.0 2.325744
380.0 2.303926
385.0 2.28642
390.0 2.328394
395.0 2.294318
400.0 2.305966
405.0 2.312646
410.0 2.316522
415.0 2.292596
420.0 2.29133
425.0 2.319556
430.0 2.295328
435.0 2.320222
440.0 2.26077
445.0 2.280978
450.0 2.299944
455.0 2.317268
460.0 2.298486
465.0 2.307534
470.0 2.265896
475.0 2.323606
480.0 2.291868
485.0 2.282758
490.0 2.300732
495.0 2.269782
500.0 2.288908
505.0 2.27571
510.0 2.286946
515.0 2.304892
520.0 2.265292
525.0 1.936666
530.0 2.31134
535.0 2.14552
540.0 2.29461
545.0 2.316348
550.0 2.296378
555.0 2.279774
560.0 2.284148
565.0 2.290982
570.0 2.30435
575.0 2.256904
580.0 2.308548
585.0 2.282528
590.0 2.303298
595.0 2.296014
600.0 2.314896
605.0 2.288962
610.0 2.304634
615.0 2.29925
620.0 2.292462
625.0 2.293074
630.0 2.312766
635.0 2.156202
640.0 2.266118
645.0 1.311304
650.0 2.177948
655.0 2.264224
660.0 2.331928
665.0 2.267926
670.0 2.293706
675.0 2.313258
680.0 2.311024
685.0 2.291492
690.0 2.306132
695.0 2.305658
700.0 2.300824
705.0 2.308404
710.0 2.299422
715.0 2.295536
720.0 2.301254
725.0 2.32763
730.0 2.292902
735.0 2.326046
740.0 2.337506
745.0 2.330606
750.0 2.323108
755.0 2.20295
760.0 2.324214
765.0 2.288686
770.0 2.300888
775.0 2.317262
780.0 2.312572
785.0 2.308878
790.0 2.294094
795.0 2.26145
800.0 2.318674
805.0 2.31832
810.0 2.308832
815.0 2.323082
820.0 2.273058
825.0 2.302608
830.0 2.269046
835.0 2.31683
840.0 2.324972
845.0 2.313768
850.0 2.313962
855.0 2.327148
860.0 2.334788
865.0 2.298116
870.0 2.177506
875.0 2.29806
880.0 2.304506
885.0 2.32453
890.0 2.273266
895.0 2.32812
900.0 2.322912
905.0 2.314174
910.0 2.108584
915.0 2.313334
920.0 2.309688
925.0 2.308284
930.0 2.311902
935.0 2.305086
940.0 2.313864
945.0 2.305888
950.0 2.295102
955.0 2.31718
960.0 2.328264
965.0 2.339274
970.0 2.319418
975.0 2.30489
980.0 2.308208
985.0 2.321616
990.0 2.32818
995.0 2.329182
1000.0 2.325376
1005.0 2.324274
1010.0 2.334368
1015.0 2.426198
1020.0 2.436342
1025.0 2.272266
1030.0 2.309002
1035.0 2.307602
1040.0 2.195002
1045.0 2.27405
1050.0 2.323422
1055.0 2.319468
1060.0 2.313306
1065.0 2.30071
1070.0 2.30568
1075.0 2.315936
1080.0 2.328244
1085.0 2.302526
1090.0 2.180106
1095.0 2.305054
1100.0 2.297394
1105.0 2.268516
1110.0 2.32929
1115.0 2.33033
1120.0 2.302358
1125.0 2.304366
1130.0 2.318558
1135.0 2.328284
1140.0 2.320364
1145.0 2.283988
1150.0 2.303928
1155.0 2.3154
1160.0 2.31479
1165.0 2.328956
1170.0 2.336396
1175.0 2.328598
1180.0 2.29583
1185.0 1.976594
1190.0 1.996708
1195.0 1.989458
1200.0 1.9852
1205.0 1.957754
1210.0 1.981964
1215.0 1.995464
1220.0 2.002818
1225.0 1.975468
1230.0 2.00324
1235.0 1.96932
1240.0 1.975684
1245.0 1.97311
1250.0 2.001904
1255.0 1.984556
1260.0 1.964796
1265.0 1.963384
1270.0 1.971886
1275.0 1.979406
1280.0 2.012064
1285.0 1.996734
1290.0 1.996808
1295.0 1.972752
1300.0 1.996998
1305.0 1.917364
1310.0 2.00182
1315.0 1.99659
1320.0 1.988656
1325.0 1.966354
1330.0 1.982196
1335.0 1.991156
1340.0 1.996506
1345.0 1.997292
1350.0 1.982778
1355.0 2.002606
1360.0 1.973314
1365.0 1.988394
1370.0 1.981092
1375.0 1.975544
1380.0 1.980656
1385.0 1.977178
1390.0 1.996478
1395.0 1.986432
1400.0 1.97058
1405.0 1.999588
1410.0 1.994014
1415.0 2.00051
1420.0 1.999574
1425.0 1.995072
1430.0 2.009542
1435.0 1.980786
1440.0 1.964626
1445.0 1.97984
1450.0 1.997414
1455.0 1.975906
1460.0 1.98974
1465.0 1.98089
1470.0 1.976704
1475.0 1.989164
1480.0 1.989232
1485.0 1.990244
1490.0 1.994198
1495.0 1.96597
1500.0 1.915022
1505.0 1.967412
1510.0 1.99814
1515.0 1.990902
1520.0 1.98078
1525.0 1.981764
1530.0 1.986144
1535.0 1.952026
1540.0 1.982018
1545.0 1.983904
1550.0 1.9882
