0.0 3.51568
5.0 3.430018
10.0 4.18589
15.0 3.769906
20.0 3.422158
25.0 3.303724
30.0 3.617276
35.0 4.390822
40.0 3.851884
45.0 3.444588
50.0 3.622466
55.0 4.29898
60.0 3.477042
65.0 3.862514
70.0 4.56439
75.0 4.330728
80.0 3.499836
85.0 3.834704
90.0 3.711896
95.0 4.328596
100.0 3.943908
105.0 3.3938
110.0 3.565524
115.0 3.589176
120.0 4.184314
125.0 3.913416
130.0 4.10048
135.0 3.732528
140.0 3.706586
145.0 3.714862
150.0 4.402886
155.0 2.086404
160.0 4.068468
165.0 3.844054
170.0 3.79074
175.0 3.404696
180.0 3.293208
185.0 3.966412
190.0 3.522168
195.0 3.439756
200.0 4.037224
205.0 3.455484
210.0 3.523242
215.0 3.50356
220.0 4.998404
225.0 4.18873
230.0 4.100414
235.0 4.112066
240.0 3.954862
245.0 3.772904
250.0 3.586312
255.0 3.41384
260.0 3.563008
265.0 3.774672
270.0 3.385448
275.0 3.696336
280.0 3.988778
285.0 3.932748
290.0 3.799716
295.0 3.641838
300.0 3.243414
305.0 3.668784
310.0 4.153182
315.0 3.628352
320.0 3.855724
325.0 3.765694
330.0 3.760346
335.0 3.33226
340.0 3.592324
345.0 3.596074
350.0 3.701344
355.0 3.348912
360.0 3.644592
365.0 4.322352
370.0 3.313012
375.0 3.21897
380.0 3.380888
385.0 3.49362
390.0 4.519318
395.0 4.348204
400.0 3.42122
405.0 3.538546
410.0 4.038582
415.0 3.96485
420.0 3.894144
425.0 3.68329
430.0 3.861396
435.0 4.053828
440.0 5.066404
445.0 3.422718
450.0 4.380612
455.0 4.364954
460.0 3.495104
465.0 3.968748
470.0 3.302366
475.0 3.55368
480.0 3.450394
485.0 3.470344
490.0 3.578732
495.0 4.507324
500.0 3.60686
505.0 3.74411
510.0 3.445294
515.0 3.542068
520.0 3.654292
525.0 4.043838
530.0 3.597898
535.0 3.518694
540.0 3.718264
545.0 3.544882
550.0 3.34574
555.0 3.551502
560.0 3.528412
565.0 3.689612
570.0 3.808648
575.0 3.564804
580.0 3.734234
585.0 3.282746
590.0 3.607044
595.0 3.182148
600.0 3.71127
605.0 3.354062
610.0 3.52831
615.0 4.444846
620.0 3.54827
625.0 4.071634
630.0 3.631436
635.0 3.905542
640.0 3.74762
645.0 3.719032
650.0 3.640338
655.0 4.194972
660.0 3.45264
665.0 3.605482
670.0 3.865634
675.0 3.985212
680.0 3.763826
685.0 3.70209
690.0 3.036358
695.0 3.798336
700.0 3.611872
705.0 3.470944
710.0 3.258288
715.0 3.60598
720.0 3.536536
725.0 4.142168
730.0 3.744812
735.0 3.700762
740.0 0.805798
745.0 4.072252
750.0 3.660174
755.0 4.132068
760.0 3.599278
765.0 4.097882
770.0 4.493066
775.0 3.445794
780.0 3.969698
785.0 4.007646
790.0 4.03936
795.0 3.616982
800.0 3.808596
805.0 3.340454
810.0 3.865646
815.0 3.192284
820.0 3.449464
825.0 3.468412
830.0 3.67274
835.0 4.033574
840.0 4.0895
845.0 4.546682
850.0 3.55049
855.0 4.686366
860.0 3.732182
865.0 3.931612
870.0 4.117806
875.0 3.586466
880.0 3.287192
885.0 3.711386
890.0 3.520738
895.0 3.45958
900.0 3.146298
905.0 3.55758
910.0 3.744808
915.0 3.525494
920.0 4.188798
925.0 3.767086
930.0 3.639598
935.0 3.14121
940.0 3.563714
945.0 3.676346
950.0 3.540638
955.0 3.596298
960.0 3.2936
965.0 3.061574
970.0 3.405914
975.0 3.24816
980.0 4.040934
985.0 3.1149
990.0 3.785616
995.0 4.180016
1000.0 4.468086
1005.0 4.088878
1010.0 4.005634
1015.0 3.274788
1020.0 3.503904
1025.0 3.986572
1030.0 4.392594
1035.0 3.474776
1040.0 3.523608
1045.0 4.131118
1050.0 3.700416
1055.0 4.026846
1060.0 4.39248
1065.0 3.531368
1070.0 0.0
1075.0 0.0
1080.0 0.0
1085.0 3.446768
1090.0 3.974966
1095.0 3.479214
1100.0 3.299156
1105.0 3.900358
1110.0 3.75146
1115.0 3.569524
1120.0 3.589446
1125.0 3.823384
1130.0 3.553852
1135.0 4.037086
1140.0 4.114474
1145.0 3.964404
1150.0 3.486844
1155.0 3.244968
1160.0 4.602006
1165.0 3.188698
1170.0 3.510614
1175.0 4.034548
1180.0 3.42666
1185.0 4.01657
1190.0 4.603444
1195.0 3.435674
1200.0 4.14142
1205.0 3.97236
1210.0 4.058136
1215.0 4.010024
1220.0 4.565448
1225.0 3.26233
1230.0 3.731404
1235.0 4.08641
1240.0 3.883794
1245.0 5.08352
1250.0 4.250192
1255.0 4.083958
1260.0 4.645514
1265.0 3.664808
1270.0 3.488932
1275.0 3.389106
1280.0 3.101354
1285.0 4.581512
1290.0 4.165246
1295.0 3.956376
1300.0 3.822636
1305.0 3.41084
1310.0 3.303748
1315.0 4.072332
1320.0 3.81889
1325.0 3.583466
1330.0 3.42752
1335.0 3.632604
1340.0 3.377722
1345.0 3.67809
1350.0 3.498312
1355.0 3.04688
1360.0 3.932806
1365.0 3.46759
1370.0 3.545612
1375.0 3.613146
1380.0 3.418738
1385.0 4.085524
1390.0 3.472158
1395.0 3.974646
1400.0 3.639962
1405.0 4.11504
1410.0 3.571844
1415.0 3.385652
1420.0 4.196502
1425.0 3.75664
1430.0 3.875886
1435.0 3.609986
1440.0 4.066918
1445.0 4.099714
1450.0 3.5184
1455.0 4.587948
1460.0 3.411694
1465.0 3.639452
1470.0 3.862426
1475.0 3.72243
1480.0 3.629264
1485.0 4.037054
1490.0 3.680868
1495.0 3.514578
1500.0 3.827216
1505.0 3.466124
1510.0 3.675426
1515.0 3.403614
1520.0 4.013086
1525.0 3.417718
1530.0 3.560066
1535.0 4.220662
