0.0 1.632082
5.0 1.96169
10.0 1.995466
15.0 1.672618
20.0 1.692834
25.0 2.066276
30.0 1.840642
35.0 2.069382
40.0 1.967262
45.0 1.65388
50.0 1.719558
55.0 2.028568
60.0 1.981734
65.0 1.873452
70.0 1.623598
75.0 1.694974
80.0 2.058142
85.0 1.734734
90.0 1.816138
95.0 1.649522
100.0 1.752862
105.0 2.05432
110.0 1.668398
115.0 1.897318
120.0 1.790232
125.0 1.798514
130.0 1.723434
135.0 1.842204
140.0 1.77581
145.0 2.078658
150.0 2.057126
155.0 1.941982
160.0 1.88555
165.0 1.586068
170.0 2.006516
175.0 2.044504
180.0 1.733382
185.0 1.90435
190.0 1.822636
195.0 1.946086
200.0 2.06324
205.0 1.771104
210.0 1.788502
215.0 2.020244
220.0 1.708842
225.0 1.97476
230.0 1.588924
235.0 1.895048
240.0 1.984322
245.0 1.702188
250.0 1.91268
255.0 1.682082
260.0 1.808978
265.0 1.941912
270.0 1.809
275.0 1.94702
280.0 2.076876
285.0 2.047192
290.0 1.918162
295.0 1.876378
300.0 1.75009
305.0 2.052868
310.0 1.912682
315.0 1.80142
320.0 1.796652
325.0 1.70509
330.0 1.779786
335.0 1.641796
340.0 2.077922
345.0 1.884224
350.0 2.039408
355.0 1.824164
360.0 1.736398
365.0 1.883648
370.0 1.89876
375.0 1.84141
380.0 1.938538
385.0 1.904336
390.0 2.056288
395.0 1.840136
400.0 1.733104
405.0 1.809674
410.0 2.057044
415.0 1.693156
420.0 1.733014
425.0 2.076066
430.0 1.547092
435.0 1.692096
440.0 1.867482
445.0 1.866612
450.0 1.787026
455.0 1.905252
460.0 1.826864
465.0 1.63376
470.0 1.815988
475.0 1.755836
480.0 1.58063
485.0 2.005918
490.0 1.787522
495.0 0.87443
500.0 2.065906
505.0 1.905358
510.0 1.819336
515.0 1.788262
520.0 1.950926
525.0 1.766514
530.0 1.753162
535.0 1.681684
540.0 1.953546
545.0 1.615134
550.0 1.855162
555.0 1.691358
560.0 1.971728
565.0 1.64606
570.0 1.668414
575.0 2.068556
580.0 1.900752
585.0 1.981518
590.0 1.730072
595.0 1.778486
600.0 2.081706
605.0 1.705208
610.0 1.999014
615.0 1.792804
620.0 1.950852
625.0 1.692968
630.0 1.945856
635.0 1.725324
640.0 1.94837
645.0 1.969794
650.0 1.589472
655.0 2.035232
660.0 2.054956
665.0 1.986042
670.0 1.87094
675.0 1.699874
680.0 1.782108
685.0 1.849212
690.0 1.773494
695.0 2.036402
700.0 1.69173
705.0 1.721508
710.0 1.708114
715.0 1.717642
720.0 1.901576
725.0 1.777554
730.0 1.920746
735.0 1.747988
740.0 1.703982
745.0 1.876046
750.0 1.676356
755.0 1.827484
760.0 1.800144
765.0 1.985058
770.0 1.971826
775.0 1.7873
780.0 1.660196
785.0 1.860978
790.0 1.658562
795.0 1.76912
800.0 1.73785
805.0 1.728064
810.0 1.694928
815.0 2.068832
820.0 1.717844
825.0 1.758334
830.0 1.745736
835.0 1.982944
840.0 1.900748
845.0 1.79506
850.0 1.333224
855.0 1.675852
860.0 1.74269
865.0 2.06365
870.0 1.836582
875.0 1.627954
880.0 1.993408
885.0 2.08905
890.0 1.988538
895.0 1.680232
900.0 1.922974
905.0 1.609044
910.0 1.879586
915.0 1.60766
920.0 1.855556
925.0 2.035126
930.0 1.910894
935.0 1.728428
940.0 1.68194
945.0 1.884558
950.0 2.046108
955.0 1.913056
960.0 1.696222
965.0 1.72134
970.0 1.813042
975.0 2.035466
980.0 1.833302
985.0 1.805298
990.0 1.985592
995.0 1.710798
1000.0 1.979852
1005.0 1.831138
1010.0 1.8018
1015.0 1.849168
1020.0 1.782356
1025.0 1.816428
1030.0 1.877092
1035.0 1.82572
1040.0 1.603124
1045.0 1.802094
1050.0 1.792046
1055.0 2.090688
1060.0 1.852488
1065.0 1.832474
1070.0 1.789242
1075.0 1.801048
1080.0 1.844122
1085.0 1.73343
1090.0 1.939998
1095.0 2.056354
1100.0 1.745518
1105.0 2.07715
1110.0 1.848
1115.0 1.695126
1120.0 1.916462
1125.0 1.9464
1130.0 2.025046
1135.0 1.852348
1140.0 1.774502
1145.0 1.917402
1150.0 1.718572
1155.0 1.776036
1160.0 1.811438
1165.0 1.766096
1170.0 1.725074
1175.0 2.062212
1180.0 1.964574
1185.0 1.787084
1190.0 1.696564
1195.0 2.09476
1200.0 2.015324
1205.0 2.072684
1210.0 1.904886
1215.0 1.81915
1220.0 1.873542
1225.0 1.709106
1230.0 1.981438
1235.0 2.026256
1240.0 1.715422
1245.0 1.822558
1250.0 1.790712
1255.0 2.020134
1260.0 1.726656
1265.0 1.784662
1270.0 1.774708
1275.0 2.085918
1280.0 1.67236
1285.0 1.813752
1290.0 1.761264
1295.0 1.757476
1300.0 1.649402
1305.0 1.65947
1310.0 1.65406
1315.0 1.617874
1320.0 1.72174
1325.0 1.689268
1330.0 1.478984
1335.0 1.631628
1340.0 1.816884
1345.0 1.5974
1350.0 1.807228
1355.0 1.618768
1360.0 1.625626
1365.0 1.772432
1370.0 1.808158
1375.0 1.689312
1380.0 1.73514
1385.0 1.687094
1390.0 1.61956
1395.0 1.64419
1400.0 1.68552
1405.0 1.645118
1410.0 1.58491
1415.0 1.73167
1420.0 1.651276
1425.0 1.638632
1430.0 1.453486
1435.0 1.66582
1440.0 1.65885
1445.0 1.736664
1450.0 1.604648
1455.0 1.541904
1460.0 1.814046
1465.0 1.640948
1470.0 1.831824
1475.0 1.577486
1480.0 1.788278
1485.0 1.77676
1490.0 1.626584
1495.0 1.808184
1500.0 1.79544
1505.0 1.8128
1510.0 1.74022
1515.0 1.721402
1520.0 1.73628
1525.0 1.659596
1530.0 1.687602
1535.0 1.527456
1540.0 1.632216
1545.0 1.816002
1550.0 1.70157
1555.0 1.67198
1560.0 1.58099
1565.0 1.684836
1570.0 1.6606
1575.0 1.678862
1580.0 1.813256
1585.0 1.68689
1590.0 1.604652
1595.0 1.710554
1600.0 1.723014
1605.0 1.595754
1610.0 1.568194
1615.0 1.545342
1620.0 1.634408
1625.0 1.618052
1630.0 1.70032
1635.0 1.754886
1640.0 1.834482
1645.0 1.828744
1650.0 1.674224
1655.0 1.672742
1660.0 1.655962
1665.0 1.641286
1670.0 1.786704
1675.0 1.741216
1680.0 1.749896
1685.0 1.60019
1690.0 1.663434
1695.0 1.765302
1700.0 1.772684
1705.0 1.641566
1710.0 1.829672
1715.0 1.721098
1720.0 1.569116
1725.0 1.578108
1730.0 1.720496
1735.0 1.603996
1740.0 1.627296
1745.0 1.821864
1750.0 1.489858
1755.0 1.812744
1760.0 1.810106
1765.0 1.679194
1770.0 1.630306
1775.0 1.772538
1780.0 1.80872
1785.0 1.662772
1790.0 1.71784
1795.0 1.595576
1800.0 1.782456
1805.0 1.680848
1810.0 1.640928
1815.0 1.628444
1820.0 1.696114
1825.0 1.773578
1830.0 1.57182
1835.0 1.607316
1840.0 1.80558
