0.0 1.333508
5.0 1.565874
10.0 1.391006
15.0 1.813386
20.0 1.333668
25.0 1.934782
30.0 1.654718
35.0 2.112248
40.0 1.76768
45.0 1.61904
50.0 1.297612
55.0 1.384914
60.0 1.505138
65.0 1.36453
70.0 1.45919
75.0 1.482196
80.0 1.63809
85.0 1.804544
90.0 1.506056
95.0 1.360256
100.0 1.896958
105.0 1.36828
110.0 1.518578
115.0 1.677154
120.0 1.533778
125.0 1.409804
130.0 1.347242
135.0 1.780562
140.0 1.780042
145.0 1.09856
150.0 1.526886
155.0 1.901712
160.0 1.4514
165.0 1.350504
170.0 1.372752
175.0 1.74368
180.0 1.754416
185.0 1.381458
190.0 1.558192
195.0 1.902616
200.0 1.53467
205.0 1.574908
210.0 1.756826
215.0 1.365068
220.0 1.407952
225.0 1.49614
230.0 1.243392
235.0 1.443234
240.0 1.47122
245.0 1.494974
250.0 1.473738
255.0 1.513666
260.0 1.535006
265.0 1.55831
270.0 1.397902
275.0 1.358518
280.0 1.440636
285.0 1.359206
290.0 1.356478
295.0 1.40983
300.0 1.236642
305.0 1.483074
310.0 1.761338
315.0 1.78054
320.0 1.689162
325.0 1.533516
330.0 1.781996
335.0 1.48937
340.0 1.496604
345.0 1.546924
350.0 1.454332
355.0 1.331428
360.0 1.56222
365.0 1.359566
370.0 2.161726
375.0 1.514192
380.0 1.400168
385.0 1.355488
390.0 1.486692
395.0 2.012602
400.0 1.748238
405.0 1.688436
410.0 1.713802
415.0 1.49576
420.0 1.317682
425.0 1.503348
430.0 2.220402
435.0 1.35697
440.0 1.73582
445.0 1.483828
450.0 1.566768
455.0 1.667134
460.0 2.101362
465.0 1.811288
470.0 2.192008
475.0 2.089858
480.0 1.756234
485.0 1.90609
490.0 1.507632
495.0 1.661688
500.0 1.474798
505.0 1.495746
510.0 1.5521
515.0 1.430248
520.0 1.400214
525.0 1.469622
530.0 1.516802
535.0 1.368664
540.0 1.422684
545.0 1.459874
550.0 1.579464
555.0 1.034816
560.0 1.516756
565.0 1.494306
570.0 1.43495
575.0 1.639538
580.0 1.598934
585.0 2.168428
590.0 1.508766
595.0 1.492074
600.0 1.352114
605.0 1.535402
610.0 1.538792
615.0 1.97121
620.0 1.360718
625.0 1.39339
630.0 1.435188
635.0 1.309342
640.0 1.991682
645.0 1.633824
650.0 1.521782
655.0 1.475868
660.0 1.3912
665.0 1.528798
670.0 1.600204
675.0 1.848526
680.0 1.337824
685.0 1.539274
690.0 1.69087
695.0 1.502624
700.0 1.363538
705.0 1.359188
710.0 1.984206
715.0 1.749762
720.0 1.562966
725.0 1.46737
730.0 1.362674
735.0 1.274676
740.0 1.525746
745.0 1.466464
750.0 1.54968
755.0 1.47844
760.0 1.45038
765.0 1.483886
770.0 1.722064
775.0 1.555354
780.0 1.526354
785.0 1.547328
790.0 1.773128
795.0 1.55948
800.0 1.390004
805.0 1.522838
810.0 2.09055
815.0 1.619872
820.0 1.788888
825.0 1.523688
830.0 1.795916
835.0 1.244024
840.0 1.700986
845.0 1.270852
850.0 1.362534
855.0 1.399318
860.0 1.151676
865.0 1.390094
870.0 1.405178
875.0 1.545826
880.0 1.75996
885.0 1.464976
890.0 1.728032
895.0 1.616768
900.0 1.149702
905.0 1.478808
910.0 1.080836
915.0 1.511774
920.0 1.278634
925.0 1.41495
930.0 1.362186
935.0 1.512076
940.0 1.465096
945.0 1.523326
950.0 1.486382
955.0 1.544876
960.0 1.458204
965.0 1.55141
970.0 1.522908
975.0 0.213536
980.0 1.286062
985.0 1.475424
990.0 1.500202
995.0 1.809846
1000.0 1.423342
1005.0 1.351036
1010.0 1.497812
1015.0 1.515858
1020.0 1.762288
1025.0 1.321988
1030.0 1.39356
1035.0 1.509006
1040.0 1.467794
1045.0 1.400628
1050.0 1.343074
1055.0 1.633322
1060.0 1.858822
1065.0 1.560806
1070.0 1.787542
1075.0 1.495506
1080.0 1.573168
1085.0 1.654238
1090.0 1.619822
1095.0 1.1101
1100.0 1.551774
1105.0 1.44509
1110.0 1.540616
1115.0 1.581588
1120.0 1.53203
1125.0 1.473768
1130.0 1.544422
1135.0 1.732068
1140.0 1.561852
1145.0 1.528972
1150.0 1.551474
1155.0 1.184946
1160.0 1.618806
1165.0 2.0112
1170.0 1.387342
1175.0 1.3527
1180.0 1.56061
1185.0 1.551774
1190.0 1.738564
1195.0 1.401604
1200.0 1.47974
1205.0 1.482176
1210.0 1.650416
1215.0 1.544288
1220.0 1.471842
1225.0 1.56309
1230.0 1.423616
1235.0 1.665406
1240.0 1.783838
1245.0 1.503154
1250.0 1.535774
1255.0 1.68822
1260.0 1.46582
1265.0 1.686758
1270.0 1.524452
1275.0 1.204964
1280.0 1.53597
1285.0 1.26601
1290.0 1.733204
1295.0 1.746998
1300.0 1.785034
1305.0 1.445388
1310.0 1.86024
1315.0 1.6081
1320.0 1.877418
1325.0 2.046546
1330.0 1.040634
1335.0 1.258288
1340.0 1.38413
1345.0 1.580136
1350.0 1.45975
1355.0 1.448466
1360.0 1.476062
1365.0 1.618206
1370.0 1.550744
1375.0 1.572336
1380.0 1.51432
1385.0 1.508254
1390.0 2.158044
1395.0 1.440458
1400.0 1.64593
1405.0 1.406032
1410.0 1.927092
1415.0 1.81468
1420.0 0.305824
1425.0 1.55026
1430.0 1.576296
1435.0 1.617662
1440.0 0.867624
1445.0 1.391942
1450.0 1.662486
1455.0 1.517858
1460.0 1.572922
1465.0 1.116052
1470.0 1.68508
1475.0 1.641362
1480.0 1.465176
1485.0 1.391852
1490.0 1.633596
1495.0 0.615328
1500.0 1.359744
1505.0 1.568868
1510.0 1.210068
1515.0 1.65249
1520.0 1.387772
1525.0 1.253786
1530.0 1.470084
1535.0 1.788328
1540.0 1.842096
1545.0 1.244452
1550.0 1.549246
1555.0 1.585212
1560.0 1.397032
1565.0 1.796128
1570.0 1.750202
1575.0 1.557342
1580.0 1.433186
1585.0 1.56961
1590.0 1.613724
1595.0 1.360098
1600.0 1.410572
1605.0 1.217642
1610.0 1.527734
1615.0 1.67841
1620.0 1.708566
1625.0 0.990476
1630.0 1.880696
1635.0 1.312024
1640.0 1.478388
1645.0 1.599328
1650.0 1.56181
1655.0 1.83298
1660.0 1.497944
1665.0 1.965136
1670.0 1.646832
1675.0 1.557488
1680.0 1.617082
1685.0 1.36305
1690.0 1.542114
1695.0 1.583576
1700.0 1.44893
1705.0 1.57602
1710.0 1.521702
1715.0 1.469718
1720.0 1.55943
1725.0 1.3799
1730.0 1.354624
1735.0 1.88815
1740.0 1.338842
1745.0 1.828852
1750.0 1.645628
1755.0 1.561492
1760.0 1.809494
1765.0 1.554374
1770.0 1.811082
1775.0 1.848116
1780.0 1.43483
1785.0 1.578738
1790.0 1.626094
1795.0 1.84932
1800.0 1.235658
1805.0 1.57861
1810.0 0.899262
1815.0 1.669994
1820.0 1.635886
1825.0 1.650026
1830.0 2.353092
1835.0 1.666414
1840.0 1.546848
1845.0 1.612314
1850.0 1.86663
