0.0 1.514896
5.0 2.041132
10.0 2.178212
15.0 2.062908
20.0 1.695532
25.0 0.877824
30.0 2.093178
35.0 2.103656
40.0 1.787388
45.0 2.076566
50.0 2.171288
55.0 2.042176
60.0 2.093062
65.0 2.099318
70.0 2.065998
75.0 2.004926
80.0 2.10222
85.0 2.053564
90.0 2.161978
95.0 2.118644
100.0 2.126972
105.0 2.125952
110.0 2.007042
115.0 2.167968
120.0 2.11128
125.0 1.544292
130.0 0.855882
135.0 0.68441
140.0 2.140282
145.0 2.163718
150.0 2.089486
155.0 1.957976
160.0 0.278658
165.0 2.166178
170.0 1.919782
175.0 1.690064
180.0 2.012764
185.0 2.177946
190.0 2.178866
195.0 2.141438
200.0 2.096866
205.0 1.737426
210.0 2.08495
215.0 1.910252
220.0 2.115014
225.0 1.612848
230.0 2.167138
235.0 2.116246
240.0 2.161936
245.0 2.168014
250.0 2.16734
255.0 2.095524
260.0 1.82306
265.0 2.146584
270.0 2.124872
275.0 0.741998
280.0 0.558374
285.0 2.098496
290.0 2.101684
295.0 2.16094
300.0 1.719576
305.0 2.160126
310.0 2.044088
315.0 2.059676
320.0 2.146046
325.0 2.094914
330.0 1.427838
335.0 1.784318
340.0 2.117082
345.0 1.453014
350.0 2.075626
355.0 2.044438
360.0 0.881208
365.0 2.16977
370.0 2.17114
375.0 1.070092
380.0 2.165588
385.0 2.041274
390.0 2.124544
395.0 2.055202
400.0 2.120344
405.0 2.187008
410.0 2.104218
415.0 1.37046
420.0 1.93875
425.0 1.456206
430.0 2.032686
435.0 2.104876
440.0 2.135106
445.0 2.1982
450.0 2.186466
455.0 1.81826
460.0 1.366108
465.0 2.067842
470.0 1.488082
475.0 1.475608
480.0 1.662302
485.0 2.12784
490.0 2.14421
495.0 0.23558
500.0 2.130182
505.0 2.111768
510.0 1.684212
515.0 2.034624
520.0 2.049994
525.0 0.80359
530.0 2.096604
535.0 2.116644
540.0 2.094282
545.0 2.119994
550.0 1.672338
555.0 1.664002
560.0 2.087514
565.0 0.526966
570.0 2.165432
575.0 2.093728
580.0 2.120524
585.0 0.78065
590.0 0.813938
595.0 2.038602
600.0 1.128556
605.0 1.735318
610.0 1.685944
615.0 0.230008
620.0 1.215648
625.0 2.151646
630.0 2.173476
635.0 1.623322
640.0 1.131432
645.0 2.083002
650.0 0.902144
655.0 0.37198
660.0 1.851664
665.0 1.588328
670.0 0.383996
675.0 1.566028
680.0 1.925818
685.0 0.749812
690.0 1.71333
695.0 1.87843
700.0 1.840424
705.0 1.639156
710.0 1.73309
715.0 1.60127
720.0 0.611176
725.0 0.189992
730.0 1.560156
735.0 0.194712
740.0 0.636266
745.0 0.838216
750.0 2.043032
755.0 2.087828
760.0 2.110904
765.0 1.968712
770.0 0.26148
775.0 2.092496
780.0 1.437754
785.0 2.167546
790.0 1.742986
795.0 2.07872
800.0 2.164746
805.0 2.205222
810.0 2.153702
815.0 1.613262
820.0 2.087798
825.0 2.1077
830.0 0.70259
835.0 2.087388
840.0 0.48552
845.0 0.171352
850.0 2.131578
855.0 2.14179
860.0 0.251666
865.0 1.609076
870.0 1.589182
875.0 0.370786
880.0 1.978252
885.0 2.179618
890.0 2.170676
895.0 2.053552
900.0 1.773644
905.0 1.39691
910.0 0.59824
915.0 2.117436
920.0 0.228152
925.0 1.0152
930.0 2.11278
935.0 1.712662
940.0 1.668814
945.0 0.25762
950.0 0.114906
955.0 1.4293
960.0 0.25772
965.0 2.139238
970.0 2.097032
975.0 2.06643
980.0 2.100446
985.0 2.110838
990.0 2.118542
995.0 1.797048
1000.0 0.218448
1005.0 2.05901
1010.0 2.088826
1015.0 1.87746
1020.0 2.159078
1025.0 1.728568
1030.0 2.177354
1035.0 2.155426
1040.0 1.765148
1045.0 0.179588
1050.0 2.169612
1055.0 2.118798
1060.0 1.806314
1065.0 2.043714
1070.0 2.170434
1075.0 1.924592
1080.0 2.069544
1085.0 0.25588
1090.0 1.929986
1095.0 2.282446
1100.0 0.271686
1105.0 2.136172
1110.0 2.050846
1115.0 1.525514
1120.0 2.125134
1125.0 1.713828
1130.0 2.009436
1135.0 2.021702
1140.0 2.163236
1145.0 2.100238
1150.0 2.134066
1155.0 2.05027
1160.0 2.042882
1165.0 0.157342
1170.0 2.049182
1175.0 1.142422
1180.0 2.05842
1185.0 2.166152
1190.0 1.733432
1195.0 2.034256
1200.0 2.171496
1205.0 2.131772
1210.0 2.065296
1215.0 2.107626
1220.0 2.116576
1225.0 1.984704
1230.0 2.134104
1235.0 2.083052
1240.0 2.083766
1245.0 2.159118
1250.0 1.607576
1255.0 2.12528
1260.0 2.09463
1265.0 2.10346
1270.0 2.10767
1275.0 2.109048
1280.0 2.101402
1285.0 1.83341
1290.0 1.833908
1295.0 1.764032
1300.0 1.854334
1305.0 1.847114
1310.0 1.733628
1315.0 1.838496
1320.0 1.80695
1325.0 1.834248
1330.0 1.867054
1335.0 1.515384
1340.0 1.833748
1345.0 1.682096
1350.0 1.853654
1355.0 1.84254
1360.0 1.871482
1365.0 1.85609
1370.0 1.67166
1375.0 1.526082
1380.0 1.61655
1385.0 1.840468
1390.0 1.587778
1395.0 1.902238
1400.0 1.859198
1405.0 1.80849
1410.0 1.878544
1415.0 1.88668
1420.0 1.821866
1425.0 1.902298
1430.0 1.543316
1435.0 1.79202
1440.0 1.801154
1445.0 1.836668
1450.0 1.816226
1455.0 1.850142
1460.0 1.799596
1465.0 1.843186
1470.0 1.606218
1475.0 1.741128
1480.0 1.857148
1485.0 0.242226
1490.0 1.878172
1495.0 1.88107
1500.0 1.897626
1505.0 1.829634
1510.0 1.898308
1515.0 1.846418
1520.0 1.895014
1525.0 1.825304
1530.0 1.880162
1535.0 1.838206
1540.0 1.819898
1545.0 1.902144
1550.0 1.892156
1555.0 1.882926
1560.0 1.820092
1565.0 1.837714
1570.0 1.804564
1575.0 1.869918
1580.0 1.828696
1585.0 1.848896
1590.0 1.889624
1595.0 1.840802
1600.0 1.833516
1605.0 1.836256
1610.0 1.821958
1615.0 1.655888
1620.0 1.829338
1625.0 1.857902
1630.0 1.891942
1635.0 1.842146
1640.0 1.81175
1645.0 1.864826
1650.0 1.82934
1655.0 1.567918
1660.0 1.673182
1665.0 1.859746
1670.0 1.859736
1675.0 0.162456
1680.0 1.83656
1685.0 1.847876
1690.0 1.843942
1695.0 1.54188
1700.0 0.164186
1705.0 1.839582
1710.0 0.16307
1715.0 0.162588
1720.0 0.459184
1725.0 1.80675
1730.0 1.869102
1735.0 1.813358
1740.0 1.815444
1745.0 1.842028
1750.0 1.84371
1755.0 1.84211
1760.0 1.826666
1765.0 1.851862
1770.0 0.339156
1775.0 1.831334
1780.0 1.556988
1785.0 1.79142
1790.0 0.29825
1795.0 1.820238
1800.0 1.687496
1805.0 1.889388
1810.0 1.794908
1815.0 1.831292
1820.0 1.864926
1825.0 1.806968
1830.0 1.838548
1835.0 1.815072
1840.0 1.87231
1845.0 1.697042
