0.0 1.567764
5.0 0.767786
10.0 1.455954
15.0 1.247512
20.0 1.191996
25.0 1.464524
30.0 0.932106
35.0 1.482416
40.0 1.277912
45.0 1.245618
50.0 1.395104
55.0 1.538754
60.0 0.367324
65.0 1.383538
70.0 1.510688
75.0 1.370462
80.0 1.32801
85.0 0.197878
90.0 1.261606
95.0 1.479674
100.0 1.273342
105.0 0.945906
110.0 1.309336
115.0 1.321412
120.0 1.275792
125.0 0.719856
130.0 0.645428
135.0 1.147898
140.0 1.297574
145.0 1.515322
150.0 0.53718
155.0 1.45937
160.0 1.238696
165.0 1.587058
170.0 1.133904
175.0 1.279438
180.0 1.407668
185.0 1.590326
190.0 1.487404
195.0 1.532828
200.0 1.546152
205.0 1.533846
210.0 0.263694
215.0 1.53859
220.0 1.59215
225.0 1.378984
230.0 0.975594
235.0 1.561464
240.0 1.274698
245.0 1.197376
250.0 1.320614
255.0 1.335506
260.0 1.56863
265.0 0.860048
270.0 0.50233
275.0 1.514564
280.0 0.967158
285.0 1.327082
290.0 1.591422
295.0 1.528758
300.0 0.714354
305.0 1.544042
310.0 1.25159
315.0 1.521822
320.0 0.934936
325.0 1.356828
330.0 1.04302
335.0 1.512566
340.0 1.249838
345.0 1.252956
350.0 1.497704
355.0 1.521032
360.0 0.959844
365.0 1.464956
370.0 1.370996
375.0 1.21311
380.0 1.026078
385.0 0.816468
390.0 1.358444
395.0 1.216206
400.0 1.56784
405.0 1.199444
410.0 0.481586
415.0 1.352696
420.0 1.459464
425.0 1.48594
430.0 1.471234
435.0 1.46322
440.0 1.382902
445.0 1.416116
450.0 0.771072
455.0 1.478954
460.0 1.465682
465.0 0.287818
470.0 1.490716
475.0 1.509904
480.0 1.550506
485.0 1.525472
490.0 1.344588
495.0 0.254508
500.0 0.451358
505.0 1.232002
510.0 1.170248
515.0 1.441428
520.0 0.222928
525.0 1.557696
530.0 1.44553
535.0 1.520874
540.0 0.291494
545.0 1.599748
550.0 1.537442
555.0 1.392962
560.0 1.361848
565.0 1.425502
570.0 0.653118
575.0 1.36607
580.0 0.898208
585.0 1.36523
590.0 1.252622
595.0 1.489434
600.0 1.431546
605.0 1.550422
610.0 1.488898
615.0 1.516384
620.0 0.255184
625.0 1.263088
630.0 1.167036
635.0 0.20775
640.0 0.993238
645.0 1.482724
650.0 1.299066
655.0 1.386216
660.0 1.384648
665.0 1.17177
670.0 1.333918
675.0 0.76589
680.0 1.408008
685.0 1.16605
690.0 0.214374
695.0 1.33043
700.0 1.259242
705.0 1.452024
710.0 1.303178
715.0 1.240052
720.0 1.527458
725.0 1.18498
730.0 1.233666
735.0 1.496028
740.0 1.528116
745.0 1.471642
750.0 1.507246
755.0 1.188808
760.0 1.278152
765.0 1.486094
770.0 1.266168
775.0 1.50102
780.0 1.440274
785.0 1.395104
790.0 1.47964
795.0 1.451782
800.0 1.17992
805.0 0.13945
810.0 1.444168
815.0 1.472128
820.0 1.435918
825.0 1.23165
830.0 1.486594
835.0 1.340724
840.0 1.51414
845.0 1.179252
850.0 0.25357
855.0 1.530236
860.0 1.554424
865.0 1.405358
870.0 1.317104
875.0 1.343852
880.0 1.512352
885.0 1.49237
890.0 1.456012
895.0 1.443702
900.0 0.221478
905.0 1.572642
910.0 1.21891
915.0 0.222302
920.0 1.505354
925.0 0.70905
930.0 1.329166
935.0 1.426154
940.0 1.258922
945.0 1.239538
950.0 1.55373
955.0 1.188516
960.0 1.499202
965.0 1.513644
970.0 1.505574
975.0 1.387952
980.0 1.194514
985.0 1.214368
990.0 1.468494
995.0 1.390018
1000.0 0.142902
1005.0 0.72842
1010.0 1.417754
1015.0 1.32484
1020.0 1.291342
1025.0 1.22841
1030.0 1.308252
1035.0 0.157744
1040.0 0.250456
1045.0 0.250218
1050.0 1.278942
1055.0 1.092082
1060.0 0.962982
1065.0 1.449148
1070.0 0.163812
1075.0 1.26408
1080.0 1.260532
1085.0 0.174416
1090.0 1.491782
1095.0 1.280294
1100.0 1.414296
1105.0 1.552846
1110.0 1.200696
1115.0 1.49849
1120.0 1.424958
1125.0 1.244588
1130.0 0.113582
1135.0 1.484174
1140.0 1.406458
1145.0 1.13731
1150.0 1.454546
1155.0 1.25358
1160.0 1.473832
1165.0 0.83097
1170.0 0.857528
1175.0 1.238464
1180.0 1.491882
1185.0 1.388744
1190.0 1.2778
1195.0 1.474424
1200.0 1.472198
1205.0 1.109532
1210.0 1.411002
1215.0 0.938246
1220.0 1.303918
1225.0 1.412062
1230.0 1.312636
1235.0 1.285954
1240.0 1.511466
1245.0 1.202062
1250.0 1.460248
1255.0 1.223436
1260.0 1.482692
1265.0 1.470626
1270.0 1.393012
1275.0 1.41969
1280.0 1.217944
1285.0 1.390402
1290.0 1.11429
1295.0 1.433818
1300.0 1.456988
1305.0 1.301048
1310.0 1.317676
1315.0 1.40748
1320.0 1.31596
1325.0 1.437808
1330.0 1.480136
1335.0 0.832632
1340.0 1.266164
1345.0 1.418666
1350.0 1.364354
1355.0 1.427796
1360.0 1.407022
1365.0 1.479712
1370.0 1.321378
1375.0 1.270164
1380.0 1.231652
1385.0 1.30166
1390.0 1.426996
1395.0 1.320826
1400.0 1.4226
1405.0 1.209512
1410.0 1.209764
1415.0 1.268102
1420.0 1.374456
1425.0 1.396398
1430.0 1.358346
1435.0 1.246822
1440.0 1.44928
1445.0 1.384532
1450.0 1.444386
1455.0 1.352834
1460.0 1.396938
1465.0 1.422488
1470.0 0.978744
1475.0 1.412206
1480.0 1.339664
1485.0 1.384264
1490.0 1.241488
1495.0 1.25287
1500.0 1.42086
1505.0 1.377576
1510.0 1.373874
1515.0 1.369402
1520.0 1.160766
1525.0 1.038076
1530.0 1.168932
1535.0 1.211174
1540.0 1.123236
1545.0 1.341312
1550.0 1.387312
1555.0 1.434758
1560.0 1.447224
1565.0 1.33557
1570.0 1.298756
1575.0 1.222008
1580.0 1.118316
1585.0 1.236972
1590.0 1.350168
1595.0 1.423088
1600.0 1.313304
1605.0 1.402592
1610.0 1.273418
1615.0 1.473812
1620.0 1.260428
1625.0 1.36374
1630.0 1.275048
1635.0 0.985134
1640.0 1.3878
1645.0 1.253118
1650.0 1.113016
1655.0 0.255992
1660.0 1.16327
1665.0 0.162832
1670.0 1.307104
1675.0 1.303516
1680.0 1.339656
1685.0 1.367572
1690.0 1.255232
1695.0 1.295636
1700.0 1.010662
1705.0 0.699146
1710.0 1.169212
1715.0 1.337184
1720.0 1.381162
1725.0 1.37347
1730.0 1.212882
1735.0 1.265232
1740.0 1.39658
1745.0 0.842298
1750.0 0.888932
1755.0 0.78111
1760.0 1.289076
1765.0 1.404586
1770.0 1.17627
1775.0 1.337942
1780.0 1.42076
1785.0 1.414292
1790.0 1.245818
1795.0 1.321212
1800.0 1.385756
1805.0 1.33304
1810.0 1.123342
1815.0 1.351692
