0.0 2.33975
5.0 2.32195
10.0 2.33443
15.0 2.353128
20.0 2.33154
25.0 2.342126
30.0 2.344712
35.0 2.316418
40.0 2.338348
45.0 2.311452
50.0 2.338132
55.0 2.31975
60.0 2.352334
65.0 2.322844
70.0 2.343668
75.0 2.342222
80.0 2.333512
85.0 2.344038
90.0 2.315232
95.0 2.337466
100.0 2.326392
105.0 2.329706
110.0 2.321816
115.0 2.359172
120.0 1.267802
125.0 2.332212
130.0 2.337332
135.0 2.359146
140.0 2.352752
145.0 2.323702
150.0 2.338294
155.0 2.34155
160.0 2.34718
165.0 2.337752
170.0 2.318824
175.0 2.352072
180.0 2.333164
185.0 2.338996
190.0 2.339372
195.0 2.348314
200.0 2.34858
205.0 2.296806
210.0 2.328872
215.0 2.323698
220.0 2.332122
225.0 2.33691
230.0 2.343716
235.0 2.340008
240.0 2.332862
245.0 2.347668
250.0 2.341722
255.0 2.213788
260.0 2.323636
265.0 2.354758
270.0 2.357542
275.0 2.320494
280.0 2.32947
285.0 2.34086
290.0 2.313508
295.0 2.356144
300.0 2.348154
305.0 2.277692
310.0 2.330634
315.0 2.332346
320.0 2.335842
325.0 2.355458
330.0 2.340858
335.0 2.350858
340.0 2.243804
345.0 2.34541
350.0 2.320766
355.0 2.343256
360.0 2.337292
365.0 2.344418
370.0 2.36836
375.0 2.356916
380.0 2.258372
385.0 2.3393
390.0 2.351186
395.0 2.2867
400.0 2.304622
405.0 2.32769
410.0 2.322908
415.0 2.334638
420.0 2.34386
425.0 2.363754
430.0 2.336476
435.0 2.333208
440.0 2.325926
445.0 2.340956
450.0 2.3589
455.0 2.33632
460.0 2.351238
465.0 2.314322
470.0 2.343666
475.0 2.322054
480.0 2.335804
485.0 2.346836
490.0 2.334378
495.0 2.324492
500.0 2.354768
505.0 2.347632
510.0 2.34312
515.0 2.342562
520.0 2.312842
525.0 2.334724
530.0 2.33808
535.0 2.342606
540.0 2.34103
545.0 2.351522
550.0 2.337006
555.0 2.307966
560.0 2.361542
565.0 2.33122
570.0 2.34304
575.0 2.33563
580.0 2.349638
585.0 2.345632
590.0 2.346712
595.0 2.361992
600.0 2.335256
605.0 2.347848
610.0 2.353494
615.0 2.330182
620.0 2.32022
625.0 2.337798
630.0 2.334612
635.0 2.348438
640.0 2.342216
645.0 2.349398
650.0 2.34752
655.0 2.320182
660.0 2.359856
665.0 2.341266
670.0 2.314734
675.0 2.340428
680.0 2.335574
685.0 2.353382
690.0 2.335616
695.0 2.341694
700.0 2.302716
705.0 2.348976
710.0 2.343858
715.0 2.435086
720.0 2.335016
725.0 2.348964
730.0 2.322482
735.0 2.33446
740.0 2.331328
745.0 2.32868
750.0 0.755772
755.0 0.21051
760.0 0.158266
765.0 2.34606
770.0 2.33512
775.0 2.322184
780.0 2.330024
785.0 2.34746
790.0 2.31272
795.0 2.344504
800.0 2.323908
805.0 2.355016
810.0 2.318082
815.0 2.331146
820.0 2.3388
825.0 2.363252
830.0 2.321048
835.0 2.36263
840.0 2.320114
845.0 2.339172
850.0 2.331138
855.0 2.30623
860.0 2.329604
865.0 2.369734
870.0 2.332798
875.0 2.332734
880.0 2.372444
885.0 2.352618
890.0 2.329756
895.0 2.327298
900.0 2.342548
905.0 2.343146
910.0 2.355664
915.0 2.353724
920.0 2.363236
925.0 2.365432
930.0 2.315146
935.0 2.346406
940.0 2.363528
945.0 2.342508
950.0 2.331184
955.0 2.339556
960.0 2.304748
965.0 2.344988
970.0 2.327546
975.0 2.338196
980.0 2.484146
985.0 2.488372
990.0 2.314586
995.0 2.324886
1000.0 2.318792
1005.0 2.340188
1010.0 2.34268
1015.0 2.298192
1020.0 2.330186
1025.0 2.329952
1030.0 1.466626
1035.0 2.360734
1040.0 2.175408
1045.0 2.343508
1050.0 2.33335
1055.0 2.342756
1060.0 2.332134
1065.0 2.236094
1070.0 2.35134
1075.0 2.321192
1080.0 2.36072
1085.0 2.351558
1090.0 2.34696
1095.0 2.363758
1100.0 2.358274
1105.0 2.33523
1110.0 2.34313
1115.0 2.287256
1120.0 2.351382
1125.0 2.360372
1130.0 2.332906
1135.0 2.340388
1140.0 2.363548
1145.0 2.203782
1150.0 2.01325
1155.0 1.990756
1160.0 1.993352
1165.0 1.993644
1170.0 1.994924
1175.0 2.002054
1180.0 1.965106
1185.0 2.007834
1190.0 2.021612
1195.0 2.016112
1200.0 2.009172
1205.0 1.98808
1210.0 1.996848
1215.0 2.005534
1220.0 2.013606
1225.0 2.002828
1230.0 2.019514
1235.0 2.000376
1240.0 2.018592
1245.0 2.016056
1250.0 2.009452
1255.0 2.021058
1260.0 2.015092
1265.0 2.02599
1270.0 2.006424
1275.0 2.007288
1280.0 1.984794
1285.0 1.986254
1290.0 2.016458
1295.0 2.01465
1300.0 2.01918
1305.0 2.0077
1310.0 2.005524
1315.0 1.99521
1320.0 2.0149
1325.0 2.011296
1330.0 2.0157
1335.0 2.030466
1340.0 1.963056
1345.0 2.014038
1350.0 1.983668
1355.0 1.998144
1360.0 2.027494
1365.0 1.981884
1370.0 2.021402
1375.0 2.002924
1380.0 1.991194
1385.0 2.013286
1390.0 1.996744
1395.0 2.01118
1400.0 2.02312
1405.0 2.004866
1410.0 2.021588
1415.0 1.996994
1420.0 2.01423
1425.0 2.002812
1430.0 2.015446
1435.0 1.988592
1440.0 2.016862
1445.0 2.015308
1450.0 2.00649
1455.0 2.0224
1460.0 2.005556
1465.0 2.01833
1470.0 1.984458
1475.0 1.993472
1480.0 2.001096
1485.0 1.974342
1490.0 2.009946
1495.0 2.00456
1500.0 2.010574
1505.0 2.010166
1510.0 1.990242
1515.0 2.00149
1520.0 2.001298
1525.0 1.77445
1530.0 2.005122
1535.0 2.002514
1540.0 1.99742
1545.0 2.017172
1550.0 2.017266
1555.0 2.007466
1560.0 2.015016
1565.0 2.000638
1570.0 2.016926
1575.0 2.00581
1580.0 2.00899
1585.0 2.00981
1590.0 2.015068
1595.0 2.003074
1600.0 2.011536
1605.0 2.033834
1610.0 2.029458
1615.0 2.011262
1620.0 2.013146
1625.0 1.99907
