0.0 0.84929
5.0 0.823892
10.0 1.029548
15.0 1.033034
20.0 1.016268
25.0 1.018302
30.0 1.025068
35.0 1.02766
40.0 1.04404
45.0 1.01002
50.0 0.68314
55.0 1.023608
60.0 0.330076
65.0 1.027998
70.0 1.043442
75.0 1.03144
80.0 1.031304
85.0 1.018104
90.0 1.003066
95.0 1.024708
100.0 1.04189
105.0 1.035044
110.0 1.017024
115.0 0.471364
120.0 1.035588
125.0 1.030028
130.0 1.024806
135.0 1.041158
140.0 1.02384
145.0 1.000652
150.0 1.036274
155.0 1.014574
160.0 1.014244
165.0 0.81071
170.0 1.020938
175.0 1.026524
180.0 1.020348
185.0 1.038366
190.0 1.028228
195.0 1.02464
200.0 1.019426
205.0 1.032926
210.0 1.027262
215.0 1.020062
220.0 1.035586
225.0 1.024556
230.0 0.832636
235.0 0.87379
240.0 1.031726
245.0 1.000536
250.0 1.033066
255.0 1.031902
260.0 1.031926
265.0 1.019826
270.0 1.016964
275.0 1.020726
280.0 1.021614
285.0 1.021964
290.0 1.025646
295.0 0.94243
300.0 0.835788
305.0 1.041814
310.0 1.035068
315.0 1.03256
320.0 1.026458
325.0 1.03344
330.0 1.028104
335.0 1.026416
340.0 1.027556
345.0 0.943052
350.0 0.609066
355.0 0.85027
360.0 0.702638
365.0 1.039978
370.0 1.018382
375.0 1.025416
380.0 1.03832
385.0 1.035858
390.0 1.021294
395.0 1.042298
400.0 1.036666
405.0 0.824956
410.0 0.671106
415.0 1.038206
420.0 1.023742
425.0 1.035812
430.0 1.010832
435.0 1.029544
440.0 1.01446
445.0 1.013646
450.0 1.03109
455.0 1.03472
460.0 1.026536
465.0 0.994538
470.0 1.011478
475.0 1.01421
480.0 1.031336
485.0 1.033852
490.0 1.01531
495.0 1.029344
500.0 1.008694
505.0 1.039354
510.0 1.008804
515.0 1.040146
520.0 0.999728
525.0 1.023344
530.0 1.038938
535.0 1.022922
540.0 1.030928
545.0 1.009258
550.0 1.022912
555.0 1.03299
560.0 1.026126
565.0 0.388564
570.0 1.039654
575.0 1.041566
580.0 1.026186
585.0 1.02714
590.0 1.019184
595.0 1.02815
600.0 1.020668
605.0 1.010056
610.0 1.010594
615.0 0.768176
620.0 0.828554
625.0 1.032534
630.0 1.015194
635.0 1.01326
640.0 1.012668
645.0 1.021984
650.0 1.028512
655.0 1.013472
660.0 0.771932
665.0 0.968338
670.0 0.718684
675.0 0.702696
680.0 1.017064
685.0 1.01646
690.0 1.030688
695.0 1.01539
700.0 1.003744
705.0 1.0218
710.0 0.733078
715.0 0.759626
720.0 1.01751
725.0 1.030312
730.0 1.02796
735.0 1.027424
740.0 1.0357
745.0 1.031858
750.0 1.0455
755.0 0.989218
760.0 1.034486
765.0 0.0
770.0 0.78786
775.0 0.552398
780.0 0.92203
785.0 1.02858
790.0 1.022096
795.0 1.040558
800.0 1.019918
805.0 1.026946
810.0 0.889234
815.0 1.036058
820.0 1.035946
825.0 1.01392
830.0 1.010942
835.0 1.016272
840.0 0.901362
845.0 1.010064
850.0 1.026574
855.0 1.030062
860.0 0.967742
865.0 1.032988
870.0 1.027894
875.0 1.039462
880.0 1.011184
885.0 1.038272
890.0 1.026976
895.0 1.00676
900.0 0.737104
905.0 1.024034
910.0 1.022888
915.0 0.998428
920.0 1.019818
925.0 1.027148
930.0 0.879848
935.0 1.022042
940.0 1.031802
945.0 0.846628
950.0 1.025666
955.0 1.011706
960.0 0.345036
965.0 1.024412
970.0 1.01768
975.0 1.034798
980.0 0.87767
985.0 1.033116
990.0 1.019194
995.0 1.027034
1000.0 1.03594
1005.0 0.838952
1010.0 1.023816
1015.0 1.014452
1020.0 1.024568
1025.0 1.009434
1030.0 1.025822
1035.0 1.035732
1040.0 1.047178
1045.0 1.062602
1050.0 0.811108
1055.0 0.963602
1060.0 0.975464
1065.0 0.983954
1070.0 1.033592
1075.0 0.803326
1080.0 0.971624
1085.0 1.030588
1090.0 1.009432
1095.0 1.031148
1100.0 1.03826
1105.0 1.0283
1110.0 1.016062
1115.0 1.009782
1120.0 0.775914
1125.0 1.014696
1130.0 0.798654
1135.0 0.743786
1140.0 0.839202
1145.0 1.013224
1150.0 1.026808
1155.0 1.031096
1160.0 1.037874
1165.0 1.036134
1170.0 0.99238
1175.0 1.038056
1180.0 1.029898
1185.0 1.037574
1190.0 0.953588
1195.0 1.031136
1200.0 1.025876
1205.0 1.017512
1210.0 1.024888
1215.0 1.015426
1220.0 1.018956
1225.0 1.02298
1230.0 0.97067
1235.0 0.973968
1240.0 0.985216
1245.0 1.009174
1250.0 0.994358
1255.0 0.78727
1260.0 0.846568
1265.0 0.856892
1270.0 0.996464
1275.0 0.99478
1280.0 1.030208
1285.0 1.001382
1290.0 0.975344
1295.0 1.01358
1300.0 1.009396
1305.0 0.993942
1310.0 0.629324
1315.0 0.998424
1320.0 1.003502
1325.0 1.00517
1330.0 0.968694
1335.0 0.993616
1340.0 1.017668
1345.0 0.995892
1350.0 0.980776
1355.0 0.993582
1360.0 0.987284
1365.0 0.979348
1370.0 0.993444
1375.0 0.38771
1380.0 0.990386
1385.0 0.995668
1390.0 1.010086
1395.0 1.012986
1400.0 0.989944
1405.0 0.996618
1410.0 0.989976
1415.0 0.984748
1420.0 1.006714
1425.0 0.911418
1430.0 0.878
1435.0 0.720084
1440.0 1.004998
1445.0 1.006774
1450.0 0.999388
1455.0 0.989474
1460.0 1.01133
1465.0 0.995592
1470.0 0.99183
1475.0 0.98846
1480.0 0.78897
1485.0 0.84152
1490.0 0.926062
1495.0 1.008212
1500.0 0.995388
1505.0 1.008544
1510.0 0.996758
1515.0 0.99784
1520.0 0.988264
1525.0 1.015488
1530.0 0.99654
1535.0 0.98679
1540.0 0.999526
1545.0 0.98228
1550.0 0.739184
1555.0 0.79405
1560.0 0.99064
1565.0 0.974042
1570.0 1.000754
1575.0 0.987042
1580.0 0.999932
1585.0 0.98587
1590.0 0.980866
1595.0 0.99601
1600.0 0.98736
1605.0 0.977
1610.0 0.998526
1615.0 0.92297
1620.0 0.720584
1625.0 0.958516
1630.0 0.98393
1635.0 1.01771
1640.0 0.990022
1645.0 0.98789
1650.0 0.808692
1655.0 0.857884
1660.0 0.999562
1665.0 1.009264
1670.0 0.980992
1675.0 0.798876
1680.0 0.895044
1685.0 0.98937
1690.0 1.002492
1695.0 0.99581
1700.0 0.993882
1705.0 0.786718
1710.0 0.561516
1715.0 0.972468
1720.0 0.941576
1725.0 0.789254
1730.0 0.746746
1735.0 0.732508
1740.0 1.009132
1745.0 0.999174
1750.0 1.000824
1755.0 1.01653
1760.0 0.975202
1765.0 0.988416
1770.0 1.005116
1775.0 0.988602
1780.0 0.733974
1785.0 1.0024
