0.0 1.928596
5.0 1.906872
10.0 2.064236
15.0 1.928008
20.0 1.914502
25.0 1.94593
30.0 1.827646
35.0 1.970008
40.0 1.803942
45.0 1.900236
50.0 1.950266
55.0 1.743024
60.0 1.908392
65.0 1.994778
70.0 1.902042
75.0 1.95063
80.0 1.955264
85.0 1.981696
90.0 1.894114
95.0 1.922504
100.0 1.89247
105.0 2.006894
110.0 1.90801
115.0 1.845554
120.0 1.520186
125.0 1.72622
130.0 1.968062
135.0 2.029064
140.0 1.919406
145.0 1.977432
150.0 1.946618
155.0 1.882256
160.0 1.966484
165.0 1.54277
170.0 1.986392
175.0 1.95267
180.0 1.722898
185.0 1.926608
190.0 1.92306
195.0 1.077928
200.0 1.950852
205.0 1.986982
210.0 1.968328
215.0 1.987758
220.0 1.69683
225.0 1.811576
230.0 1.67321
235.0 1.578232
240.0 1.44702
245.0 1.674164
250.0 1.415668
255.0 1.350132
260.0 1.071834
265.0 1.016684
270.0 1.664844
275.0 1.627266
280.0 1.330714
285.0 1.760844
290.0 1.390326
295.0 1.779016
300.0 1.57961
305.0 1.441516
310.0 1.91899
315.0 1.888412
320.0 2.031228
325.0 1.889104
330.0 1.912192
335.0 1.741206
340.0 1.922976
345.0 1.924116
350.0 1.84429
355.0 1.762714
360.0 1.927274
365.0 1.758602
370.0 1.885934
375.0 1.908682
380.0 1.69428
385.0 1.666582
390.0 2.132566
395.0 1.940498
400.0 1.789218
405.0 1.953826
410.0 1.62431
415.0 1.855684
420.0 1.573134
425.0 0.981952
430.0 1.65574
435.0 1.981346
440.0 1.94738
445.0 2.004566
450.0 1.862262
455.0 1.889558
460.0 1.941946
465.0 1.984898
470.0 1.822586
475.0 0.0
480.0 1.879718
485.0 1.813952
490.0 1.893746
495.0 1.792022
500.0 2.023684
505.0 1.974248
510.0 1.850456
515.0 2.030318
520.0 1.890278
525.0 2.00058
530.0 0.282442
535.0 2.049778
540.0 1.86172
545.0 1.852826
550.0 1.947524
555.0 1.828386
560.0 1.77132
565.0 1.765216
570.0 2.010664
575.0 1.64531
580.0 1.895866
585.0 1.880466
590.0 2.02368
595.0 2.072826
600.0 1.963178
605.0 1.921908
610.0 1.931312
615.0 1.524838
620.0 1.824426
625.0 1.948718
630.0 2.03562
635.0 1.008136
640.0 2.039156
645.0 1.889782
650.0 2.036014
655.0 2.009604
660.0 1.906756
665.0 2.017494
670.0 1.894382
675.0 2.011472
680.0 1.924844
685.0 2.03491
690.0 1.836672
695.0 1.6555
700.0 2.011982
705.0 1.792038
710.0 1.846894
715.0 1.757228
720.0 2.055506
725.0 1.918686
730.0 1.727814
735.0 1.902518
740.0 2.052824
745.0 1.726854
750.0 1.977654
755.0 1.891252
760.0 2.133714
765.0 1.546826
770.0 1.930964
775.0 1.863652
780.0 1.933618
785.0 1.928646
790.0 2.045616
795.0 1.909376
800.0 1.518576
805.0 1.8686
810.0 1.91465
815.0 1.438218
820.0 1.468732
825.0 1.772606
830.0 1.882882
835.0 2.043732
840.0 1.943114
845.0 1.003424
850.0 1.892054
855.0 1.81136
860.0 2.02689
865.0 1.96536
870.0 1.906374
875.0 1.731884
880.0 1.75256
885.0 1.790856
890.0 1.975854
895.0 2.06166
900.0 1.938544
905.0 1.911268
910.0 1.924808
915.0 1.871276
920.0 1.913096
925.0 1.931176
930.0 0.0
935.0 1.935522
940.0 1.558064
945.0 1.84763
950.0 1.878852
955.0 1.864384
960.0 1.951918
965.0 1.908272
970.0 1.945772
975.0 1.587544
980.0 1.596074
985.0 1.985314
990.0 1.83
995.0 1.871556
1000.0 1.742364
1005.0 1.90376
1010.0 2.048874
1015.0 1.866304
1020.0 1.84825
1025.0 2.023644
1030.0 2.070138
1035.0 0.99216
1040.0 2.006798
1045.0 2.052928
1050.0 2.014428
1055.0 1.915762
1060.0 1.882006
1065.0 1.949222
1070.0 0.98244
1075.0 1.645352
1080.0 1.816866
1085.0 2.021582
1090.0 1.998924
1095.0 1.847378
1100.0 1.816764
1105.0 2.086952
1110.0 1.973378
1115.0 1.472926
1120.0 1.348426
1125.0 2.009582
1130.0 1.881334
1135.0 1.880876
1140.0 1.854742
1145.0 1.915256
1150.0 1.783856
1155.0 1.700718
1160.0 1.965302
1165.0 1.86234
1170.0 1.801916
1175.0 1.975404
1180.0 1.925136
1185.0 1.902192
1190.0 2.057054
1195.0 1.88923
1200.0 1.94673
1205.0 2.003902
1210.0 1.706202
1215.0 1.768246
1220.0 1.884742
1225.0 1.943234
1230.0 1.910228
1235.0 2.17273
1240.0 2.028824
1245.0 1.897364
1250.0 2.030808
1255.0 1.96553
1260.0 1.724502
1265.0 1.86184
1270.0 1.940062
1275.0 1.848922
1280.0 1.835548
1285.0 1.96451
1290.0 0.0
1295.0 1.528018
1300.0 1.53943
1305.0 1.534192
1310.0 1.854596
1315.0 1.834862
1320.0 1.98149
1325.0 1.60362
1330.0 1.897402
1335.0 1.95188
1340.0 1.27926
1345.0 1.79433
1350.0 1.893628
1355.0 1.950374
1360.0 1.99827
1365.0 1.794396
1370.0 1.936016
1375.0 1.998086
1380.0 1.902228
1385.0 1.414616
1390.0 1.620104
1395.0 2.08245
1400.0 1.549896
1405.0 2.001798
1410.0 1.953884
1415.0 1.8305
1420.0 1.633152
1425.0 1.854802
1430.0 1.953812
1435.0 1.042738
1440.0 1.853668
1445.0 1.90783
1450.0 2.005686
1455.0 1.841838
1460.0 1.95682
1465.0 1.559542
1470.0 1.991782
1475.0 1.85404
1480.0 1.943028
1485.0 1.896014
1490.0 2.025096
1495.0 1.94424
1500.0 1.5549
1505.0 0.790318
1510.0 1.227598
1515.0 1.849124
1520.0 1.826894
1525.0 1.36844
1530.0 1.638774
1535.0 1.934924
1540.0 1.822794
1545.0 1.841412
1550.0 1.923524
1555.0 1.98684
1560.0 1.56053
1565.0 1.706928
1570.0 1.844282
1575.0 1.680758
1580.0 1.803008
1585.0 1.951386
1590.0 1.82754
1595.0 1.945748
1600.0 1.701742
1605.0 2.014084
1610.0 1.81068
1615.0 1.351792
1620.0 1.997678
1625.0 1.873506
1630.0 1.894104
1635.0 1.753984
1640.0 1.926432
1645.0 1.053614
1650.0 1.711268
1655.0 1.96525
1660.0 1.935126
1665.0 1.45281
1670.0 1.980182
1675.0 1.928736
1680.0 1.842934
1685.0 1.951768
1690.0 1.563088
1695.0 1.72591
1700.0 2.035178
1705.0 1.866806
1710.0 1.533044
1715.0 1.984334
1720.0 1.931628
1725.0 1.60154
1730.0 1.662784
1735.0 1.947042
1740.0 0.0
1745.0 2.041424
1750.0 1.521848
1755.0 1.465226
1760.0 1.805518
1765.0 1.802668
1770.0 1.877636
1775.0 1.928486
1780.0 2.061548
1785.0 1.798086
1790.0 1.524566
1795.0 1.885474
1800.0 2.01439
1805.0 1.82164
1810.0 1.998126
