0.0 0.728496
5.0 0.724464
10.0 0.723548
15.0 0.724504
20.0 0.727862
25.0 0.72823
30.0 0.728264
35.0 0.723592
40.0 0.72775
45.0 0.72814
50.0 0.726838
55.0 0.723514
60.0 0.72195
65.0 0.727744
70.0 0.728338
75.0 0.724612
80.0 0.729342
85.0 0.724954
90.0 0.725552
95.0 0.72967
100.0 0.726034
105.0 0.72272
110.0 0.723184
115.0 0.724178
120.0 0.725696
125.0 0.729432
130.0 0.72854
135.0 0.727842
140.0 0.727606
145.0 0.72021
150.0 0.727598
155.0 0.722728
160.0 0.724412
165.0 0.723336
170.0 0.727616
175.0 0.725956
180.0 0.72581
185.0 0.723218
190.0 0.724584
195.0 0.72102
200.0 0.727038
205.0 0.726534
210.0 0.721858
215.0 0.72503
220.0 0.72759
225.0 0.723574
230.0 0.721224
235.0 0.723258
240.0 0.720522
245.0 0.725824
250.0 0.722412
255.0 0.722408
260.0 0.727584
265.0 0.724682
270.0 0.728776
275.0 0.727486
280.0 0.729286
285.0 0.725882
290.0 0.72954
295.0 0.72857
300.0 0.728488
305.0 0.72353
310.0 0.729156
315.0 0.730018
320.0 0.727178
325.0 0.729792
330.0 0.729466
335.0 0.729836
340.0 0.724592
345.0 0.724772
350.0 0.72679
355.0 0.728874
360.0 0.730052
365.0 0.72571
370.0 0.72902
375.0 0.725896
380.0 0.72617
385.0 0.728406
390.0 0.727314
395.0 0.730174
400.0 0.726238
405.0 0.728948
410.0 0.72948
415.0 0.72871
420.0 0.727518
425.0 0.726558
430.0 0.725418
435.0 0.73132
440.0 0.728782
445.0 0.721302
450.0 0.729856
455.0 0.725004
460.0 0.728062
465.0 0.729488
470.0 0.724994
475.0 0.727484
480.0 0.728394
485.0 0.726478
490.0 0.725834
495.0 0.725874
500.0 0.720648
505.0 0.725646
510.0 0.72792
515.0 0.725152
520.0 0.72958
525.0 0.72319
530.0 0.724256
535.0 0.72527
540.0 0.727556
545.0 0.721414
550.0 0.73352
555.0 0.730116
560.0 0.727038
565.0 0.73246
570.0 0.728238
575.0 0.732014
580.0 0.73086
585.0 0.728216
590.0 0.73364
595.0 0.726156
600.0 0.72623
605.0 0.73009
610.0 0.732586
615.0 0.728896
620.0 0.72859
625.0 0.727004
630.0 0.731784
635.0 0.732944
640.0 0.728064
645.0 0.72604
650.0 0.731142
655.0 0.729424
660.0 0.73224
665.0 0.72485
670.0 0.732002
675.0 0.726354
680.0 0.730468
685.0 0.724654
690.0 0.729672
695.0 0.728428
700.0 0.731494
705.0 0.727292
710.0 0.7349
715.0 0.729986
720.0 0.729958
725.0 0.727766
730.0 0.72999
735.0 0.729886
740.0 0.733378
745.0 0.72934
750.0 0.730316
755.0 0.728846
760.0 0.706154
765.0 0.69922
770.0 0.73184
775.0 0.729554
780.0 0.732038
785.0 0.728092
790.0 0.730822
795.0 0.729934
800.0 0.728606
805.0 0.71895
810.0 0.741452
815.0 0.729368
820.0 0.726192
825.0 0.729144
830.0 0.731412
835.0 0.726022
840.0 0.731474
845.0 0.726866
850.0 0.730648
855.0 0.728512
860.0 0.73139
865.0 0.726344
870.0 0.71888
875.0 0.728744
880.0 0.731234
885.0 0.731066
890.0 0.727476
895.0 0.727234
900.0 0.73132
905.0 0.727076
910.0 0.728084
915.0 0.734106
920.0 0.72472
925.0 0.732006
930.0 0.729268
935.0 0.728314
940.0 0.725996
945.0 0.729966
950.0 0.729776
955.0 0.73229
960.0 0.733094
965.0 0.731586
970.0 0.7308
975.0 0.728036
980.0 0.726362
985.0 0.72583
990.0 0.731422
995.0 0.729542
1000.0 0.729306
1005.0 0.733256
1010.0 0.729962
1015.0 0.731604
1020.0 0.725894
1025.0 0.73179
1030.0 0.727396
1035.0 0.727962
1040.0 0.731882
1045.0 0.731146
1050.0 0.72944
1055.0 0.723556
1060.0 0.730582
1065.0 0.726488
1070.0 0.73075
1075.0 0.730816
1080.0 0.729366
1085.0 0.728554
1090.0 0.728754
1095.0 0.727712
1100.0 0.73312
1105.0 0.736
1110.0 0.732494
1115.0 0.731148
1120.0 0.729346
1125.0 0.724756
1130.0 0.730332
1135.0 0.725574
1140.0 0.725982
1145.0 0.727462
1150.0 0.732944
1155.0 0.726644
1160.0 0.728658
1165.0 0.728428
1170.0 0.729402
1175.0 0.725574
1180.0 0.728292
1185.0 0.731146
1190.0 0.732558
1195.0 0.722004
1200.0 0.728044
1205.0 0.73059
1210.0 0.731568
1215.0 0.72896
1220.0 0.7236
1225.0 0.72778
1230.0 0.732956
1235.0 0.729834
1240.0 0.73039
1245.0 0.731454
1250.0 0.72482
1255.0 0.726922
1260.0 0.731692
1265.0 0.72918
1270.0 0.732764
1275.0 0.733156
1280.0 0.72705
1285.0 0.72728
1290.0 0.729536
1295.0 0.73368
1300.0 0.729742
1305.0 0.726886
1310.0 0.726526
1315.0 0.728838
1320.0 0.732866
1325.0 0.730036
1330.0 0.729984
1335.0 0.72817
1340.0 0.733876
1345.0 0.731666
1350.0 0.729622
1355.0 0.729912
1360.0 0.728472
1365.0 0.73355
1370.0 0.732032
1375.0 0.732684
1380.0 0.731176
1385.0 0.736514
1390.0 0.73424
1395.0 0.73079
1400.0 0.731236
1405.0 0.734006
1410.0 0.728232
1415.0 0.728842
1420.0 0.730854
1425.0 0.730718
1430.0 0.715908
1435.0 0.72869
1440.0 0.732416
1445.0 0.728852
1450.0 0.728386
1455.0 0.729634
1460.0 0.727542
1465.0 0.728988
1470.0 0.730876
1475.0 0.73015
1480.0 0.728954
1485.0 0.728106
1490.0 0.73038
1495.0 0.695414
1500.0 0.723
1505.0 0.734482
1510.0 0.732334
1515.0 0.733836
1520.0 0.73215
1525.0 0.73425
1530.0 0.734552
1535.0 0.733598
1540.0 0.73049
1545.0 0.729718
1550.0 0.732848
1555.0 0.733684
1560.0 0.731336
1565.0 0.72536
1570.0 0.725462
1575.0 0.730266
1580.0 0.733404
1585.0 0.728228
1590.0 0.732604
1595.0 0.734834
1600.0 0.73442
1605.0 0.730408
1610.0 0.732744
1615.0 0.721476
1620.0 0.731196
1625.0 0.72657
1630.0 0.733406
1635.0 0.730624
1640.0 0.730138
1645.0 0.73033
1650.0 0.727744
1655.0 0.733022
1660.0 0.727706
1665.0 0.728232
1670.0 0.732558
1675.0 0.731382
1680.0 0.693358
1685.0 0.730012
1690.0 0.728208
1695.0 0.733526
1700.0 0.730944
1705.0 0.733322
1710.0 0.7241
1715.0 0.733244
1720.0 0.726424
1725.0 0.73343
1730.0 0.730608
1735.0 0.733184
1740.0 0.734684
1745.0 0.73251
1750.0 0.728398
1755.0 0.733328
1760.0 0.72284
1765.0 0.729112
1770.0 0.728582
1775.0 0.733376
1780.0 0.731496
1785.0 0.731528
1790.0 0.734848
1795.0 0.730478
1800.0 0.729492
1805.0 0.73434
1810.0 0.726978
1815.0 0.735414
1820.0 0.733158
1825.0 0.721692
1830.0 0.732384
1835.0 0.722816
1840.0 0.732054
1845.0 0.723126
1850.0 0.725036
