0.0 1.17588
5.0 1.16732
10.0 1.165148
15.0 1.171524
20.0 1.14769
25.0 0.943374
30.0 1.158602
35.0 1.156712
40.0 1.169704
45.0 1.13377
50.0 1.174192
55.0 1.158942
60.0 1.137802
65.0 1.164898
70.0 1.169988
75.0 1.163722
80.0 1.175358
85.0 1.158184
90.0 1.174526
95.0 1.163612
100.0 1.167626
105.0 1.122268
110.0 1.161878
115.0 1.15964
120.0 1.15302
125.0 1.16695
130.0 1.144906
135.0 1.172578
140.0 1.178678
145.0 1.15996
150.0 1.170622
155.0 0.95262
160.0 1.179846
165.0 1.08931
170.0 1.182598
175.0 1.181526
180.0 1.158286
185.0 1.169138
190.0 1.153022
195.0 1.175454
200.0 1.164512
205.0 1.167098
210.0 1.160174
215.0 1.16727
220.0 1.182558
225.0 1.171734
230.0 1.157728
235.0 1.175926
240.0 1.155314
245.0 1.173428
250.0 1.148998
255.0 1.158616
260.0 1.162646
265.0 1.154146
270.0 1.165636
275.0 1.172186
280.0 1.16879
285.0 1.157666
290.0 1.13271
295.0 1.151552
300.0 1.168014
305.0 1.173878
310.0 1.164488
315.0 1.18287
320.0 1.178782
325.0 1.164994
330.0 1.144568
335.0 1.170098
340.0 1.128302
345.0 1.170584
350.0 1.17091
355.0 1.13904
360.0 0.99535
365.0 1.02622
370.0 1.040482
375.0 1.009856
380.0 1.021868
385.0 0.984312
390.0 1.05225
395.0 1.021002
400.0 1.05961
405.0 1.06108
410.0 1.07104
415.0 1.052626
420.0 1.008534
425.0 1.171408
430.0 1.178584
435.0 1.164366
440.0 1.146066
445.0 1.149344
450.0 1.14869
455.0 1.171598
460.0 1.17248
465.0 1.166982
470.0 1.175344
475.0 1.175908
480.0 1.157186
485.0 1.17672
490.0 1.180292
495.0 1.154536
500.0 1.164478
505.0 1.156506
510.0 1.175146
515.0 1.169416
520.0 1.17843
525.0 1.162454
530.0 1.143194
535.0 1.175196
540.0 1.173872
545.0 1.170638
550.0 1.149194
555.0 1.163846
560.0 1.175222
565.0 1.16848
570.0 1.163516
575.0 1.127534
580.0 1.162282
585.0 1.031664
590.0 1.025268
595.0 1.058958
600.0 1.011242
605.0 1.157148
610.0 1.17698
615.0 1.159018
620.0 1.170394
625.0 1.181584
630.0 1.132928
635.0 1.174434
640.0 1.174102
645.0 1.169936
650.0 1.171526
655.0 1.182628
660.0 0.921298
665.0 1.17179
670.0 0.913858
675.0 1.16675
680.0 1.153658
685.0 1.150712
690.0 1.17605
695.0 1.161828
700.0 1.153992
705.0 1.16924
710.0 1.17729
715.0 1.17505
720.0 1.16423
725.0 1.17341
730.0 1.157052
735.0 1.153864
740.0 1.175228
745.0 1.136862
750.0 1.153232
755.0 1.065362
760.0 1.13671
765.0 1.166642
770.0 1.165254
775.0 1.14524
780.0 1.115994
785.0 1.170836
790.0 1.142394
795.0 1.163734
800.0 1.165106
805.0 1.176606
810.0 1.166812
815.0 1.164088
820.0 1.169626
825.0 1.170648
830.0 1.161402
835.0 1.172886
840.0 1.151768
845.0 1.161956
850.0 0.989664
855.0 1.167454
860.0 1.171782
865.0 1.14616
870.0 1.174814
875.0 1.114224
880.0 1.166326
885.0 1.093652
890.0 1.165094
895.0 1.172396
900.0 1.131756
905.0 0.985064
910.0 1.146138
915.0 1.108232
920.0 1.146252
925.0 1.142566
930.0 1.153424
935.0 1.16655
940.0 1.15694
945.0 0.94704
950.0 0.334722
955.0 1.106874
960.0 1.174874
965.0 1.147836
970.0 1.133726
975.0 1.139528
980.0 1.164894
985.0 1.150058
990.0 1.162926
995.0 0.917314
1000.0 1.166922
1005.0 1.122748
1010.0 1.16838
1015.0 1.146194
1020.0 1.159946
1025.0 1.179722
1030.0 1.122426
1035.0 1.15135
1040.0 1.153676
1045.0 1.122664
1050.0 1.176108
1055.0 1.145812
1060.0 1.100998
1065.0 0.785976
1070.0 1.167588
1075.0 1.174888
1080.0 1.172866
1085.0 1.154826
1090.0 0.97474
1095.0 1.155232
1100.0 1.172228
1105.0 1.173604
1110.0 1.179848
1115.0 1.149454
1120.0 1.16719
1125.0 1.170472
1130.0 1.159382
1135.0 1.161072
1140.0 1.171554
1145.0 1.181006
1150.0 1.17007
1155.0 0.975308
1160.0 0.304992
1165.0 0.304962
1170.0 1.173194
1175.0 1.157008
1180.0 0.723468
1185.0 1.159422
1190.0 1.155838
