0.0 1.46686
5.0 1.51651
10.0 1.483016
15.0 1.436538
20.0 1.52297
25.0 1.513374
30.0 1.423324
35.0 1.49685
40.0 1.523004
45.0 1.512636
50.0 1.51727
55.0 1.509864
60.0 1.187254
65.0 0.94209
70.0 1.378628
75.0 1.464498
80.0 1.431976
85.0 1.443834
90.0 1.217874
95.0 1.458802
100.0 1.386192
105.0 1.432834
110.0 1.405838
115.0 1.4684
120.0 1.399466
125.0 1.44948
130.0 1.462096
135.0 1.419054
140.0 1.4503
145.0 1.43452
150.0 1.463048
155.0 1.400454
160.0 1.38946
165.0 1.449584
170.0 1.450382
175.0 1.335408
180.0 1.450884
185.0 1.414918
190.0 0.218986
195.0 1.461062
200.0 1.46569
205.0 1.467006
210.0 1.302062
215.0 0.327514
220.0 0.280608
225.0 1.40676
230.0 0.907296
235.0 1.453164
240.0 1.422806
245.0 1.38685
250.0 1.235978
255.0 1.411118
260.0 1.465374
265.0 1.44882
270.0 1.452974
275.0 1.466756
280.0 1.383218
285.0 1.274854
290.0 1.050652
295.0 1.243848
300.0 1.438286
305.0 0.914606
310.0 1.458502
315.0 1.436834
320.0 1.456952
325.0 1.427242
330.0 1.453896
335.0 1.452072
340.0 1.458154
345.0 1.434654
350.0 1.225428
355.0 0.291868
360.0 0.853144
365.0 0.271308
370.0 1.447906
375.0 1.443484
380.0 0.526106
385.0 1.444562
390.0 1.464984
395.0 1.442238
400.0 1.398152
405.0 0.208752
410.0 1.156472
415.0 1.139364
420.0 1.443466
425.0 1.455628
430.0 1.42616
435.0 1.440426
440.0 1.41882
445.0 1.459484
450.0 1.448886
455.0 1.452916
460.0 1.444868
465.0 1.460406
470.0 1.083566
475.0 1.463386
480.0 1.43937
485.0 1.45684
490.0 1.3931
495.0 1.436412
500.0 1.455756
505.0 1.337344
510.0 0.835362
515.0 1.457654
520.0 1.451428
525.0 1.439408
530.0 1.412936
535.0 1.446584
540.0 1.45577
545.0 1.36982
550.0 1.468292
555.0 1.4543
560.0 1.465094
565.0 1.463594
570.0 1.457404
575.0 1.44823
580.0 1.448512
585.0 1.446782
590.0 1.394556
595.0 1.4639
600.0 1.443714
605.0 1.448142
610.0 1.428264
615.0 1.392742
620.0 1.460216
625.0 1.447134
630.0 1.465248
635.0 1.460598
640.0 1.448588
645.0 1.46346
650.0 1.456368
655.0 1.376178
660.0 1.39515
665.0 0.901324
670.0 1.431266
675.0 0.22744
680.0 1.444838
685.0 1.449706
690.0 1.459046
695.0 1.45974
700.0 1.436694
705.0 1.456448
710.0 1.368444
715.0 1.450326
720.0 1.448718
725.0 1.445424
730.0 1.427778
735.0 1.415758
740.0 1.459924
745.0 1.464732
750.0 1.459104
755.0 1.4552
760.0 1.45208
765.0 1.44539
770.0 1.387296
775.0 1.433118
780.0 1.444524
785.0 1.450686
790.0 1.330954
795.0 1.37835
800.0 0.486764
805.0 1.36997
810.0 1.43794
815.0 1.412544
820.0 1.385002
825.0 1.400766
830.0 1.46778
835.0 0.8298
840.0 1.32985
845.0 1.371952
850.0 1.45316
855.0 1.444372
860.0 1.45626
865.0 1.398238
870.0 1.435486
875.0 1.3954
880.0 1.457242
885.0 1.425774
890.0 1.444002
895.0 0.285946
900.0 1.46009
905.0 1.458626
910.0 1.455958
915.0 1.473182
920.0 1.433372
925.0 1.429528
930.0 1.450978
935.0 0.997698
940.0 1.437696
945.0 1.439058
950.0 1.389734
955.0 0.844376
960.0 1.415676
965.0 1.403476
970.0 1.434436
975.0 0.255694
980.0 1.399686
985.0 1.390858
990.0 1.427112
995.0 1.453358
1000.0 1.458362
1005.0 1.436078
1010.0 1.442094
1015.0 1.410522
1020.0 1.434262
1025.0 1.441766
1030.0 1.390824
1035.0 1.461794
1040.0 1.459514
1045.0 1.418736
1050.0 1.416022
1055.0 1.379144
1060.0 1.446158
1065.0 1.457768
1070.0 1.383952
1075.0 1.401076
1080.0 1.459898
1085.0 1.45967
1090.0 1.434994
1095.0 1.428468
1100.0 1.439316
1105.0 1.41972
1110.0 1.431898
1115.0 1.403548
1120.0 1.460762
1125.0 1.51284
1130.0 1.511886
1135.0 1.477884
1140.0 0.874868
1145.0 1.499192
1150.0 1.496646
1155.0 1.510292
1160.0 0.509088
1165.0 1.508036
1170.0 1.484598
1175.0 1.429956
1180.0 1.520236
1185.0 1.46323
1190.0 1.519902
1195.0 1.519236
1200.0 1.497428
1205.0 1.5081
1210.0 1.504298
1215.0 1.428426
1220.0 0.550816
1225.0 1.472156
1230.0 1.52169
1235.0 1.262152
1240.0 1.49961
1245.0 1.52259
1250.0 1.50267
1255.0 1.514178
1260.0 1.451348
1265.0 1.39496
1270.0 1.533516
1275.0 1.524336
1280.0 1.490934
1285.0 1.455754
1290.0 1.482654
1295.0 1.522416
1300.0 1.491654
1305.0 1.510086
1310.0 1.511634
1315.0 1.394024
1320.0 1.50064
1325.0 1.522946
1330.0 1.507656
1335.0 1.50776
1340.0 1.511344
1345.0 1.50871
1350.0 1.521222
1355.0 1.526922
1360.0 1.410242
1365.0 1.516856
1370.0 1.499678
1375.0 1.521482
1380.0 1.52531
1385.0 1.532098
1390.0 1.408874
1395.0 1.428156
1400.0 1.48492
1405.0 1.478846
1410.0 1.507914
1415.0 1.512754
1420.0 1.513262
1425.0 1.52453
1430.0 1.495498
1435.0 1.35633
1440.0 1.491622
1445.0 0.265716
1450.0 1.446382
1455.0 1.499614
1460.0 1.461568
1465.0 1.523976
1470.0 1.523074
1475.0 1.4622
1480.0 1.489276
1485.0 1.531288
1490.0 1.52477
1495.0 1.470212
1500.0 1.523076
1505.0 1.521302
1510.0 1.521598
1515.0 1.515638
1520.0 1.527968
1525.0 1.507558
1530.0 1.468044
1535.0 1.485342
1540.0 1.526118
1545.0 1.498262
1550.0 1.494702
1555.0 1.479888
1560.0 1.508056
1565.0 1.487114
1570.0 1.497232
1575.0 1.45574
1580.0 1.508198
1585.0 1.45208
1590.0 1.43712
1595.0 1.508604
1600.0 1.502408
1605.0 1.430334
1610.0 1.47178
1615.0 1.49241
1620.0 1.515986
1625.0 1.491962
1630.0 1.467514
1635.0 1.502408
1640.0 0.54209
1645.0 1.527968
1650.0 1.472432
1655.0 1.526684
1660.0 1.436986
1665.0 1.507472
1670.0 1.508828
1675.0 1.508518
1680.0 1.442286
1685.0 1.203136
1690.0 1.508596
1695.0 1.524526
1700.0 1.501564
1705.0 1.493732
1710.0 1.507124
1715.0 1.516896
1720.0 1.430768
1725.0 1.522564
1730.0 1.523372
1735.0 1.505222
1740.0 1.299958
1745.0 1.493164
1750.0 1.489312
1755.0 1.394438
1760.0 1.497522
1765.0 1.49303
1770.0 1.42163
1775.0 1.524208
1780.0 1.513884
1785.0 1.510984
1790.0 1.53222
1795.0 1.500304
1800.0 1.508708
1805.0 1.475538
1810.0 1.492334
1815.0 1.517944
1820.0 1.46219
1825.0 1.469706
1830.0 1.506504
1835.0 1.531918
1840.0 1.500548
1845.0 1.523522
1850.0 1.435072
1855.0 1.456822
