0.0 1.397044
5.0 1.468032
10.0 1.370698
15.0 1.274428
20.0 1.355122
25.0 1.382934
30.0 1.314
35.0 1.3954
40.0 1.35943
45.0 1.46764
50.0 1.475144
55.0 1.303574
60.0 1.377368
65.0 1.35619
70.0 1.32698
75.0 1.33967
80.0 1.329722
85.0 1.29903
90.0 1.30108
95.0 1.270274
100.0 1.335062
105.0 1.179464
110.0 1.298592
115.0 1.2865
120.0 1.305098
125.0 1.29186
130.0 1.31994
135.0 1.296336
140.0 1.317822
145.0 1.3082
150.0 1.354736
155.0 1.31859
160.0 1.316656
165.0 1.32933
170.0 1.310506
175.0 1.338176
180.0 1.354296
185.0 1.281064
190.0 1.249144
195.0 1.341344
200.0 1.310946
205.0 1.29459
210.0 1.27803
215.0 1.364352
220.0 1.251462
225.0 1.321786
230.0 1.34514
235.0 1.323508
240.0 1.323112
245.0 1.346548
250.0 1.321636
255.0 1.30818
260.0 1.343354
265.0 1.36145
270.0 0.966834
275.0 1.067484
280.0 1.277702
285.0 1.298838
290.0 1.334902
295.0 1.26028
300.0 1.368148
305.0 1.31269
310.0 1.374838
315.0 1.32981
320.0 1.329366
325.0 1.308966
330.0 1.282954
335.0 1.289726
340.0 1.332618
345.0 1.347856
350.0 1.318962
355.0 1.294322
360.0 1.353944
365.0 1.342116
370.0 1.338212
375.0 1.370836
380.0 1.368044
385.0 1.314376
390.0 1.36396
395.0 1.314488
400.0 1.364076
405.0 1.356474
410.0 1.299672
415.0 1.281602
420.0 1.324692
425.0 1.29451
430.0 1.264336
435.0 1.282574
440.0 1.308196
445.0 1.29475
450.0 1.356036
455.0 1.323644
460.0 1.348238
465.0 1.284998
470.0 1.340064
475.0 1.330722
480.0 1.36757
485.0 1.326534
490.0 1.369094
495.0 1.27541
500.0 1.362234
505.0 1.365674
510.0 1.369356
515.0 1.366134
520.0 1.295494
525.0 1.257338
530.0 1.31624
535.0 1.366358
540.0 1.33762
545.0 1.325562
550.0 1.374988
555.0 1.338572
560.0 1.246086
565.0 1.299668
570.0 1.331274
575.0 1.334664
580.0 1.291564
585.0 1.282812
590.0 1.334118
595.0 1.058386
600.0 0.841712
605.0 1.237114
610.0 1.238556
615.0 1.342222
620.0 1.319706
625.0 1.312994
630.0 1.299228
635.0 1.295466
640.0 1.340894
645.0 1.264822
650.0 1.312146
655.0 1.29974
660.0 1.319006
665.0 1.33585
670.0 1.367644
675.0 1.245358
680.0 1.281382
685.0 1.311556
690.0 1.314962
695.0 1.28976
700.0 1.318254
705.0 1.36234
710.0 1.320242
715.0 1.33099
720.0 1.281138
725.0 1.394372
730.0 1.283254
735.0 1.30596
740.0 1.307432
745.0 1.305558
750.0 1.351434
755.0 1.28972
760.0 1.371744
765.0 1.336536
770.0 1.277218
775.0 1.34434
780.0 1.221128
785.0 1.31044
790.0 1.290186
795.0 1.30448
800.0 1.317548
805.0 1.295646
810.0 1.319382
815.0 1.338262
820.0 1.275542
825.0 1.335074
830.0 1.293806
835.0 1.3389
840.0 1.292018
845.0 1.34219
850.0 1.342648
855.0 1.374272
860.0 1.348572
865.0 1.332154
870.0 1.324366
875.0 1.292648
880.0 1.326772
885.0 1.284882
890.0 1.275018
895.0 1.286146
900.0 1.32612
905.0 1.285094
910.0 1.35135
915.0 1.294424
920.0 1.288326
925.0 1.313396
930.0 1.273466
935.0 1.328388
940.0 1.280036
945.0 1.282916
950.0 1.26893
955.0 1.272838
960.0 1.205722
965.0 1.272148
970.0 1.276734
975.0 1.298632
980.0 1.198818
985.0 1.287376
990.0 1.25349
995.0 1.267444
1000.0 1.246304
1005.0 1.221518
1010.0 1.258124
1015.0 1.246384
1020.0 1.238548
1025.0 1.292484
1030.0 1.31139
1035.0 0.916928
1040.0 1.24573
1045.0 1.301758
1050.0 1.301648
1055.0 1.261638
1060.0 1.244008
1065.0 1.236872
1070.0 1.26885
1075.0 1.271528
1080.0 1.226378
1085.0 1.256124
1090.0 1.234166
1095.0 1.272666
1100.0 1.291726
1105.0 1.217266
1110.0 1.261602
1115.0 1.29662
1120.0 1.307584
1125.0 1.26958
1130.0 1.169332
1135.0 1.257762
1140.0 1.273014
1145.0 1.26085
1150.0 1.275796
1155.0 1.27362
1160.0 1.30733
1165.0 1.22665
1170.0 1.285558
1175.0 1.273762
1180.0 1.269688
1185.0 1.271176
1190.0 1.280554
1195.0 1.276232
1200.0 1.297152
1205.0 1.246192
1210.0 1.26814
1215.0 1.220774
1220.0 1.301894
1225.0 1.204698
1230.0 1.210022
1235.0 1.280378
1240.0 1.285846
1245.0 1.30356
1250.0 1.286432
1255.0 1.2305
1260.0 1.241466
1265.0 1.268062
1270.0 1.226602
1275.0 1.238042
1280.0 1.306052
1285.0 1.282868
1290.0 1.312736
1295.0 1.305836
1300.0 1.321218
1305.0 1.281316
1310.0 1.288274
1315.0 1.250288
1320.0 1.300982
1325.0 1.29409
1330.0 1.262126
1335.0 1.26408
1340.0 1.244436
1345.0 1.179976
1350.0 1.261356
1355.0 1.300176
1360.0 1.252582
1365.0 1.266952
1370.0 1.281492
1375.0 1.238606
1380.0 1.283528
1385.0 1.26832
1390.0 1.2073
1395.0 1.300518
1400.0 1.272666
1405.0 1.26982
1410.0 1.283692
1415.0 0.752914
1420.0 1.289826
1425.0 1.2205
1430.0 1.249586
1435.0 1.19227
1440.0 1.295186
1445.0 1.304626
1450.0 1.298452
1455.0 1.246936
