0.0 2.334084
5.0 2.373444
10.0 2.288064
15.0 2.414694
20.0 2.366996
25.0 2.545258
30.0 2.271186
35.0 2.301136
40.0 2.435804
45.0 2.41245
50.0 1.118704
55.0 2.520564
60.0 2.166494
65.0 2.25897
70.0 2.383368
75.0 2.418416
80.0 2.45138
85.0 2.454176
90.0 2.409154
95.0 2.351014
100.0 2.37296
105.0 2.529762
110.0 2.610872
115.0 2.513472
120.0 2.399718
125.0 2.46031
130.0 2.424764
135.0 2.497668
140.0 2.416232
145.0 2.488962
150.0 2.475202
155.0 2.46676
160.0 2.553974
165.0 2.589396
170.0 2.640496
175.0 2.687352
180.0 2.672152
185.0 2.534216
190.0 2.58121
195.0 2.615492
200.0 2.596758
205.0 2.590924
210.0 1.035048
215.0 2.500414
220.0 2.549024
225.0 2.607226
230.0 2.501052
235.0 2.522746
240.0 2.437382
245.0 1.87811
250.0 2.552932
255.0 2.525924
260.0 2.412092
265.0 2.592608
270.0 2.493574
275.0 2.504494
280.0 2.542074
285.0 2.699702
290.0 2.677472
295.0 2.301228
300.0 2.49784
305.0 2.536822
310.0 2.581306
315.0 1.96896
320.0 2.60271
325.0 2.558666
330.0 2.548692
335.0 2.401252
340.0 2.778802
345.0 2.60873
350.0 2.658256
355.0 2.615456
360.0 2.465384
365.0 2.584524
370.0 2.661328
375.0 2.771028
380.0 2.38652
385.0 2.738606
390.0 2.660918
395.0 2.920498
400.0 2.598088
405.0 2.180112
410.0 2.686092
415.0 2.604472
420.0 2.352834
425.0 2.627056
430.0 2.438046
435.0 2.60693
440.0 2.606088
445.0 2.680758
450.0 2.06815
455.0 2.73182
460.0 2.487266
465.0 2.567838
470.0 3.087406
475.0 1.730642
480.0 2.50345
485.0 2.551994
490.0 2.302072
495.0 2.642218
500.0 2.826974
505.0 2.475272
510.0 2.53807
515.0 2.616038
520.0 2.595494
525.0 2.402522
530.0 2.520316
535.0 2.707902
540.0 2.469932
545.0 2.574098
550.0 2.74034
555.0 2.755494
560.0 2.717454
565.0 2.647868
570.0 2.477928
575.0 2.553482
580.0 2.86545
585.0 2.413916
590.0 2.458818
595.0 2.702674
600.0 2.635072
605.0 2.537364
610.0 2.48156
615.0 2.612136
620.0 2.560886
625.0 2.463578
630.0 2.639834
635.0 2.834188
640.0 2.445168
645.0 2.454562
650.0 2.535132
655.0 2.528742
660.0 2.59579
665.0 2.594964
670.0 2.43337
675.0 2.863944
680.0 2.072792
685.0 2.095646
690.0 2.38543
695.0 2.585418
700.0 1.99378
705.0 2.29056
710.0 2.585984
715.0 2.713742
720.0 2.664826
725.0 2.156876
730.0 2.629346
735.0 2.600622
740.0 2.385308
745.0 2.432948
750.0 2.243172
755.0 2.76566
760.0 2.747984
765.0 2.504216
770.0 2.56733
775.0 2.388436
780.0 2.869804
785.0 2.151886
790.0 2.542708
795.0 2.832634
800.0 2.903728
805.0 2.856726
810.0 2.534802
815.0 2.511652
820.0 2.476676
825.0 2.884474
830.0 2.489944
835.0 2.831376
840.0 2.314428
845.0 2.80292
850.0 2.624894
855.0 2.7605
860.0 3.014522
865.0 2.768608
870.0 2.249692
875.0 2.749402
880.0 2.888564
885.0 2.82095
890.0 2.603362
895.0 2.65536
900.0 2.2262
905.0 2.787746
910.0 2.875438
915.0 2.772226
920.0 2.828858
925.0 2.57208
930.0 2.662826
935.0 2.970402
940.0 2.66948
945.0 2.68585
950.0 2.661182
955.0 2.914722
960.0 2.535238
965.0 2.657674
970.0 2.696436
975.0 2.563734
980.0 2.798956
985.0 2.68064
990.0 2.445606
995.0 2.635814
1000.0 2.83418
1005.0 2.64468
1010.0 1.57475
1015.0 2.797168
1020.0 2.840286
1025.0 2.6458
1030.0 2.512842
1035.0 2.656792
1040.0 2.515408
1045.0 2.623834
1050.0 2.568062
1055.0 2.98954
1060.0 2.704804
1065.0 2.756698
1070.0 2.833838
1075.0 2.620198
1080.0 2.631612
1085.0 2.762998
1090.0 2.606548
1095.0 2.615122
1100.0 2.333958
1105.0 2.4818
1110.0 2.547246
1115.0 2.513492
1120.0 2.54111
1125.0 2.496506
1130.0 2.599352
1135.0 2.638528
1140.0 2.64342
1145.0 2.523804
1150.0 2.625104
1155.0 2.677892
1160.0 2.577442
1165.0 2.54906
1170.0 2.422716
1175.0 2.244632
1180.0 2.412072
1185.0 2.748184
1190.0 2.31647
1195.0 2.11003
1200.0 2.504102
1205.0 2.525872
1210.0 2.58514
1215.0 2.534252
1220.0 2.588464
1225.0 2.429016
1230.0 2.48932
1235.0 2.254124
1240.0 2.337772
1245.0 2.340942
1250.0 2.42307
1255.0 2.386488
1260.0 2.233634
1265.0 2.501892
1270.0 2.396566
1275.0 2.582112
1280.0 2.48581
1285.0 2.458644
1290.0 2.567354
1295.0 2.50357
1300.0 2.741672
1305.0 2.78965
1310.0 2.307898
1315.0 2.176576
1320.0 2.08934
1325.0 2.341004
1330.0 2.532518
1335.0 2.356996
1340.0 2.340932
1345.0 2.490012
1350.0 2.50199
1355.0 2.095632
1360.0 2.477642
1365.0 2.663004
1370.0 2.500888
1375.0 2.305786
1380.0 2.16942
1385.0 2.437418
1390.0 1.990878
1395.0 2.347628
1400.0 2.478718
1405.0 2.355024
1410.0 2.423972
1415.0 2.21691
1420.0 0.0
1425.0 0.25607
1430.0 2.383178
1435.0 2.878644
1440.0 2.447442
1445.0 2.225306
1450.0 2.529314
1455.0 2.530344
1460.0 2.449534
1465.0 2.427094
1470.0 2.203606
1475.0 2.221528
1480.0 2.350862
1485.0 2.468202
1490.0 2.309946
1495.0 2.408412
1500.0 2.242132
1505.0 2.373604
1510.0 2.379086
1515.0 2.396804
1520.0 2.148192
1525.0 2.229728
1530.0 2.39738
1535.0 2.241528
1540.0 1.955936
1545.0 2.367012
1550.0 2.27493
1555.0 2.253686
1560.0 1.862048
1565.0 2.310172
1570.0 2.440946
1575.0 2.154016
1580.0 2.181816
1585.0 2.287038
1590.0 2.152104
1595.0 2.280486
1600.0 2.359764
1605.0 1.960066
1610.0 2.24742
1615.0 2.006312
1620.0 1.441896
1625.0 2.153458
1630.0 2.205968
1635.0 1.916312
1640.0 2.444188
1645.0 2.289256
1650.0 2.277034
1655.0 2.06443
1660.0 1.937742
1665.0 2.426098
1670.0 2.399556
1675.0 2.255616
1680.0 2.244892
1685.0 2.14963
1690.0 2.149988
1695.0 2.249766
1700.0 2.388562
1705.0 2.396558
1710.0 2.020058
1715.0 2.538306
1720.0 2.373784
1725.0 2.61296
1730.0 2.350722
1735.0 2.099736
1740.0 2.146846
1745.0 2.476388
1750.0 2.28356
1755.0 1.938718
1760.0 1.99686
1765.0 2.13384
1770.0 2.11057
1775.0 2.187658
1780.0 2.226254
1785.0 1.74079
1790.0 1.978996
1795.0 2.084958
1800.0 2.211144
1805.0 2.035442
1810.0 2.150676
1815.0 2.267704
1820.0 2.293228
1825.0 2.212768
1830.0 2.234876
1835.0 2.278168
1840.0 2.024244
1845.0 2.189252
1850.0 2.227956
1855.0 2.129278
1860.0 2.33304
