0.0 0.39286
5.0 0.403288
10.0 0.4229
15.0 0.351162
20.0 0.41368
25.0 0.414606
30.0 0.149946
35.0 0.392206
40.0 0.410332
45.0 0.414646
50.0 0.39389
55.0 0.39362
60.0 0.382252
65.0 0.38769
70.0 0.386072
75.0 0.38776
80.0 0.381424
85.0 0.387012
90.0 0.393828
95.0 0.4001
100.0 0.407396
105.0 0.405636
110.0 0.399722
115.0 0.399142
120.0 0.398818
125.0 0.394864
130.0 0.398788
135.0 0.341438
140.0 0.408036
145.0 0.38522
150.0 0.402426
155.0 0.399638
160.0 0.404744
165.0 0.401446
170.0 0.37829
175.0 0.366616
180.0 0.424344
185.0 0.422114
190.0 0.423766
195.0 0.441894
200.0 0.449004
205.0 0.43295
210.0 0.442178
215.0 0.440006
220.0 0.446216
225.0 0.441556
230.0 0.423076
235.0 0.437172
240.0 0.385712
245.0 0.381848
250.0 0.388626
255.0 0.38192
260.0 0.41777
265.0 0.419478
270.0 0.417738
275.0 0.41546
280.0 0.419724
285.0 0.41946
290.0 0.418108
295.0 0.412814
300.0 0.418072
305.0 0.390076
310.0 0.43513
315.0 0.400194
320.0 0.415754
325.0 0.416526
330.0 0.409824
335.0 0.418666
340.0 0.417556
345.0 0.417092
350.0 0.437772
355.0 0.41166
360.0 0.415436
365.0 0.436332
370.0 0.4327
375.0 0.408802
380.0 0.41767
385.0 0.409576
390.0 0.408358
395.0 0.413924
400.0 0.43223
405.0 0.41599
410.0 0.436264
415.0 0.41661
420.0 0.422084
425.0 0.417396
430.0 0.418302
435.0 0.41999
440.0 0.418112
445.0 0.435822
450.0 0.431528
455.0 0.423224
460.0 0.441158
465.0 0.425484
470.0 0.420698
475.0 0.438376
480.0 0.43958
485.0 0.422586
490.0 0.4248
495.0 0.436456
500.0 0.444552
505.0 0.418626
510.0 0.432582
515.0 0.42543
520.0 0.395276
525.0 0.422494
530.0 0.437866
535.0 0.421348
540.0 0.14611
545.0 0.4139
550.0 0.418524
555.0 0.419712
560.0 0.41769
565.0 0.419132
570.0 0.435062
575.0 0.438294
580.0 0.417028
585.0 0.405106
590.0 0.349362
595.0 0.400328
600.0 0.412624
605.0 0.407846
610.0 0.40297
615.0 0.411364
620.0 0.414284
625.0 0.411894
630.0 0.409302
635.0 0.409954
640.0 0.414538
645.0 0.411468
650.0 0.412232
655.0 0.414922
660.0 0.410234
665.0 0.406076
670.0 0.409326
675.0 0.409136
680.0 0.399454
685.0 0.406396
690.0 0.40768
695.0 0.403042
700.0 0.390592
705.0 0.41203
710.0 0.40005
715.0 0.427588
720.0 0.428946
725.0 0.419542
730.0 0.43439
735.0 0.430032
740.0 0.42784
745.0 0.4314
750.0 0.43945
755.0 0.44184
760.0 0.428488
765.0 0.446132
770.0 0.433432
775.0 0.417576
780.0 0.432066
785.0 0.43582
790.0 0.43959
795.0 0.43695
800.0 0.440986
805.0 0.440478
810.0 0.459496
815.0 0.447732
820.0 0.446214
825.0 0.446338
830.0 0.431448
835.0 0.11204
840.0 0.437598
845.0 0.448566
850.0 0.451112
855.0 0.450438
860.0 0.434512
865.0 0.446558
870.0 0.43894
875.0 0.428616
880.0 0.425624
885.0 0.428352
890.0 0.428062
895.0 0.424876
900.0 0.421794
905.0 0.41654
910.0 0.417872
915.0 0.419666
920.0 0.416548
925.0 0.419272
930.0 0.434848
935.0 0.4174
940.0 0.41643
945.0 0.41484
950.0 0.416714
955.0 0.41959
960.0 0.413842
965.0 0.41151
970.0 0.410836
975.0 0.418592
980.0 0.411166
985.0 0.410274
990.0 0.400924
995.0 0.409892
1000.0 0.42569
1005.0 0.394396
1010.0 0.392308
1015.0 0.362848
1020.0 0.418242
1025.0 0.399026
1030.0 0.33149
1035.0 0.401004
1040.0 0.402478
1045.0 0.396142
1050.0 0.403638
1055.0 0.40931
1060.0 0.404752
1065.0 0.402138
1070.0 0.410674
1075.0 0.38547
1080.0 0.410382
1085.0 0.413774
1090.0 0.434428
1095.0 0.403094
1100.0 0.399364
1105.0 0.38788
1110.0 0.415994
1115.0 0.395778
1120.0 0.402186
1125.0 0.391602
1130.0 0.39657
1135.0 0.390896
1140.0 0.392196
1145.0 0.396144
1150.0 0.373998
1155.0 0.418228
1160.0 0.418234
1165.0 0.394756
1170.0 0.419956
1175.0 0.440292
1180.0 0.418078
1185.0 0.4419
1190.0 0.399278
1195.0 0.436292
1200.0 0.42019
1205.0 0.41548
1210.0 0.42297
1215.0 0.410198
1220.0 0.412462
1225.0 0.42868
1230.0 0.42374
1235.0 0.42582
1240.0 0.11175
1245.0 0.407606
1250.0 0.404164
1255.0 0.41533
1260.0 0.383012
1265.0 0.39793
1270.0 0.41097
1275.0 0.396992
1280.0 0.401408
1285.0 0.410134
1290.0 0.425832
1295.0 0.419286
1300.0 0.391068
1305.0 0.424364
1310.0 0.407476
1315.0 0.423404
1320.0 0.42031
1325.0 0.429868
1330.0 0.419212
1335.0 0.411616
1340.0 0.412982
1345.0 0.409046
1350.0 0.411414
1355.0 0.38499
1360.0 0.384378
1365.0 0.384688
1370.0 0.416498
1375.0 0.418988
1380.0 0.39781
1385.0 0.408894
1390.0 0.411754
1395.0 0.394902
1400.0 0.397492
1405.0 0.368846
1410.0 0.386654
1415.0 0.393848
1420.0 0.410618
1425.0 0.378006
1430.0 0.406626
1435.0 0.397748
1440.0 0.369866
1445.0 0.385334
1450.0 0.357764
1455.0 0.384836
1460.0 0.391634
1465.0 0.38276
1470.0 0.36849
1475.0 0.106902
1480.0 0.3872
1485.0 0.380728
1490.0 0.38349
1495.0 0.40049
1500.0 0.394742
1505.0 0.395432
1510.0 0.398624
1515.0 0.396714
1520.0 0.392934
1525.0 0.391376
1530.0 0.401958
1535.0 0.396298
1540.0 0.379174
1545.0 0.38749
1550.0 0.40548
1555.0 0.409802
1560.0 0.39636
1565.0 0.404744
1570.0 0.412828
1575.0 0.368476
1580.0 0.369452
1585.0 0.379032
1590.0 0.37262
1595.0 0.3713
1600.0 0.396156
1605.0 0.370266
1610.0 0.376574
1615.0 0.373746
1620.0 0.370772
1625.0 0.368686
1630.0 0.371466
1635.0 0.369044
1640.0 0.363256
1645.0 0.359444
1650.0 0.362396
1655.0 0.36457
1660.0 0.358094
1665.0 0.360172
1670.0 0.358554
1675.0 0.35199
1680.0 0.371588
1685.0 0.352362
1690.0 0.354194
1695.0 0.354446
1700.0 0.336894
1705.0 0.343472
1710.0 0.340156
1715.0 0.347148
1720.0 0.351142
1725.0 0.340652
1730.0 0.349294
1735.0 0.34993
