0.0 1.704268
5.0 1.852422
10.0 1.86789
15.0 0.780066
20.0 1.674242
25.0 1.662986
30.0 1.875096
35.0 1.882088
40.0 1.868832
45.0 1.872756
50.0 1.80903
55.0 1.804678
60.0 1.850322
65.0 1.802858
70.0 1.862534
75.0 1.874004
80.0 1.885838
85.0 1.867166
90.0 1.8365
95.0 1.870678
100.0 1.841318
105.0 1.880544
110.0 1.800078
115.0 1.822498
120.0 1.78036
125.0 1.612164
130.0 1.879314
135.0 1.893224
140.0 1.91708
145.0 1.906278
150.0 1.906138
155.0 1.875322
160.0 1.8138
165.0 1.852998
170.0 1.827854
175.0 1.913508
180.0 1.937978
185.0 1.92886
190.0 1.748834
195.0 1.865868
200.0 2.011784
205.0 1.973702
210.0 1.712408
215.0 1.96953
220.0 1.999736
225.0 1.92955
230.0 1.934364
235.0 1.876206
240.0 1.870126
245.0 1.968418
250.0 1.976588
255.0 1.942128
260.0 1.962962
265.0 1.983144
270.0 1.98391
275.0 1.802146
280.0 1.906114
285.0 1.962478
290.0 1.912856
295.0 1.970086
300.0 1.883036
305.0 1.90326
310.0 1.938042
315.0 1.804594
320.0 1.982648
325.0 1.97726
330.0 1.986404
335.0 1.945792
340.0 1.894104
345.0 1.919406
350.0 1.494012
355.0 1.938184
360.0 1.969876
365.0 1.978944
370.0 1.943686
375.0 1.957156
380.0 1.963684
385.0 1.941048
390.0 1.938844
395.0 1.876062
400.0 2.02363
405.0 1.892428
410.0 1.947174
415.0 1.991642
420.0 1.554502
425.0 1.95986
430.0 2.016438
435.0 2.025912
440.0 1.961708
445.0 0.564498
450.0 1.990486
455.0 2.033936
460.0 1.991886
465.0 1.906936
470.0 1.407246
475.0 1.930072
480.0 1.969184
485.0 2.030806
490.0 1.984618
495.0 1.976768
500.0 1.99259
505.0 1.97957
510.0 1.972596
515.0 1.822246
520.0 1.952642
525.0 1.986036
530.0 1.987584
535.0 1.98516
540.0 1.987634
545.0 2.009002
550.0 2.01176
555.0 1.983432
560.0 1.997936
565.0 1.991044
570.0 1.999626
575.0 1.280616
580.0 1.99901
585.0 1.730152
590.0 1.752484
595.0 1.793656
600.0 1.966768
605.0 2.044214
610.0 2.043398
615.0 1.997062
620.0 1.98744
625.0 2.043716
630.0 1.99527
635.0 2.03498
640.0 1.810848
645.0 1.949486
650.0 1.954854
655.0 2.004494
660.0 1.977448
665.0 2.0023
670.0 1.89012
675.0 1.97767
680.0 2.032008
685.0 2.000242
690.0 1.980044
695.0 1.959654
700.0 2.009836
705.0 2.003176
710.0 1.771518
715.0 1.93129
720.0 2.02298
725.0 1.984102
730.0 1.742462
735.0 2.00439
740.0 2.000368
745.0 1.94723
750.0 2.019104
755.0 2.043238
760.0 1.992148
765.0 1.973002
770.0 1.92509
775.0 2.024644
780.0 2.055752
785.0 2.014628
790.0 2.053956
795.0 2.035828
800.0 2.035818
805.0 2.016512
810.0 1.638278
815.0 2.06928
820.0 2.027186
825.0 2.075602
830.0 2.071524
835.0 2.060774
840.0 2.057184
845.0 2.060692
850.0 2.070528
855.0 2.094384
860.0 2.055468
865.0 2.04229
870.0 2.045086
875.0 2.068024
880.0 2.100296
885.0 2.005606
890.0 2.053134
895.0 2.078852
900.0 1.99324
905.0 2.086252
910.0 2.016224
915.0 2.09625
920.0 2.07411
925.0 2.08609
930.0 0.737554
935.0 2.04514
940.0 1.914018
945.0 2.024628
950.0 2.065152
955.0 2.046724
960.0 1.91124
965.0 1.998532
970.0 2.03396
975.0 2.074788
980.0 2.047176
985.0 2.011236
990.0 2.043656
995.0 2.003172
1000.0 2.045958
1005.0 2.050548
1010.0 2.00523
1015.0 2.021704
1020.0 1.984796
1025.0 1.9621
1030.0 1.97045
1035.0 2.058864
1040.0 1.79213
1045.0 2.024428
1050.0 2.010428
1055.0 2.026216
1060.0 2.01135
1065.0 1.98712
1070.0 0.55537
1075.0 1.96764
1080.0 1.925002
1085.0 2.005254
1090.0 1.95109
1095.0 2.015502
1100.0 1.995998
1105.0 1.699728
1110.0 2.003658
1115.0 2.01223
1120.0 1.980824
1125.0 1.844554
1130.0 1.95158
1135.0 0.19302
1140.0 1.986086
1145.0 1.949126
1150.0 2.01298
1155.0 1.752604
1160.0 2.018238
1165.0 1.994472
1170.0 2.009254
1175.0 1.986264
1180.0 1.919506
1185.0 1.930194
1190.0 1.874862
1195.0 1.979398
1200.0 2.003912
1205.0 1.95601
1210.0 1.840596
1215.0 1.965388
1220.0 1.911134
1225.0 1.958494
1230.0 1.97004
1235.0 1.733628
1240.0 1.923876
1245.0 1.897882
1250.0 1.943858
1255.0 1.984856
1260.0 1.705404
1265.0 1.933388
1270.0 1.974188
1275.0 1.84356
1280.0 1.961814
1285.0 1.921438
1290.0 1.951868
1295.0 1.924254
1300.0 1.9428
1305.0 1.92799
1310.0 1.933562
1315.0 1.96202
1320.0 1.924008
1325.0 1.512766
1330.0 1.945656
1335.0 1.926226
1340.0 1.879592
1345.0 1.909552
1350.0 1.87382
1355.0 1.894812
1360.0 1.90438
1365.0 1.880208
1370.0 1.890648
1375.0 1.868552
1380.0 1.830918
1385.0 1.887994
1390.0 1.83563
1395.0 1.926678
1400.0 1.860108
1405.0 1.893742
1410.0 1.911768
1415.0 1.931538
1420.0 1.91585
1425.0 1.66769
1430.0 1.891168
1435.0 1.880676
1440.0 1.875518
1445.0 1.924558
1450.0 1.927766
1455.0 1.933598
1460.0 1.849944
1465.0 1.860894
1470.0 1.66536
1475.0 1.869182
1480.0 1.876932
1485.0 1.83201
1490.0 1.905578
1495.0 1.860412
1500.0 1.885984
1505.0 1.838506
1510.0 1.848698
1515.0 1.840542
1520.0 1.871936
1525.0 1.854278
1530.0 1.87172
1535.0 1.848724
1540.0 1.854668
1545.0 1.832178
1550.0 1.805452
1555.0 1.808112
1560.0 1.807472
1565.0 1.81231
1570.0 1.802412
1575.0 1.813948
1580.0 1.84597
1585.0 1.819206
1590.0 1.756906
1595.0 1.790854
1600.0 1.644178
1605.0 1.705912
1610.0 1.776608
1615.0 1.846444
1620.0 1.803284
1625.0 1.793738
1630.0 1.807034
1635.0 1.669608
1640.0 1.306938
1645.0 1.855712
1650.0 1.848528
1655.0 1.847194
1660.0 1.837638
1665.0 1.840658
1670.0 1.758
1675.0 1.858112
1680.0 1.8354
1685.0 1.821978
1690.0 1.838432
1695.0 1.865948
1700.0 1.653014
1705.0 1.876116
1710.0 1.861824
1715.0 1.839852
1720.0 1.743458
1725.0 1.861588
1730.0 1.884244
1735.0 1.826194
1740.0 1.84385
1745.0 1.860552
1750.0 1.892302
1755.0 1.82638
1760.0 1.236442
1765.0 1.763804
1770.0 1.847568
1775.0 1.836258
1780.0 1.835256
1785.0 1.818124
1790.0 1.554414
1795.0 1.695242
1800.0 1.627586
1805.0 1.81278
1810.0 1.797836
1815.0 1.751254
1820.0 1.812202
1825.0 1.716212
1830.0 1.754456
1835.0 1.724024
1840.0 1.724284
1845.0 1.780748
1850.0 1.743968
