0.0 1.797002
5.0 1.919142
10.0 1.980602
15.0 1.866908
20.0 1.946984
25.0 1.861248
30.0 1.930694
35.0 1.926132
40.0 1.949802
45.0 1.95489
50.0 1.964744
55.0 1.893592
60.0 1.705684
65.0 1.914432
70.0 1.898744
75.0 1.840084
80.0 1.941116
85.0 1.845086
90.0 1.87959
95.0 1.90967
100.0 1.945986
105.0 1.98682
110.0 1.933886
115.0 1.915704
120.0 1.927348
125.0 1.962258
130.0 1.99089
135.0 1.990644
140.0 1.951884
145.0 1.797116
150.0 1.963814
155.0 1.93294
160.0 1.718226
165.0 1.71507
170.0 1.940482
175.0 1.989956
180.0 1.953226
185.0 2.023066
190.0 1.978542
195.0 2.064824
200.0 2.01798
205.0 1.902726
210.0 2.016102
215.0 1.862428
220.0 2.054002
225.0 1.998958
230.0 1.990314
235.0 2.04232
240.0 2.029744
245.0 2.006234
250.0 2.035038
255.0 2.028656
260.0 1.925772
265.0 2.054404
270.0 2.039134
275.0 2.004152
280.0 2.04093
285.0 2.032686
290.0 1.97751
295.0 2.01327
300.0 2.051302
305.0 1.79105
310.0 2.059284
315.0 2.051476
320.0 1.985074
325.0 2.040086
330.0 2.038652
335.0 2.007508
340.0 2.044894
345.0 2.028458
350.0 1.995316
355.0 1.925352
360.0 2.051074
365.0 1.914326
370.0 2.03543
375.0 2.062346
380.0 2.001518
385.0 2.04667
390.0 1.994554
395.0 2.04981
400.0 2.010018
405.0 2.020546
410.0 1.9622
415.0 1.923612
420.0 2.027262
425.0 2.048056
430.0 2.061256
435.0 2.03988
440.0 2.020902
445.0 2.047628
450.0 2.040736
455.0 2.077632
460.0 1.74162
465.0 2.053032
470.0 2.037462
475.0 1.90621
480.0 2.02077
485.0 1.95306
490.0 2.065912
495.0 2.093906
500.0 2.081664
505.0 2.03558
510.0 2.076586
515.0 2.063154
520.0 2.104798
525.0 2.052048
530.0 2.030274
535.0 1.932374
540.0 2.090738
545.0 2.049658
550.0 2.02098
555.0 2.085322
560.0 2.117538
565.0 2.054352
570.0 1.972974
575.0 2.00204
580.0 1.960618
585.0 1.75567
590.0 2.068862
595.0 1.935964
600.0 2.018986
605.0 2.029074
610.0 2.042166
615.0 1.76835
620.0 2.084758
625.0 2.078524
630.0 2.085672
635.0 1.987052
640.0 2.049372
645.0 1.908592
650.0 1.924364
655.0 1.987488
660.0 2.072536
665.0 2.044836
670.0 2.07116
675.0 2.0732
680.0 2.067062
685.0 2.04121
690.0 2.072438
695.0 1.984134
700.0 1.95372
705.0 1.846462
710.0 2.017436
715.0 1.962022
720.0 2.050148
725.0 2.083532
730.0 2.05511
735.0 2.037802
740.0 2.038248
745.0 2.068834
750.0 2.019232
755.0 2.078696
760.0 1.996668
765.0 2.08736
770.0 2.031622
775.0 2.062706
780.0 2.039672
785.0 2.132386
790.0 2.09783
795.0 2.180182
800.0 2.046008
805.0 1.985248
810.0 2.090474
815.0 2.092812
820.0 1.878824
825.0 2.148648
830.0 1.986466
835.0 2.09695
840.0 1.985186
845.0 2.138746
850.0 2.165054
855.0 2.146946
860.0 2.060718
865.0 2.098418
870.0 1.886516
875.0 2.122068
880.0 2.148984
885.0 2.14939
890.0 2.127188
895.0 2.059878
900.0 2.09858
905.0 2.091684
910.0 2.111538
915.0 2.124052
920.0 2.107888
925.0 2.088514
930.0 2.043414
935.0 1.98961
940.0 2.100342
945.0 2.11452
950.0 2.01487
955.0 1.972382
960.0 2.05364
965.0 2.111816
970.0 2.125344
975.0 1.894724
980.0 2.087178
985.0 2.061368
990.0 2.08915
995.0 2.083534
1000.0 2.109388
1005.0 2.018714
1010.0 1.982396
1015.0 2.033614
1020.0 2.057866
1025.0 2.119442
1030.0 2.112232
1035.0 2.10921
1040.0 2.084462
1045.0 2.071768
1050.0 2.033124
1055.0 2.096754
1060.0 1.941566
1065.0 2.09247
1070.0 2.072536
1075.0 2.06357
1080.0 2.066808
1085.0 2.0634
1090.0 2.08482
1095.0 2.06756
1100.0 2.051514
1105.0 2.046666
1110.0 2.07644
1115.0 2.067588
1120.0 2.020382
1125.0 2.082234
1130.0 2.077066
1135.0 2.06588
1140.0 2.03088
1145.0 2.087508
1150.0 2.008098
1155.0 2.094754
1160.0 2.059804
1165.0 2.057374
1170.0 2.058966
1175.0 2.06188
1180.0 0.890852
1185.0 2.033152
1190.0 2.057478
1195.0 1.984464
1200.0 2.061408
1205.0 2.060476
1210.0 2.058298
1215.0 2.047836
1220.0 2.05822
1225.0 2.064612
1230.0 2.014786
1235.0 2.067224
1240.0 1.914872
1245.0 1.962122
1250.0 2.00902
1255.0 1.865816
1260.0 2.057512
1265.0 2.031662
1270.0 2.04567
1275.0 2.015796
1280.0 2.00024
1285.0 2.022386
1290.0 2.037296
1295.0 2.02868
1300.0 1.999146
1305.0 2.02834
1310.0 2.037582
1315.0 2.033132
1320.0 2.013064
1325.0 2.039236
1330.0 1.98491
1335.0 1.996202
1340.0 1.963892
1345.0 1.913186
1350.0 1.924408
1355.0 1.838344
1360.0 1.952432
1365.0 1.8728
1370.0 1.865572
1375.0 1.965108
1380.0 1.959558
1385.0 1.990762
1390.0 1.981896
1395.0 1.976312
1400.0 1.97915
1405.0 1.9573
1410.0 1.962652
1415.0 1.98433
1420.0 1.944748
1425.0 1.980442
1430.0 1.987584
1435.0 1.8551
1440.0 1.98754
1445.0 1.99465
1450.0 1.982568
1455.0 1.995926
1460.0 1.91009
1465.0 1.258952
1470.0 1.921684
1475.0 1.830334
1480.0 1.910222
1485.0 1.925788
1490.0 1.92831
1495.0 1.821036
1500.0 1.893978
1505.0 1.893994
1510.0 1.886916
1515.0 1.869364
1520.0 1.858346
1525.0 1.842352
1530.0 1.879512
1535.0 1.890006
1540.0 1.918028
1545.0 1.872326
1550.0 1.871144
1555.0 1.866762
1560.0 1.856364
1565.0 1.870524
1570.0 1.874608
1575.0 1.84918
1580.0 1.892946
1585.0 1.7138
1590.0 1.842258
1595.0 1.859246
1600.0 1.898866
1605.0 1.886454
1610.0 1.926698
1615.0 1.882622
1620.0 1.834904
1625.0 1.839582
1630.0 1.894756
1635.0 1.915924
1640.0 1.923326
1645.0 1.882132
1650.0 1.763916
1655.0 1.921776
1660.0 1.933316
1665.0 1.853558
1670.0 1.83104
1675.0 1.852186
1680.0 1.803944
1685.0 1.940568
1690.0 1.94128
1695.0 1.906674
1700.0 1.673344
1705.0 1.904126
1710.0 2.01294
1715.0 1.966066
1720.0 1.889722
1725.0 1.944358
1730.0 1.890666
1735.0 1.829792
1740.0 1.886182
1745.0 1.946962
1750.0 1.882908
1755.0 1.90727
1760.0 1.917494
1765.0 1.892228
1770.0 1.867774
1775.0 1.88137
1780.0 1.783748
1785.0 1.7962
1790.0 1.790266
1795.0 1.843386
1800.0 1.780432
1805.0 1.885596
1810.0 1.868232
1815.0 1.828332
1820.0 1.84828
1825.0 1.823838
1830.0 1.807378
1835.0 1.784014
1840.0 1.825342
1845.0 1.830294
1850.0 1.861766
