0.0 1.681768
5.0 1.817206
10.0 1.822088
15.0 1.871348
20.0 1.800776
25.0 1.849852
30.0 1.845048
35.0 1.858164
40.0 1.82059
45.0 1.817286
50.0 1.790864
55.0 1.805468
60.0 1.846592
65.0 1.828528
70.0 1.813884
75.0 1.857976
80.0 1.803672
85.0 1.847424
90.0 1.800108
95.0 1.591688
100.0 1.795622
105.0 1.886552
110.0 1.83287
115.0 1.88475
120.0 1.86186
125.0 1.524172
130.0 1.782016
135.0 1.837308
140.0 1.800638
145.0 1.815676
150.0 1.8446
155.0 1.541702
160.0 1.745488
165.0 1.804304
170.0 1.810692
175.0 1.769498
180.0 1.46838
185.0 1.86799
190.0 1.889314
195.0 1.872958
200.0 1.876368
205.0 1.815592
210.0 1.92428
215.0 1.884354
220.0 1.92015
225.0 1.39977
230.0 1.874522
235.0 1.939578
240.0 1.940364
245.0 1.8262
250.0 1.94457
255.0 1.934832
260.0 1.961146
265.0 1.916476
270.0 1.915636
275.0 1.805686
280.0 1.927518
285.0 1.917374
290.0 1.875774
295.0 1.949114
300.0 1.932476
305.0 1.921058
310.0 1.93581
315.0 1.941418
320.0 1.945738
325.0 1.964958
330.0 1.887156
335.0 1.930014
340.0 1.898752
345.0 1.9001
350.0 1.900896
355.0 1.93478
360.0 1.95499
365.0 1.950916
370.0 1.90718
375.0 1.908658
380.0 1.94795
385.0 1.889926
390.0 1.895804
395.0 1.900266
400.0 1.910694
405.0 1.892838
410.0 1.800114
415.0 1.57405
420.0 1.89475
425.0 1.879202
430.0 1.908452
435.0 1.94196
440.0 1.884764
445.0 1.978428
450.0 1.942042
455.0 1.86366
460.0 1.935126
465.0 1.947572
470.0 1.837344
475.0 1.941614
480.0 1.881438
485.0 1.93013
490.0 1.97521
495.0 1.946992
500.0 1.900748
505.0 1.914522
510.0 1.986204
515.0 1.92223
520.0 1.921192
525.0 1.925248
530.0 1.892554
535.0 1.657846
540.0 1.89587
545.0 1.946306
550.0 1.871958
555.0 1.95814
560.0 1.926368
565.0 1.853166
570.0 1.865402
575.0 1.895658
580.0 1.748196
585.0 1.93191
590.0 1.951144
595.0 1.349514
600.0 1.84871
605.0 1.914
610.0 1.897758
615.0 1.952226
620.0 1.910762
625.0 1.899708
630.0 1.919934
635.0 1.866198
640.0 1.957204
645.0 1.940238
650.0 1.930538
655.0 1.943646
660.0 1.932214
665.0 1.77205
670.0 1.938666
675.0 1.905732
680.0 1.973346
685.0 1.960944
690.0 1.919612
695.0 1.983444
700.0 1.917506
705.0 1.912606
710.0 1.891504
715.0 1.769146
720.0 1.79758
725.0 1.891148
730.0 1.925596
735.0 1.671132
740.0 1.949254
745.0 1.951848
750.0 1.981704
755.0 1.946456
760.0 1.84123
765.0 1.914992
770.0 1.818596
775.0 1.907064
780.0 1.98953
785.0 1.333428
790.0 2.025236
795.0 1.95394
800.0 2.016208
805.0 2.066148
810.0 1.48415
815.0 2.061056
820.0 1.923726
825.0 1.934332
830.0 2.007432
835.0 1.859458
840.0 2.053386
845.0 1.971394
850.0 1.862416
855.0 1.861436
860.0 2.021516
865.0 1.963444
870.0 2.045358
875.0 1.976348
880.0 2.0144
885.0 1.987892
890.0 1.92639
895.0 1.969558
900.0 1.93601
905.0 2.05822
910.0 1.991906
915.0 2.054518
920.0 1.741296
925.0 1.77128
930.0 2.010416
935.0 2.011596
940.0 1.925184
945.0 1.79036
950.0 1.95406
955.0 1.904246
960.0 1.940534
965.0 1.954452
970.0 1.970904
975.0 1.97861
980.0 1.908232
985.0 1.971758
990.0 1.98254
995.0 1.931372
1000.0 1.872156
1005.0 1.932314
1010.0 1.942424
1015.0 1.984712
1020.0 1.80343
1025.0 1.98559
1030.0 1.84456
1035.0 1.98276
1040.0 1.923332
1045.0 1.962698
1050.0 1.753358
1055.0 1.961088
1060.0 1.967434
1065.0 1.868804
1070.0 1.95538
1075.0 1.99404
1080.0 1.773318
1085.0 1.963432
1090.0 1.947814
1095.0 1.911118
1100.0 1.957372
1105.0 1.866864
1110.0 1.947766
1115.0 1.959918
1120.0 1.955438
1125.0 1.9333
1130.0 1.942722
1135.0 1.91141
1140.0 1.952722
1145.0 1.937224
1150.0 1.942594
1155.0 1.925746
1160.0 1.929576
1165.0 1.973926
1170.0 1.73844
1175.0 1.946544
1180.0 1.909884
1185.0 1.942738
1190.0 1.902456
1195.0 1.896658
1200.0 1.971448
1205.0 1.914892
1210.0 1.971092
1215.0 1.95554
1220.0 1.899532
1225.0 1.867082
1230.0 1.844068
1235.0 1.925478
1240.0 1.895554
1245.0 1.865052
1250.0 1.845996
1255.0 1.885584
1260.0 1.909074
1265.0 1.883926
1270.0 1.872426
1275.0 1.924554
1280.0 1.891372
1285.0 1.940702
1290.0 1.923438
1295.0 1.912476
1300.0 1.869054
1305.0 1.845898
1310.0 1.871808
1315.0 1.824598
1320.0 1.856788
1325.0 1.774108
1330.0 1.912838
1335.0 1.890376
1340.0 1.821884
1345.0 1.878824
1350.0 1.856014
1355.0 1.835174
1360.0 1.778236
1365.0 1.718504
1370.0 1.833242
1375.0 1.800826
1380.0 1.8693
1385.0 1.868516
1390.0 1.804464
1395.0 1.831626
1400.0 1.851012
1405.0 1.858944
1410.0 1.812328
1415.0 1.859684
1420.0 1.813616
1425.0 1.858138
1430.0 1.785192
1435.0 1.87218
1440.0 1.83579
1445.0 1.85203
1450.0 1.825128
1455.0 1.876202
1460.0 1.811098
1465.0 1.775158
1470.0 1.803536
1475.0 1.794618
1480.0 1.82739
1485.0 1.795946
1490.0 1.817034
1495.0 1.778802
1500.0 1.725466
1505.0 1.807086
1510.0 1.809434
1515.0 1.821824
1520.0 1.790064
1525.0 1.80841
1530.0 1.82955
1535.0 1.824886
1540.0 1.816012
1545.0 1.780658
1550.0 1.784382
1555.0 1.804978
1560.0 1.774542
1565.0 1.682526
1570.0 1.768284
1575.0 1.787116
1580.0 1.750468
1585.0 1.804298
1590.0 1.473382
1595.0 1.774952
1600.0 1.771856
1605.0 1.765626
1610.0 1.77851
1615.0 1.576328
1620.0 1.790922
1625.0 1.786252
1630.0 1.762192
1635.0 1.776948
1640.0 1.793268
1645.0 1.79438
1650.0 1.797836
1655.0 1.53093
1660.0 1.81391
1665.0 1.799364
1670.0 1.82163
1675.0 1.805268
1680.0 1.794152
1685.0 1.813772
1690.0 1.829946
1695.0 1.830528
1700.0 1.821906
1705.0 1.834872
1710.0 1.805246
1715.0 1.82317
1720.0 1.355952
1725.0 1.786082
1730.0 1.841366
1735.0 1.787834
1740.0 1.77253
1745.0 1.808354
1750.0 1.682962
1755.0 1.834328
1760.0 1.770178
1765.0 1.798364
1770.0 1.737274
1775.0 1.801474
1780.0 1.629328
1785.0 1.782066
1790.0 1.767232
1795.0 1.48143
1800.0 1.766376
1805.0 1.754222
1810.0 1.730366
1815.0 1.795542
1820.0 1.785258
1825.0 1.74458
1830.0 1.719736
1835.0 1.717612
1840.0 1.748554
1845.0 1.75753
1850.0 1.733522
1855.0 1.492074
