0.0 1.987808
5.0 1.737636
10.0 1.878906
15.0 2.03804
20.0 1.667722
25.0 1.83248
30.0 2.027074
35.0 2.016122
40.0 1.750346
45.0 2.005052
50.0 2.035918
55.0 2.003812
60.0 2.018674
65.0 1.99674
70.0 1.980202
75.0 1.883074
80.0 1.986188
85.0 1.92287
90.0 1.99199
95.0 1.936386
100.0 1.260628
105.0 1.939964
110.0 2.024022
115.0 1.77891
120.0 2.03782
125.0 1.994148
130.0 1.814098
135.0 2.012152
140.0 2.002808
145.0 1.872912
150.0 2.039292
155.0 2.053548
160.0 1.879204
165.0 1.994406
170.0 1.885382
175.0 2.072714
180.0 2.093046
185.0 1.89605
190.0 2.099472
195.0 2.123704
200.0 1.685056
205.0 2.118968
210.0 2.163758
215.0 1.946748
220.0 1.935292
225.0 2.189054
230.0 2.015826
235.0 2.1428
240.0 2.1189
245.0 1.8567
250.0 2.1197
255.0 2.094346
260.0 1.91433
265.0 2.146524
270.0 1.134552
275.0 1.87918
280.0 2.092158
285.0 2.146922
290.0 1.908066
295.0 1.842152
300.0 2.133964
305.0 1.906132
310.0 2.118694
315.0 2.073832
320.0 1.987152
325.0 2.129638
330.0 2.126052
335.0 1.85715
340.0 2.109504
345.0 2.040314
350.0 1.95883
355.0 1.994898
360.0 2.124654
365.0 1.933948
370.0 1.968314
375.0 2.002918
380.0 1.900762
385.0 2.110932
390.0 2.102772
395.0 1.89742
400.0 2.104626
405.0 2.07127
410.0 1.92394
415.0 2.02309
420.0 2.06452
425.0 1.913124
430.0 2.040334
435.0 2.12508
440.0 1.946794
445.0 2.13689
450.0 2.142776
455.0 1.796394
460.0 1.724446
465.0 1.867474
470.0 1.748086
475.0 2.042774
480.0 2.075488
485.0 1.409098
490.0 2.134374
495.0 2.161246
500.0 2.03295
505.0 2.123852
510.0 2.09287
515.0 1.843966
520.0 2.13008
525.0 2.045704
530.0 1.977264
535.0 2.114332
540.0 2.16798
545.0 2.032322
550.0 2.152906
555.0 2.135564
560.0 1.94033
565.0 2.147992
570.0 2.108446
575.0 1.900038
580.0 2.146648
585.0 2.085078
590.0 2.05291
595.0 2.149226
600.0 2.085124
605.0 2.124114
610.0 1.81147
615.0 2.151976
620.0 1.947684
625.0 2.151396
630.0 2.175654
635.0 1.981358
640.0 2.138914
645.0 1.957198
650.0 2.044494
655.0 2.09848
660.0 2.140056
665.0 1.901648
670.0 1.910684
675.0 2.194006
680.0 1.900408
685.0 2.13608
690.0 2.145348
695.0 1.880676
700.0 2.154672
705.0 2.121098
710.0 1.911228
715.0 2.15262
720.0 2.17079
725.0 1.918226
730.0 2.141426
735.0 2.16905
740.0 1.904696
745.0 2.18852
750.0 1.867102
755.0 1.903152
760.0 2.193432
765.0 2.211826
770.0 1.922608
775.0 2.048124
780.0 1.571778
785.0 1.875206
790.0 2.05584
795.0 2.18267
800.0 1.967236
805.0 2.22866
810.0 2.18846
815.0 2.04774
820.0 2.179158
825.0 2.1286
830.0 2.06352
835.0 1.584562
840.0 2.184988
845.0 2.088386
850.0 2.116594
855.0 1.705498
860.0 1.986358
865.0 2.202578
870.0 1.917
875.0 1.932934
880.0 2.2013
885.0 2.2465
890.0 1.76111
895.0 1.578994
900.0 1.150388
905.0 0.904834
910.0 2.257988
915.0 2.170724
920.0 1.978936
925.0 2.214158
930.0 2.162776
935.0 1.714598
940.0 2.16136
945.0 2.161764
950.0 2.164302
955.0 2.11533
960.0 2.19262
965.0 1.92936
970.0 2.079334
975.0 2.08808
980.0 1.919556
985.0 2.131074
990.0 2.15484
995.0 1.806142
1000.0 2.150292
1005.0 2.052776
1010.0 1.898918
1015.0 2.1401
1020.0 2.058532
1025.0 1.978472
1030.0 2.13066
1035.0 2.173426
1040.0 2.131048
1045.0 2.223228
1050.0 2.166668
1055.0 1.8972
1060.0 2.113428
1065.0 2.126996
1070.0 2.032582
1075.0 2.08058
1080.0 2.074468
1085.0 1.905424
1090.0 2.12701
1095.0 2.022256
1100.0 1.90948
1105.0 2.083012
1110.0 1.85685
1115.0 1.864498
1120.0 2.168484
1125.0 2.139328
1130.0 1.999218
1135.0 1.999172
1140.0 2.097058
1145.0 2.030594
1150.0 2.125684
1155.0 2.132344
1160.0 2.033596
1165.0 2.028536
1170.0 2.124672
1175.0 2.014676
1180.0 2.16522
1185.0 2.098222
1190.0 1.947092
1195.0 2.088376
1200.0 2.074606
1205.0 1.9947
1210.0 2.139174
1215.0 2.026646
1220.0 2.0009
1225.0 2.103434
1230.0 2.102602
1235.0 1.859974
1240.0 2.11025
1245.0 2.024946
1250.0 1.947448
1255.0 1.997786
1260.0 2.143402
1265.0 1.919884
1270.0 2.08952
1275.0 2.058266
1280.0 1.979702
1285.0 2.080496
1290.0 2.07942
1295.0 1.86476
1300.0 2.095002
1305.0 1.952404
1310.0 1.839308
1315.0 2.039554
1320.0 1.87325
1325.0 1.786276
1330.0 2.049326
1335.0 1.83559
1340.0 2.008642
1345.0 2.033452
1350.0 1.924834
1355.0 2.022432
1360.0 1.860126
1365.0 1.811124
1370.0 2.03467
1375.0 2.045328
1380.0 1.752882
1385.0 2.010568
1390.0 2.072228
1395.0 1.55908
1400.0 2.020304
1405.0 1.982606
1410.0 1.806108
1415.0 2.012034
1420.0 2.022304
1425.0 1.836988
1430.0 2.066072
1435.0 2.017216
1440.0 1.391766
1445.0 2.064682
1450.0 2.074694
1455.0 1.986364
1460.0 1.966838
1465.0 1.977078
1470.0 1.875942
1475.0 2.023282
1480.0 1.984676
1485.0 1.895492
1490.0 1.984224
1495.0 1.951582
1500.0 1.742346
1505.0 1.96413
1510.0 2.001902
1515.0 1.896108
1520.0 1.974212
1525.0 1.948136
1530.0 1.802822
1535.0 1.905508
1540.0 2.002098
1545.0 1.803106
1550.0 1.870542
1555.0 1.979706
1560.0 1.583102
1565.0 1.927736
1570.0 1.940492
1575.0 1.7787
1580.0 1.976398
1585.0 1.929238
1590.0 1.521698
1595.0 1.687784
1600.0 1.94242
1605.0 1.690146
1610.0 1.936326
1615.0 1.916882
1620.0 1.789234
1625.0 1.953596
1630.0 1.950646
1635.0 1.728802
1640.0 1.98391
1645.0 1.965162
1650.0 1.789032
1655.0 1.104286
1660.0 1.999028
1665.0 1.800468
1670.0 1.944972
1675.0 1.30117
1680.0 1.119846
1685.0 1.951188
1690.0 1.991684
1695.0 1.80465
1700.0 1.99139
1705.0 1.303052
1710.0 1.865744
1715.0 1.866434
1720.0 1.989168
1725.0 1.820452
1730.0 1.993032
1735.0 2.007408
1740.0 1.758542
1745.0 2.030976
1750.0 1.941138
1755.0 1.776872
1760.0 1.93943
1765.0 1.981374
1770.0 1.754334
1775.0 1.911198
1780.0 1.900232
1785.0 1.632266
1790.0 1.903064
1795.0 1.84224
1800.0 1.786656
1805.0 1.923828
1810.0 1.924588
1815.0 1.747344
1820.0 1.92795
1825.0 1.90997
1830.0 1.69014
1835.0 1.78735
1840.0 1.930346
1845.0 1.720874
1850.0 1.810812
