0.0 0.422556
5.0 0.427844
10.0 0.426276
15.0 0.409492
20.0 0.419962
25.0 0.398696
30.0 0.417994
35.0 0.424122
40.0 0.409676
45.0 0.406998
50.0 0.413418
55.0 0.413522
60.0 0.412634
65.0 0.424074
70.0 0.427502
75.0 0.424278
80.0 0.426294
85.0 0.08829
90.0 0.424552
95.0 0.4264
100.0 0.42289
105.0 0.421238
110.0 0.429594
115.0 0.43457
120.0 0.424822
125.0 0.449584
130.0 0.44993
135.0 0.454362
140.0 0.450066
145.0 0.455374
150.0 0.454286
155.0 0.449862
160.0 0.457936
165.0 0.425606
170.0 0.449438
175.0 0.44991
180.0 0.450028
185.0 0.451188
190.0 0.448034
195.0 0.446644
200.0 0.448002
205.0 0.445682
210.0 0.44645
215.0 0.448124
220.0 0.444246
225.0 0.444906
230.0 0.444614
235.0 0.443072
240.0 0.442524
245.0 0.428636
250.0 0.440334
255.0 0.44395
260.0 0.442932
265.0 0.445202
270.0 0.448016
275.0 0.442616
280.0 0.454246
285.0 0.41425
290.0 0.44269
295.0 0.4548
300.0 0.453392
305.0 0.439128
310.0 0.441036
315.0 0.448368
320.0 0.451672
325.0 0.44502
330.0 0.452364
335.0 0.451106
340.0 0.428974
345.0 0.452858
350.0 0.44253
355.0 0.434348
360.0 0.43885
365.0 0.446686
370.0 0.447916
375.0 0.448138
380.0 0.450266
385.0 0.448172
390.0 0.440678
395.0 0.444998
400.0 0.450124
405.0 0.436048
410.0 0.451702
415.0 0.429474
420.0 0.444884
425.0 0.42835
430.0 0.444944
435.0 0.448672
440.0 0.44426
445.0 0.444572
450.0 0.441602
455.0 0.448182
460.0 0.446218
465.0 0.445374
470.0 0.440984
475.0 0.423916
480.0 0.439352
485.0 0.428464
490.0 0.439332
495.0 0.420768
500.0 0.424056
505.0 0.439996
510.0 0.425428
515.0 0.434478
520.0 0.4575
525.0 0.460066
530.0 0.452086
535.0 0.462098
540.0 0.471472
545.0 0.472176
550.0 0.466264
555.0 0.46251
560.0 0.424596
565.0 0.46419
570.0 0.465322
575.0 0.439216
580.0 0.476388
585.0 0.469868
590.0 0.47323
595.0 0.47097
600.0 0.449058
605.0 0.47806
610.0 0.463944
615.0 0.454408
620.0 0.465308
625.0 0.441464
630.0 0.451322
635.0 0.420612
640.0 0.444632
645.0 0.44601
650.0 0.431826
655.0 0.450156
660.0 0.422898
665.0 0.444
670.0 0.426872
675.0 0.425684
680.0 0.423958
685.0 0.444222
690.0 0.417574
695.0 0.4077
700.0 0.406394
705.0 0.415804
710.0 0.41486
715.0 0.417092
720.0 0.431768
725.0 0.436638
730.0 0.439144
735.0 0.43365
740.0 0.414712
745.0 0.451688
750.0 0.451956
755.0 0.447574
760.0 0.416508
765.0 0.422638
770.0 0.428166
775.0 0.407424
780.0 0.406772
785.0 0.407088
790.0 0.405774
795.0 0.435426
800.0 0.448636
805.0 0.446734
810.0 0.41131
815.0 0.449254
820.0 0.431742
825.0 0.440726
830.0 0.444876
835.0 0.443236
840.0 0.434226
845.0 0.422986
850.0 0.44257
855.0 0.426236
860.0 0.424368
865.0 0.433016
870.0 0.43527
875.0 0.428688
880.0 0.424978
885.0 0.435832
890.0 0.428386
895.0 0.416188
900.0 0.43681
905.0 0.43817
910.0 0.433726
915.0 0.131426
920.0 0.439374
925.0 0.435992
930.0 0.13911
935.0 0.413016
940.0 0.412546
945.0 0.42545
950.0 0.4242
955.0 0.417212
960.0 0.41649
965.0 0.426636
970.0 0.41956
975.0 0.4049
980.0 0.42145
985.0 0.417462
990.0 0.415964
995.0 0.417618
1000.0 0.401822
1005.0 0.415758
1010.0 0.407644
1015.0 0.408768
1020.0 0.406428
1025.0 0.403782
1030.0 0.391388
1035.0 0.411292
1040.0 0.40463
1045.0 0.409844
1050.0 0.408938
1055.0 0.40809
1060.0 0.39298
1065.0 0.408354
1070.0 0.380804
1075.0 0.4163
1080.0 0.419234
1085.0 0.420064
1090.0 0.419312
1095.0 0.400686
1100.0 0.41894
1105.0 0.423076
1110.0 0.131754
1115.0 0.383108
1120.0 0.400732
1125.0 0.394658
1130.0 0.39181
1135.0 0.356656
1140.0 0.36949
1145.0 0.382276
1150.0 0.376924
1155.0 0.375838
1160.0 0.353822
1165.0 0.369332
1170.0 0.348814
1175.0 0.363978
1180.0 0.33652
1185.0 0.355794
1190.0 0.356264
1195.0 0.358288
1200.0 0.353748
