0.0 1.733276
5.0 1.3656
10.0 1.761798
15.0 1.374562
20.0 1.719764
25.0 1.065982
30.0 0.931548
35.0 1.37109
40.0 1.66768
45.0 1.475582
50.0 1.687222
55.0 1.7462
60.0 1.4689
65.0 1.709654
70.0 1.682482
75.0 1.400192
80.0 1.388412
85.0 1.36654
90.0 1.228934
95.0 1.514722
100.0 1.696284
105.0 1.709598
110.0 1.71589
115.0 1.66992
120.0 1.678816
125.0 1.651246
130.0 1.546244
135.0 1.46507
140.0 1.592498
145.0 0.961978
150.0 1.576798
155.0 0.998558
160.0 1.61053
165.0 0.935282
170.0 1.458628
175.0 1.494756
180.0 1.599056
185.0 1.759548
190.0 1.43232
195.0 1.58873
200.0 1.832518
205.0 1.50573
210.0 1.59064
215.0 1.730242
220.0 1.6635
225.0 1.538702
230.0 1.418564
235.0 1.747688
240.0 1.744126
245.0 1.691704
250.0 1.80229
255.0 1.975088
260.0 1.606324
265.0 1.883264
270.0 1.812636
275.0 1.688328
280.0 1.612488
285.0 1.758376
290.0 1.607954
295.0 1.681082
300.0 1.582988
305.0 1.753938
310.0 1.65569
315.0 1.810174
320.0 1.656958
325.0 1.565296
330.0 1.446164
335.0 1.458474
340.0 1.744218
345.0 1.724342
350.0 1.742158
355.0 1.33429
360.0 1.48629
365.0 1.459998
370.0 1.620726
375.0 1.151904
380.0 1.860134
385.0 1.504462
390.0 1.565818
395.0 1.53147
400.0 1.751192
405.0 1.44501
410.0 1.163432
415.0 1.808468
420.0 1.411312
425.0 1.700384
430.0 1.435028
435.0 1.711518
440.0 1.56488
445.0 1.746672
450.0 1.37402
455.0 1.884106
460.0 1.410728
465.0 1.772844
470.0 1.731982
475.0 1.817108
480.0 1.751006
485.0 1.554428
490.0 1.697506
495.0 1.4627
500.0 1.888308
505.0 1.441818
510.0 1.50269
515.0 1.515202
520.0 1.491828
525.0 0.920996
530.0 1.596022
535.0 1.322334
540.0 0.97883
545.0 1.787126
550.0 1.70994
555.0 1.933354
560.0 1.908668
565.0 1.668396
570.0 1.741524
575.0 1.718554
580.0 1.944858
585.0 1.458568
590.0 1.737868
595.0 1.50714
600.0 0.927966
605.0 1.292412
610.0 1.74991
615.0 1.583388
620.0 1.694026
625.0 1.933954
630.0 1.529244
635.0 1.730196
640.0 1.660946
645.0 1.43066
650.0 0.970978
655.0 1.435468
660.0 1.244312
665.0 1.748714
670.0 1.412456
675.0 1.894344
680.0 1.531434
685.0 1.594618
690.0 1.620626
695.0 1.663038
700.0 1.357978
705.0 1.66591
710.0 1.38787
715.0 1.197984
720.0 1.718524
725.0 1.741186
730.0 1.475192
735.0 1.936698
740.0 1.92853
745.0 1.903076
750.0 1.508354
755.0 1.714536
760.0 1.740074
765.0 1.517702
770.0 1.366748
775.0 1.672206
780.0 1.53558
785.0 1.718474
790.0 1.205488
795.0 1.644388
800.0 2.00034
805.0 1.548588
810.0 1.57577
815.0 1.341426
820.0 1.870028
825.0 1.677612
830.0 1.881614
835.0 1.68234
840.0 1.860916
845.0 1.721702
850.0 1.724216
855.0 1.676288
860.0 1.59335
865.0 1.485426
870.0 1.472274
875.0 1.476956
880.0 1.309994
885.0 1.642422
890.0 1.647428
895.0 1.507756
900.0 1.825652
905.0 1.691256
910.0 1.779764
915.0 1.599086
920.0 1.563832
925.0 1.683294
930.0 1.715844
935.0 1.399042
940.0 1.410872
945.0 1.427558
950.0 1.614932
955.0 1.850142
960.0 1.335744
965.0 1.462694
970.0 1.558666
975.0 1.589172
980.0 1.489006
985.0 1.676962
990.0 1.558112
995.0 1.58656
1000.0 1.630134
1005.0 1.459254
1010.0 1.671264
1015.0 0.928736
1020.0 1.619158
1025.0 1.152414
1030.0 1.114522
1035.0 1.807364
1040.0 1.15763
1045.0 1.96014
1050.0 1.46531
1055.0 1.444812
1060.0 1.511652
1065.0 1.524278
1070.0 1.671096
1075.0 1.731438
1080.0 1.65691
1085.0 1.994008
1090.0 1.57606
1095.0 1.417934
1100.0 1.505798
1105.0 1.814244
1110.0 1.838938
1115.0 1.661912
1120.0 1.66918
1125.0 1.692352
1130.0 1.567592
1135.0 1.585808
1140.0 1.81187
1145.0 1.655168
1150.0 1.64294
1155.0 1.475716
1160.0 1.857186
1165.0 1.919596
1170.0 1.431854
1175.0 1.87195
1180.0 1.558472
1185.0 1.790792
1190.0 1.5758
1195.0 1.686852
1200.0 1.581284
1205.0 1.904624
1210.0 1.823344
1215.0 1.403888
1220.0 1.760818
1225.0 1.821834
1230.0 1.46213
1235.0 1.50931
1240.0 1.598078
1245.0 1.280066
1250.0 1.357436
1255.0 1.538874
1260.0 1.880546
1265.0 1.91477
1270.0 1.859554
1275.0 1.834
1280.0 1.92134
1285.0 1.894256
1290.0 1.861538
1295.0 1.713518
1300.0 1.854258
1305.0 1.46359
1310.0 1.507308
1315.0 1.102364
1320.0 1.461206
1325.0 1.428666
1330.0 1.899294
1335.0 1.129398
1340.0 1.42787
1345.0 1.464224
1350.0 1.749578
1355.0 1.257766
1360.0 1.517564
1365.0 1.27789
1370.0 1.65994
1375.0 1.40602
1380.0 1.496082
1385.0 1.784506
1390.0 1.69426
1395.0 1.55765
1400.0 0.886356
1405.0 1.81405
1410.0 1.461036
1415.0 1.868006
1420.0 1.660122
1425.0 1.765282
1430.0 1.489738
1435.0 1.53287
1440.0 1.120158
1445.0 1.389362
1450.0 1.41379
1455.0 1.45869
1460.0 1.806028
1465.0 1.58391
1470.0 1.601618
1475.0 1.415888
1480.0 1.361446
1485.0 1.363774
1490.0 1.519762
1495.0 1.528186
1500.0 0.922728
1505.0 0.939944
1510.0 1.616606
1515.0 1.22029
1520.0 1.786574
1525.0 1.54319
1530.0 1.598094
1535.0 0.989254
1540.0 1.645578
1545.0 1.518264
1550.0 1.503206
1555.0 0.891554
1560.0 1.551214
1565.0 1.65227
1570.0 1.281134
1575.0 1.789734
1580.0 1.844216
1585.0 0.97597
1590.0 1.706584
1595.0 1.019298
1600.0 1.426862
1605.0 1.168642
1610.0 1.746368
1615.0 1.654256
1620.0 1.105312
1625.0 0.937044
1630.0 1.35736
1635.0 1.445654
1640.0 1.407664
1645.0 1.548666
1650.0 1.348064
1655.0 1.210084
1660.0 1.44339
1665.0 1.61952
1670.0 1.715682
1675.0 1.630398
1680.0 1.68318
1685.0 1.697664
1690.0 1.684432
1695.0 1.607036
1700.0 1.578608
1705.0 1.74678
1710.0 1.3684
1715.0 1.271228
1720.0 1.631804
1725.0 1.433728
1730.0 1.693806
1735.0 1.289184
1740.0 1.552192
1745.0 1.37102
1750.0 1.75769
1755.0 1.806042
1760.0 1.049218
1765.0 1.000398
1770.0 1.035172
1775.0 1.778282
1780.0 1.30639
1785.0 1.478332
1790.0 0.8368
1795.0 1.716556
1800.0 1.60597
1805.0 1.646824
1810.0 1.74328
1815.0 1.631458
1820.0 1.681038
1825.0 1.388474
1830.0 1.59719
1835.0 1.58358
1840.0 1.509446
1845.0 1.327038
1850.0 1.29189
1855.0 1.494956
