0.0 2.525854
5.0 2.527806
10.0 2.770446
15.0 2.492762
20.0 2.63288
25.0 2.591148
30.0 2.14901
35.0 2.455254
40.0 2.66536
45.0 2.639474
50.0 2.526094
55.0 2.155518
60.0 2.223796
65.0 2.600968
70.0 2.328466
75.0 2.51087
80.0 2.565292
85.0 2.60537
90.0 2.551544
95.0 2.468446
100.0 2.411018
105.0 2.654602
110.0 2.684424
115.0 2.473394
120.0 2.212656
125.0 2.310618
130.0 2.625522
135.0 2.169236
140.0 2.536704
145.0 2.610738
150.0 2.61764
155.0 2.593092
160.0 2.690584
165.0 2.625368
170.0 2.559838
175.0 2.49835
180.0 2.581808
185.0 2.723334
190.0 2.65968
195.0 2.641256
200.0 2.656632
205.0 2.7074
210.0 2.567902
215.0 2.628618
220.0 2.676106
225.0 2.6314
230.0 2.637392
235.0 2.6891
240.0 2.732818
245.0 2.689056
250.0 2.643926
255.0 2.813014
260.0 2.70935
265.0 2.33135
270.0 2.867698
275.0 2.657388
280.0 2.668032
285.0 2.655812
290.0 2.809148
295.0 2.76253
300.0 2.486554
305.0 2.702498
310.0 2.752788
315.0 2.657782
320.0 2.792426
325.0 2.663812
330.0 2.303416
335.0 2.678626
340.0 2.620008
345.0 1.34482
350.0 2.544658
355.0 2.60987
360.0 2.715118
365.0 2.630254
370.0 2.712976
375.0 2.617446
380.0 2.84887
385.0 2.572028
390.0 2.757988
395.0 2.486394
400.0 2.794106
405.0 2.724718
410.0 2.728502
415.0 2.867644
420.0 2.59323
425.0 2.728544
430.0 2.834068
435.0 2.793188
440.0 2.79609
445.0 2.766038
450.0 2.8899
455.0 2.70112
460.0 2.796226
465.0 2.243192
470.0 2.80055
475.0 2.870946
480.0 2.539834
485.0 1.660124
490.0 2.80437
495.0 2.24984
500.0 2.627662
505.0 2.670298
510.0 2.698096
515.0 2.707982
520.0 2.777818
525.0 2.744914
530.0 2.828552
535.0 2.740046
540.0 2.362794
545.0 2.5741
550.0 2.676456
555.0 2.810022
560.0 2.726022
565.0 2.452634
570.0 2.615624
575.0 2.561614
580.0 2.74251
585.0 2.659214
590.0 2.790646
595.0 2.779934
600.0 2.696326
605.0 2.63742
610.0 2.768394
615.0 2.717458
620.0 2.67061
625.0 2.637694
630.0 2.631012
635.0 1.952656
640.0 2.69732
645.0 2.760764
650.0 2.68755
655.0 2.529474
660.0 2.46028
665.0 2.585584
670.0 2.680588
675.0 2.781706
680.0 2.23737
685.0 2.82435
690.0 2.65484
695.0 2.673214
700.0 2.549974
705.0 2.668748
710.0 2.647418
715.0 0.449482
720.0 2.644282
725.0 2.69114
730.0 2.664672
735.0 2.677944
740.0 2.706568
745.0 2.649662
750.0 2.672384
755.0 2.69273
760.0 2.744312
765.0 2.69628
770.0 2.730558
775.0 2.785078
780.0 2.630938
785.0 2.719738
790.0 2.774108
795.0 2.790296
800.0 2.656254
805.0 2.972328
810.0 2.91831
815.0 2.937096
820.0 2.720296
825.0 2.761924
830.0 2.735124
835.0 2.981758
840.0 2.849336
845.0 2.645672
850.0 2.959652
855.0 2.93736
860.0 2.841234
865.0 2.901072
870.0 2.83339
875.0 2.74251
880.0 2.78175
885.0 2.26433
890.0 2.73116
895.0 2.68607
900.0 2.799326
905.0 2.873052
910.0 2.843894
915.0 2.77201
920.0 2.7692
925.0 2.836222
930.0 2.94515
935.0 2.835162
940.0 2.742492
945.0 2.69709
950.0 2.760076
955.0 2.916716
960.0 2.510706
965.0 2.828262
970.0 2.83949
975.0 2.354604
980.0 2.97556
985.0 2.725148
990.0 2.741032
995.0 2.807848
1000.0 2.83213
1005.0 2.891088
1010.0 2.730226
1015.0 2.801808
1020.0 2.765614
1025.0 2.6655
1030.0 2.865492
1035.0 2.892208
1040.0 2.751616
1045.0 2.707896
1050.0 2.861858
1055.0 2.690692
1060.0 2.765726
1065.0 2.451724
1070.0 2.671258
1075.0 2.759788
1080.0 2.75107
1085.0 2.693692
1090.0 2.72718
1095.0 2.117588
1100.0 2.79369
1105.0 2.685068
1110.0 2.723048
1115.0 2.311302
1120.0 2.911088
1125.0 2.884558
1130.0 2.700164
1135.0 2.672814
1140.0 2.703916
1145.0 2.733534
1150.0 2.715664
1155.0 2.791958
1160.0 2.772704
1165.0 2.35858
1170.0 2.823034
1175.0 2.688356
1180.0 2.836392
1185.0 2.500028
1190.0 2.806562
1195.0 2.563494
1200.0 2.754522
1205.0 2.592218
1210.0 2.561628
1215.0 2.769012
1220.0 2.682198
1225.0 2.645066
1230.0 2.653506
1235.0 2.473292
1240.0 2.880042
1245.0 2.405026
1250.0 2.775428
1255.0 2.831912
1260.0 2.788834
1265.0 2.838804
1270.0 2.841376
1275.0 2.834434
1280.0 2.828028
1285.0 2.808962
1290.0 2.561692
1295.0 2.51854
1300.0 2.691222
1305.0 2.376634
1310.0 2.71969
1315.0 2.46239
1320.0 2.431538
1325.0 1.83407
1330.0 2.725994
1335.0 2.571718
1340.0 2.702192
1345.0 2.765982
1350.0 2.562322
1355.0 2.457912
1360.0 2.639312
1365.0 2.698876
1370.0 2.562742
1375.0 2.680256
1380.0 2.760412
1385.0 2.686832
1390.0 2.655746
1395.0 2.686788
1400.0 2.783964
1405.0 2.778792
1410.0 2.587126
1415.0 2.116506
1420.0 2.546286
1425.0 2.700816
1430.0 2.638174
1435.0 2.37084
1440.0 2.556142
1445.0 2.644438
1450.0 2.724012
1455.0 2.711734
1460.0 2.652386
1465.0 2.51295
1470.0 2.532986
1475.0 2.60895
1480.0 2.555454
1485.0 2.263066
1490.0 2.559844
1495.0 2.568508
1500.0 2.294414
1505.0 2.478626
1510.0 2.5227
1515.0 2.482012
1520.0 2.381202
1525.0 2.5474
1530.0 1.500502
1535.0 2.216542
1540.0 2.582292
1545.0 2.592362
1550.0 2.500694
1555.0 2.657904
1560.0 2.470298
1565.0 2.360268
1570.0 2.392012
1575.0 2.417482
1580.0 2.048602
1585.0 2.525552
1590.0 2.409688
1595.0 2.471204
1600.0 2.442376
1605.0 2.625488
1610.0 2.527368
1615.0 2.110602
1620.0 2.551954
1625.0 2.542726
1630.0 2.517442
1635.0 2.547304
1640.0 2.552048
1645.0 2.573982
1650.0 2.44804
1655.0 2.334926
1660.0 2.439996
1665.0 2.10029
1670.0 1.257506
1675.0 2.369184
1680.0 2.45845
1685.0 2.341952
1690.0 2.522132
1695.0 2.569342
1700.0 2.534814
1705.0 2.594176
1710.0 2.611884
1715.0 2.480484
1720.0 2.373848
1725.0 2.375184
1730.0 2.170148
1735.0 2.490916
1740.0 2.467372
1745.0 2.500678
1750.0 1.660462
1755.0 2.447148
1760.0 2.509998
1765.0 2.263248
1770.0 2.237094
1775.0 2.416824
1780.0 2.47845
1785.0 2.063004
1790.0 2.373554
1795.0 2.165458
1800.0 2.319276
1805.0 2.547794
1810.0 2.39935
1815.0 2.320318
1820.0 2.329098
1825.0 2.313914
1830.0 2.239794
1835.0 2.060382
1840.0 2.285552
1845.0 2.140392
1850.0 2.502068
1855.0 2.37698
