0.0 0.401996
5.0 0.476992
10.0 0.461302
15.0 0.404934
20.0 0.48069
25.0 0.47682
30.0 0.404212
35.0 0.481398
40.0 0.465504
45.0 0.40486
50.0 0.47506
55.0 0.48155
60.0 0.472146
65.0 0.485172
70.0 0.410326
75.0 0.47289
80.0 0.406928
85.0 0.467316
90.0 0.396218
95.0 0.480554
100.0 0.478616
105.0 0.454776
110.0 0.444618
115.0 0.390982
120.0 0.470224
125.0 0.480226
130.0 0.474622
135.0 0.443398
140.0 0.478606
145.0 0.464848
150.0 0.478316
155.0 0.479208
160.0 0.40543
165.0 0.407598
170.0 0.476008
175.0 0.39376
180.0 0.474472
185.0 0.482388
190.0 0.471234
195.0 0.399326
200.0 0.480854
205.0 0.48032
210.0 0.479314
215.0 0.358836
220.0 0.468024
225.0 0.467678
230.0 0.486062
235.0 0.484846
240.0 0.336732
245.0 0.409158
250.0 0.48226
255.0 0.468316
260.0 0.404884
265.0 0.468378
270.0 0.4787
275.0 0.392658
280.0 0.476612
285.0 0.471838
290.0 0.468888
295.0 0.3989
300.0 0.480532
305.0 0.400356
310.0 0.480094
315.0 0.401696
320.0 0.404154
325.0 0.473728
330.0 0.39676
335.0 0.389988
340.0 0.476084
345.0 0.472574
350.0 0.461616
355.0 0.48032
360.0 0.399
365.0 0.40235
370.0 0.47876
375.0 0.472582
380.0 0.40324
385.0 0.477126
390.0 0.486364
395.0 0.40184
400.0 0.40645
405.0 0.478842
410.0 0.480676
415.0 0.480446
420.0 0.484434
425.0 0.482082
430.0 0.484672
435.0 0.472084
440.0 0.474248
445.0 0.483808
450.0 0.483268
455.0 0.394864
460.0 0.476712
465.0 0.483728
470.0 0.396564
475.0 0.4017
480.0 0.482976
485.0 0.370284
490.0 0.404336
495.0 0.4048
500.0 0.406974
505.0 0.405644
510.0 0.394046
515.0 0.400822
520.0 0.402624
525.0 0.400104
530.0 0.407942
535.0 0.399632
540.0 0.405222
545.0 0.390214
550.0 0.410502
555.0 0.406668
560.0 0.405962
565.0 0.406734
570.0 0.405688
575.0 0.406768
580.0 0.406924
585.0 0.400554
590.0 0.411254
595.0 0.407706
600.0 0.41013
605.0 0.346852
610.0 0.37703
615.0 0.376966
620.0 0.376434
625.0 0.3738
630.0 0.36715
635.0 0.334248
640.0 0.372104
645.0 0.372002
650.0 0.359376
655.0 0.341706
660.0 0.36831
665.0 0.4079
670.0 0.401096
675.0 0.40453
680.0 0.4079
685.0 0.407336
690.0 0.408154
695.0 0.405224
700.0 0.40426
705.0 0.409122
710.0 0.406006
715.0 0.40917
720.0 0.407354
725.0 0.40971
730.0 0.397694
735.0 0.407626
740.0 0.407394
745.0 0.407634
750.0 0.406308
755.0 0.409882
760.0 0.402792
765.0 0.408768
770.0 0.403856
775.0 0.40319
780.0 0.407862
785.0 0.396286
790.0 0.402058
795.0 0.399628
800.0 0.404932
805.0 0.412118
810.0 0.405796
815.0 0.40616
820.0 0.402272
825.0 0.410934
830.0 0.406394
835.0 0.409288
840.0 0.400744
845.0 0.405796
850.0 0.39788
855.0 0.40835
860.0 0.408444
865.0 0.395656
870.0 0.405412
875.0 0.410112
880.0 0.406918
885.0 0.409372
890.0 0.403786
895.0 0.401228
900.0 0.404988
905.0 0.409584
910.0 0.394462
915.0 0.324322
920.0 0.402188
925.0 0.410872
930.0 0.411772
935.0 0.407038
940.0 0.403
945.0 0.410378
950.0 0.398954
955.0 0.410332
960.0 0.403884
965.0 0.40782
970.0 0.406716
975.0 0.373798
980.0 0.412042
985.0 0.399866
990.0 0.407878
995.0 0.314776
1000.0 0.40643
1005.0 0.404836
1010.0 0.409694
1015.0 0.400882
1020.0 0.406174
1025.0 0.409302
1030.0 0.383926
1035.0 0.401454
1040.0 0.410192
1045.0 0.405578
1050.0 0.407656
1055.0 0.412206
1060.0 0.40338
1065.0 0.409168
1070.0 0.410258
1075.0 0.40199
1080.0 0.409056
1085.0 0.403034
1090.0 0.4119
1095.0 0.413014
1100.0 0.411446
1105.0 0.41017
1110.0 0.408528
1115.0 0.409238
1120.0 0.406802
1125.0 0.405034
1130.0 0.399414
1135.0 0.408654
1140.0 0.392568
1145.0 0.410064
1150.0 0.40879
1155.0 0.407878
1160.0 0.407202
1165.0 0.406058
1170.0 0.414074
1175.0 0.395828
1180.0 0.407706
1185.0 0.405598
1190.0 0.406014
1195.0 0.411018
1200.0 0.411274
1205.0 0.398668
1210.0 0.408044
1215.0 0.41355
1220.0 0.401854
1225.0 0.40996
1230.0 0.40965
1235.0 0.405472
1240.0 0.403688
1245.0 0.410692
1250.0 0.412082
1255.0 0.401804
1260.0 0.40738
1265.0 0.409538
1270.0 0.404602
1275.0 0.408598
1280.0 0.40979
1285.0 0.407002
1290.0 0.409174
1295.0 0.372656
1300.0 0.413748
1305.0 0.411812
1310.0 0.409876
1315.0 0.412704
1320.0 0.409962
1325.0 0.409542
1330.0 0.409202
1335.0 0.411832
1340.0 0.413758
1345.0 0.40782
1350.0 0.405912
1355.0 0.408894
1360.0 0.40876
1365.0 0.412966
1370.0 0.408754
1375.0 0.410504
1380.0 0.409184
1385.0 0.40793
1390.0 0.41003
1395.0 0.41024
1400.0 0.0
1405.0 0.0
1410.0 0.0
1415.0 0.40887
1420.0 0.411776
1425.0 0.414468
1430.0 0.413268
1435.0 0.405836
1440.0 0.410144
1445.0 0.402766
1450.0 0.406468
1455.0 0.410544
1460.0 0.405322
1465.0 0.412418
1470.0 0.412798
1475.0 0.405002
1480.0 0.40065
1485.0 0.371202
1490.0 0.38367
1495.0 0.405936
1500.0 0.407982
1505.0 0.397922
1510.0 0.407944
1515.0 0.394136
1520.0 0.398098
1525.0 0.400144
1530.0 0.396684
1535.0 0.40346
1540.0 0.388578
1545.0 0.410366
1550.0 0.410302
1555.0 0.412524
1560.0 0.403848
1565.0 0.40038
1570.0 0.40731
1575.0 0.408152
1580.0 0.409252
1585.0 0.405378
1590.0 0.403614
1595.0 0.410206
1600.0 0.405014
1605.0 0.408468
1610.0 0.390794
1615.0 0.410394
1620.0 0.409514
1625.0 0.40705
1630.0 0.408014
1635.0 0.407212
1640.0 0.41001
1645.0 0.412574
1650.0 0.412834
1655.0 0.404428
1660.0 0.409892
1665.0 0.409938
1670.0 0.411846
1675.0 0.407002
1680.0 0.410006
1685.0 0.41195
1690.0 0.393652
1695.0 0.41467
1700.0 0.40838
1705.0 0.41167
1710.0 0.404706
1715.0 0.415602
1720.0 0.413224
1725.0 0.413988
1730.0 0.39109
1735.0 0.408062
1740.0 0.409912
1745.0 0.2648
1750.0 0.411562
1755.0 0.412014
1760.0 0.410216
1765.0 0.415486
1770.0 0.410086
1775.0 0.40992
1780.0 0.41229
1785.0 0.410108
1790.0 0.228216
1795.0 0.409876
1800.0 0.412276
1805.0 0.409634
1810.0 0.415228
1815.0 0.407114
1820.0 0.412426
1825.0 0.410386
1830.0 0.406908
