0.0 1.767326
5.0 1.380068
10.0 1.763218
15.0 1.656032
20.0 1.61719
25.0 1.88121
30.0 1.668998
35.0 1.699972
40.0 1.724452
45.0 1.79986
50.0 1.880166
55.0 1.788798
60.0 1.900746
65.0 1.834448
70.0 1.902598
75.0 1.882396
80.0 1.890378
85.0 1.87222
90.0 1.875062
95.0 1.782938
100.0 1.798096
105.0 1.875226
110.0 1.884604
115.0 1.82576
120.0 1.866374
125.0 1.924518
130.0 1.847174
135.0 1.908772
140.0 1.709876
145.0 1.87316
150.0 1.616582
155.0 1.910456
160.0 1.855418
165.0 1.712832
170.0 1.74747
175.0 1.851242
180.0 1.684588
185.0 1.805836
190.0 1.87613
195.0 1.839524
200.0 1.729792
205.0 1.8035
210.0 1.730096
215.0 1.847692
220.0 1.880362
225.0 1.74733
230.0 1.821642
235.0 1.747126
240.0 1.715718
245.0 1.899084
250.0 1.866024
255.0 1.867404
260.0 1.93131
265.0 1.842146
270.0 1.765382
275.0 1.658976
280.0 1.616408
285.0 1.687752
290.0 1.668542
295.0 1.789826
300.0 1.73579
305.0 1.760718
310.0 1.694908
315.0 1.723768
320.0 1.792738
325.0 1.762158
330.0 1.69563
335.0 1.721866
340.0 1.855956
345.0 1.800118
350.0 1.780456
355.0 1.812456
360.0 1.91658
365.0 1.765852
370.0 1.87532
375.0 1.786782
380.0 1.64108
385.0 1.738556
390.0 1.722478
395.0 1.783832
400.0 1.856812
405.0 1.783106
410.0 1.759734
415.0 1.86045
420.0 1.769804
425.0 1.859946
430.0 1.805688
435.0 1.664308
440.0 1.669302
445.0 1.896826
450.0 1.754464
455.0 0.226856
460.0 1.732488
465.0 1.835508
470.0 1.82023
475.0 1.80703
480.0 1.799426
485.0 1.778712
490.0 1.722874
495.0 1.836742
500.0 1.817046
505.0 1.7875
510.0 1.845832
515.0 1.660952
520.0 1.852694
525.0 1.821436
530.0 1.690346
535.0 1.775442
540.0 1.876408
545.0 1.667842
550.0 1.768426
555.0 1.731984
560.0 0.19259
565.0 1.709808
570.0 1.71454
575.0 1.878882
580.0 1.83289
585.0 1.806
590.0 1.86809
595.0 1.701912
600.0 1.794548
605.0 1.777168
610.0 1.919328
615.0 1.63667
620.0 1.748504
625.0 1.784072
630.0 1.687052
635.0 1.750186
640.0 1.772346
645.0 1.855614
650.0 1.747852
655.0 1.779832
660.0 1.86699
665.0 1.805888
670.0 1.787736
675.0 1.686808
680.0 1.770882
685.0 1.82215
690.0 1.767222
695.0 1.883508
700.0 1.788508
705.0 1.784284
710.0 1.736746
715.0 1.869058
720.0 1.73089
725.0 1.641834
730.0 1.709696
735.0 1.708856
740.0 1.734734
745.0 1.71035
750.0 1.69107
755.0 1.714692
760.0 1.804986
765.0 1.661376
770.0 1.850088
775.0 0.942786
780.0 0.98778
785.0 1.210876
790.0 1.676476
795.0 1.690592
800.0 1.745266
805.0 1.86984
810.0 1.894716
815.0 1.902658
820.0 1.852528
825.0 1.807684
830.0 1.825578
835.0 1.748924
840.0 1.827926
845.0 1.840148
850.0 1.763146
855.0 1.755446
860.0 1.864054
865.0 1.694354
870.0 1.748876
875.0 1.63909
880.0 1.886354
885.0 1.702288
890.0 1.826922
895.0 1.69156
900.0 1.731832
905.0 1.788448
910.0 1.705826
915.0 1.80888
920.0 1.858044
925.0 1.91465
930.0 1.889338
935.0 1.772056
940.0 1.755722
945.0 1.866618
950.0 1.864476
955.0 1.810054
960.0 1.708876
965.0 1.836538
970.0 1.85029
975.0 1.744178
980.0 1.692644
985.0 1.950966
990.0 1.71823
995.0 1.697262
1000.0 1.669444
1005.0 1.698176
1010.0 1.917014
1015.0 1.864996
1020.0 1.755972
1025.0 1.820478
1030.0 0.79036
1035.0 1.863566
1040.0 1.796232
1045.0 1.730088
1050.0 1.780044
1055.0 1.779512
1060.0 1.866618
1065.0 1.887428
1070.0 1.76914
1075.0 1.800436
1080.0 1.713916
1085.0 1.688974
1090.0 1.86561
1095.0 1.725772
1100.0 1.882826
1105.0 1.883616
1110.0 1.712372
1115.0 1.904772
1120.0 1.855462
1125.0 1.862176
1130.0 1.935762
1135.0 1.811432
1140.0 1.814816
1145.0 1.865894
1150.0 1.849162
1155.0 1.790086
1160.0 1.82368
1165.0 1.857116
1170.0 1.739608
1175.0 1.74962
1180.0 1.876484
1185.0 1.792092
1190.0 1.869318
1195.0 1.690318
1200.0 1.860532
1205.0 1.89771
1210.0 1.894136
1215.0 1.664976
1220.0 1.735612
1225.0 1.75781
1230.0 1.643592
1235.0 1.739276
1240.0 1.752222
1245.0 1.87951
1250.0 1.896882
1255.0 1.882852
1260.0 1.76007
1265.0 1.735972
1270.0 1.72688
1275.0 1.685366
1280.0 1.843138
1285.0 1.936924
1290.0 1.92195
1295.0 1.940996
1300.0 1.937534
1305.0 1.884136
1310.0 1.938422
1315.0 1.696032
1320.0 1.930174
1325.0 1.83821
1330.0 1.754602
1335.0 1.734704
1340.0 1.679916
1345.0 1.91451
1350.0 1.864978
1355.0 1.92755
1360.0 1.743826
1365.0 1.916748
1370.0 1.784818
1375.0 1.759434
1380.0 1.715638
1385.0 1.76301
1390.0 1.82117
1395.0 1.804996
1400.0 1.92989
1405.0 1.909652
1410.0 1.866418
1415.0 1.79577
1420.0 1.963202
1425.0 1.762664
1430.0 1.75782
1435.0 1.793594
1440.0 1.90514
1445.0 1.750542
1450.0 1.723228
1455.0 1.80212
1460.0 1.808682
1465.0 1.774824
1470.0 1.814024
1475.0 1.807116
1480.0 1.911988
1485.0 1.763684
1490.0 1.89031
1495.0 1.266076
1500.0 1.797494
1505.0 1.895082
1510.0 1.739164
1515.0 1.888554
1520.0 1.665224
1525.0 1.756466
1530.0 1.899536
1535.0 1.886838
1540.0 1.680888
1545.0 1.952266
1550.0 1.824246
1555.0 1.952038
1560.0 1.90361
1565.0 1.902666
1570.0 1.556026
1575.0 1.849046
1580.0 1.556072
1585.0 1.285322
1590.0 1.706524
1595.0 1.666874
1600.0 1.66906
1605.0 1.812578
1610.0 1.744938
1615.0 1.865698
1620.0 1.841502
1625.0 1.735566
1630.0 1.76779
1635.0 1.8724
1640.0 1.875582
1645.0 1.268008
1650.0 1.745782
1655.0 1.903764
1660.0 1.741484
1665.0 1.883488
1670.0 1.89474
1675.0 1.725014
1680.0 1.900558
1685.0 1.569818
1690.0 1.729706
1695.0 1.773706
1700.0 1.916642
1705.0 1.95574
1710.0 1.906912
1715.0 1.799696
1720.0 1.773898
1725.0 1.592038
1730.0 1.697338
1735.0 1.64391
1740.0 1.734428
1745.0 1.747662
1750.0 1.936962
1755.0 1.870868
1760.0 1.677622
1765.0 1.756644
1770.0 1.75117
1775.0 1.915272
1780.0 1.657286
