0.0 1.552478
5.0 3.127878
10.0 3.493554
15.0 3.384796
20.0 2.763418
25.0 3.361012
30.0 1.553938
35.0 3.073492
40.0 3.414376
45.0 3.300876
50.0 3.282138
55.0 3.361806
60.0 3.236374
65.0 3.290734
70.0 3.227144
75.0 3.448884
80.0 3.451062
85.0 0.796952
90.0 3.24057
95.0 3.28359
100.0 3.366338
105.0 3.2189
110.0 3.329888
115.0 3.463282
120.0 1.475636
125.0 2.7552
130.0 3.139162
135.0 3.177468
140.0 3.037312
145.0 2.400046
150.0 3.207346
155.0 3.364444
160.0 3.37345
165.0 3.061278
170.0 3.32412
175.0 3.433206
180.0 3.155408
185.0 3.075384
190.0 2.96149
195.0 3.21554
200.0 3.245576
205.0 3.422612
210.0 3.466722
215.0 3.37526
220.0 3.321104
225.0 3.344256
230.0 3.274484
235.0 3.567342
240.0 3.196702
245.0 3.390248
250.0 3.331606
255.0 2.983944
260.0 3.176014
265.0 3.175448
270.0 3.269398
275.0 3.437024
280.0 3.313472
285.0 3.049914
290.0 3.322672
295.0 3.287056
300.0 3.007832
305.0 3.12581
310.0 3.339398
315.0 3.142128
320.0 3.499558
325.0 3.265814
330.0 3.379834
335.0 3.280926
340.0 3.276986
345.0 3.305456
350.0 2.242918
355.0 3.334486
360.0 3.062106
365.0 3.434058
370.0 3.27662
375.0 2.852456
380.0 2.931204
385.0 3.131612
390.0 3.104966
395.0 3.217888
400.0 3.062672
405.0 3.189494
410.0 3.240332
415.0 3.263574
420.0 3.493112
425.0 3.430042
430.0 3.176648
435.0 3.226166
440.0 3.280016
445.0 3.406934
450.0 3.123008
455.0 3.22653
460.0 3.014942
465.0 3.326922
470.0 3.238302
475.0 3.256388
480.0 3.477668
485.0 3.185958
490.0 3.169428
495.0 3.093678
500.0 3.005884
505.0 3.168166
510.0 3.14788
515.0 3.088838
520.0 3.248584
525.0 3.256688
530.0 3.100462
535.0 3.133926
540.0 2.935618
545.0 1.793634
550.0 2.980756
555.0 3.203434
560.0 3.270496
565.0 3.192084
570.0 3.197166
575.0 3.117764
580.0 3.092728
585.0 3.214804
590.0 3.124296
595.0 3.178662
600.0 3.242392
605.0 3.251372
610.0 3.175286
615.0 3.00353
620.0 3.074304
625.0 3.193868
630.0 3.364014
635.0 3.255856
640.0 3.21649
645.0 3.15561
650.0 3.326318
655.0 3.218832
660.0 2.999546
665.0 3.105104
670.0 2.920316
675.0 3.160324
680.0 3.279262
685.0 3.103918
690.0 2.96688
695.0 3.105202
700.0 3.039818
705.0 3.271882
710.0 3.226732
715.0 3.135278
720.0 3.077156
725.0 3.097588
730.0 2.984962
735.0 2.758304
740.0 3.20081
745.0 2.945932
750.0 3.10737
755.0 3.151592
760.0 3.16411
765.0 3.00785
770.0 3.18223
775.0 3.066382
780.0 3.196732
785.0 3.014054
790.0 3.148116
795.0 3.25799
800.0 3.12932
805.0 3.219426
810.0 3.156698
815.0 3.159756
820.0 3.182788
825.0 3.08076
830.0 3.20838
835.0 3.088314
840.0 3.214784
845.0 3.060006
850.0 1.992366
855.0 3.315614
860.0 3.082536
865.0 3.061538
870.0 3.22205
875.0 3.17292
880.0 2.89131
885.0 2.96354
890.0 3.204792
895.0 2.695926
900.0 2.582864
905.0 3.04465
910.0 3.181296
915.0 3.120846
920.0 3.200744
925.0 3.231982
930.0 3.250488
935.0 3.056442
940.0 3.231942
945.0 3.213022
950.0 3.236558
955.0 3.109476
960.0 3.140438
965.0 2.567694
970.0 3.06855
975.0 3.121784
980.0 3.071642
985.0 2.745524
990.0 3.208214
995.0 2.93
1000.0 3.11994
1005.0 3.161748
1010.0 3.104168
1015.0 3.040686
1020.0 3.042348
1025.0 3.213784
1030.0 3.00246
1035.0 2.6855
1040.0 3.324972
1045.0 3.053342
1050.0 3.221576
1055.0 3.290216
1060.0 3.19208
1065.0 2.85427
1070.0 3.202756
1075.0 3.226062
1080.0 3.23774
1085.0 3.240106
1090.0 3.21305
1095.0 3.133552
1100.0 3.028574
1105.0 3.040006
1110.0 3.31442
1115.0 3.363034
1120.0 2.902236
1125.0 3.211642
1130.0 3.135824
1135.0 3.126644
1140.0 3.036448
1145.0 3.228906
1150.0 3.16884
1155.0 3.30061
1160.0 3.120328
1165.0 3.014366
1170.0 2.257614
1175.0 3.066366
1180.0 2.985936
1185.0 2.366892
1190.0 3.245208
1195.0 3.110946
1200.0 3.119638
1205.0 3.163548
1210.0 3.219476
1215.0 3.157346
1220.0 3.255124
1225.0 3.240732
1230.0 3.135614
1235.0 3.151004
1240.0 3.013266
1245.0 3.123856
1250.0 3.057368
1255.0 3.255034
1260.0 3.201914
1265.0 3.151338
1270.0 3.045152
1275.0 3.190482
1280.0 3.341006
1285.0 3.188044
1290.0 3.11325
1295.0 3.232764
1300.0 3.089612
1305.0 2.748244
1310.0 3.121942
1315.0 3.170388
1320.0 3.32044
1325.0 3.233924
1330.0 3.179424
1335.0 3.20894
1340.0 3.144018
1345.0 3.11753
1350.0 3.0925
1355.0 3.081646
1360.0 3.119732
1365.0 2.786308
1370.0 3.115534
1375.0 3.097534
1380.0 2.733082
1385.0 1.923882
1390.0 3.230594
1395.0 3.129396
1400.0 3.180288
1405.0 3.171974
1410.0 3.28766
1415.0 3.128244
1420.0 3.065824
1425.0 3.307664
1430.0 3.066292
1435.0 3.132264
1440.0 3.325638
1445.0 3.14057
1450.0 3.141212
1455.0 1.806366
1460.0 2.786608
1465.0 3.236974
1470.0 2.923144
1475.0 3.155462
1480.0 3.047746
1485.0 3.022724
1490.0 3.189072
1495.0 2.923678
1500.0 3.04861
1505.0 2.814746
1510.0 3.131286
1515.0 3.097986
1520.0 3.272784
1525.0 3.083006
1530.0 2.758754
1535.0 2.943658
1540.0 3.119794
1545.0 3.091218
1550.0 3.213952
1555.0 3.061326
1560.0 3.209666
1565.0 3.091086
1570.0 3.09513
1575.0 3.214396
1580.0 3.191694
1585.0 3.218778
1590.0 0.274194
1595.0 3.089728
1600.0 3.068584
1605.0 2.987462
1610.0 3.16853
1615.0 3.01861
1620.0 3.302634
1625.0 3.089966
1630.0 3.071646
1635.0 3.083816
1640.0 3.216726
1645.0 3.201456
1650.0 3.127168
1655.0 3.1255
1660.0 2.972346
1665.0 3.122428
1670.0 3.10591
1675.0 3.147436
1680.0 3.112908
1685.0 2.939966
1690.0 3.21203
1695.0 3.214946
1700.0 2.916336
1705.0 3.214268
1710.0 3.159064
1715.0 3.160576
1720.0 3.20686
1725.0 2.886158
1730.0 2.952808
1735.0 2.873904
1740.0 3.158562
1745.0 0.386352
1750.0 2.570666
1755.0 3.200338
1760.0 3.073028
1765.0 3.09073
1770.0 3.209806
1775.0 2.955632
1780.0 3.236062
1785.0 3.04948
1790.0 3.069044
1795.0 2.967688
1800.0 3.060442
1805.0 2.848166
1810.0 3.179694
1815.0 2.99614
1820.0 3.07708
1825.0 3.166854
1830.0 3.045792
1835.0 3.043366
1840.0 2.67177
1845.0 3.06446
1850.0 3.19679
1855.0 2.526394
1860.0 3.074712
