0.0 0.196776
5.0 0.292496
10.0 0.401092
15.0 0.395256
20.0 0.378284
25.0 0.375708
30.0 0.383332
35.0 0.360136
40.0 0.391906
45.0 0.365876
50.0 0.2418
55.0 0.405002
60.0 0.0
65.0 0.359102
70.0 0.349524
75.0 0.347834
80.0 0.406338
85.0 0.286146
90.0 0.397956
95.0 0.376214
100.0 0.36845
105.0 0.398398
110.0 0.380936
115.0 0.124942
120.0 0.403546
125.0 0.329668
130.0 0.348972
135.0 0.369276
140.0 0.396778
145.0 0.39639
150.0 0.397
155.0 0.39512
160.0 0.3515
165.0 0.368388
170.0 0.387648
175.0 0.35494
180.0 0.352674
185.0 0.392286
190.0 0.380936
195.0 0.370678
200.0 0.373826
205.0 0.392108
210.0 0.380406
215.0 0.36197
220.0 0.39362
225.0 0.381822
230.0 0.353064
235.0 0.368972
240.0 0.405004
245.0 0.384476
250.0 0.401326
255.0 0.385814
260.0 0.342248
265.0 0.400508
270.0 0.386272
275.0 0.334116
280.0 0.387516
285.0 0.387836
290.0 0.369336
295.0 0.370714
300.0 0.302748
305.0 0.369494
310.0 0.387862
315.0 0.365976
320.0 0.396738
325.0 0.307646
330.0 0.384056
335.0 0.384774
340.0 0.383768
345.0 0.293214
350.0 0.282454
355.0 0.209048
360.0 0.322692
365.0 0.25387
370.0 0.37908
375.0 0.3677
380.0 0.312006
385.0 0.369298
390.0 0.331136
395.0 0.397594
400.0 0.337892
405.0 0.372678
410.0 0.380992
415.0 0.379234
420.0 0.368974
425.0 0.338384
430.0 0.348382
435.0 0.400612
440.0 0.383332
445.0 0.386266
450.0 0.400758
455.0 0.39776
460.0 0.401572
465.0 0.354152
470.0 0.249826
475.0 0.321956
480.0 0.315068
485.0 0.30374
490.0 0.351876
495.0 0.268978
500.0 0.353466
505.0 0.303478
510.0 0.344106
515.0 0.343726
520.0 0.34535
525.0 0.304434
530.0 0.345944
535.0 0.327062
540.0 0.35872
545.0 0.33328
550.0 0.349072
555.0 0.292802
560.0 0.332202
565.0 0.17069
570.0 0.355184
575.0 0.29008
580.0 0.349618
585.0 0.34554
590.0 0.316208
595.0 0.329924
600.0 0.359008
605.0 0.30661
610.0 0.27582
615.0 0.0
620.0 0.199798
625.0 0.343836
630.0 0.359726
635.0 0.349
640.0 0.341736
645.0 0.349134
650.0 0.352482
655.0 0.328664
660.0 0.314156
665.0 0.32825
670.0 0.25996
675.0 0.3251
680.0 0.336862
685.0 0.357176
690.0 0.338456
695.0 0.250724
700.0 0.300264
705.0 0.255218
710.0 0.345164
715.0 0.333636
720.0 0.322482
725.0 0.328148
730.0 0.33359
735.0 0.324914
740.0 0.328478
745.0 0.334486
750.0 0.343792
755.0 0.342638
760.0 0.288586
765.0 0.121792
770.0 0.343538
775.0 0.336418
780.0 0.33375
785.0 0.334464
790.0 0.345394
795.0 0.342336
800.0 0.274164
805.0 0.331862
810.0 0.337046
815.0 0.34303
820.0 0.33713
825.0 0.343238
830.0 0.23698
835.0 0.349804
840.0 0.330598
845.0 0.325754
850.0 0.29797
855.0 0.317924
860.0 0.34403
865.0 0.338076
870.0 0.333582
875.0 0.332964
880.0 0.326304
885.0 0.330094
890.0 0.310168
895.0 0.306288
900.0 0.325878
905.0 0.333636
910.0 0.349688
915.0 0.330422
920.0 0.294512
925.0 0.344352
930.0 0.303828
935.0 0.290116
940.0 0.337784
945.0 0.287822
950.0 0.020934
955.0 0.347826
960.0 0.3277
965.0 0.347594
970.0 0.301652
975.0 0.308444
980.0 0.3235
985.0 0.341058
990.0 0.313854
995.0 0.340504
1000.0 0.323976
1005.0 0.338696
1010.0 0.260984
1015.0 0.348468
1020.0 0.341694
1025.0 0.350066
1030.0 0.348752
1035.0 0.31454
1040.0 0.32983
1045.0 0.320342
1050.0 0.328288
1055.0 0.237522
1060.0 0.349818
1065.0 0.311642
1070.0 0.341818
1075.0 0.343622
1080.0 0.329776
1085.0 0.353136
1090.0 0.317014
1095.0 0.352814
1100.0 0.3383
1105.0 0.344802
1110.0 0.308212
1115.0 0.345808
1120.0 0.295246
1125.0 0.245186
1130.0 0.215458
1135.0 0.348064
1140.0 0.3281
1145.0 0.345946
1150.0 0.34771
1155.0 0.312778
1160.0 0.321356
1165.0 0.345558
1170.0 0.353206
1175.0 0.320982
1180.0 0.342544
1185.0 0.339868
1190.0 0.33305
1195.0 0.347908
1200.0 0.348756
1205.0 0.320768
1210.0 0.350294
1215.0 0.300608
1220.0 0.337956
1225.0 0.348272
1230.0 0.31458
1235.0 0.284792
1240.0 0.355666
1245.0 0.170428
1250.0 0.212086
1255.0 0.22881
1260.0 0.34692
1265.0 0.336008
1270.0 0.326442
1275.0 0.342678
1280.0 0.32611
1285.0 0.33857
1290.0 0.342212
1295.0 0.338344
1300.0 0.334602
1305.0 0.352144
1310.0 0.359798
1315.0 0.323406
1320.0 0.312516
1325.0 0.324026
1330.0 0.31403
1335.0 0.302724
1340.0 0.317914
1345.0 0.359544
1350.0 0.359336
1355.0 0.325606
1360.0 0.34105
1365.0 0.165934
1370.0 0.346164
1375.0 0.310874
1380.0 0.343328
1385.0 0.346362
1390.0 0.351088
1395.0 0.345794
1400.0 0.324926
1405.0 0.34433
1410.0 0.33876
1415.0 0.309684
1420.0 0.30307
1425.0 0.25478
1430.0 0.327218
1435.0 0.334592
1440.0 0.350362
1445.0 0.347882
1450.0 0.340714
1455.0 0.34219
1460.0 0.352172
1465.0 0.314924
1470.0 0.259312
1475.0 0.305622
1480.0 0.341222
1485.0 0.349646
1490.0 0.33822
1495.0 0.3076
1500.0 0.349242
1505.0 0.348148
1510.0 0.294994
1515.0 0.341448
1520.0 0.331998
1525.0 0.350686
1530.0 0.185404
1535.0 0.33682
1540.0 0.259556
1545.0 0.20812
1550.0 0.336316
1555.0 0.348862
1560.0 0.318628
1565.0 0.321346
1570.0 0.318422
1575.0 0.31904
1580.0 0.328862
1585.0 0.341816
1590.0 0.343298
1595.0 0.351
1600.0 0.342266
1605.0 0.312446
1610.0 0.30452
1615.0 0.352706
1620.0 0.330474
1625.0 0.352224
1630.0 0.34374
1635.0 0.331652
1640.0 0.30415
1645.0 0.20192
1650.0 0.324092
1655.0 0.31648
1660.0 0.333118
1665.0 0.279874
1670.0 0.30215
1675.0 0.341916
1680.0 0.349314
1685.0 0.334168
1690.0 0.325708
1695.0 0.241718
1700.0 0.318896
1705.0 0.340258
1710.0 0.328768
1715.0 0.20963
1720.0 0.274336
1725.0 0.249018
1730.0 0.335118
1735.0 0.339394
1740.0 0.349154
1745.0 0.321594
1750.0 0.338036
1755.0 0.344928
1760.0 0.332302
1765.0 0.265656
1770.0 0.34667
1775.0 0.324552
