0.0 1.332342
5.0 1.483044
10.0 1.335386
15.0 1.503048
20.0 1.479474
25.0 1.456816
30.0 1.419778
35.0 1.47965
40.0 1.52152
45.0 1.499626
50.0 1.456472
55.0 1.494998
60.0 1.496744
65.0 1.475904
70.0 1.362182
75.0 1.512202
80.0 1.470136
85.0 1.371286
90.0 1.528894
95.0 1.49547
100.0 1.366164
105.0 1.35907
110.0 1.504068
115.0 1.491098
120.0 1.463682
125.0 1.28451
130.0 1.368528
135.0 1.508834
140.0 1.428858
145.0 1.410722
150.0 1.539082
155.0 1.490308
160.0 1.523644
165.0 0.964982
170.0 1.47127
175.0 1.509254
180.0 1.510782
185.0 1.471942
190.0 1.428986
195.0 1.483772
200.0 1.491574
205.0 1.330452
210.0 1.45861
215.0 1.497766
220.0 1.519428
225.0 1.484704
230.0 1.363636
235.0 1.409752
240.0 1.361436
245.0 1.450938
250.0 1.493388
255.0 1.47165
260.0 1.380626
265.0 1.368278
270.0 1.383652
275.0 1.416062
280.0 1.421896
285.0 1.5043
290.0 1.502892
295.0 1.48998
300.0 1.508926
305.0 1.352982
310.0 1.480182
315.0 1.321618
320.0 1.51171
325.0 1.367436
330.0 1.466354
335.0 1.49844
340.0 1.349062
345.0 1.452984
350.0 1.497486
355.0 1.487274
360.0 1.501296
365.0 1.306194
370.0 1.443652
375.0 1.507486
380.0 1.368016
385.0 1.333966
390.0 1.39009
395.0 1.42103
400.0 1.507274
405.0 1.486074
410.0 1.505396
415.0 1.349246
420.0 1.452294
425.0 1.349884
430.0 1.467062
435.0 1.433234
440.0 1.510128
445.0 1.375312
450.0 1.521182
455.0 1.506086
460.0 1.426658
465.0 1.501598
470.0 1.51284
475.0 0.3428
480.0 1.493326
485.0 1.462884
490.0 1.50634
495.0 1.503654
500.0 1.309568
505.0 1.523892
510.0 1.516082
515.0 1.42313
520.0 1.477318
525.0 1.473008
530.0 1.524234
535.0 1.495954
540.0 1.497396
545.0 1.477274
550.0 1.169828
555.0 1.383124
560.0 1.535736
565.0 1.25576
570.0 1.368896
575.0 1.384202
580.0 1.508022
585.0 1.522408
590.0 1.498168
595.0 1.144754
600.0 1.331888
605.0 1.518634
610.0 1.456548
615.0 1.426472
620.0 1.506464
625.0 1.531262
630.0 1.347446
635.0 1.534216
640.0 1.36936
645.0 1.37496
650.0 1.429054
655.0 1.506242
660.0 1.483514
665.0 1.470708
670.0 1.436472
675.0 1.499236
680.0 1.495028
685.0 1.51179
690.0 1.52023
695.0 1.376504
700.0 1.414344
705.0 1.348598
710.0 1.493412
715.0 1.48795
720.0 1.4633
725.0 1.449834
730.0 1.499208
735.0 1.335772
740.0 1.510786
745.0 1.470668
750.0 1.3446
755.0 1.50708
760.0 1.468864
765.0 1.476574
770.0 1.356258
775.0 1.351824
780.0 1.444172
785.0 1.488018
790.0 1.485226
795.0 1.444632
800.0 1.48584
805.0 1.506684
810.0 1.353946
815.0 1.408722
820.0 1.37345
825.0 1.48079
830.0 1.513766
835.0 1.490656
840.0 1.35281
845.0 1.471236
850.0 1.357548
855.0 1.364652
860.0 1.39554
865.0 1.317162
870.0 1.467924
875.0 1.47108
880.0 1.475678
885.0 1.516338
890.0 1.495756
895.0 1.520988
900.0 1.380354
905.0 1.368662
910.0 1.364932
915.0 1.37165
920.0 1.51139
925.0 1.52738
930.0 1.43247
935.0 1.482538
940.0 1.470654
945.0 1.504498
950.0 1.505282
955.0 1.4938
960.0 1.483104
965.0 1.448888
970.0 1.482744
975.0 1.392854
980.0 1.463466
985.0 1.515604
990.0 1.410004
995.0 1.430802
1000.0 1.465168
1005.0 1.490772
1010.0 1.470508
1015.0 1.359574
1020.0 1.461746
1025.0 1.416924
1030.0 1.517272
1035.0 1.515372
1040.0 1.52123
1045.0 1.396678
1050.0 1.357838
1055.0 1.388196
1060.0 1.50174
1065.0 1.465144
1070.0 1.489842
1075.0 1.589062
1080.0 1.5145
1085.0 1.516248
1090.0 1.454482
1095.0 1.357158
1100.0 1.381518
1105.0 1.51864
1110.0 1.384976
1115.0 1.37442
1120.0 1.463188
1125.0 1.444488
1130.0 1.495982
1135.0 1.517042
1140.0 1.50269
1145.0 1.348178
1150.0 1.479586
1155.0 1.454492
1160.0 1.506612
1165.0 1.45528
1170.0 1.529676
1175.0 1.536608
1180.0 1.582392
1185.0 1.489366
1190.0 1.48395
1195.0 1.353064
1200.0 1.500584
1205.0 1.470252
1210.0 1.49429
1215.0 1.372728
1220.0 1.513438
1225.0 1.531906
1230.0 1.528128
1235.0 1.51858
1240.0 1.534204
1245.0 1.583946
1250.0 1.43829
1255.0 1.48102
1260.0 1.387348
1265.0 1.476712
1270.0 1.489232
1275.0 1.577538
1280.0 1.391332
1285.0 1.383366
1290.0 1.473976
1295.0 1.544188
1300.0 1.420986
1305.0 1.512714
1310.0 1.579082
1315.0 1.477196
1320.0 1.526882
1325.0 1.47554
1330.0 1.51339
1335.0 1.573996
1340.0 1.492926
1345.0 1.507768
1350.0 1.48397
1355.0 1.500962
1360.0 1.520034
1365.0 1.530316
1370.0 1.483072
1375.0 1.484182
1380.0 1.469222
1385.0 1.524134
1390.0 1.519346
1395.0 1.484522
1400.0 1.496994
1405.0 1.359326
1410.0 1.505406
1415.0 1.527828
1420.0 1.517438
1425.0 1.512016
1430.0 1.518536
1435.0 1.517346
1440.0 1.426484
1445.0 1.455598
1450.0 1.365478
1455.0 1.401408
1460.0 1.533028
1465.0 1.309602
1470.0 1.53653
1475.0 0.165142
1480.0 1.50693
1485.0 1.500832
1490.0 1.522858
1495.0 1.4447
1500.0 1.521614
1505.0 1.362512
1510.0 1.51977
1515.0 1.484152
1520.0 1.519612
1525.0 1.30371
1530.0 1.515566
1535.0 1.50039
1540.0 1.517362
1545.0 1.477192
1550.0 1.484024
1555.0 1.499354
1560.0 1.525336
1565.0 1.475894
1570.0 1.3854
1575.0 1.498814
1580.0 1.400176
1585.0 1.383856
1590.0 1.46761
1595.0 1.517948
1600.0 1.495364
1605.0 1.522782
1610.0 1.377166
1615.0 1.523354
1620.0 1.3688
1625.0 1.37265
1630.0 1.499098
1635.0 1.535454
1640.0 1.521132
1645.0 1.52078
1650.0 1.47355
1655.0 1.381986
1660.0 1.480454
1665.0 1.478942
1670.0 1.47894
1675.0 0.991012
1680.0 1.368902
1685.0 1.509844
1690.0 1.330282
1695.0 1.50842
1700.0 1.525664
1705.0 1.542512
1710.0 1.447684
1715.0 1.271474
1720.0 1.500928
1725.0 1.523748
1730.0 1.387596
1735.0 1.576924
1740.0 1.514944
1745.0 1.481206
1750.0 1.370466
1755.0 1.52311
1760.0 1.399522
1765.0 1.497622
1770.0 1.381566
1775.0 1.505372
1780.0 1.457454
1785.0 1.53942
1790.0 1.509606
1795.0 0.0
1800.0 0.0
1805.0 0.0
1810.0 0.0
1815.0 1.52433
1820.0 1.535004
1825.0 1.370568
1830.0 1.525094
1835.0 1.554586
1840.0 1.525062
1845.0 1.521372
1850.0 1.35467
