0.0 2.310432
5.0 2.14565
10.0 2.135496
15.0 2.209224
20.0 2.249078
25.0 2.413644
30.0 2.392616
35.0 2.286738
40.0 2.625238
45.0 2.614666
50.0 2.614172
55.0 2.77952
60.0 2.625142
65.0 2.707146
70.0 2.278876
75.0 2.685002
80.0 2.724254
85.0 2.806334
90.0 2.68982
95.0 2.610436
100.0 2.685052
105.0 2.362892
110.0 2.75579
115.0 2.627474
120.0 2.699988
125.0 2.760648
130.0 2.791614
135.0 2.70767
140.0 2.59754
145.0 2.619102
150.0 2.662714
155.0 2.421942
160.0 2.610094
165.0 2.586874
170.0 2.498962
175.0 2.410426
180.0 0.268158
185.0 2.765326
190.0 2.733346
195.0 2.699772
200.0 2.659264
205.0 2.642736
210.0 2.62747
215.0 2.739882
220.0 2.731532
225.0 2.491218
230.0 2.703082
235.0 2.672656
240.0 2.41693
245.0 2.669564
250.0 2.530754
255.0 2.845704
260.0 2.413304
265.0 2.751246
270.0 2.671224
275.0 2.812994
280.0 2.716184
285.0 2.80051
290.0 2.79528
295.0 2.532194
300.0 2.511472
305.0 2.708388
310.0 2.805474
315.0 2.729648
320.0 2.645888
325.0 2.566506
330.0 2.683022
335.0 2.60634
340.0 2.355618
345.0 2.713224
350.0 2.421802
355.0 2.765542
360.0 2.663536
365.0 2.706302
370.0 2.626846
375.0 2.662334
380.0 2.670896
385.0 1.982404
390.0 2.746064
395.0 2.535374
400.0 2.731098
405.0 2.73108
410.0 2.723122
415.0 2.751602
420.0 2.624826
425.0 2.720344
430.0 2.494172
435.0 2.611986
440.0 2.28108
445.0 2.565078
450.0 2.697808
455.0 2.44473
460.0 2.41329
465.0 2.41651
470.0 2.427978
475.0 2.62392
480.0 2.702328
485.0 2.469508
490.0 2.631246
495.0 2.741676
500.0 2.845506
505.0 2.703366
510.0 2.56295
515.0 2.781096
520.0 2.806772
525.0 2.700096
530.0 2.802706
535.0 2.697748
540.0 2.752334
545.0 2.505752
550.0 2.716128
555.0 2.43951
560.0 2.636204
565.0 2.448748
570.0 2.728898
575.0 2.73938
580.0 2.491744
585.0 2.497934
590.0 2.63054
595.0 2.732636
600.0 2.612378
605.0 2.641164
610.0 2.003718
615.0 2.80394
620.0 2.543778
625.0 2.832076
630.0 2.76068
635.0 2.612522
640.0 2.504952
645.0 2.675092
650.0 2.823056
655.0 2.650822
660.0 2.603622
665.0 2.699344
670.0 2.40072
675.0 2.59935
680.0 2.324988
685.0 2.58013
690.0 2.68355
695.0 2.518762
700.0 2.55678
705.0 0.617644
710.0 2.49541
715.0 2.523466
720.0 2.423056
725.0 2.454938
730.0 1.728332
735.0 2.595338
740.0 2.311324
745.0 2.73555
750.0 2.671476
755.0 2.622674
760.0 2.47783
765.0 2.501824
770.0 2.302098
775.0 2.69574
780.0 2.431974
785.0 2.496634
790.0 2.325228
795.0 2.388034
800.0 2.550362
805.0 2.746102
810.0 2.684974
815.0 2.532398
820.0 2.796158
825.0 2.213114
830.0 2.692394
835.0 2.762392
840.0 2.454822
845.0 2.536428
850.0 2.511664
855.0 2.60531
860.0 2.751516
865.0 2.825282
870.0 2.452434
875.0 2.43633
880.0 2.570102
885.0 2.717966
890.0 2.471
895.0 2.429922
900.0 2.692922
905.0 2.581248
910.0 2.797758
915.0 2.630172
920.0 2.609532
925.0 2.55253
930.0 2.688826
935.0 2.778688
940.0 2.686298
945.0 2.793178
950.0 2.310822
955.0 2.669668
960.0 1.251534
965.0 2.682708
970.0 2.558116
975.0 2.80846
980.0 2.703038
985.0 2.792916
990.0 2.629144
995.0 2.57433
1000.0 2.787958
1005.0 2.000936
1010.0 2.667454
1015.0 2.668218
1020.0 2.474364
1025.0 2.443996
1030.0 2.470718
1035.0 2.397578
1040.0 2.708436
1045.0 2.709674
1050.0 2.692334
1055.0 2.623686
1060.0 2.603616
1065.0 2.79941
1070.0 2.663096
1075.0 2.642468
1080.0 2.49375
1085.0 2.164832
1090.0 2.854368
1095.0 2.699674
1100.0 0.1043
1105.0 2.426362
1110.0 1.489248
1115.0 2.74495
1120.0 2.478056
1125.0 2.694196
1130.0 2.6536
1135.0 2.386264
1140.0 2.711738
1145.0 2.43224
1150.0 2.62736
1155.0 2.666148
1160.0 2.722288
1165.0 2.75148
1170.0 2.494544
1175.0 2.710532
1180.0 2.784572
1185.0 2.759872
1190.0 2.38984
1195.0 2.59828
1200.0 2.325572
1205.0 2.628624
1210.0 2.86054
1215.0 2.817188
1220.0 2.757282
1225.0 2.533796
1230.0 2.497382
1235.0 2.81166
1240.0 2.755032
1245.0 2.6861
1250.0 2.530434
1255.0 2.666106
1260.0 2.529178
1265.0 2.620014
1270.0 2.724236
1275.0 2.829638
1280.0 2.464416
1285.0 2.089634
1290.0 2.596406
1295.0 2.239522
1300.0 2.65301
1305.0 2.703478
1310.0 0.788782
1315.0 2.119542
1320.0 2.721812
1325.0 2.78716
1330.0 2.815448
1335.0 2.71946
1340.0 2.712782
1345.0 2.528256
1350.0 2.5118
1355.0 2.6814
1360.0 2.610944
1365.0 2.786368
1370.0 1.820856
1375.0 2.645524
1380.0 2.641806
1385.0 2.425388
1390.0 2.489164
1395.0 2.240132
1400.0 2.55607
1405.0 2.772304
1410.0 2.846204
1415.0 2.490264
1420.0 2.74747
1425.0 2.33314
1430.0 2.48365
1435.0 2.65017
1440.0 2.60022
1445.0 2.738822
1450.0 2.606278
1455.0 2.751248
1460.0 2.698348
1465.0 2.778066
1470.0 2.456468
1475.0 2.87113
1480.0 2.544388
1485.0 2.443098
1490.0 1.237266
1495.0 2.556004
1500.0 2.564244
1505.0 2.794676
1510.0 2.845714
1515.0 2.863108
1520.0 2.675482
1525.0 2.631912
1530.0 2.807064
1535.0 2.537142
1540.0 2.592174
1545.0 2.484562
1550.0 2.010242
1555.0 2.601688
1560.0 2.712972
1565.0 2.289414
1570.0 2.483794
1575.0 2.693916
1580.0 2.558486
1585.0 2.789396
1590.0 2.804924
1595.0 2.69282
1600.0 2.822492
1605.0 2.679522
1610.0 2.345978
1615.0 2.74556
1620.0 2.53117
1625.0 2.74273
1630.0 2.646996
1635.0 2.825724
1640.0 2.518774
1645.0 2.572056
1650.0 2.65455
1655.0 2.828594
1660.0 2.775388
1665.0 2.717376
1670.0 2.7392
1675.0 2.59048
1680.0 2.505274
1685.0 2.677324
1690.0 2.68516
1695.0 2.585374
1700.0 2.596838
1705.0 2.70873
1710.0 2.763524
1715.0 2.63243
1720.0 2.590022
1725.0 2.634042
1730.0 2.654026
1735.0 2.54472
1740.0 1.795742
1745.0 2.487652
1750.0 2.778612
1755.0 2.520254
1760.0 2.729868
1765.0 2.696932
1770.0 2.801386
1775.0 2.646228
1780.0 2.331326
1785.0 2.815074
1790.0 2.741542
1795.0 2.414078
1800.0 2.256068
1805.0 2.345296
1810.0 2.446008
1815.0 1.616016
1820.0 2.10433
1825.0 2.29051
1830.0 2.3943
1835.0 2.220172
1840.0 2.300536
