0.0 1.160236
5.0 1.425116
10.0 1.81202
15.0 1.514138
20.0 1.226788
25.0 0.401724
30.0 1.671314
35.0 1.380096
40.0 1.692356
45.0 1.43082
50.0 0.216266
55.0 1.516018
60.0 1.65447
65.0 1.49076
70.0 1.065804
75.0 1.763628
80.0 1.660762
85.0 1.064862
90.0 1.008376
95.0 1.117364
100.0 1.54903
105.0 1.740202
110.0 1.713416
115.0 1.139524
120.0 1.792924
125.0 1.648028
130.0 0.378814
135.0 1.777292
140.0 1.674382
145.0 1.570586
150.0 1.462252
155.0 1.57528
160.0 1.703076
165.0 1.791534
170.0 1.57263
175.0 1.162322
180.0 1.62446
185.0 1.597342
190.0 1.600456
195.0 1.261432
200.0 1.226158
205.0 1.590198
210.0 1.06173
215.0 1.510348
220.0 1.433876
225.0 1.74017
230.0 1.445996
235.0 1.831638
240.0 0.984684
245.0 1.138856
250.0 1.548484
255.0 1.748982
260.0 1.666872
265.0 1.785374
270.0 1.24048
275.0 1.62094
280.0 1.718788
285.0 1.74545
290.0 1.27482
295.0 1.63404
300.0 0.627372
305.0 1.068546
310.0 1.31899
315.0 1.47878
320.0 1.832558
325.0 1.809368
330.0 1.581318
335.0 1.75029
340.0 1.495604
345.0 1.405398
350.0 1.02999
355.0 1.52575
360.0 1.699956
365.0 1.061188
370.0 0.899272
375.0 1.255848
380.0 1.522084
385.0 1.907012
390.0 0.372154
395.0 1.330258
400.0 0.989162
405.0 1.56578
410.0 1.419322
415.0 1.542426
420.0 1.353604
425.0 1.11905
430.0 1.481966
435.0 1.768698
440.0 1.089742
445.0 1.36791
450.0 1.589334
455.0 1.542154
460.0 0.373034
465.0 1.454156
470.0 1.519972
475.0 1.602476
480.0 1.64034
485.0 1.09817
490.0 1.6436
495.0 1.815424
500.0 1.673134
505.0 1.547604
510.0 1.6025
515.0 1.453828
520.0 0.397764
525.0 1.39051
530.0 1.7065
535.0 1.247262
540.0 1.629074
545.0 0.3929
550.0 1.30494
555.0 1.587484
560.0 1.487754
565.0 1.65232
570.0 0.384948
575.0 1.355604
580.0 1.697614
585.0 0.84091
590.0 1.060216
595.0 1.396766
600.0 1.507944
605.0 0.307466
610.0 1.655974
615.0 1.530184
620.0 1.452176
625.0 1.567874
630.0 1.153186
635.0 1.467714
640.0 1.443438
645.0 1.325276
650.0 1.485574
655.0 1.553748
660.0 1.527668
665.0 1.084496
670.0 1.491364
675.0 1.547986
680.0 1.575708
685.0 1.16254
690.0 1.503448
695.0 1.628302
700.0 0.366968
705.0 0.82571
710.0 1.29673
715.0 0.75955
720.0 1.353728
725.0 1.381408
730.0 0.0
735.0 1.65079
740.0 0.92284
745.0 1.321274
750.0 1.530712
755.0 0.389248
760.0 0.381048
765.0 1.362892
770.0 0.940086
775.0 1.313132
780.0 1.464844
785.0 1.542406
790.0 1.47444
795.0 0.36351
800.0 0.99865
805.0 1.34284
810.0 1.056538
815.0 1.50879
820.0 1.613928
825.0 1.299416
830.0 1.687246
835.0 0.91649
840.0 0.870242
845.0 1.115686
850.0 1.362504
855.0 1.376828
860.0 1.149274
865.0 1.599232
870.0 1.65259
875.0 1.510456
880.0 0.735788
885.0 1.569228
890.0 1.146694
895.0 0.87663
900.0 1.310126
905.0 0.938044
910.0 0.373946
915.0 1.412762
920.0 1.624008
925.0 1.404032
930.0 1.433886
935.0 1.589408
940.0 1.28947
945.0 1.164892
950.0 1.558892
955.0 0.52743
960.0 1.51918
965.0 1.694838
970.0 0.840334
975.0 1.672762
980.0 1.426854
985.0 1.45668
990.0 0.381308
995.0 1.238204
1000.0 0.349202
1005.0 1.432446
1010.0 1.514668
1015.0 1.49313
1020.0 1.67247
1025.0 1.395426
1030.0 0.95607
1035.0 1.21602
1040.0 1.488036
1045.0 1.344654
1050.0 1.166724
1055.0 1.03079
1060.0 1.408928
1065.0 0.49829
1070.0 1.366714
1075.0 1.404032
1080.0 1.513356
1085.0 1.304182
1090.0 1.55929
1095.0 1.389432
1100.0 1.128386
1105.0 1.025316
1110.0 1.636792
1115.0 1.420218
1120.0 0.960162
1125.0 1.500858
1130.0 1.438038
1135.0 1.185488
1140.0 1.192036
1145.0 0.979598
1150.0 1.506906
1155.0 0.380166
1160.0 1.319796
1165.0 0.230716
1170.0 1.272334
1175.0 1.170714
1180.0 1.507664
1185.0 1.46538
1190.0 0.860214
1195.0 1.671582
1200.0 1.497506
1205.0 1.40208
1210.0 0.917122
1215.0 1.035028
1220.0 1.565804
1225.0 1.209602
1230.0 1.335822
1235.0 0.841892
1240.0 0.385726
1245.0 0.92808
1250.0 0.392018
1255.0 0.226846
1260.0 1.684858
1265.0 1.01646
1270.0 1.181054
1275.0 0.248854
1280.0 1.467994
1285.0 1.57739
1290.0 1.592456
1295.0 1.701724
1300.0 1.464144
1305.0 1.233452
1310.0 1.620432
1315.0 1.735622
1320.0 1.275876
1325.0 0.40443
1330.0 1.585146
1335.0 1.457692
1340.0 1.47603
1345.0 1.551464
1350.0 1.702404
1355.0 1.317474
1360.0 1.692704
1365.0 1.401732
1370.0 1.675964
1375.0 1.683736
1380.0 1.519446
1385.0 0.996772
1390.0 1.560742
1395.0 1.426232
1400.0 1.413078
1405.0 1.130546
1410.0 1.617918
1415.0 0.962734
1420.0 1.352786
1425.0 1.396044
1430.0 1.734752
1435.0 1.047428
1440.0 0.350578
1445.0 0.366802
1450.0 1.40512
1455.0 0.856654
1460.0 1.34657
1465.0 1.587328
1470.0 1.608842
1475.0 1.60119
1480.0 1.648982
1485.0 1.05029
1490.0 1.393128
1495.0 1.392952
1500.0 1.267068
1505.0 1.326314
1510.0 1.355052
1515.0 1.271136
1520.0 1.409158
1525.0 1.199752
1530.0 1.682466
1535.0 1.377988
1540.0 1.586724
1545.0 1.727104
1550.0 1.10986
1555.0 1.630204
1560.0 1.430486
1565.0 1.122376
1570.0 1.191548
1575.0 1.52348
1580.0 0.972962
1585.0 1.511302
1590.0 1.564728
1595.0 1.234554
1600.0 1.264542
1605.0 1.664202
1610.0 1.480892
1615.0 1.662038
1620.0 1.635806
1625.0 1.348348
1630.0 1.404442
1635.0 1.552564
1640.0 1.390832
1645.0 1.545124
1650.0 1.131062
1655.0 1.174618
1660.0 0.39873
1665.0 1.343626
1670.0 1.061964
1675.0 1.803986
1680.0 1.323242
1685.0 1.473992
1690.0 1.262022
1695.0 1.575882
1700.0 1.408532
1705.0 1.58623
1710.0 1.409584
1715.0 1.510764
1720.0 1.309924
1725.0 0.659656
1730.0 1.521456
1735.0 1.445842
1740.0 1.717046
1745.0 0.965052
1750.0 1.49395
1755.0 1.80008
1760.0 1.650602
1765.0 1.336096
1770.0 1.792796
1775.0 0.933306
1780.0 0.84169
1785.0 1.461062
1790.0 1.47939
1795.0 1.052432
1800.0 1.525378
1805.0 1.399758
1810.0 1.712432
1815.0 1.230228
1820.0 1.15116
1825.0 1.808468
1830.0 1.705828
1835.0 0.565208
1840.0 1.498948
1845.0 1.399862
1850.0 1.514386
1855.0 0.360692
