0.0 0.481416
5.0 0.400548
10.0 0.454776
15.0 0.461654
20.0 0.442234
25.0 0.399912
30.0 0.467324
35.0 0.400172
40.0 0.47008
45.0 0.46993
50.0 0.393742
55.0 0.482834
60.0 0.40936
65.0 0.468776
70.0 0.470742
75.0 0.472942
80.0 0.480766
85.0 0.474788
90.0 0.4513
95.0 0.467322
100.0 0.40453
105.0 0.4048
110.0 0.481468
115.0 0.469994
120.0 0.467992
125.0 0.46951
130.0 0.47778
135.0 0.47627
140.0 0.478522
145.0 0.40521
150.0 0.46649
155.0 0.468958
160.0 0.455906
165.0 0.476576
170.0 0.470008
175.0 0.404906
180.0 0.461986
185.0 0.480854
190.0 0.400108
195.0 0.468464
200.0 0.464014
205.0 0.478866
210.0 0.406802
215.0 0.393684
220.0 0.475852
225.0 0.470368
230.0 0.46449
235.0 0.470216
240.0 0.399302
245.0 0.40743
250.0 0.476842
255.0 0.480934
260.0 0.469224
265.0 0.47525
270.0 0.473514
275.0 0.48309
280.0 0.479
285.0 0.474578
290.0 0.46774
295.0 0.405736
300.0 0.471106
305.0 0.399796
310.0 0.469882
315.0 0.485548
320.0 0.475456
325.0 0.477936
330.0 0.465652
335.0 0.465456
340.0 0.479398
345.0 0.46816
350.0 0.458184
355.0 0.466274
360.0 0.471654
365.0 0.470046
370.0 0.397656
375.0 0.477046
380.0 0.483594
385.0 0.482986
390.0 0.466598
395.0 0.47236
400.0 0.470672
405.0 0.39944
410.0 0.461934
415.0 0.467294
420.0 0.468392
425.0 0.405416
430.0 0.481544
435.0 0.40948
440.0 0.404378
445.0 0.3985
450.0 0.466766
455.0 0.479738
460.0 0.461626
465.0 0.466084
470.0 0.459166
475.0 0.481338
480.0 0.271378
485.0 0.398266
490.0 0.407332
495.0 0.39822
500.0 0.39582
505.0 0.404442
510.0 0.40331
515.0 0.397426
520.0 0.401464
525.0 0.397978
530.0 0.397552
535.0 0.404022
540.0 0.40082
545.0 0.236428
550.0 0.242348
555.0 0.389678
560.0 0.393432
565.0 0.398918
570.0 0.393056
575.0 0.391112
580.0 0.401278
585.0 0.395088
590.0 0.397974
595.0 0.391536
600.0 0.403418
605.0 0.405452
610.0 0.401978
615.0 0.397332
620.0 0.404254
625.0 0.391482
630.0 0.406804
635.0 0.395506
640.0 0.402818
645.0 0.40294
650.0 0.405104
655.0 0.395668
660.0 0.40649
665.0 0.399144
670.0 0.408396
675.0 0.404478
680.0 0.392704
685.0 0.396414
690.0 0.39776
695.0 0.408108
700.0 0.392936
705.0 0.406414
710.0 0.395726
715.0 0.39585
720.0 0.397462
725.0 0.399564
730.0 0.400046
735.0 0.408076
740.0 0.40054
745.0 0.396226
750.0 0.404204
755.0 0.395108
760.0 0.398134
765.0 0.403472
770.0 0.39828
775.0 0.40657
780.0 0.397508
785.0 0.407306
790.0 0.40676
795.0 0.40348
800.0 0.404524
805.0 0.390884
810.0 0.399718
815.0 0.353938
820.0 0.399236
825.0 0.40117
830.0 0.405628
835.0 0.393068
840.0 0.399074
845.0 0.400396
850.0 0.408378
855.0 0.403908
860.0 0.4069
865.0 0.408472
870.0 0.407566
875.0 0.40042
880.0 0.404848
885.0 0.400678
890.0 0.397458
895.0 0.402432
900.0 0.40097
905.0 0.403728
910.0 0.40062
915.0 0.399572
920.0 0.396276
925.0 0.397218
930.0 0.393388
935.0 0.397274
940.0 0.402216
945.0 0.402296
950.0 0.407552
955.0 0.394048
960.0 0.395486
965.0 0.404134
970.0 0.399922
975.0 0.40086
980.0 0.405146
985.0 0.400402
990.0 0.38905
995.0 0.401246
1000.0 0.400348
1005.0 0.406976
1010.0 0.398832
1015.0 0.398326
1020.0 0.395252
1025.0 0.408282
1030.0 0.40294
1035.0 0.395634
1040.0 0.406338
1045.0 0.401676
1050.0 0.391428
1055.0 0.404548
1060.0 0.397056
1065.0 0.40438
1070.0 0.394452
1075.0 0.406766
1080.0 0.410224
1085.0 0.409518
1090.0 0.396772
1095.0 0.39883
1100.0 0.399768
1105.0 0.408502
1110.0 0.396374
1115.0 0.398868
1120.0 0.39718
1125.0 0.39772
1130.0 0.408912
1135.0 0.408392
1140.0 0.393712
1145.0 0.404498
1150.0 0.40531
1155.0 0.40351
1160.0 0.39552
1165.0 0.400444
1170.0 0.403496
1175.0 0.398954
1180.0 0.4006
1185.0 0.400492
1190.0 0.399514
1195.0 0.403564
1200.0 0.402664
1205.0 0.406972
1210.0 0.4017
1215.0 0.400624
1220.0 0.40275
1225.0 0.402002
1230.0 0.405148
1235.0 0.406252
1240.0 0.404608
1245.0 0.39147
1250.0 0.400308
1255.0 0.397118
1260.0 0.404378
1265.0 0.3964
1270.0 0.400424
1275.0 0.403446
1280.0 0.409048
1285.0 0.399302
1290.0 0.396446
1295.0 0.404298
1300.0 0.400118
1305.0 0.206054
1310.0 0.398344
1315.0 0.399234
1320.0 0.400062
1325.0 0.40143
1330.0 0.396578
1335.0 0.403984
1340.0 0.394032
1345.0 0.394818
1350.0 0.404062
1355.0 0.40488
1360.0 0.405124
1365.0 0.400028
1370.0 0.395284
1375.0 0.391778
1380.0 0.396114
1385.0 0.405552
1390.0 0.405462
1395.0 0.39982
1400.0 0.397276
1405.0 0.405868
1410.0 0.392814
1415.0 0.397698
1420.0 0.399568
1425.0 0.400126
1430.0 0.39647
1435.0 0.40594
1440.0 0.404978
1445.0 0.40933
1450.0 0.398392
1455.0 0.401412
1460.0 0.398272
1465.0 0.402692
1470.0 0.409082
1475.0 0.397202
1480.0 0.40032
1485.0 0.399664
1490.0 0.397398
1495.0 0.406778
1500.0 0.403908
1505.0 0.39845
1510.0 0.403104
1515.0 0.40757
1520.0 0.400314
1525.0 0.39728
1530.0 0.40243
1535.0 0.40044
1540.0 0.403104
1545.0 0.401312
1550.0 0.40945
1555.0 0.40596
1560.0 0.40063
1565.0 0.405718
1570.0 0.407598
1575.0 0.405698
1580.0 0.39836
1585.0 0.397454
1590.0 0.398756
1595.0 0.397486
1600.0 0.396148
1605.0 0.408296
1610.0 0.40295
1615.0 0.412392
1620.0 0.392218
1625.0 0.400932
1630.0 0.401368
1635.0 0.401138
1640.0 0.398038
1645.0 0.403126
1650.0 0.401312
1655.0 0.395192
1660.0 0.38964
1665.0 0.39548
1670.0 0.403948
1675.0 0.398568
1680.0 0.396676
1685.0 0.39965
1690.0 0.404398
1695.0 0.398222
1700.0 0.401542
1705.0 0.400992
1710.0 0.403802
1715.0 0.36808
1720.0 0.394182
1725.0 0.395544
1730.0 0.392852
1735.0 0.398628
1740.0 0.394194
1745.0 0.392196
1750.0 0.408286
1755.0 0.397322
