0.0 2.189064
5.0 1.47333
10.0 1.963206
15.0 2.069154
20.0 0.386862
25.0 1.765058
30.0 1.727426
35.0 2.09351
40.0 2.18162
45.0 2.208722
50.0 2.126246
55.0 2.06772
60.0 2.011074
65.0 1.833576
70.0 1.681874
75.0 1.70668
80.0 2.17675
85.0 1.728978
90.0 1.721304
95.0 2.13191
100.0 2.081246
105.0 2.149982
110.0 2.130898
115.0 1.730788
120.0 1.784038
125.0 2.10775
130.0 2.07652
135.0 2.185716
140.0 1.694116
145.0 1.993406
150.0 1.786744
155.0 2.077168
160.0 2.196314
165.0 1.74837
170.0 2.18535
175.0 2.196684
180.0 1.497856
185.0 1.602986
190.0 2.060964
195.0 2.077282
200.0 2.12667
205.0 1.809636
210.0 1.739596
215.0 2.129316
220.0 1.302154
225.0 2.023644
230.0 2.041602
235.0 0.391602
240.0 2.169918
245.0 2.144336
250.0 1.69868
255.0 2.15507
260.0 2.136992
265.0 2.105992
270.0 2.070326
275.0 1.97579
280.0 1.72696
285.0 0.849864
290.0 2.008544
295.0 2.040898
300.0 2.002182
305.0 2.125344
310.0 1.600216
315.0 2.02319
320.0 2.021168
325.0 2.027542
330.0 2.126148
335.0 1.774236
340.0 1.798316
345.0 2.09268
350.0 1.712934
355.0 2.142602
360.0 1.756464
365.0 2.037452
370.0 2.14772
375.0 2.008726
380.0 1.716092
385.0 1.687216
390.0 2.163244
395.0 1.693784
400.0 2.149872
405.0 1.752154
410.0 1.742054
415.0 0.775582
420.0 1.7564
425.0 1.785668
430.0 1.79371
435.0 2.012076
440.0 1.797156
445.0 2.135756
450.0 1.707072
455.0 2.154436
460.0 2.155058
465.0 2.009132
470.0 2.151262
475.0 2.140232
480.0 2.104066
485.0 1.741672
490.0 2.145608
495.0 2.116228
500.0 2.121242
505.0 2.121028
510.0 2.094694
515.0 1.783604
520.0 1.848226
525.0 1.939416
530.0 2.19453
535.0 1.932486
540.0 2.006608
545.0 2.123574
550.0 1.80942
555.0 2.00337
560.0 1.730504
565.0 1.67267
570.0 1.760766
575.0 2.162944
580.0 1.813928
585.0 2.132044
590.0 1.579322
595.0 2.137344
600.0 2.111484
605.0 2.039016
610.0 2.140794
615.0 1.499938
620.0 2.058286
625.0 1.91645
630.0 1.988286
635.0 2.124374
640.0 1.370102
645.0 2.15327
650.0 2.13324
655.0 1.805362
660.0 2.018592
665.0 1.721526
670.0 2.057066
675.0 1.783034
680.0 2.001394
685.0 2.033262
690.0 1.941354
695.0 2.190828
700.0 1.554176
705.0 1.697902
710.0 1.600952
715.0 1.759224
720.0 2.132792
725.0 1.809316
730.0 1.770668
735.0 2.119292
740.0 2.074046
745.0 2.045346
750.0 2.024022
755.0 2.057152
760.0 1.942818
765.0 2.128312
770.0 2.041458
775.0 2.037778
780.0 1.835368
785.0 2.080824
790.0 2.11946
795.0 2.173926
800.0 2.02891
805.0 1.971486
810.0 1.97904
815.0 2.083822
820.0 1.987728
825.0 1.792376
830.0 2.12316
835.0 1.507172
840.0 1.948986
845.0 2.015054
850.0 2.005494
855.0 2.130728
860.0 2.145548
865.0 1.754354
870.0 2.094768
875.0 1.972066
880.0 2.085006
885.0 1.781684
890.0 1.719482
895.0 1.764508
900.0 1.756214
905.0 2.105956
910.0 1.997368
915.0 1.811954
