0.0 0.334634
5.0 1.034972
10.0 1.055172
15.0 1.084072
20.0 0.329636
25.0 1.143336
30.0 1.098324
35.0 1.059362
40.0 0.331004
45.0 1.042974
50.0 0.342614
55.0 0.32538
60.0 0.328784
65.0 0.334532
70.0 1.124006
75.0 1.09654
80.0 1.671078
85.0 0.355964
90.0 1.658938
95.0 1.557374
100.0 0.38282
105.0 1.646966
110.0 1.420686
115.0 0.385808
120.0 0.387394
125.0 1.069048
130.0 0.385768
135.0 0.371212
140.0 1.659618
145.0 1.45876
150.0 1.593368
155.0 1.694904
160.0 1.631408
165.0 0.37217
170.0 1.545956
175.0 1.67859
180.0 1.630832
185.0 1.6468
190.0 0.371284
195.0 1.54542
200.0 1.649992
205.0 1.658372
210.0 1.592106
215.0 1.63418
220.0 1.683038
225.0 0.369582
230.0 1.483796
235.0 1.681544
240.0 1.606594
245.0 1.613328
250.0 0.370384
255.0 1.660666
260.0 1.633918
265.0 1.704796
270.0 1.605622
275.0 1.607666
280.0 1.641852
285.0 1.63447
290.0 1.618076
295.0 1.659492
300.0 1.60145
305.0 0.372016
310.0 1.540278
315.0 1.472526
320.0 1.540244
325.0 0.369264
330.0 1.61344
335.0 1.64268
340.0 0.385648
345.0 1.492458
350.0 1.650224
355.0 1.545906
360.0 0.36522
365.0 0.36802
370.0 1.68264
375.0 1.604338
380.0 1.603078
385.0 1.676556
390.0 1.668406
395.0 1.621404
400.0 0.19053
405.0 0.368664
410.0 1.472652
415.0 1.679622
420.0 1.003818
425.0 1.449852
430.0 1.621332
435.0 1.666914
440.0 0.371556
445.0 1.645142
450.0 1.69165
455.0 0.0
460.0 1.708792
465.0 0.371252
470.0 0.369468
475.0 1.685002
480.0 1.450504
485.0 1.656252
490.0 1.642256
495.0 0.386466
500.0 1.6407
505.0 1.507132
510.0 1.625654
515.0 0.38612
520.0 1.629466
525.0 1.652096
530.0 1.66703
535.0 0.382936
540.0 1.549348
545.0 1.524664
550.0 1.55574
555.0 1.61987
560.0 1.595262
565.0 1.611806
570.0 1.63297
575.0 1.25768
580.0 1.654254
585.0 1.526736
590.0 0.387216
595.0 1.54538
600.0 1.630078
605.0 0.376972
610.0 1.679666
615.0 1.610412
620.0 1.706298
625.0 1.56862
630.0 1.527676
635.0 1.4099
640.0 1.547624
645.0 1.537806
650.0 1.610974
655.0 1.652064
660.0 0.385232
665.0 1.535166
670.0 0.380596
675.0 1.487684
680.0 1.679668
685.0 1.629364
690.0 1.699322
695.0 0.377084
700.0 0.386212
705.0 1.51393
710.0 1.611896
715.0 0.379054
720.0 0.383322
725.0 1.673404
730.0 1.621238
735.0 1.595002
740.0 1.566152
745.0 1.682182
750.0 1.511914
755.0 1.570584
760.0 1.66968
765.0 1.527902
770.0 0.384906
775.0 1.52759
780.0 1.471132
785.0 0.385874
790.0 1.54861
795.0 1.658952
800.0 1.671058
805.0 1.6977
810.0 0.376318
815.0 0.385292
820.0 0.385536
825.0 0.382734
830.0 1.667072
835.0 1.61425
840.0 0.379554
845.0 1.56662
850.0 0.385152
855.0 1.698018
860.0 1.550676
865.0 1.660546
870.0 1.651228
875.0 1.43834
880.0 1.552078
885.0 0.385042
890.0 1.676744
895.0 0.379954
900.0 1.675504
905.0 1.676448
910.0 1.539654
915.0 1.393742
920.0 1.698554
925.0 1.692912
930.0 1.55959
935.0 1.612174
940.0 1.67486
945.0 1.507704
950.0 0.38435
955.0 1.657604
960.0 1.572804
965.0 1.673406
970.0 1.545974
975.0 1.519304
980.0 1.62824
985.0 1.696384
990.0 0.386468
995.0 1.526622
1000.0 1.555616
1005.0 0.376592
1010.0 0.374424
1015.0 1.285358
1020.0 1.576068
1025.0 0.381042
1030.0 1.676202
1035.0 1.656292
1040.0 0.38254
1045.0 1.519206
1050.0 1.66319
1055.0 1.5996
1060.0 0.0
1065.0 1.491594
1070.0 1.661214
1075.0 1.688922
1080.0 1.662772
1085.0 0.384296
1090.0 0.383412
1095.0 1.657082
1100.0 1.575828
1105.0 1.671118
1110.0 1.680712
1115.0 1.520506
1120.0 0.386732
1125.0 0.38797
1130.0 0.388692
1135.0 1.59918
1140.0 1.516768
1145.0 1.561748
1150.0 0.376548
1155.0 1.716944
1160.0 1.616682
1165.0 0.383586
1170.0 1.70844
1175.0 1.030896
1180.0 1.675828
1185.0 0.385912
1190.0 1.54587
1195.0 1.649812
1200.0 1.535232
1205.0 1.71803
1210.0 0.38529
1215.0 0.38536
1220.0 0.387934
1225.0 1.46309
1230.0 1.65992
1235.0 1.621222
1240.0 1.57714
1245.0 1.550276
1250.0 1.716742
1255.0 1.471696
1260.0 1.599392
1265.0 1.447812
1270.0 1.640176
1275.0 1.517078
1280.0 0.53384
1285.0 1.52709
1290.0 1.674404
1295.0 0.382442
1300.0 1.685582
1305.0 1.680906
1310.0 1.597492
1315.0 1.52104
1320.0 1.627392
1325.0 1.614978
1330.0 0.37965
1335.0 1.435532
1340.0 1.598442
1345.0 1.641902
1350.0 1.634664
1355.0 1.26461
1360.0 0.37542
1365.0 0.379808
1370.0 1.65358
1375.0 1.65499
1380.0 1.602326
1385.0 1.357564
1390.0 0.37879
1395.0 1.645022
1400.0 1.626252
1405.0 1.659638
1410.0 1.532482
1415.0 0.389052
1420.0 1.462772
1425.0 1.507336
1430.0 1.577546
1435.0 1.659044
1440.0 1.626578
1445.0 1.663892
1450.0 0.380082
1455.0 1.604014
1460.0 1.515348
1465.0 1.53495
1470.0 1.639322
1475.0 1.442998
1480.0 1.642228
1485.0 1.691382
1490.0 1.610108
1495.0 1.657782
1500.0 1.616278
1505.0 0.388682
1510.0 1.691122
1515.0 0.385834
1520.0 0.389148
1525.0 0.380922
1530.0 1.659792
1535.0 1.522624
1540.0 1.61355
1545.0 1.655888
1550.0 1.663594
1555.0 1.481308
1560.0 0.381406
1565.0 0.386676
1570.0 1.545504
1575.0 0.389124
1580.0 0.378916
1585.0 0.388606
1590.0 1.596386
1595.0 1.415944
1600.0 1.582124
1605.0 0.380534
1610.0 1.606304
1615.0 1.489594
1620.0 0.386668
1625.0 0.388968
1630.0 0.389896
1635.0 0.382436
1640.0 0.387252
1645.0 0.37745
1650.0 1.605834
1655.0 1.471004
1660.0 1.5047
1665.0 0.379402
1670.0 1.626712
1675.0 1.634592
