0.0 0.433818
5.0 0.457016
10.0 0.457786
15.0 0.387748
20.0 0.458874
25.0 0.459736
30.0 0.46197
35.0 0.460602
40.0 0.46126
45.0 0.389338
50.0 0.461362
55.0 0.46561
60.0 0.390906
65.0 0.470878
70.0 0.391682
75.0 0.475774
80.0 0.47264
85.0 0.47767
90.0 0.468446
95.0 0.45359
100.0 0.39328
105.0 0.45703
110.0 0.459568
115.0 0.463424
120.0 0.38723
125.0 0.39045
130.0 0.478372
135.0 0.389598
140.0 0.454154
145.0 0.473132
150.0 0.46513
155.0 0.442462
160.0 0.39385
165.0 0.471666
170.0 0.384618
175.0 0.47526
180.0 0.456324
185.0 0.394038
190.0 0.458968
195.0 0.442894
200.0 0.475294
205.0 0.463292
210.0 0.47025
215.0 0.457248
220.0 0.392278
225.0 0.462372
230.0 0.455336
235.0 0.400326
240.0 0.45677
245.0 0.390782
250.0 0.472234
255.0 0.44949
260.0 0.402098
265.0 0.463562
270.0 0.470628
275.0 0.392948
280.0 0.451498
285.0 0.45933
290.0 0.400864
295.0 0.452222
300.0 0.463732
305.0 0.476036
310.0 0.459534
315.0 0.467038
320.0 0.468416
325.0 0.393364
330.0 0.470972
335.0 0.45828
340.0 0.465098
345.0 0.39424
350.0 0.456086
355.0 0.397846
360.0 0.399832
365.0 0.453674
370.0 0.462256
375.0 0.388978
380.0 0.388172
385.0 0.400148
390.0 0.40053
395.0 0.39656
400.0 0.393502
405.0 0.393238
410.0 0.389058
415.0 0.38909
420.0 0.399546
425.0 0.403542
430.0 0.388778
435.0 0.39836
440.0 0.393866
445.0 0.388948
450.0 0.393198
455.0 0.38782
460.0 0.393442
465.0 0.386866
470.0 0.392516
475.0 0.388228
480.0 0.390406
485.0 0.388706
490.0 0.395668
495.0 0.395844
500.0 0.387594
505.0 0.402348
510.0 0.392844
515.0 0.392746
520.0 0.390878
525.0 0.39341
530.0 0.391906
535.0 0.399622
540.0 0.384746
545.0 0.38881
550.0 0.393392
555.0 0.398054
560.0 0.39412
565.0 0.38664
570.0 0.391104
575.0 0.395496
580.0 0.398048
585.0 0.390738
590.0 0.391772
595.0 0.392844
600.0 0.39498
605.0 0.371664
610.0 0.39047
615.0 0.393978
620.0 0.398028
625.0 0.387172
630.0 0.389448
635.0 0.388778
640.0 0.387822
645.0 0.389014
650.0 0.399328
655.0 0.379168
660.0 0.387944
665.0 0.39032
670.0 0.401102
675.0 0.39304
680.0 0.391582
685.0 0.389596
690.0 0.38679
695.0 0.402868
700.0 0.401986
705.0 0.387836
710.0 0.385254
715.0 0.399778
720.0 0.399896
725.0 0.394018
730.0 0.39696
735.0 0.399896
740.0 0.395738
745.0 0.39772
750.0 0.39389
755.0 0.384076
760.0 0.394426
765.0 0.395414
770.0 0.403154
775.0 0.392778
780.0 0.385256
785.0 0.391744
790.0 0.392596
795.0 0.386226
800.0 0.383794
805.0 0.397506
810.0 0.398334
815.0 0.404758
820.0 0.400876
825.0 0.397864
830.0 0.398312
835.0 0.392084
840.0 0.391128
845.0 0.394524
850.0 0.403334
855.0 0.402854
860.0 0.391746
865.0 0.400296
870.0 0.395146
875.0 0.393764
880.0 0.393908
885.0 0.39483
890.0 0.388158
895.0 0.398604
900.0 0.399144
905.0 0.393838
910.0 0.405702
915.0 0.397584
920.0 0.394966
925.0 0.38683
930.0 0.398564
935.0 0.397306
940.0 0.391312
945.0 0.39565
950.0 0.391524
955.0 0.392722
960.0 0.396298
965.0 0.396068
970.0 0.392008
975.0 0.382114
980.0 0.388434
985.0 0.362546
990.0 0.39441
995.0 0.389706
1000.0 0.404108
1005.0 0.3932
1010.0 0.397472
1015.0 0.391012
1020.0 0.386034
1025.0 0.37043
1030.0 0.392998
1035.0 0.39518
1040.0 0.387932
1045.0 0.391426
1050.0 0.402588
1055.0 0.39184
1060.0 0.403522
1065.0 0.386716
1070.0 0.397388
1075.0 0.405322
1080.0 0.40167
1085.0 0.401618
1090.0 0.398798
1095.0 0.402464
1100.0 0.393704
1105.0 0.398936
1110.0 0.39472
1115.0 0.384314
1120.0 0.403548
1125.0 0.39108
1130.0 0.38329
1135.0 0.397994
1140.0 0.408056
1145.0 0.40273
1150.0 0.401966
1155.0 0.393174
1160.0 0.397336
1165.0 0.400688
1170.0 0.393192
1175.0 0.389406
1180.0 0.40024
1185.0 0.397622
1190.0 0.385832
1195.0 0.396478
1200.0 0.390422
1205.0 0.393578
1210.0 0.39594
1215.0 0.40184
1220.0 0.398006
1225.0 0.395404
1230.0 0.403582
1235.0 0.398302
1240.0 0.385104
1245.0 0.399052
1250.0 0.398416
1255.0 0.3945
1260.0 0.395588
1265.0 0.402662
1270.0 0.399652
1275.0 0.389732
1280.0 0.387204
1285.0 0.398984
1290.0 0.389426
1295.0 0.40375
1300.0 0.392738
1305.0 0.395082
1310.0 0.398492
1315.0 0.399302
1320.0 0.393276
1325.0 0.399012
1330.0 0.397242
1335.0 0.394854
1340.0 0.396176
1345.0 0.403176
1350.0 0.396682
1355.0 0.400432
1360.0 0.3907
1365.0 0.398466
1370.0 0.392252
1375.0 0.403928
1380.0 0.396426
1385.0 0.398744
1390.0 0.394844
1395.0 0.399282
1400.0 0.402118
1405.0 0.39845
1410.0 0.391476
1415.0 0.39347
1420.0 0.397956
1425.0 0.397544
1430.0 0.390232
1435.0 0.3934
1440.0 0.384698
1445.0 0.387894
1450.0 0.395446
1455.0 0.394046
1460.0 0.372232
1465.0 0.402736
1470.0 0.389426
1475.0 0.391422
1480.0 0.378914
1485.0 0.386338
1490.0 0.38481
1495.0 0.40244
1500.0 0.39183
1505.0 0.393226
1510.0 0.400634
1515.0 0.406548
1520.0 0.40117
1525.0 0.38708
1530.0 0.403654
