0.0 0.76663
5.0 0.800036
10.0 0.824624
15.0 0.834812
20.0 0.803192
25.0 0.806824
30.0 0.83792
35.0 0.704022
40.0 0.719374
45.0 0.716298
50.0 0.81024
55.0 0.779526
60.0 0.736044
65.0 0.769456
70.0 0.77747
75.0 0.778994
80.0 0.812648
85.0 0.788108
90.0 0.708276
95.0 0.83438
100.0 0.741206
105.0 0.737442
110.0 0.788096
115.0 0.739118
120.0 0.802442
125.0 0.814404
130.0 0.824768
135.0 0.81792
140.0 0.74783
145.0 0.730324
150.0 0.728556
155.0 0.702208
160.0 0.70368
165.0 0.797154
170.0 0.767632
175.0 0.786728
180.0 0.793806
185.0 0.810226
190.0 0.816268
195.0 0.798426
200.0 0.77776
205.0 0.793538
210.0 0.792118
215.0 0.801368
220.0 0.82713
225.0 0.815588
230.0 0.78719
235.0 0.787936
240.0 0.801008
245.0 0.821396
250.0 0.800762
255.0 0.812528
260.0 0.550492
265.0 0.81973
270.0 0.714102
275.0 0.81086
280.0 0.816714
285.0 0.82404
290.0 0.818294
295.0 0.818516
300.0 0.795682
305.0 0.837756
310.0 0.839454
315.0 0.826704
320.0 0.06144
325.0 0.824368
330.0 0.815412
335.0 0.784926
340.0 0.759744
345.0 0.788502
350.0 0.80404
355.0 0.821
360.0 0.820916
365.0 0.826696
370.0 0.760234
375.0 0.667072
380.0 0.78522
385.0 0.702128
390.0 0.750492
395.0 0.790862
400.0 0.71729
405.0 0.769462
410.0 0.804512
415.0 0.82079
420.0 0.798212
425.0 0.82551
430.0 0.67722
435.0 0.73403
440.0 0.727414
445.0 0.727238
450.0 0.707532
455.0 0.668702
460.0 0.8273
465.0 0.831452
470.0 0.810942
475.0 0.803516
480.0 0.825948
485.0 0.811922
490.0 0.76887
495.0 0.743722
500.0 0.808294
505.0 0.844438
510.0 0.782954
515.0 0.808978
520.0 0.81318
525.0 0.813564
530.0 0.824506
535.0 0.82018
540.0 0.226172
545.0 0.850034
550.0 0.821236
555.0 0.833944
560.0 0.83509
565.0 0.80794
570.0 0.790484
575.0 0.806594
580.0 0.810862
585.0 0.834026
590.0 0.836322
595.0 0.820576
600.0 0.824064
605.0 0.778854
610.0 0.819026
615.0 0.819096
620.0 0.805756
625.0 0.820654
630.0 0.813266
635.0 0.806762
640.0 0.8293
645.0 0.808448
650.0 0.78165
655.0 0.796224
660.0 0.786352
665.0 0.85384
670.0 0.854408
675.0 0.794258
680.0 0.804586
685.0 0.812332
690.0 0.792476
695.0 0.80133
700.0 0.826536
705.0 0.800806
710.0 0.813054
715.0 0.803732
720.0 0.799348
725.0 0.76045
730.0 0.807322
735.0 0.818408
740.0 0.747972
745.0 0.820952
750.0 0.817346
755.0 0.802348
760.0 0.818606
765.0 0.825514
770.0 0.813632
775.0 0.812778
780.0 0.795754
785.0 0.812836
790.0 0.781696
795.0 0.812366
800.0 0.761482
805.0 0.738016
810.0 0.833872
815.0 0.751254
820.0 0.78134
825.0 0.770438
830.0 0.75633
835.0 0.760304
840.0 0.773916
845.0 0.751882
850.0 0.745734
855.0 0.722264
860.0 0.78447
865.0 0.757296
870.0 0.784406
875.0 0.765762
880.0 0.781036
885.0 0.824132
890.0 0.829804
895.0 0.857576
900.0 0.841844
905.0 0.862528
910.0 0.87249
915.0 0.848402
920.0 0.85886
925.0 0.865458
930.0 0.638234
935.0 0.83793
940.0 0.903018
945.0 0.861442
950.0 0.875778
955.0 0.874622
960.0 0.828734
965.0 0.85693
970.0 0.881508
975.0 0.907532
980.0 0.866076
985.0 0.86462
990.0 0.849492
995.0 0.899142
1000.0 0.802342
1005.0 0.786098
1010.0 0.833804
1015.0 0.843954
1020.0 0.830988
1025.0 0.860026
1030.0 0.33444
1035.0 0.346868
1040.0 0.453612
1045.0 0.457726
1050.0 0.45075
1055.0 0.42945
1060.0 0.460488
1065.0 0.446376
1070.0 0.439506
1075.0 0.44506
1080.0 0.425274
1085.0 0.459472
1090.0 0.439024
1095.0 0.465502
1100.0 0.457416
1105.0 0.448174
1110.0 0.455008
1115.0 0.464558
1120.0 0.453452
1125.0 0.372046
1130.0 0.439098
1135.0 0.443448
1140.0 0.46213
1145.0 0.454622
1150.0 0.43693
1155.0 0.429766
1160.0 0.424108
1165.0 0.434062
1170.0 0.437174
1175.0 0.427916
1180.0 0.419694
1185.0 0.436142
1190.0 0.43509
1195.0 0.435408
1200.0 0.443952
1205.0 0.448288
1210.0 0.440014
1215.0 0.42289
1220.0 0.285744
1225.0 0.273174
1230.0 0.299244
1235.0 0.429064
1240.0 0.374516
1245.0 0.418826
1250.0 0.43632
1255.0 0.4523
1260.0 0.463074
1265.0 0.412222
1270.0 0.428098
1275.0 0.45276
1280.0 0.28025
1285.0 0.443542
1290.0 0.44379
1295.0 0.442392
1300.0 0.458364
1305.0 0.460194
1310.0 0.446624
1315.0 0.296266
1320.0 0.426484
1325.0 0.364838
1330.0 0.284644
1335.0 0.408872
1340.0 0.423678
1345.0 0.404494
1350.0 0.408572
1355.0 0.4373
1360.0 0.441142
1365.0 0.420982
1370.0 0.275696
1375.0 0.409094
1380.0 0.28763
1385.0 0.431404
1390.0 0.7875
1395.0 0.781508
1400.0 0.79446
1405.0 0.778208
1410.0 0.82821
1415.0 0.839884
1420.0 0.811068
1425.0 0.81504
1430.0 0.798616
1435.0 0.791246
1440.0 0.792216
1445.0 0.810904
1450.0 0.766708
1455.0 0.817886
1460.0 0.83268
1465.0 0.8233
1470.0 0.813664
1475.0 0.766982
1480.0 0.766332
1485.0 0.719086
1490.0 0.809854
1495.0 0.790542
1500.0 0.773606
1505.0 0.773326
1510.0 0.805082
1515.0 0.815798
1520.0 0.837728
1525.0 0.833906
1530.0 0.810302
1535.0 0.818528
1540.0 0.755154
1545.0 0.778288
1550.0 0.713002
1555.0 0.74856
1560.0 0.775498
1565.0 0.778206
1570.0 0.814616
1575.0 0.786998
1580.0 0.806284
1585.0 0.803912
1590.0 0.775412
1595.0 0.8049
1600.0 0.766318
1605.0 0.74465
1610.0 0.72773
1615.0 0.77649
1620.0 0.77467
1625.0 0.819128
1630.0 0.81998
1635.0 0.767204
1640.0 0.759584
1645.0 0.782544
1650.0 0.696958
1655.0 0.757156
1660.0 0.752866
1665.0 0.777432
1670.0 0.785438
1675.0 0.785044
1680.0 0.790326
1685.0 0.772522
1690.0 0.684998
1695.0 0.81208
1700.0 0.805266
1705.0 0.778774
1710.0 0.74248
