0.0 1.338422
5.0 1.382664
10.0 1.166214
15.0 1.491046
20.0 1.522452
25.0 1.340588
30.0 1.345162
35.0 1.232496
40.0 1.316184
45.0 1.345114
50.0 1.297058
55.0 1.325482
60.0 0.616714
65.0 1.413344
70.0 1.439364
75.0 1.445512
80.0 1.42529
85.0 1.558756
90.0 1.271178
95.0 1.305548
100.0 0.746962
105.0 1.401018
110.0 1.321366
115.0 1.111774
120.0 0.401812
125.0 0.80698
130.0 1.297758
135.0 1.460146
140.0 1.458364
145.0 1.473286
150.0 1.34532
155.0 1.371434
160.0 1.402192
165.0 1.391294
170.0 1.288174
175.0 0.8592
180.0 0.850184
185.0 0.425272
190.0 1.415552
195.0 1.455478
200.0 1.477208
205.0 1.427886
210.0 1.297436
215.0 1.21182
220.0 1.288604
225.0 1.118872
230.0 1.317894
235.0 1.441268
240.0 0.97454
245.0 1.568652
250.0 1.3963
255.0 1.33007
260.0 1.39671
265.0 1.450782
270.0 1.306962
275.0 1.413532
280.0 1.455634
285.0 0.99391
290.0 1.47011
295.0 1.446276
300.0 0.303948
305.0 1.293138
310.0 1.396102
315.0 1.448182
320.0 1.513176
325.0 1.49327
330.0 1.527314
335.0 1.442448
340.0 1.424776
345.0 1.45538
350.0 1.435952
355.0 0.212714
360.0 0.904244
365.0 1.59484
370.0 1.45554
375.0 1.455546
380.0 1.388804
385.0 1.431346
390.0 1.36121
395.0 1.254822
400.0 1.330446
405.0 1.22862
410.0 1.294694
415.0 1.458206
420.0 0.511678
425.0 0.601794
430.0 1.316716
435.0 1.452764
440.0 1.460934
445.0 1.445894
450.0 1.28509
455.0 1.333412
460.0 1.27512
465.0 1.270628
470.0 1.305414
475.0 1.413912
480.0 1.263938
485.0 1.41187
490.0 1.438338
495.0 1.430374
500.0 1.443598
505.0 1.428878
510.0 1.466344
515.0 1.291384
520.0 1.432654
525.0 1.309528
530.0 1.351216
535.0 1.342338
540.0 1.28788
545.0 1.082674
550.0 1.333874
555.0 1.427716
560.0 1.419872
565.0 1.436154
570.0 1.305076
575.0 1.374252
580.0 1.353266
585.0 1.315236
590.0 0.996046
595.0 1.397374
600.0 1.485072
605.0 1.478116
610.0 1.39706
615.0 1.476008
620.0 1.331546
625.0 1.450096
630.0 1.451822
635.0 1.22637
640.0 1.330736
645.0 1.22177
650.0 1.012844
655.0 1.274814
660.0 1.447166
665.0 1.43907
670.0 1.387492
675.0 0.9745
680.0 1.505382
685.0 1.529872
690.0 1.338962
695.0 1.452358
700.0 1.427394
705.0 0.827054
710.0 1.390508
715.0 1.441632
720.0 1.427926
725.0 1.484526
730.0 1.474254
735.0 1.465368
740.0 1.239176
745.0 1.381968
750.0 1.383234
755.0 1.403876
760.0 1.385886
765.0 0.636126
770.0 1.41911
775.0 1.40273
780.0 1.441288
785.0 1.428846
790.0 1.391216
795.0 1.415552
800.0 1.359676
805.0 1.309734
810.0 1.235772
815.0 1.300588
820.0 0.588144
825.0 1.418378
830.0 1.330386
835.0 1.486224
840.0 1.36166
845.0 1.334346
850.0 1.249952
855.0 1.145316
860.0 1.354934
865.0 1.207114
870.0 1.160272
875.0 1.42089
880.0 1.42943
885.0 0.066568
890.0 1.318368
895.0 1.245876
900.0 1.384936
905.0 1.420414
910.0 1.414836
915.0 1.44781
920.0 1.357656
925.0 1.412018
930.0 1.46879
935.0 1.151938
940.0 1.373308
945.0 1.404972
950.0 1.403398
955.0 1.480364
960.0 1.54068
965.0 1.48059
970.0 1.539768
975.0 1.395542
980.0 1.572982
985.0 1.526872
990.0 1.518746
995.0 1.537442
1000.0 1.413648
1005.0 1.536574
1010.0 1.548506
1015.0 1.506838
1020.0 1.143668
1025.0 1.318672
1030.0 1.31471
1035.0 1.336272
1040.0 1.278504
1045.0 1.304044
1050.0 1.351518
1055.0 1.061438
1060.0 1.450578
1065.0 1.425252
1070.0 1.477294
1075.0 1.470144
1080.0 1.596784
1085.0 1.51756
1090.0 1.407002
1095.0 1.563152
1100.0 1.566428
1105.0 1.639042
1110.0 0.354106
1115.0 1.352188
1120.0 1.525016
1125.0 1.524256
1130.0 1.461512
1135.0 1.541526
1140.0 1.474512
1145.0 1.01687
1150.0 1.514938
1155.0 1.435602
1160.0 1.484064
1165.0 1.244214
1170.0 0.0
1175.0 0.521826
1180.0 1.48367
1185.0 1.49585
1190.0 1.368402
1195.0 1.059384
1200.0 1.381174
1205.0 1.428756
1210.0 1.43198
1215.0 1.411822
1220.0 1.176982
1225.0 1.25192
1230.0 1.063478
1235.0 1.197774
1240.0 1.420018
1245.0 1.405768
1250.0 1.433322
1255.0 1.46201
1260.0 1.372936
1265.0 1.42954
1270.0 1.490396
1275.0 1.521212
1280.0 1.565456
1285.0 1.268464
1290.0 0.483816
1295.0 1.44823
1300.0 1.753146
1305.0 1.73545
1310.0 1.721388
1315.0 1.73208
1320.0 1.049394
1325.0 1.365898
1330.0 1.549954
1335.0 1.308698
1340.0 1.33792
1345.0 1.139938
1350.0 1.42931
1355.0 1.32765
1360.0 1.370172
1365.0 1.515826
1370.0 1.502294
1375.0 1.4391
1380.0 1.092228
1385.0 1.077064
1390.0 1.235466
1395.0 1.374438
1400.0 1.243002
1405.0 0.98871
1410.0 0.814592
1415.0 0.576258
1420.0 1.282176
1425.0 1.441152
1430.0 1.432628
1435.0 1.373374
1440.0 0.902994
1445.0 1.425176
1450.0 1.25416
1455.0 1.278996
1460.0 1.450336
1465.0 1.347382
1470.0 0.683222
1475.0 1.414698
1480.0 0.72413
1485.0 1.131104
1490.0 1.448724
1495.0 0.993468
1500.0 1.339978
1505.0 0.860496
1510.0 0.985726
1515.0 1.065938
1520.0 1.294956
1525.0 1.411384
1530.0 1.452104
1535.0 1.451392
1540.0 1.490156
1545.0 0.71066
1550.0 1.604536
1555.0 1.40256
1560.0 1.458746
1565.0 1.373854
1570.0 1.409468
1575.0 1.290764
1580.0 0.979088
1585.0 1.208718
1590.0 1.310028
1595.0 1.345516
1600.0 1.478524
1605.0 1.448472
1610.0 1.43047
1615.0 1.36494
1620.0 0.743904
1625.0 1.026662
1630.0 1.29845
1635.0 0.139228
1640.0 1.031324
1645.0 1.12601
1650.0 1.409472
1655.0 1.178608
1660.0 1.446784
1665.0 0.091686
1670.0 1.435532
1675.0 0.603026
1680.0 1.001746
1685.0 1.327664
1690.0 1.282872
1695.0 1.405976
1700.0 0.915574
1705.0 0.939008
1710.0 1.545054
1715.0 1.479136
1720.0 1.521616
1725.0 1.626662
1730.0 1.377218
1735.0 0.680284
1740.0 1.028438
1745.0 1.418478
1750.0 1.192538
1755.0 1.239828
1760.0 1.316716
1765.0 0.08426
1770.0 1.315902
1775.0 1.608586
1780.0 1.270764
1785.0 1.197898
