0.0 0.801516
5.0 0.83056
10.0 0.859972
15.0 0.848052
20.0 0.861648
25.0 0.894698
30.0 0.856494
35.0 0.847068
40.0 0.860016
45.0 0.885952
50.0 0.881824
55.0 0.867112
60.0 0.70169
65.0 0.85484
70.0 0.854244
75.0 0.847046
80.0 0.858108
85.0 0.835048
90.0 0.861852
95.0 0.839978
100.0 0.869152
105.0 0.664094
110.0 0.884052
115.0 0.882528
120.0 0.867422
125.0 0.72071
130.0 0.877344
135.0 0.763576
140.0 0.876882
145.0 0.861218
150.0 0.878766
155.0 0.801952
160.0 0.782816
165.0 0.869286
170.0 0.586094
175.0 0.83961
180.0 0.839328
185.0 0.818402
190.0 0.863404
195.0 0.841146
200.0 0.793246
205.0 0.846358
210.0 0.832758
215.0 0.8632
220.0 0.885006
225.0 0.851912
230.0 0.865174
235.0 0.831122
240.0 0.841658
245.0 0.854768
250.0 0.848302
255.0 0.879736
260.0 0.89065
265.0 0.85602
270.0 0.893834
275.0 0.88048
280.0 0.903446
285.0 0.87405
290.0 0.801616
295.0 0.865986
300.0 0.843818
305.0 0.875234
310.0 0.26611
315.0 0.792304
320.0 0.8604
325.0 0.880256
330.0 0.881392
335.0 0.873546
340.0 0.84935
345.0 0.834668
350.0 0.8683
355.0 0.835258
360.0 0.834162
365.0 0.692168
370.0 0.836418
375.0 0.688394
380.0 0.852368
385.0 0.818574
390.0 0.866228
395.0 0.858276
400.0 0.727402
405.0 0.876668
410.0 0.863952
415.0 0.729088
420.0 0.856444
425.0 0.831638
430.0 0.854016
435.0 0.726828
440.0 0.846178
445.0 0.0
450.0 0.865076
455.0 0.895394
460.0 0.829042
465.0 0.85581
470.0 0.903192
475.0 0.87281
480.0 0.84231
485.0 0.841652
490.0 0.853032
495.0 0.877012
500.0 0.838932
505.0 0.903262
510.0 0.91115
515.0 0.849782
520.0 0.811522
525.0 0.865862
530.0 0.88006
535.0 0.850416
540.0 0.58766
545.0 0.865972
550.0 0.823992
555.0 0.84893
560.0 0.841702
565.0 0.845004
570.0 0.777262
575.0 0.844238
580.0 0.84405
585.0 0.855922
590.0 0.905818
595.0 0.828594
600.0 0.852382
605.0 0.858848
610.0 0.85003
615.0 0.86721
620.0 0.86497
625.0 0.82374
630.0 0.856662
635.0 0.865626
640.0 0.884474
645.0 0.886658
650.0 0.850682
655.0 0.875728
660.0 0.85529
665.0 0.873178
670.0 0.853478
675.0 0.866622
680.0 0.840342
685.0 0.84948
690.0 0.788074
695.0 0.813626
700.0 0.810036
705.0 0.693798
710.0 0.825616
715.0 0.82955
720.0 0.806522
725.0 0.817942
730.0 0.812202
735.0 0.797134
740.0 0.206154
745.0 0.807138
750.0 0.775986
755.0 0.820214
760.0 0.89644
765.0 0.881296
770.0 0.890566
775.0 0.920748
780.0 0.902704
785.0 0.789976
790.0 0.750698
795.0 0.78911
800.0 0.791082
805.0 0.81658
810.0 0.926634
815.0 0.88342
820.0 0.780354
825.0 0.944346
830.0 0.948964
835.0 0.941244
840.0 0.937064
845.0 0.927772
850.0 0.90837
855.0 0.886256
860.0 0.898318
865.0 0.929712
870.0 0.92255
875.0 0.795722
880.0 0.879862
885.0 0.851068
890.0 0.902222
895.0 0.865982
900.0 0.875256
905.0 0.873972
910.0 0.912562
915.0 0.88323
920.0 0.924058
925.0 0.929868
930.0 0.902328
935.0 0.918436
940.0 0.94831
945.0 0.852986
950.0 0.91747
955.0 0.88107
960.0 0.872328
965.0 0.883824
970.0 0.877734
975.0 0.85558
980.0 0.283132
985.0 0.864216
990.0 0.86676
995.0 0.844366
1000.0 0.891612
1005.0 0.876484
1010.0 0.86753
1015.0 0.8927
1020.0 0.852712
1025.0 0.852112
1030.0 0.623764
1035.0 0.889178
1040.0 0.905396
1045.0 0.92693
1050.0 0.889098
1055.0 0.87681
1060.0 0.908924
1065.0 0.89945
1070.0 0.893012
1075.0 0.889156
1080.0 0.887632
1085.0 0.942444
1090.0 0.820002
1095.0 0.83423
1100.0 0.838934
1105.0 0.844998
1110.0 0.832308
1115.0 0.817948
1120.0 0.828382
1125.0 0.838986
1130.0 0.821048
1135.0 0.838088
1140.0 0.845086
1145.0 0.88968
1150.0 0.860334
1155.0 0.897326
1160.0 0.811556
1165.0 0.874898
1170.0 0.885046
1175.0 0.85041
1180.0 0.865698
1185.0 0.864286
1190.0 0.828042
1195.0 0.873226
1200.0 0.835498
1205.0 0.862682
1210.0 0.851832
1215.0 0.86321
1220.0 0.856172
1225.0 0.852726
1230.0 0.85831
1235.0 0.858446
1240.0 0.86596
1245.0 0.854656
1250.0 0.850892
1255.0 0.86047
1260.0 0.826656
1265.0 0.547486
1270.0 0.577342
1275.0 0.578528
1280.0 0.592722
1285.0 0.583306
1290.0 0.560642
1295.0 0.571664
1300.0 0.554438
1305.0 0.619564
1310.0 0.624012
1315.0 0.584344
1320.0 0.552772
1325.0 0.578762
1330.0 0.498176
1335.0 0.223732
1340.0 0.572476
1345.0 0.56393
1350.0 0.571746
1355.0 0.584036
1360.0 0.5638
1365.0 0.502894
