0.0 2.357318
5.0 2.774562
10.0 2.263458
15.0 2.326096
20.0 2.044638
25.0 2.109178
30.0 2.144482
35.0 1.969068
40.0 2.186128
45.0 2.29455
50.0 2.010694
55.0 1.874102
60.0 1.790818
65.0 1.675758
70.0 1.795272
75.0 1.866322
80.0 1.897116
85.0 1.730206
90.0 1.864178
95.0 1.988576
100.0 1.914106
105.0 1.80684
110.0 1.93893
115.0 2.05449
120.0 1.963574
125.0 2.01533
130.0 2.040694
135.0 1.7698
140.0 1.89646
145.0 1.744526
150.0 1.795288
155.0 1.809396
160.0 1.757742
165.0 1.811104
170.0 2.082106
175.0 1.835768
180.0 1.796248
185.0 1.842056
190.0 1.671312
195.0 2.05896
200.0 2.215252
205.0 1.906106
210.0 2.06265
215.0 2.062028
220.0 1.922328
225.0 1.904088
230.0 1.850192
235.0 1.737246
240.0 1.70756
245.0 1.902904
250.0 1.876624
255.0 1.739764
260.0 1.854634
265.0 2.024426
270.0 1.831524
275.0 1.992514
280.0 1.751494
285.0 1.758372
290.0 1.75942
295.0 2.11784
300.0 1.94888
305.0 1.92353
310.0 1.304866
315.0 2.028126
320.0 2.163884
325.0 1.926944
330.0 1.999968
335.0 1.836106
340.0 1.899842
345.0 1.794848
350.0 1.985342
355.0 2.084976
360.0 2.049908
365.0 1.900996
370.0 2.049362
375.0 2.057786
380.0 1.909422
385.0 1.789644
390.0 1.93717
395.0 1.472108
400.0 1.824888
405.0 1.676846
410.0 1.924414
415.0 2.050184
420.0 1.850776
425.0 1.969596
430.0 1.879384
435.0 2.169566
440.0 1.816628
445.0 1.910464
450.0 2.15913
455.0 2.173036
460.0 2.087812
465.0 2.397614
470.0 2.018014
475.0 2.078362
480.0 2.26567
485.0 2.065536
490.0 2.418032
495.0 2.28122
500.0 2.103798
505.0 2.162726
510.0 1.919508
515.0 1.7121
520.0 1.716088
525.0 1.819062
530.0 1.909686
535.0 1.986328
540.0 1.814102
545.0 2.450752
550.0 2.083928
555.0 2.310056
560.0 1.797572
565.0 1.922496
570.0 1.915294
575.0 1.864834
580.0 2.027424
585.0 1.870924
590.0 1.791158
595.0 1.767124
600.0 1.86559
605.0 2.097914
610.0 2.013152
615.0 2.111094
620.0 2.031012
625.0 2.090912
630.0 1.74835
635.0 2.347814
640.0 2.039578
645.0 2.407218
650.0 2.455734
655.0 2.038204
660.0 1.913442
665.0 1.25626
670.0 2.275668
675.0 1.96397
680.0 2.347754
685.0 2.857496
690.0 2.29848
695.0 1.830134
700.0 1.849922
705.0 2.349674
710.0 2.25201
715.0 1.871696
720.0 1.801178
725.0 2.051984
730.0 1.825092
735.0 1.921734
740.0 2.341106
745.0 2.490596
750.0 1.916948
755.0 2.266386
760.0 2.35295
765.0 2.642792
770.0 2.537322
775.0 2.187704
780.0 2.513214
785.0 2.04473
790.0 2.48081
795.0 2.332588
800.0 2.29225
805.0 2.06237
810.0 1.851372
815.0 0.602892
820.0 1.935534
825.0 1.967208
830.0 1.936228
835.0 1.992464
840.0 2.099048
845.0 2.175414
850.0 1.89884
855.0 2.203554
860.0 2.039092
865.0 2.49448
870.0 2.074676
875.0 1.823886
880.0 1.799564
885.0 1.995242
890.0 2.138156
895.0 2.011544
900.0 2.097946
905.0 1.719674
910.0 2.023736
915.0 1.520784
920.0 1.989022
925.0 2.752722
930.0 2.10809
935.0 1.817106
940.0 1.873164
945.0 0.221458
950.0 2.110578
955.0 2.003636
960.0 2.04833
965.0 1.913736
970.0 1.799526
975.0 1.958568
980.0 2.286736
985.0 2.40405
990.0 2.215142
995.0 1.881656
1000.0 1.941
1005.0 1.849938
1010.0 2.376082
1015.0 2.298614
1020.0 2.239718
1025.0 2.260848
1030.0 2.841188
1035.0 2.132208
1040.0 2.133278
1045.0 2.051104
1050.0 2.239022
1055.0 2.279666
1060.0 2.467504
1065.0 2.14533
1070.0 2.058336
1075.0 2.208382
1080.0 2.038136
1085.0 2.319118
1090.0 1.973562
1095.0 2.110028
1100.0 1.8186
1105.0 1.79167
1110.0 1.908666
1115.0 2.377792
1120.0 2.08541
1125.0 2.052508
1130.0 2.378784
1135.0 2.053588
1140.0 2.147498
1145.0 2.277892
1150.0 2.230266
1155.0 1.974468
1160.0 2.15986
1165.0 1.871708
1170.0 2.206418
1175.0 2.016816
1180.0 2.24969
1185.0 2.122024
1190.0 2.195842
1195.0 0.0
1200.0 0.0
1205.0 2.070324
1210.0 1.873652
1215.0 2.087748
1220.0 1.919994
1225.0 1.337634
1230.0 1.824326
1235.0 1.269882
1240.0 1.987542
1245.0 2.053972
1250.0 2.157858
1255.0 2.099898
1260.0 2.448494
1265.0 2.455406
1270.0 1.904678
1275.0 2.402916
1280.0 2.3675
1285.0 1.954652
1290.0 1.67469
1295.0 1.904766
1300.0 1.898624
1305.0 1.982036
1310.0 2.062422
1315.0 1.928892
1320.0 1.981872
1325.0 1.755938
1330.0 1.824818
1335.0 1.882062
1340.0 1.839892
1345.0 1.75536
1350.0 2.047416
1355.0 2.135788
1360.0 2.408942
1365.0 1.940592
1370.0 2.477744
1375.0 2.309628
1380.0 1.510208
1385.0 1.901332
1390.0 2.108944
1395.0 2.181942
1400.0 2.57882
1405.0 1.535974
1410.0 2.311298
1415.0 2.949014
1420.0 2.070234
1425.0 2.697534
1430.0 2.553414
1435.0 2.541086
1440.0 1.91104
1445.0 2.73403
1450.0 2.355774
1455.0 1.994274
1460.0 2.660792
1465.0 2.43036
1470.0 1.915294
1475.0 1.769168
1480.0 2.088066
1485.0 1.841536
1490.0 1.972386
1495.0 2.199868
1500.0 1.774098
1505.0 1.798104
1510.0 1.966648
1515.0 2.07292
1520.0 1.870168
1525.0 1.93582
1530.0 2.07511
1535.0 1.950922
1540.0 2.038524
1545.0 1.96637
1550.0 2.003718
1555.0 2.055412
1560.0 2.1005
1565.0 2.115466
1570.0 2.319374
1575.0 2.01636
1580.0 2.229564
1585.0 2.11516
1590.0 1.871162
1595.0 1.838212
1600.0 2.022206
1605.0 2.448416
1610.0 2.37263
1615.0 2.166492
1620.0 2.116854
1625.0 2.02274
1630.0 1.809594
1635.0 2.081628
1640.0 1.945194
1645.0 1.716118
1650.0 2.029714
1655.0 1.916684
1660.0 1.609346
1665.0 2.111554
1670.0 1.97541
1675.0 2.277674
1680.0 2.056698
1685.0 2.098436
1690.0 1.922386
1695.0 2.077874
1700.0 1.933262
1705.0 2.328628
1710.0 2.500078
1715.0 1.763022
1720.0 1.90749
1725.0 1.819462
1730.0 1.735316
1735.0 1.963018
1740.0 1.937234
1745.0 2.021446
1750.0 1.998496
1755.0 1.7801
1760.0 1.796758
1765.0 1.832052
1770.0 1.775538
1775.0 1.795894
1780.0 1.765166
1785.0 2.108732
1790.0 1.908606
1795.0 1.887742
1800.0 1.985144
1805.0 2.131172
1810.0 1.874368
1815.0 2.537504
1820.0 2.446758
1825.0 1.979164
1830.0 1.663988
1835.0 2.331898
