0.0 2.408822
5.0 2.39862
10.0 2.450142
15.0 2.36577
20.0 1.168194
25.0 2.42984
30.0 1.779266
35.0 2.337116
40.0 2.487808
45.0 1.082888
50.0 1.68646
55.0 2.08732
60.0 1.866798
65.0 2.30701
70.0 2.353032
75.0 2.450298
80.0 2.348786
85.0 2.366356
90.0 2.377486
95.0 1.746518
100.0 1.658594
105.0 1.790526
110.0 2.412016
115.0 0.747172
120.0 1.990516
125.0 2.422198
130.0 2.436286
135.0 2.442604
140.0 2.425562
145.0 2.371758
150.0 1.676976
155.0 2.288218
160.0 1.670964
165.0 1.662222
170.0 2.307432
175.0 1.201828
180.0 1.84655
185.0 2.183378
190.0 2.470114
195.0 2.477694
200.0 2.49389
205.0 2.373376
210.0 2.300852
215.0 2.333168
220.0 2.183508
225.0 2.342016
230.0 2.39191
235.0 2.342722
240.0 2.05205
245.0 2.380096
250.0 2.334742
255.0 2.484528
260.0 2.385056
265.0 2.243998
270.0 2.35463
275.0 2.405682
280.0 2.32685
285.0 1.324954
290.0 1.233066
295.0 1.197372
300.0 1.15815
305.0 1.088988
310.0 1.109276
315.0 1.29863
320.0 2.48762
325.0 2.458022
330.0 2.469656
335.0 2.542484
340.0 1.118758
345.0 1.868
350.0 1.287852
355.0 0.575002
360.0 1.359882
365.0 1.347248
370.0 1.895976
375.0 2.37956
380.0 1.289064
385.0 1.377546
390.0 2.417006
395.0 1.111854
400.0 1.382794
405.0 0.936224
410.0 1.23049
415.0 1.192308
420.0 1.909056
425.0 1.199566
430.0 1.143486
435.0 1.335694
440.0 1.147524
445.0 1.154576
450.0 1.135048
455.0 0.843072
460.0 1.08772
465.0 1.269062
470.0 1.22955
475.0 0.77049
480.0 0.900414
485.0 1.136712
490.0 1.088588
495.0 1.046872
500.0 0.981758
505.0 1.636676
510.0 1.008632
515.0 1.17158
520.0 1.050574
525.0 1.146606
530.0 1.612592
535.0 1.301858
540.0 0.935432
545.0 1.084176
550.0 1.055996
555.0 1.017862
560.0 0.97919
565.0 1.7805
570.0 1.756396
575.0 1.82813
580.0 1.836832
585.0 1.585338
590.0 1.88992
595.0 1.851672
600.0 1.796072
605.0 1.654932
610.0 2.295276
615.0 2.411834
620.0 2.43766
625.0 2.39397
630.0 0.630708
635.0 2.217096
640.0 2.384558
645.0 2.278412
650.0 2.362472
655.0 2.366398
660.0 2.3137
665.0 1.769064
670.0 2.197472
675.0 2.47021
680.0 2.349654
685.0 2.437038
690.0 1.75833
695.0 2.521152
700.0 2.638872
705.0 2.373682
710.0 2.37714
715.0 2.399804
720.0 2.362686
725.0 2.293732
730.0 2.290108
735.0 2.1169
740.0 2.372424
745.0 2.347502
750.0 2.393754
755.0 1.908598
760.0 2.333358
765.0 1.955402
770.0 2.369638
775.0 2.364972
780.0 2.352978
785.0 2.403584
790.0 2.36959
795.0 2.388726
800.0 2.488686
805.0 2.388576
810.0 2.310414
815.0 2.333388
820.0 2.266062
825.0 2.349554
830.0 2.321508
835.0 2.254994
840.0 1.863778
845.0 2.30868
850.0 2.352246
855.0 2.241394
860.0 2.32465
865.0 2.117212
870.0 2.196984
875.0 1.906068
880.0 2.223814
885.0 1.630058
890.0 1.925704
895.0 2.235884
900.0 1.88452
905.0 2.354656
910.0 2.413292
915.0 2.303828
920.0 2.36166
925.0 2.274618
930.0 2.440316
935.0 2.078602
940.0 2.453176
945.0 2.15377
950.0 2.361392
955.0 2.522142
960.0 2.483114
965.0 2.44368
970.0 2.520496
975.0 2.497142
980.0 2.567522
985.0 2.51774
990.0 2.500284
995.0 2.48922
1000.0 2.474116
1005.0 2.551896
1010.0 2.484584
1015.0 2.415432
1020.0 2.069806
1025.0 2.551764
1030.0 2.55908
1035.0 2.659382
1040.0 2.641268
1045.0 2.486662
1050.0 2.405842
1055.0 2.270224
1060.0 2.336894
1065.0 2.403102
1070.0 2.423886
1075.0 2.16503
1080.0 2.205094
1085.0 2.389416
1090.0 1.997578
1095.0 2.407246
1100.0 2.349002
1105.0 2.46726
1110.0 2.431974
1115.0 2.526222
1120.0 2.37943
1125.0 2.624146
1130.0 2.42638
1135.0 2.133186
1140.0 2.023668
1145.0 2.40685
1150.0 2.218886
1155.0 2.474218
1160.0 2.532202
1165.0 2.501662
1170.0 2.356574
1175.0 2.46912
1180.0 2.429998
1185.0 2.540106
1190.0 2.401336
1195.0 2.067566
1200.0 2.087854
1205.0 2.55695
1210.0 2.46766
1215.0 2.369782
1220.0 2.449884
1225.0 2.356108
1230.0 2.115702
1235.0 2.337896
1240.0 2.340468
1245.0 1.216126
1250.0 2.240564
1255.0 1.958812
1260.0 1.846208
1265.0 2.252724
1270.0 2.357996
1275.0 2.379392
1280.0 2.326072
1285.0 2.351888
1290.0 1.768574
1295.0 2.489266
1300.0 2.34789
1305.0 1.705648
1310.0 1.701474
1315.0 1.463886
1320.0 1.85874
1325.0 2.406426
1330.0 2.12629
1335.0 2.457818
1340.0 2.471
1345.0 2.11041
1350.0 2.307598
1355.0 1.45325
1360.0 1.794412
1365.0 2.51542
1370.0 1.742866
1375.0 2.488918
1380.0 1.93077
1385.0 2.433456
1390.0 2.370624
1395.0 2.507926
1400.0 2.379402
1405.0 2.481012
1410.0 2.368572
1415.0 1.575598
1420.0 2.292776
1425.0 1.578614
1430.0 1.61188
1435.0 1.94557
1440.0 1.875546
1445.0 2.17336
1450.0 2.245266
1455.0 2.37412
1460.0 2.321742
1465.0 2.207764
1470.0 2.324722
1475.0 1.648814
1480.0 2.3907
1485.0 1.760432
1490.0 2.306938
1495.0 2.177592
1500.0 2.292734
1505.0 1.908108
1510.0 2.275736
1515.0 2.459048
1520.0 2.494826
1525.0 2.239926
1530.0 2.37814
1535.0 0.731046
1540.0 2.219052
1545.0 2.002114
1550.0 2.354386
1555.0 2.408484
1560.0 2.296658
1565.0 2.35163
1570.0 2.405296
1575.0 2.360006
1580.0 2.409572
1585.0 1.940534
1590.0 1.931752
1595.0 2.322258
1600.0 2.344536
1605.0 2.343728
1610.0 1.98564
1615.0 2.293456
1620.0 2.089666
1625.0 2.306516
1630.0 1.897152
1635.0 2.394818
1640.0 1.959768
1645.0 2.368756
1650.0 1.82151
1655.0 2.450098
1660.0 2.261736
1665.0 2.138988
1670.0 2.320968
1675.0 2.316004
1680.0 2.19226
1685.0 2.092032
1690.0 2.235162
1695.0 2.39108
1700.0 2.33946
1705.0 2.256618
1710.0 2.291322
1715.0 2.296284
1720.0 1.635128
1725.0 1.631748
1730.0 2.311248
1735.0 2.35113
1740.0 2.261388
1745.0 1.569486
1750.0 2.33981
1755.0 2.400596
1760.0 2.45722
1765.0 2.088296
1770.0 2.247904
1775.0 2.229408
1780.0 1.321348
1785.0 1.839964
1790.0 2.322318
1795.0 2.253634
1800.0 1.18875
