0.0 1.049262
5.0 0.880952
10.0 1.2166
15.0 1.489312
20.0 1.290588
25.0 1.66347
30.0 1.208114
35.0 1.133142
40.0 1.109646
45.0 1.14172
50.0 1.289066
55.0 1.061212
60.0 1.269464
65.0 0.925808
70.0 1.382402
75.0 1.111248
80.0 1.287296
85.0 1.3755
90.0 1.292378
95.0 1.072736
100.0 1.410164
105.0 1.411304
110.0 1.095022
115.0 1.185282
120.0 1.113406
125.0 1.359914
130.0 1.125882
135.0 1.57572
140.0 1.57547
145.0 1.532862
150.0 1.314614
155.0 1.380098
160.0 1.553018
165.0 1.28262
170.0 1.293606
175.0 1.421494
180.0 1.517686
185.0 1.3241
190.0 1.417848
195.0 1.468856
200.0 1.543628
205.0 1.239188
210.0 1.42911
215.0 1.352806
220.0 1.257254
225.0 1.311688
230.0 1.571072
235.0 1.413288
240.0 1.326132
245.0 1.198196
250.0 1.343678
255.0 1.34983
260.0 1.264228
265.0 1.429582
270.0 1.370188
275.0 1.534376
280.0 1.387612
285.0 1.448168
290.0 1.466308
295.0 1.616844
300.0 1.309376
305.0 1.544802
310.0 1.522562
315.0 1.449002
320.0 1.516784
325.0 1.44101
330.0 1.595312
335.0 1.752474
340.0 1.48432
345.0 1.461546
350.0 1.351346
355.0 1.284676
360.0 0.859032
365.0 1.257298
370.0 1.582824
375.0 1.40337
380.0 1.55287
385.0 1.401538
390.0 1.307122
395.0 1.411022
400.0 1.302308
405.0 1.458128
410.0 1.31475
415.0 1.30882
420.0 1.393148
425.0 1.45698
430.0 1.268668
435.0 1.389014
440.0 1.572092
445.0 1.263014
450.0 1.485978
455.0 1.296456
460.0 1.359076
465.0 1.295792
470.0 1.389632
475.0 1.319812
480.0 0.69069
485.0 1.494204
490.0 1.573578
495.0 1.35304
500.0 1.514908
505.0 1.360182
510.0 1.410798
515.0 1.28796
520.0 1.360632
525.0 1.199294
530.0 1.522316
535.0 1.48316
540.0 0.993306
545.0 1.465484
550.0 1.398858
555.0 1.41708
560.0 1.52066
565.0 1.367428
570.0 1.290866
575.0 1.452538
580.0 1.329826
585.0 1.408462
590.0 1.356312
595.0 1.341796
600.0 1.091048
605.0 1.284618
610.0 1.458978
615.0 1.275556
620.0 1.587952
625.0 1.50573
630.0 1.558802
635.0 1.331916
640.0 1.330748
645.0 1.23193
650.0 1.545988
655.0 1.526118
660.0 1.395276
665.0 1.273746
670.0 1.37407
675.0 1.404342
680.0 1.312386
685.0 1.558098
690.0 1.460522
695.0 1.426644
700.0 1.413028
705.0 1.33853
710.0 1.35507
715.0 1.396968
720.0 1.479136
725.0 1.259584
730.0 1.45562
735.0 1.419032
740.0 1.272986
745.0 1.38794
750.0 1.412234
755.0 1.20793
760.0 1.534504
765.0 1.350786
770.0 1.392002
775.0 1.377588
780.0 1.161042
785.0 1.572436
790.0 1.609376
795.0 1.367564
800.0 1.368332
805.0 1.546904
810.0 1.409876
815.0 1.204112
820.0 1.251272
825.0 1.327778
830.0 1.569426
835.0 1.27722
840.0 0.502664
845.0 1.427234
850.0 1.395308
855.0 1.40349
860.0 1.413326
865.0 1.35689
870.0 1.285482
875.0 1.29484
880.0 1.37423
885.0 1.398518
890.0 1.296676
895.0 1.188866
900.0 1.307246
905.0 1.261798
910.0 1.623152
915.0 1.210748
920.0 1.342464
925.0 1.373464
930.0 1.413958
935.0 1.327968
940.0 1.67721
945.0 1.584514
950.0 1.354032
955.0 1.297792
960.0 1.427808
965.0 1.452944
970.0 1.342188
975.0 1.366484
980.0 1.441752
985.0 1.483392
990.0 1.660658
995.0 1.471378
1000.0 1.564218
1005.0 1.473296
1010.0 1.45598
1015.0 1.259792
1020.0 0.806762
1025.0 1.448028
1030.0 1.536786
1035.0 1.54624
1040.0 1.558344
1045.0 1.307196
1050.0 1.442908
1055.0 1.235262
1060.0 1.365288
1065.0 1.591038
1070.0 1.46909
1075.0 1.404086
1080.0 1.257046
1085.0 1.459186
1090.0 1.410628
1095.0 1.50814
1100.0 1.34137
1105.0 1.266586
1110.0 1.44253
1115.0 1.459082
1120.0 1.678
1125.0 1.402082
1130.0 1.42077
1135.0 1.43381
1140.0 0.595814
1145.0 1.410554
1150.0 1.672158
1155.0 1.497564
1160.0 1.642484
1165.0 1.621566
1170.0 1.421766
1175.0 1.447362
1180.0 1.631256
1185.0 1.373186
1190.0 1.46282
1195.0 1.709422
1200.0 1.283646
1205.0 1.546046
1210.0 0.951768
1215.0 1.338742
1220.0 1.539808
1225.0 1.378472
1230.0 1.315476
1235.0 1.292608
1240.0 1.354826
1245.0 1.325042
1250.0 1.26703
1255.0 1.477252
1260.0 0.991902
1265.0 1.380034
1270.0 1.61552
1275.0 1.315846
1280.0 1.469152
1285.0 1.351988
1290.0 1.218198
1295.0 1.500558
1300.0 1.32258
1305.0 1.495156
1310.0 1.508678
1315.0 1.463478
1320.0 0.985834
1325.0 1.44679
1330.0 1.391528
1335.0 1.563522
1340.0 1.435622
1345.0 1.344344
1350.0 1.414032
1355.0 1.503858
1360.0 1.438656
1365.0 1.26894
1370.0 1.338166
1375.0 1.318728
1380.0 1.393162
1385.0 1.535198
1390.0 1.676198
1395.0 1.315246
1400.0 1.338326
1405.0 1.30818
1410.0 1.340252
1415.0 1.261998
1420.0 1.305346
1425.0 1.216816
1430.0 1.272472
1435.0 1.223858
1440.0 0.802836
1445.0 1.439094
1450.0 1.311718
1455.0 1.284832
1460.0 1.331786
1465.0 1.180318
1470.0 1.294192
1475.0 1.213138
1480.0 1.327832
1485.0 1.237224
1490.0 1.442822
1495.0 1.299378
1500.0 1.462894
1505.0 1.263722
1510.0 1.212172
1515.0 1.286282
1520.0 1.411268
1525.0 1.268988
1530.0 1.567534
1535.0 1.303236
1540.0 1.49917
1545.0 1.260012
1550.0 1.356752
1555.0 1.279012
1560.0 1.29887
1565.0 1.299354
1570.0 1.611086
1575.0 1.346
1580.0 1.500426
1585.0 1.487654
1590.0 1.18973
1595.0 1.247836
1600.0 1.25484
1605.0 1.52489
1610.0 1.21978
1615.0 1.358824
1620.0 1.388664
1625.0 1.493936
1630.0 1.317254
1635.0 1.33377
1640.0 1.258984
1645.0 1.391092
1650.0 1.365028
1655.0 1.556796
1660.0 1.29511
1665.0 1.396836
1670.0 1.43329
1675.0 1.216316
1680.0 1.11121
1685.0 1.317224
1690.0 1.354244
1695.0 1.406268
1700.0 1.373584
1705.0 1.543214
1710.0 1.464268
1715.0 1.361514
1720.0 1.375198
1725.0 1.41039
1730.0 1.187562
1735.0 1.333368
1740.0 1.407482
1745.0 0.572576
1750.0 1.35378
1755.0 1.46598
1760.0 1.420216
1765.0 1.29717
1770.0 1.49863
1775.0 1.420024
1780.0 0.930052
1785.0 1.307092
1790.0 1.195754
1795.0 1.222466
1800.0 0.902996
1805.0 1.351402
1810.0 1.340722
1815.0 1.336966
1820.0 1.342884
1825.0 1.150974
1830.0 1.427448
1835.0 1.160656
1840.0 1.510222
1845.0 1.15865
1850.0 1.484992
1855.0 1.095266
