0.0 2.106366
5.0 2.1471
10.0 2.205658
15.0 2.17509
20.0 2.183092
25.0 2.161726
30.0 1.625828
35.0 2.245522
40.0 1.548648
45.0 1.570262
50.0 1.582654
55.0 2.04069
60.0 1.394304
65.0 1.841106
70.0 2.01938
75.0 2.217154
80.0 2.148146
85.0 2.159332
90.0 1.535476
95.0 1.576626
100.0 1.518084
105.0 1.542728
110.0 1.50186
115.0 2.015834
120.0 1.641594
125.0 2.109142
130.0 1.39442
135.0 1.436106
140.0 2.13502
145.0 2.226252
150.0 1.619196
155.0 2.234174
160.0 1.665418
165.0 1.55003
170.0 2.11954
175.0 2.086176
180.0 2.079554
185.0 2.08834
190.0 2.141752
195.0 2.108476
200.0 2.248418
205.0 2.181144
210.0 2.009904
215.0 1.927798
220.0 1.753512
225.0 2.053122
230.0 2.168746
235.0 2.126928
240.0 1.937422
245.0 2.168602
250.0 2.216662
255.0 2.18459
260.0 2.223368
265.0 1.402798
270.0 2.055652
275.0 2.03286
280.0 2.164866
285.0 2.146832
290.0 2.26436
295.0 1.889788
300.0 1.893752
305.0 2.136146
310.0 2.232056
315.0 2.04059
320.0 2.19237
325.0 2.32604
330.0 2.141472
335.0 2.129778
340.0 2.098462
345.0 2.124334
350.0 2.08283
355.0 2.086478
360.0 1.925608
365.0 2.199944
370.0 2.03483
375.0 2.204304
380.0 2.239468
385.0 2.072778
390.0 2.172366
395.0 1.971442
400.0 2.076958
405.0 1.416254
410.0 2.02412
415.0 2.019206
420.0 0.264944
425.0 1.918684
430.0 2.02397
435.0 2.111254
440.0 2.002022
445.0 2.142588
450.0 1.551326
455.0 1.540912
460.0 1.479254
465.0 1.534216
470.0 1.605994
475.0 1.47558
480.0 1.428432
485.0 2.164562
490.0 2.20057
495.0 2.169462
500.0 2.160758
505.0 2.220562
510.0 1.676866
515.0 1.932664
520.0 1.524506
525.0 1.584758
530.0 2.048314
535.0 1.967616
540.0 2.091576
545.0 2.105546
550.0 2.18287
555.0 1.786066
560.0 2.144396
565.0 2.212136
570.0 2.155474
575.0 2.010544
580.0 2.043014
585.0 2.072746
590.0 2.124508
595.0 2.044962
600.0 2.041088
605.0 2.099658
610.0 2.198146
615.0 2.225286
620.0 2.195598
625.0 2.135232
630.0 2.080336
635.0 1.946652
640.0 1.98696
645.0 2.088796
650.0 1.959492
655.0 2.138302
660.0 2.085362
665.0 2.082666
670.0 2.08395
675.0 2.056368
680.0 2.205468
685.0 2.164486
690.0 2.064954
695.0 2.155242
700.0 2.203406
705.0 2.22358
710.0 1.95253
715.0 1.966538
720.0 1.850148
725.0 2.07937
730.0 1.957464
735.0 2.013668
740.0 2.142646
745.0 1.819092
750.0 2.106674
755.0 1.38957
760.0 1.97164
765.0 1.95008
770.0 2.240362
775.0 1.105494
780.0 1.850774
785.0 2.25758
790.0 2.135092
795.0 1.842644
800.0 2.084454
805.0 2.164902
810.0 2.106666
815.0 2.11463
820.0 2.08999
825.0 1.990626
830.0 1.998352
835.0 1.89515
840.0 1.64107
845.0 1.983372
850.0 2.239814
855.0 1.905176
860.0 2.052088
865.0 2.037518
870.0 2.116354
875.0 1.91548
880.0 1.980168
885.0 1.829938
890.0 1.902316
895.0 2.027888
900.0 1.410962
905.0 1.983142
910.0 2.094514
915.0 2.096368
920.0 2.036166
925.0 2.075792
930.0 2.17635
935.0 2.093272
940.0 1.972002
945.0 2.02926
950.0 2.14848
955.0 2.043536
960.0 1.672144
965.0 2.206242
970.0 2.178872
975.0 2.142294
980.0 2.308
985.0 2.284212
990.0 2.269758
995.0 2.32002
1000.0 2.435298
1005.0 2.218944
1010.0 2.127192
1015.0 2.218992
1020.0 1.695932
1025.0 2.351046
1030.0 2.288246
1035.0 2.21159
1040.0 2.240526
1045.0 2.267804
1050.0 2.160468
1055.0 2.204634
1060.0 2.15215
1065.0 2.115028
1070.0 2.164966
1075.0 1.796544
1080.0 2.247784
1085.0 2.197794
1090.0 2.206004
1095.0 1.817428
1100.0 2.152538
1105.0 1.99086
1110.0 2.06418
1115.0 2.208816
1120.0 2.19589
1125.0 2.014954
1130.0 2.321602
1135.0 2.166836
1140.0 1.864946
1145.0 2.203566
1150.0 2.272828
1155.0 2.284
1160.0 2.205752
1165.0 2.36263
1170.0 2.12828
1175.0 2.095184
1180.0 2.149838
1185.0 1.914876
1190.0 1.80371
1195.0 2.05651
1200.0 2.213862
1205.0 2.199238
1210.0 2.078924
1215.0 2.207472
1220.0 2.117132
1225.0 2.056884
1230.0 1.94336
1235.0 1.968618
1240.0 2.06529
1245.0 2.010436
1250.0 2.083054
1255.0 0.537826
1260.0 2.038304
1265.0 2.207994
1270.0 2.07368
1275.0 2.031226
1280.0 2.201342
1285.0 1.625926
1290.0 1.573192
1295.0 2.137214
1300.0 1.587434
1305.0 2.100892
1310.0 2.10003
1315.0 1.61242
1320.0 2.233778
1325.0 2.277902
1330.0 2.127854
1335.0 2.334566
1340.0 2.077822
1345.0 2.132862
1350.0 1.667514
1355.0 1.704048
1360.0 2.14807
1365.0 2.128478
1370.0 1.962644
1375.0 1.714174
1380.0 2.2037
1385.0 2.095938
1390.0 1.451698
1395.0 2.236918
1400.0 2.195102
1405.0 2.130552
1410.0 2.05873
1415.0 2.122734
1420.0 2.074352
1425.0 1.496102
1430.0 1.992132
1435.0 1.555212
1440.0 2.043672
1445.0 2.097678
1450.0 2.149258
1455.0 2.134208
1460.0 2.106868
1465.0 2.102536
1470.0 2.067158
1475.0 1.66946
1480.0 1.558276
1485.0 1.958846
1490.0 2.0484
1495.0 2.158186
1500.0 2.329758
1505.0 2.22602
1510.0 2.09469
1515.0 2.191548
1520.0 2.10439
1525.0 2.129362
1530.0 2.075428
1535.0 2.119854
1540.0 2.028976
1545.0 1.972424
1550.0 2.027028
1555.0 1.967028
1560.0 2.236728
1565.0 2.166312
1570.0 2.107858
1575.0 1.668878
1580.0 2.249958
1585.0 2.03841
1590.0 2.034852
1595.0 2.08899
1600.0 1.702116
1605.0 2.091058
1610.0 2.186078
1615.0 1.721536
1620.0 2.220716
1625.0 2.302518
1630.0 2.062902
1635.0 2.119248
1640.0 2.155646
1645.0 1.99689
1650.0 1.934244
1655.0 2.03484
1660.0 2.057158
1665.0 1.637592
1670.0 2.071768
1675.0 1.85787
1680.0 2.169568
1685.0 2.20734
1690.0 2.117316
1695.0 2.051956
1700.0 2.092574
1705.0 1.628928
1710.0 1.56686
1715.0 1.987984
1720.0 2.022826
1725.0 1.958044
1730.0 2.122888
1735.0 2.143902
1740.0 1.969428
1745.0 2.021164
1750.0 2.076666
1755.0 1.989008
1760.0 1.50704
1765.0 1.657362
1770.0 2.160884
1775.0 1.56408
1780.0 2.155274
1785.0 1.70853
1790.0 2.329462
1795.0 2.124452
1800.0 2.204466
1805.0 2.127212
1810.0 1.943584
1815.0 2.034496
1820.0 0.689776
1825.0 2.085086
1830.0 1.555792
1835.0 1.517372
1840.0 2.062818
