0.0 0.819816
5.0 0.715322
10.0 0.777494
15.0 0.798566
20.0 0.854936
25.0 0.689684
30.0 0.792982
35.0 0.760452
40.0 0.684988
45.0 0.831742
50.0 0.836542
55.0 0.796224
60.0 0.78223
65.0 0.733308
70.0 0.768002
75.0 0.789346
80.0 0.793196
85.0 0.777658
90.0 0.794342
95.0 0.81558
100.0 0.850494
105.0 0.871728
110.0 0.816098
115.0 0.80951
120.0 0.87114
125.0 0.82058
130.0 0.8017
135.0 0.841078
140.0 0.867334
145.0 0.861308
150.0 0.69231
155.0 0.808584
160.0 0.844122
165.0 0.789804
170.0 0.778964
175.0 0.553136
180.0 0.79391
185.0 0.772038
190.0 0.781046
195.0 0.841792
200.0 0.807284
205.0 0.747722
210.0 0.784958
215.0 0.78276
220.0 0.870384
225.0 0.850968
230.0 0.745156
235.0 0.624288
240.0 0.801672
245.0 0.85096
250.0 0.868276
255.0 0.801864
260.0 0.815134
265.0 0.841226
270.0 0.709194
275.0 0.843064
280.0 0.656568
285.0 0.81564
290.0 0.564322
295.0 0.856422
300.0 0.799798
305.0 0.808326
310.0 0.798332
315.0 0.809192
320.0 0.78272
325.0 0.819458
330.0 0.798642
335.0 0.716368
340.0 0.854906
345.0 0.550622
350.0 0.688024
355.0 0.835096
360.0 0.765808
365.0 0.788084
370.0 0.808946
375.0 0.899346
380.0 0.800028
385.0 0.61467
390.0 0.822466
395.0 0.798996
400.0 0.86452
405.0 0.854304
410.0 0.825154
415.0 0.80162
420.0 0.836558
425.0 0.794886
430.0 0.824792
435.0 0.833466
440.0 0.830812
445.0 0.757856
450.0 0.795558
455.0 0.8069
460.0 0.88101
465.0 0.904842
470.0 0.823594
475.0 0.845402
480.0 0.778654
485.0 0.786834
490.0 0.823566
495.0 0.81559
500.0 0.866644
505.0 0.87859
510.0 0.792516
515.0 0.737348
520.0 0.848052
525.0 0.785142
530.0 0.819768
535.0 0.797728
540.0 0.75909
545.0 0.837078
550.0 0.81904
555.0 0.772444
560.0 0.803772
565.0 0.822918
570.0 0.759736
575.0 0.737392
580.0 0.780918
585.0 0.83188
590.0 0.775008
595.0 0.823152
600.0 0.764578
605.0 0.76684
610.0 0.65952
615.0 0.791728
620.0 0.779534
625.0 0.74807
630.0 0.725486
635.0 0.791496
640.0 0.800908
645.0 0.83546
650.0 0.802798
655.0 0.784638
660.0 0.828992
665.0 0.705736
670.0 0.843974
675.0 0.86453
680.0 0.876248
685.0 0.778576
690.0 0.853222
695.0 0.262686
700.0 0.770984
705.0 0.784256
710.0 0.747446
715.0 0.742668
720.0 0.737318
725.0 0.785052
730.0 0.769618
735.0 0.768726
740.0 0.755608
745.0 0.678858
750.0 0.743742
755.0 0.651756
760.0 0.768244
765.0 0.789618
770.0 0.815014
775.0 0.786292
780.0 0.82616
785.0 0.775168
790.0 0.876662
795.0 0.852338
800.0 0.900822
805.0 0.855646
810.0 0.891534
815.0 0.854886
820.0 0.838386
825.0 0.863768
830.0 0.883246
835.0 0.818096
840.0 0.937388
845.0 0.832726
850.0 0.916242
855.0 0.645058
860.0 0.781742
865.0 0.92675
870.0 0.912742
875.0 0.862966
880.0 0.905622
885.0 0.885918
890.0 0.825192
895.0 0.808306
900.0 0.831372
905.0 0.894906
910.0 0.896426
915.0 0.827496
920.0 0.295918
925.0 0.828586
930.0 0.85392
935.0 0.820296
940.0 0.792992
945.0 0.810148
950.0 0.826672
955.0 0.843812
960.0 0.912098
965.0 0.822326
970.0 0.772582
975.0 0.800548
980.0 0.799412
985.0 0.784752
990.0 0.869114
995.0 0.826514
1000.0 0.8087
1005.0 0.7986
1010.0 0.796098
1015.0 0.849706
1020.0 0.807076
1025.0 0.783504
1030.0 0.793356
1035.0 0.771896
1040.0 0.852648
1045.0 0.77701
1050.0 0.775892
1055.0 0.82398
1060.0 0.773264
1065.0 0.806146
1070.0 0.802192
1075.0 0.764672
1080.0 0.796826
1085.0 0.731926
1090.0 0.81565
1095.0 0.802062
1100.0 0.78891
1105.0 0.863858
1110.0 0.827118
1115.0 0.841594
1120.0 0.816918
1125.0 0.759804
1130.0 0.892364
1135.0 0.812046
1140.0 0.870014
1145.0 0.822308
1150.0 0.840004
1155.0 0.832936
1160.0 0.811266
1165.0 0.788824
1170.0 0.738434
1175.0 0.860798
1180.0 0.891992
1185.0 0.851772
1190.0 0.92497
1195.0 0.943792
1200.0 0.856322
1205.0 0.76072
1210.0 0.658742
1215.0 0.655574
1220.0 0.65953
1225.0 0.788554
1230.0 0.771604
1235.0 0.781832
1240.0 0.74776
1245.0 0.75624
1250.0 0.777184
1255.0 0.753852
1260.0 0.884014
1265.0 0.776774
1270.0 0.844524
1275.0 0.780772
1280.0 0.775454
1285.0 0.739652
1290.0 0.757678
1295.0 0.706584
1300.0 0.849876
1305.0 0.820618
1310.0 0.816084
1315.0 0.802362
1320.0 0.787542
1325.0 0.795892
1330.0 0.75846
1335.0 0.819416
1340.0 0.78902
1345.0 0.661558
1350.0 0.862458
1355.0 0.767856
1360.0 0.772944
1365.0 0.719106
1370.0 0.775094
1375.0 0.68629
1380.0 0.758672
1385.0 0.745054
1390.0 0.79894
1395.0 0.79352
1400.0 0.76117
1405.0 0.727354
1410.0 0.79941
1415.0 0.735078
1420.0 0.715158
1425.0 0.833962
1430.0 0.784924
1435.0 0.666932
1440.0 0.7862
1445.0 0.85743
1450.0 0.787884
1455.0 0.821058
1460.0 0.855228
1465.0 0.77593
1470.0 0.75609
1475.0 0.747868
1480.0 0.762004
1485.0 0.697408
1490.0 0.814684
1495.0 0.791448
1500.0 0.755766
1505.0 0.777072
1510.0 0.795412
1515.0 0.85137
1520.0 0.676024
1525.0 0.766772
1530.0 0.82345
1535.0 0.795958
1540.0 0.6389
1545.0 0.842692
1550.0 0.7885
1555.0 0.841192
1560.0 0.797456
1565.0 0.77302
1570.0 0.853818
1575.0 0.833062
1580.0 0.729532
