0.0 2.256742
5.0 2.175444
10.0 2.053874
15.0 2.1085
20.0 1.940944
25.0 1.815462
30.0 0.0
35.0 1.93755
40.0 1.572032
45.0 1.837406
50.0 1.827518
55.0 1.777004
60.0 1.977096
65.0 1.822182
70.0 1.988056
75.0 1.569908
80.0 0.951468
85.0 2.139844
90.0 1.891304
95.0 1.960124
100.0 1.943526
105.0 1.645554
110.0 1.395526
115.0 1.916798
120.0 1.821858
125.0 1.875722
130.0 1.884552
135.0 1.858798
140.0 1.81063
145.0 1.967992
150.0 1.811742
155.0 1.540416
160.0 1.968388
165.0 1.91097
170.0 1.762104
175.0 1.938882
180.0 1.665206
185.0 1.781696
190.0 1.789886
195.0 1.784398
200.0 1.982572
205.0 1.88226
210.0 1.848018
215.0 1.699102
220.0 1.987234
225.0 1.255884
230.0 2.046684
235.0 1.835514
240.0 2.004004
245.0 1.894474
250.0 1.848596
255.0 2.01705
260.0 2.031752
265.0 1.791594
270.0 1.955962
275.0 1.663462
280.0 1.954772
285.0 1.655336
290.0 1.40713
295.0 1.605224
300.0 1.673286
305.0 1.899218
310.0 2.072846
315.0 1.9939
320.0 2.100272
325.0 1.973642
330.0 1.97042
335.0 0.534958
340.0 1.934348
345.0 1.780394
350.0 1.905778
355.0 1.544428
360.0 1.770598
365.0 1.920332
370.0 1.96466
375.0 1.242384
380.0 1.954152
385.0 2.215178
390.0 2.187646
395.0 1.840866
400.0 1.78022
405.0 2.48075
410.0 1.368212
415.0 2.251272
420.0 1.899834
425.0 1.693912
430.0 1.89466
435.0 2.340964
440.0 2.33855
445.0 1.908504
450.0 0.92885
455.0 2.060202
460.0 1.906504
465.0 1.70271
470.0 1.644454
475.0 1.658266
480.0 1.839496
485.0 2.057754
490.0 1.975338
495.0 1.940726
500.0 1.631598
505.0 1.671718
510.0 1.48899
515.0 1.789044
520.0 1.671908
525.0 1.66091
530.0 1.813704
535.0 1.574978
540.0 1.70597
545.0 1.775288
550.0 1.75527
555.0 1.743816
560.0 1.655904
565.0 1.406082
570.0 1.183974
575.0 1.506294
580.0 2.060314
585.0 1.337316
590.0 1.721696
595.0 1.873264
600.0 2.227644
605.0 2.21408
610.0 2.196552
615.0 2.257722
620.0 1.859456
625.0 2.541886
630.0 2.58666
635.0 2.10242
640.0 1.291564
645.0 2.091388
650.0 2.010072
655.0 2.148186
660.0 1.648898
665.0 2.043564
670.0 2.206818
675.0 2.150306
680.0 1.666804
685.0 1.144442
690.0 2.174364
695.0 2.271616
700.0 1.880196
705.0 2.243348
710.0 2.196328
715.0 1.668492
720.0 1.980584
725.0 2.030382
730.0 2.15113
735.0 2.399772
740.0 0.0
745.0 1.898404
750.0 1.768824
755.0 1.52359
760.0 1.921452
765.0 1.243944
770.0 1.064742
775.0 1.075126
780.0 1.915494
785.0 1.664024
790.0 2.060382
795.0 0.040514
800.0 2.10234
805.0 0.22101
810.0 2.225692
815.0 2.13272
820.0 2.249538
825.0 2.09734
830.0 1.461388
835.0 2.036256
840.0 2.339906
845.0 2.044426
850.0 1.958558
855.0 1.446956
860.0 2.226552
865.0 1.919388
870.0 1.76441
875.0 1.800714
880.0 1.766936
885.0 1.970956
890.0 1.757326
895.0 1.938536
900.0 2.001384
905.0 0.766302
910.0 2.103556
915.0 1.647786
920.0 1.911706
925.0 1.998064
930.0 1.928656
935.0 2.019034
940.0 1.65953
945.0 1.844412
950.0 1.891108
955.0 2.047242
960.0 1.965868
965.0 1.928018
970.0 2.009492
975.0 2.031754
980.0 1.236682
985.0 2.134488
990.0 2.00874
995.0 1.837584
1000.0 1.674798
1005.0 1.437362
1010.0 1.986048
1015.0 2.30265
1020.0 0.150522
1025.0 2.001778
1030.0 2.046962
1035.0 1.949966
1040.0 1.9441
1045.0 1.950774
1050.0 1.964296
1055.0 1.931808
1060.0 1.862364
1065.0 1.873748
1070.0 1.04594
1075.0 1.35913
1080.0 1.845198
1085.0 1.91585
1090.0 1.974878
1095.0 2.051512
1100.0 1.273612
1105.0 0.0
1110.0 0.0
1115.0 0.0
1120.0 1.88485
1125.0 1.535134
1130.0 1.195886
1135.0 1.799636
1140.0 1.890574
1145.0 1.821288
1150.0 2.13012
1155.0 1.819936
1160.0 2.13638
1165.0 2.224816
1170.0 1.124114
1175.0 1.963046
1180.0 1.836076
1185.0 1.902584
1190.0 1.67097
1195.0 2.207682
1200.0 1.56295
1205.0 2.009022
1210.0 2.05177
1215.0 1.992734
1220.0 1.91521
1225.0 1.911054
1230.0 1.797096
1235.0 1.855396
1240.0 1.778266
