0.0 1.387202
5.0 1.350688
10.0 1.450842
15.0 1.262312
20.0 1.255934
25.0 1.247094
30.0 0.068258
35.0 1.202172
40.0 1.264022
45.0 1.1373
50.0 1.251758
55.0 1.155798
60.0 1.22866
65.0 1.21861
70.0 1.302684
75.0 1.222534
80.0 1.303978
85.0 1.25447
90.0 1.143836
95.0 1.178142
100.0 1.16629
105.0 1.296626
110.0 1.232418
115.0 1.08174
120.0 1.03163
125.0 1.286892
130.0 1.262458
135.0 1.242762
140.0 1.072008
145.0 1.310136
150.0 1.2719
155.0 0.832398
160.0 0.809306
165.0 1.185028
170.0 1.20874
175.0 1.133792
180.0 1.170676
185.0 1.053438
190.0 1.211702
195.0 1.200956
200.0 1.055216
205.0 1.154762
210.0 1.186462
215.0 1.149552
220.0 1.189096
225.0 1.202176
230.0 1.078558
235.0 1.22456
240.0 1.045918
245.0 1.060856
250.0 1.060214
255.0 1.2607
260.0 1.17765
265.0 1.330602
270.0 1.20236
275.0 0.918636
280.0 0.937484
285.0 1.283604
290.0 1.148042
295.0 1.226316
300.0 1.205446
305.0 1.249398
310.0 1.222684
315.0 0.901462
320.0 0.924718
325.0 1.16052
330.0 1.279768
335.0 1.157124
340.0 1.251424
345.0 1.229888
350.0 1.467762
355.0 1.180088
360.0 1.459972
365.0 1.242568
370.0 1.31248
375.0 0.95464
380.0 1.221314
385.0 1.128186
390.0 0.99122
395.0 1.179856
400.0 1.17606
405.0 1.087752
410.0 1.16543
415.0 0.947116
420.0 1.193682
425.0 1.22471
430.0 1.223214
435.0 1.02167
440.0 1.185702
445.0 1.017156
450.0 1.22231
455.0 1.288906
460.0 1.20125
465.0 1.329946
470.0 1.04423
475.0 1.052804
480.0 0.967046
485.0 0.756804
490.0 1.070824
495.0 1.03466
500.0 1.123896
505.0 0.961892
510.0 1.2338
515.0 1.10568
520.0 1.19167
525.0 1.228438
530.0 1.139982
535.0 0.072194
540.0 1.03732
545.0 1.269046
550.0 0.330044
555.0 1.119326
560.0 1.106198
565.0 1.194718
570.0 1.141654
575.0 0.615034
580.0 1.295554
585.0 1.086776
590.0 1.059554
595.0 1.270888
600.0 1.104868
605.0 1.170822
610.0 1.27918
615.0 1.061554
620.0 1.249082
625.0 1.10118
630.0 1.382734
635.0 1.18258
640.0 1.114906
645.0 1.196294
650.0 1.240504
655.0 1.177704
660.0 1.215562
665.0 1.029558
670.0 1.113104
675.0 1.158412
680.0 1.177962
685.0 1.169134
690.0 1.218538
695.0 1.007224
700.0 1.025698
705.0 1.28824
710.0 1.15819
715.0 1.227984
720.0 1.094224
725.0 1.27879
730.0 1.244476
735.0 0.953272
740.0 1.245028
745.0 1.248136
750.0 1.215694
755.0 1.072856
760.0 1.23795
765.0 0.758566
770.0 1.193488
775.0 1.298306
780.0 1.348588
785.0 1.147588
790.0 1.412862
795.0 1.287236
800.0 1.057554
805.0 1.073226
810.0 1.14453
815.0 1.145548
820.0 0.775874
825.0 1.106274
830.0 1.111006
835.0 1.17516
840.0 0.815134
845.0 1.183624
850.0 1.16807
855.0 0.710548
860.0 1.117076
865.0 1.037126
870.0 1.08785
875.0 1.047236
880.0 1.15006
885.0 1.09112
890.0 0.774932
895.0 1.14021
900.0 0.326366
905.0 1.06075
910.0 1.194528
915.0 1.176562
920.0 0.312856
925.0 0.892812
930.0 0.778622
935.0 1.073358
940.0 1.091018
945.0 0.991814
950.0 1.20902
955.0 1.219696
960.0 1.198312
965.0 1.088168
970.0 1.340458
975.0 1.26057
980.0 1.1093
985.0 0.731706
990.0 1.090832
995.0 1.03029
1000.0 1.010284
1005.0 0.758076
1010.0 1.168716
1015.0 1.07534
1020.0 1.220026
1025.0 1.184316
