0.0 1.291446
5.0 1.498454
10.0 1.438558
15.0 1.579958
20.0 1.565194
25.0 1.451564
30.0 1.612774
35.0 1.090562
40.0 1.433922
45.0 1.41591
50.0 1.389716
55.0 1.154856
60.0 1.41644
65.0 0.894372
70.0 1.50889
75.0 1.457408
80.0 1.57268
85.0 1.520786
90.0 1.491658
95.0 1.519134
100.0 1.564178
105.0 1.425818
110.0 1.368624
115.0 1.535676
120.0 1.331626
125.0 1.4428
130.0 1.546442
135.0 1.569534
140.0 1.537296
145.0 1.592606
150.0 1.59227
155.0 1.50731
160.0 1.51997
165.0 1.118526
170.0 1.504412
175.0 0.911648
180.0 1.025212
185.0 1.544512
190.0 1.516986
195.0 1.512626
200.0 1.426286
205.0 1.49423
210.0 1.33303
215.0 1.43844
220.0 1.347888
225.0 1.389614
230.0 1.376802
235.0 1.286868
240.0 1.503424
245.0 1.513298
250.0 1.499248
255.0 1.359446
260.0 1.67388
265.0 1.6807
270.0 1.135128
275.0 1.4254
280.0 1.535348
285.0 1.320072
290.0 1.537022
295.0 1.429762
300.0 1.499328
305.0 1.441106
310.0 1.55442
315.0 1.536314
320.0 1.575682
325.0 1.577072
330.0 1.584506
335.0 1.52748
340.0 1.492396
345.0 1.581946
350.0 1.553158
355.0 1.539152
360.0 1.620726
365.0 1.55444
370.0 1.547834
375.0 0.598672
380.0 1.49289
385.0 1.572378
390.0 1.375494
395.0 1.406576
400.0 1.310306
405.0 1.290972
410.0 1.365454
415.0 1.530314
420.0 1.544726
425.0 1.3847
430.0 1.533312
435.0 1.599272
440.0 1.610872
445.0 1.364762
450.0 1.476386
455.0 1.146696
460.0 1.216206
465.0 1.326512
470.0 1.461066
475.0 1.553042
480.0 1.36602
485.0 1.373124
490.0 1.314302
495.0 1.225758
500.0 1.557808
505.0 1.272654
510.0 1.523176
515.0 1.47843
520.0 0.569772
525.0 1.461628
530.0 1.365694
535.0 1.446162
540.0 1.484306
545.0 1.536418
550.0 1.509462
555.0 1.385346
560.0 1.507994
565.0 1.55602
570.0 1.491748
575.0 1.369756
580.0 1.516128
585.0 1.528572
590.0 1.448944
595.0 1.517248
600.0 1.583668
605.0 1.445108
610.0 1.554186
615.0 1.346608
620.0 1.44755
625.0 1.502326
630.0 1.483594
635.0 1.346636
640.0 1.387236
645.0 1.307876
650.0 1.499548
655.0 1.377962
660.0 1.5274
665.0 1.497808
670.0 1.455974
675.0 1.482988
680.0 1.585526
685.0 1.318716
690.0 1.361866
695.0 1.527696
700.0 1.294508
705.0 1.408276
710.0 1.526882
715.0 1.547736
720.0 1.52263
725.0 1.48329
730.0 1.518158
735.0 1.5126
740.0 1.341668
745.0 1.44836
750.0 1.524544
755.0 0.912752
760.0 1.557218
765.0 1.495418
770.0 1.537002
775.0 1.408204
780.0 1.423964
785.0 1.479232
790.0 1.521544
795.0 1.450586
800.0 1.284022
805.0 1.331386
810.0 1.452516
815.0 1.439978
820.0 1.297762
825.0 1.431012
830.0 1.406456
835.0 1.329968
840.0 1.400516
845.0 1.498738
850.0 1.096324
855.0 1.296888
860.0 1.32223
865.0 1.17555
870.0 1.315746
875.0 1.554978
880.0 1.465592
885.0 1.363974
890.0 1.40345
895.0 1.509792
900.0 1.449154
905.0 1.456228
910.0 1.439896
915.0 1.458244
920.0 1.529812
925.0 1.514626
930.0 1.749648
935.0 1.57154
940.0 1.558382
945.0 1.612274
950.0 1.511502
955.0 1.517416
960.0 1.302006
965.0 1.523488
970.0 1.70268
975.0 1.422518
980.0 1.560072
985.0 1.457912
990.0 1.53499
995.0 1.540678
1000.0 1.526312
1005.0 1.37538
1010.0 1.454986
1015.0 1.63273
1020.0 1.704104
1025.0 1.612248
1030.0 1.68992
1035.0 1.60097
1040.0 1.693232
1045.0 1.664586
1050.0 1.65847
1055.0 1.566556
1060.0 1.376168
1065.0 1.616996
1070.0 1.615062
1075.0 1.619888
1080.0 1.681218
1085.0 1.599578
1090.0 1.762844
1095.0 1.652522
1100.0 1.682582
1105.0 1.618996
1110.0 1.321242
1115.0 1.582364
1120.0 1.57159
1125.0 1.57182
1130.0 1.60636
1135.0 1.66617
1140.0 1.762006
1145.0 1.570858
1150.0 1.59114
1155.0 1.574978
1160.0 1.562142
1165.0 1.421016
1170.0 1.542208
1175.0 1.56897
1180.0 1.585996
1185.0 1.516246
1190.0 1.59859
1195.0 1.234366
1200.0 1.649516
1205.0 1.609222
1210.0 1.545592
1215.0 1.591646
1220.0 1.302534
1225.0 1.400398
1230.0 1.591778
1235.0 1.287812
1240.0 1.396212
1245.0 1.550348
1250.0 1.489146
1255.0 1.62696
1260.0 1.588862
1265.0 1.66031
1270.0 1.592694
1275.0 1.457264
1280.0 1.255404
1285.0 1.735508
1290.0 1.708682
1295.0 1.650814
1300.0 1.411222
1305.0 1.643354
1310.0 1.6891
1315.0 1.622334
1320.0 1.513454
1325.0 1.59155
1330.0 1.675144
1335.0 1.669448
1340.0 1.399882
1345.0 1.52705
1350.0 1.345016
1355.0 1.388694
1360.0 1.499438
1365.0 1.589208
1370.0 1.45751
1375.0 1.246158
1380.0 1.528496
1385.0 1.3416
1390.0 1.494526
1395.0 1.399446
1400.0 1.475908
1405.0 1.308104
1410.0 1.57561
1415.0 1.631914
1420.0 1.559102
1425.0 1.599294
1430.0 1.48059
1435.0 1.26652
1440.0 1.595404
1445.0 1.631732
1450.0 1.566294
1455.0 1.444868
1460.0 1.387426
1465.0 1.291706
1470.0 1.435478
1475.0 1.455392
1480.0 1.420526
1485.0 1.556844
1490.0 1.512692
1495.0 1.616968
1500.0 1.549392
1505.0 1.572382
1510.0 1.458772
1515.0 1.548602
1520.0 1.596518
1525.0 1.454424
1530.0 1.557602
1535.0 1.547062
1540.0 1.504164
1545.0 1.559058
1550.0 1.434426
1555.0 1.550092
1560.0 1.549594
1565.0 1.447972
1570.0 1.471246
1575.0 1.33691
1580.0 1.485384
1585.0 1.585992
1590.0 1.580778
1595.0 1.480512
1600.0 1.48559
1605.0 1.502418
1610.0 1.557628
1615.0 1.576832
1620.0 1.53848
1625.0 1.375448
1630.0 1.534576
1635.0 1.41937
1640.0 1.50905
1645.0 1.375908
1650.0 1.38985
1655.0 1.477184
1660.0 1.546144
1665.0 1.522626
1670.0 1.60558
1675.0 1.69858
1680.0 1.584608
1685.0 1.550462
1690.0 1.576082
1695.0 1.515638
1700.0 1.59424
1705.0 1.534254
1710.0 1.398042
1715.0 1.594266
1720.0 1.542908
1725.0 1.542718
1730.0 1.488562
1735.0 1.508934
1740.0 1.532954
1745.0 0.60461
1750.0 1.211908
1755.0 1.64376
1760.0 1.353836
1765.0 1.592322
