0.0 0.48015
5.0 0.509742
10.0 0.507134
15.0 0.511326
20.0 0.515358
25.0 0.501466
30.0 0.375852
35.0 0.496502
40.0 0.4862
45.0 0.484768
50.0 0.513182
55.0 0.47123
60.0 0.471594
65.0 0.559958
70.0 0.515732
75.0 0.529494
80.0 0.492124
85.0 0.478184
90.0 0.467544
95.0 0.505474
100.0 0.490322
105.0 0.538846
110.0 0.539306
115.0 0.474776
120.0 0.504302
125.0 0.532222
130.0 0.536792
135.0 0.546182
140.0 0.536056
145.0 0.252726
150.0 0.520328
155.0 0.447492
160.0 0.515798
165.0 0.155448
170.0 0.513336
175.0 0.506752
180.0 0.247568
185.0 0.530458
190.0 0.548582
195.0 0.512486
200.0 0.501088
205.0 0.49688
210.0 0.539988
215.0 0.308742
220.0 0.53777
225.0 0.46838
230.0 0.251792
235.0 0.542594
240.0 0.535472
245.0 0.534642
250.0 0.519908
255.0 0.535744
260.0 0.50959
265.0 0.503844
270.0 0.528128
275.0 0.516732
280.0 0.511078
285.0 0.532896
290.0 0.541438
295.0 0.484082
300.0 0.52647
305.0 0.445596
310.0 0.542926
315.0 0.5236
320.0 0.539234
325.0 0.312108
330.0 0.502118
335.0 0.540244
340.0 0.540164
345.0 0.529604
350.0 0.488414
355.0 0.529462
360.0 0.513042
365.0 0.540532
370.0 0.539186
375.0 0.47959
380.0 0.513286
385.0 0.515754
390.0 0.260904
395.0 0.467856
400.0 0.539594
405.0 0.537582
410.0 0.492158
415.0 0.53673
420.0 0.482244
425.0 0.484402
430.0 0.54233
435.0 0.52485
440.0 0.45289
445.0 0.504078
450.0 0.138466
455.0 0.134196
460.0 0.135818
465.0 0.386178
470.0 0.237822
475.0 0.070072
480.0 0.231738
485.0 0.511652
490.0 0.513478
495.0 0.526594
500.0 0.46186
505.0 0.315684
510.0 0.44517
515.0 0.489682
520.0 0.462506
525.0 0.38608
530.0 0.507552
535.0 0.453342
540.0 0.209752
545.0 0.470294
550.0 0.462938
555.0 0.436276
560.0 0.482852
565.0 0.462464
570.0 0.495896
575.0 0.485466
580.0 0.493714
585.0 0.516998
590.0 0.488932
595.0 0.518798
600.0 0.490664
605.0 0.350454
610.0 0.449926
615.0 0.52765
620.0 0.527522
625.0 0.151286
630.0 0.47317
635.0 0.512062
640.0 0.484944
645.0 0.517202
650.0 0.499238
655.0 0.489662
660.0 0.48719
665.0 0.509088
670.0 0.0
675.0 0.491122
680.0 0.49255
685.0 0.0
690.0 0.473334
695.0 0.51162
700.0 0.439662
705.0 0.463648
710.0 0.454426
715.0 0.21794
720.0 0.31664
725.0 0.491316
730.0 0.33796
735.0 0.278414
740.0 0.379286
745.0 0.379252
750.0 0.238596
755.0 0.228098
760.0 0.467582
765.0 0.345622
770.0 0.33764
775.0 0.43564
780.0 0.255552
785.0 0.518098
790.0 0.569846
795.0 0.427038
800.0 0.288426
805.0 0.294274
810.0 0.45691
815.0 0.48948
820.0 0.46325
825.0 0.515716
830.0 0.51248
835.0 0.466088
840.0 0.35829
845.0 0.518068
850.0 0.475576
855.0 0.480508
860.0 0.485386
865.0 0.320004
870.0 0.51105
875.0 0.453466
880.0 0.492916
885.0 0.524012
890.0 0.485382
895.0 0.35788
900.0 0.493894
905.0 0.262162
910.0 0.229054
915.0 0.463316
920.0 0.0
925.0 0.494428
930.0 0.5161
935.0 0.530368
940.0 0.519226
945.0 0.496038
950.0 0.47463
955.0 0.456938
960.0 0.513492
965.0 0.543262
970.0 0.0
975.0 0.523674
980.0 0.501314
985.0 0.534398
990.0 0.547452
995.0 0.534164
1000.0 0.539998
1005.0 0.502548
1010.0 0.504022
1015.0 0.418242
1020.0 0.387384
1025.0 0.41956
1030.0 0.368356
1035.0 0.430094
1040.0 0.382456
1045.0 0.398166
1050.0 0.45864
1055.0 0.502336
1060.0 0.48112
1065.0 0.543292
1070.0 0.565514
1075.0 0.559144
1080.0 0.532714
1085.0 0.54935
1090.0 0.265978
1095.0 0.547964
1100.0 0.553908
1105.0 0.548404
1110.0 0.50682
1115.0 0.479972
1120.0 0.477318
1125.0 0.501536
1130.0 0.550306
1135.0 0.521272
1140.0 0.54888
1145.0 0.534798
1150.0 0.28976
1155.0 0.42371
1160.0 0.49663
1165.0 0.501296
1170.0 0.500996
1175.0 0.33445
1180.0 0.506468
1185.0 0.495702
1190.0 0.496016
1195.0 0.525272
1200.0 0.49541
1205.0 0.482458
1210.0 0.1745
1215.0 0.417322
1220.0 0.499174
1225.0 0.460482
1230.0 0.494956
1235.0 0.54353
1240.0 0.542978
1245.0 0.48636
1250.0 0.521216
1255.0 0.495236
1260.0 0.504204
1265.0 0.373388
1270.0 0.511078
1275.0 0.495938
1280.0 0.533576
1285.0 0.5241
1290.0 0.516566
1295.0 0.524248
1300.0 0.449134
1305.0 0.504454
1310.0 0.470784
1315.0 0.0
1320.0 0.523208
1325.0 0.188952
1330.0 0.171418
1335.0 0.367126
1340.0 0.252914
1345.0 0.228302
1350.0 0.481236
1355.0 0.464856
1360.0 0.498178
1365.0 0.506788
1370.0 0.526612
1375.0 0.523178
1380.0 0.485622
1385.0 0.508476
1390.0 0.503254
1395.0 0.536706
1400.0 0.454098
1405.0 0.484516
1410.0 0.52058
1415.0 0.510738
1420.0 0.41981
1425.0 0.482784
1430.0 0.43562
1435.0 0.326156
1440.0 0.41003
1445.0 0.115408
1450.0 0.309616
1455.0 0.417544
1460.0 0.490396
1465.0 0.457218
1470.0 0.49622
1475.0 0.401204
1480.0 0.461568
1485.0 0.516524
1490.0 0.51482
1495.0 0.485412
1500.0 0.505504
1505.0 0.46792
1510.0 0.475432
1515.0 0.504188
1520.0 0.28363
1525.0 0.488818
1530.0 0.262546
1535.0 0.525506
1540.0 0.45563
1545.0 0.523696
1550.0 0.5016
1555.0 0.440488
1560.0 0.524264
1565.0 1.118246
1570.0 0.544126
1575.0 1.229162
1580.0 0.861418
1585.0 1.025346
1590.0 0.93009
1595.0 1.007172
1600.0 0.966012
1605.0 0.963018
1610.0 1.0198
1615.0 0.934162
1620.0 0.853546
1625.0 1.04211
1630.0 1.13393
1635.0 1.210592
1640.0 1.13768
1645.0 1.172364
1650.0 1.107888
1655.0 1.074992
1660.0 1.106846
1665.0 1.084752
1670.0 0.992564
1675.0 1.066914
1680.0 1.102958
1685.0 1.102606
1690.0 1.006954
