0.0 2.08679
5.0 2.391282
10.0 1.657588
15.0 2.59781
20.0 2.619846
25.0 1.955296
30.0 2.37105
35.0 2.165746
40.0 1.275974
45.0 2.262642
50.0 1.303602
55.0 1.254092
60.0 1.175674
65.0 2.226558
70.0 0.990242
75.0 1.854594
80.0 2.284196
85.0 1.219162
90.0 1.796364
95.0 1.99971
100.0 2.348314
105.0 2.100572
110.0 2.283218
115.0 1.763448
120.0 0.745814
125.0 2.250376
130.0 1.553888
135.0 1.82085
140.0 1.723604
145.0 2.246902
150.0 2.019074
155.0 1.985762
160.0 2.194972
165.0 2.249676
170.0 1.507834
175.0 1.055528
180.0 2.109942
185.0 1.98523
190.0 2.154396
195.0 2.01606
200.0 2.185078
205.0 2.203374
210.0 1.717108
215.0 2.25409
220.0 2.40385
225.0 2.16022
230.0 2.300704
235.0 1.985454
240.0 2.017576
245.0 1.948236
250.0 0.84306
255.0 1.123794
260.0 2.372472
265.0 1.939322
270.0 1.939212
275.0 2.240086
280.0 1.38851
285.0 2.080072
290.0 2.277374
295.0 1.935942
300.0 2.2386
305.0 2.094264
310.0 2.127014
315.0 2.00223
320.0 2.278884
325.0 2.328454
330.0 2.140418
335.0 2.182328
340.0 2.03569
345.0 1.93458
350.0 1.970576
355.0 1.79524
360.0 1.974148
365.0 1.934746
370.0 0.714144
375.0 0.840414
380.0 1.892864
385.0 2.233182
390.0 2.26707
395.0 2.070458
400.0 1.944544
405.0 2.115134
410.0 2.231134
415.0 1.313062
420.0 1.577982
425.0 1.854618
430.0 0.690212
435.0 0.29799
440.0 0.173666
445.0 2.275688
450.0 2.020022
455.0 2.165436
460.0 2.175448
465.0 0.0
470.0 2.566296
475.0 1.804264
480.0 2.320772
485.0 1.961792
490.0 2.318678
495.0 3.011474
500.0 2.401566
505.0 2.8639
510.0 2.659718
515.0 2.534566
520.0 2.185824
525.0 1.924134
530.0 1.177694
535.0 1.666308
540.0 1.87481
545.0 1.951376
550.0 1.8954
555.0 2.018968
560.0 2.348704
565.0 2.162664
570.0 2.352618
575.0 1.413358
580.0 1.899806
585.0 1.750928
590.0 2.099864
595.0 1.737838
600.0 1.66611
605.0 1.945206
610.0 1.941818
615.0 1.957442
620.0 1.792712
625.0 1.984814
630.0 2.27612
635.0 1.975906
640.0 1.90787
645.0 1.824352
650.0 2.259626
655.0 2.394128
660.0 2.206644
665.0 1.932842
670.0 1.802556
675.0 2.193532
680.0 2.414574
685.0 2.01581
690.0 2.497812
695.0 2.304694
700.0 2.577856
705.0 2.791734
710.0 1.958256
715.0 2.522386
720.0 1.814694
725.0 2.177514
730.0 2.085326
735.0 2.082
740.0 2.293644
745.0 2.141406
750.0 2.195574
755.0 2.39929
760.0 2.530012
765.0 1.347762
770.0 2.474202
775.0 1.765302
780.0 1.442206
785.0 2.328722
790.0 3.036286
795.0 1.952546
800.0 2.478562
805.0 2.208812
810.0 2.466858
815.0 2.769954
820.0 2.533608
825.0 1.571352
830.0 1.721176
835.0 1.852578
840.0 1.443782
845.0 1.64343
850.0 1.172498
855.0 2.05655
860.0 2.074832
865.0 1.283186
870.0 1.209932
875.0 1.330504
880.0 2.09483
885.0 2.0515
890.0 1.935184
895.0 1.797252
900.0 1.7292
905.0 1.812002
910.0 1.794864
915.0 1.836426
920.0 1.832848
925.0 2.17187
930.0 2.19668
935.0 2.267932
940.0 2.275738
945.0 2.328896
950.0 2.462904
955.0 2.240086
960.0 2.018572
965.0 2.41372
970.0 2.044854
975.0 1.998404
980.0 2.327202
985.0 1.966508
990.0 2.230768
995.0 2.23422
1000.0 2.124282
1005.0 1.643084
1010.0 2.52615
1015.0 1.788782
1020.0 1.940502
1025.0 2.055456
1030.0 1.955632
1035.0 1.62845
1040.0 2.327292
1045.0 2.391414
1050.0 2.48966
1055.0 2.120746
1060.0 2.28288
1065.0 2.660294
1070.0 2.329562
1075.0 1.689556
1080.0 2.16739
1085.0 2.077336
1090.0 2.313862
1095.0 2.669936
1100.0 2.403662
1105.0 2.4713
1110.0 2.13524
1115.0 1.978782
1120.0 1.646832
1125.0 2.131678
1130.0 2.113848
1135.0 2.5449
1140.0 2.193856
1145.0 2.150258
1150.0 2.290356
1155.0 2.315946
1160.0 2.83659
1165.0 2.739988
1170.0 2.159384
1175.0 2.011262
1180.0 2.217682
1185.0 1.756894
1190.0 2.114854
1195.0 2.41748
1200.0 1.946544
1205.0 0.982614
1210.0 2.124356
1215.0 2.438812
1220.0 2.711104
1225.0 2.98711
1230.0 1.30996
1235.0 2.189472
1240.0 2.526476
1245.0 2.219256
1250.0 2.450612
1255.0 2.473518
1260.0 1.904584
1265.0 2.004786
1270.0 2.133034
1275.0 2.24081
1280.0 2.352804
1285.0 2.282228
1290.0 2.283136
1295.0 2.844404
1300.0 1.83582
1305.0 2.633278
1310.0 2.017568
1315.0 1.942036
1320.0 2.55641
1325.0 1.447554
1330.0 2.138066
1335.0 1.95389
1340.0 2.088668
1345.0 2.120752
1350.0 2.12935
1355.0 1.79394
1360.0 2.38619
1365.0 2.388412
1370.0 1.549946
1375.0 1.18951
1380.0 1.35797
1385.0 1.764782
1390.0 1.880308
1395.0 1.659418
1400.0 2.10906
1405.0 1.8923
1410.0 2.28284
1415.0 2.37614
1420.0 2.486864
1425.0 2.716924
1430.0 1.414566
1435.0 2.521052
1440.0 2.769124
1445.0 0.84861
1450.0 2.08674
1455.0 2.135332
1460.0 2.31575
1465.0 2.24496
1470.0 2.383018
1475.0 2.510602
1480.0 2.13468
1485.0 2.246896
1490.0 2.140952
1495.0 1.994648
1500.0 2.055924
1505.0 2.021096
1510.0 1.69482
1515.0 2.312444
1520.0 2.35137
1525.0 2.277708
1530.0 2.241966
1535.0 2.230158
1540.0 2.329196
1545.0 1.888498
1550.0 2.22925
1555.0 2.300978
1560.0 1.936062
1565.0 2.27035
1570.0 2.182536
1575.0 2.284128
1580.0 2.092198
1585.0 2.385596
1590.0 2.312706
1595.0 2.28735
1600.0 2.506784
1605.0 2.316824
1610.0 2.31744
1615.0 2.306566
1620.0 2.085592
1625.0 2.361512
1630.0 2.788776
1635.0 2.690184
1640.0 2.079008
1645.0 1.826708
1650.0 2.28146
1655.0 2.271834
1660.0 2.123858
1665.0 2.148914
1670.0 2.260394
1675.0 2.285306
1680.0 1.983754
1685.0 2.025568
1690.0 2.126422
1695.0 2.269104
1700.0 2.425704
1705.0 2.243688
1710.0 2.102942
1715.0 1.981248
1720.0 2.22889
1725.0 2.33275
1730.0 1.630606
1735.0 1.251736
1740.0 1.603624
1745.0 2.034446
1750.0 1.31601
1755.0 1.329788
1760.0 1.771994
1765.0 2.105212
1770.0 2.67795
1775.0 2.12371
1780.0 1.935298
1785.0 2.661808
1790.0 2.164962
1795.0 2.012872
1800.0 1.961424
1805.0 1.898042
1810.0 1.961102
1815.0 2.058606
1820.0 2.2686
1825.0 2.144472
1830.0 2.357536
1835.0 2.27846
1840.0 2.372208
1845.0 2.609718
1850.0 2.231424
1855.0 2.296258
