0.0 1.617816
5.0 1.592302
10.0 1.675322
15.0 1.66346
20.0 1.59831
25.0 1.757352
30.0 1.572432
35.0 1.2296
40.0 1.478052
45.0 1.373188
50.0 0.778142
55.0 1.582692
60.0 1.446108
65.0 0.521518
70.0 1.693332
75.0 0.725526
80.0 1.660206
85.0 1.630724
90.0 1.40299
95.0 1.335474
100.0 1.5401
105.0 1.395894
110.0 1.13281
115.0 1.603998
120.0 1.66052
125.0 1.49066
130.0 1.645102
135.0 1.608068
140.0 1.67974
145.0 1.692412
150.0 1.568252
155.0 1.339594
160.0 1.34065
165.0 1.425778
170.0 1.3498
175.0 1.576386
180.0 1.388312
185.0 1.573772
190.0 1.658122
195.0 1.722742
200.0 1.735714
205.0 1.600784
210.0 1.572968
215.0 1.499576
220.0 1.542728
225.0 1.473892
230.0 1.41485
235.0 1.582238
240.0 1.448904
245.0 1.563302
250.0 0.0
255.0 1.146792
260.0 1.709924
265.0 1.672368
270.0 1.549274
275.0 1.594534
280.0 1.514184
285.0 1.51858
290.0 1.54531
295.0 1.603984
300.0 1.640344
305.0 1.577974
310.0 1.683552
315.0 1.692414
320.0 1.69826
325.0 1.694074
330.0 1.7343
335.0 1.59015
340.0 1.588692
345.0 1.65314
350.0 1.636896
355.0 1.567852
360.0 1.548678
365.0 1.606218
370.0 1.650964
375.0 1.631682
380.0 1.719844
385.0 1.731822
390.0 1.493446
395.0 1.519902
400.0 1.548104
405.0 1.612608
410.0 1.199648
415.0 1.472766
420.0 1.61073
425.0 1.44928
430.0 1.418806
435.0 1.638308
440.0 1.545558
445.0 1.619102
450.0 1.529164
455.0 1.356278
460.0 1.442826
465.0 1.005322
470.0 1.423804
475.0 1.555662
480.0 0.029978
485.0 1.418828
490.0 1.428308
495.0 1.351514
500.0 1.526888
505.0 1.487232
510.0 1.392126
515.0 1.554422
520.0 1.59616
525.0 1.21174
530.0 1.588466
535.0 1.675308
540.0 0.52991
545.0 1.472414
550.0 1.634174
555.0 1.568662
560.0 1.59973
565.0 1.53855
570.0 1.169742
575.0 0.0
580.0 1.606546
585.0 1.553652
590.0 1.596602
595.0 1.624344
600.0 0.222168
605.0 1.56436
610.0 1.649808
615.0 1.697904
620.0 1.565388
625.0 1.66291
630.0 1.657564
635.0 1.539608
640.0 1.604248
645.0 1.486614
650.0 1.481766
655.0 1.574326
660.0 0.98864
665.0 1.614398
670.0 1.63117
675.0 1.645502
680.0 1.411758
685.0 1.623972
690.0 0.297444
695.0 0.093652
700.0 1.82227
705.0 1.62213
710.0 1.576128
715.0 1.43705
720.0 1.49109
725.0 1.620662
730.0 1.646506
735.0 1.74414
740.0 1.738708
745.0 1.694378
750.0 1.497712
755.0 1.643632
760.0 1.627908
765.0 1.6112
770.0 1.600908
775.0 1.676986
780.0 1.476818
785.0 1.68362
790.0 1.701594
795.0 1.689132
800.0 1.727662
805.0 1.64532
810.0 1.601592
815.0 1.6418
820.0 0.0
825.0 1.666092
830.0 1.638452
835.0 0.177378
840.0 0.124022
845.0 1.61298
850.0 1.620452
855.0 1.560044
860.0 0.549572
865.0 1.600626
870.0 1.586368
875.0 1.294752
880.0 1.569346
885.0 1.576476
890.0 1.52898
895.0 1.635028
900.0 1.36608
905.0 1.643678
910.0 1.551998
915.0 1.597872
920.0 1.708072
925.0 1.585078
930.0 1.512898
935.0 1.357876
940.0 1.27349
945.0 1.57427
950.0 1.538988
955.0 1.579784
960.0 1.432184
965.0 1.648592
970.0 1.68015
975.0 1.728204
980.0 1.644312
985.0 1.628186
990.0 0.912024
995.0 0.97839
1000.0 1.513936
1005.0 1.281512
1010.0 0.988242
1015.0 1.622148
1020.0 1.065758
1025.0 1.607184
1030.0 0.97162
1035.0 1.672976
1040.0 1.413864
1045.0 1.569152
1050.0 1.596708
1055.0 1.517066
1060.0 1.506394
1065.0 1.453476
1070.0 1.618636
1075.0 1.55635
1080.0 0.16083
1085.0 1.39003
1090.0 1.69383
1095.0 1.772498
1100.0 1.650804
1105.0 0.30334
1110.0 1.681598
1115.0 0.973062
1120.0 1.700074
1125.0 1.753156
1130.0 1.35267
1135.0 0.827046
1140.0 0.82459
1145.0 1.345136
1150.0 1.61719
1155.0 0.962002
1160.0 0.921972
1165.0 1.529978
1170.0 1.154076
1175.0 0.881832
1180.0 1.717418
1185.0 1.693362
1190.0 1.629762
1195.0 1.61316
1200.0 1.622232
1205.0 1.670852
1210.0 1.640074
1215.0 0.93794
1220.0 1.6562
1225.0 1.606112
1230.0 1.655036
1235.0 1.67678
1240.0 1.572854
1245.0 1.51475
1250.0 1.628934
1255.0 1.523768
1260.0 1.203104
1265.0 0.700294
1270.0 1.687596
1275.0 1.625822
1280.0 1.610896
1285.0 1.649236
1290.0 1.61337
1295.0 1.38298
1300.0 1.023446
1305.0 1.340506
1310.0 1.114644
1315.0 1.484328
1320.0 1.571266
1325.0 0.979428
1330.0 1.647906
1335.0 0.946192
1340.0 1.422684
1345.0 1.616544
1350.0 1.586394
1355.0 1.694422
1360.0 1.467402
1365.0 1.453254
1370.0 1.196498
1375.0 1.441916
1380.0 0.780986
1385.0 0.704038
1390.0 0.241272
1395.0 1.745186
1400.0 1.73043
1405.0 0.987824
1410.0 0.945212
1415.0 1.33636
1420.0 1.43209
1425.0 1.584718
1430.0 1.245096
1435.0 1.265904
1440.0 1.434968
1445.0 1.429172
1450.0 1.576818
1455.0 1.638116
1460.0 0.085936
1465.0 1.615558
1470.0 1.426416
1475.0 1.254668
1480.0 1.462738
1485.0 1.665196
1490.0 1.424372
1495.0 1.567846
1500.0 0.704052
1505.0 1.498402
1510.0 1.65074
1515.0 1.701072
1520.0 1.651716
1525.0 1.725246
1530.0 1.615968
1535.0 0.935438
1540.0 1.551996
1545.0 1.435676
1550.0 1.57169
1555.0 1.513792
1560.0 1.593318
1565.0 1.40015
1570.0 1.65132
1575.0 1.667906
1580.0 1.692382
1585.0 1.594014
1590.0 1.602338
1595.0 0.607446
1600.0 1.4692
1605.0 1.439812
1610.0 0.310414
1615.0 0.152434
1620.0 1.43478
1625.0 1.503178
1630.0 1.662504
1635.0 1.702768
1640.0 1.689034
1645.0 1.68741
1650.0 1.645036
1655.0 0.173914
1660.0 1.377402
1665.0 0.417402
1670.0 1.496966
1675.0 1.504554
1680.0 0.92322
1685.0 0.390604
1690.0 1.538554
1695.0 1.653942
1700.0 1.694482
1705.0 1.614932
1710.0 1.40258
1715.0 1.241624
1720.0 1.258468
1725.0 1.505968
1730.0 1.293358
1735.0 1.471436
1740.0 1.54254
1745.0 1.400952
1750.0 1.586486
1755.0 1.58883
1760.0 1.604684
1765.0 0.713576
1770.0 1.56814
1775.0 1.447268
1780.0 1.287556
1785.0 1.286516
1790.0 0.980222
1795.0 1.553212
1800.0 1.454478
1805.0 1.595004
1810.0 1.569018
1815.0 1.547924
1820.0 1.601988
1825.0 1.576058
1830.0 1.568522
1835.0 1.498374
1840.0 1.340146
1845.0 1.585932
1850.0 1.634754
1855.0 1.499658
